-0.0560195518487
-0.0591925472282
-0.0582838788532
-0.0607235061688
-0.0636934855041
-0.0657391971171
-0.0655358598214
-0.0665393376408
-0.0676568687386
-0.0680476936385
-0.0684767372402
-0.0676860197352
-0.0686365141683
-0.0673402368178
-0.0689376628256
-0.0720849918062
-0.0737901804086
-0.0754238932433
-0.0746187119405
-0.0763785304473
-0.078323190376
-0.0801214607416
-0.0803575283673
-0.0818406359071
-0.0817774563718
-0.082208088381
-0.0793617465936
-0.0789670527002
-0.0796042291588
-0.0766683203692
-0.0753418652844
-0.0707034037919
-0.0708197452521
-0.0678995086771
-0.0651577733783
-0.0645979477958
-0.0635520709772
-0.0637829169915
-0.0625384914119
-0.0620969300961
-0.0626069094585
-0.0624566365727
-0.0625458593155
-0.0640318071625
-0.0625994017222
-0.0631183126202
-0.0613675793104
-0.0612545114293
-0.0608578909114
-0.0494065547496
-0.0540606354343
-0.0552904488054
-0.0504267357624
-0.0367448173218
-0.0391543523398
-0.0392931919858
-0.0387235186805
-0.126491914572
-0.12806125927
-0.129145885527
-0.134147018146
-0.143918631232
-0.159269437453
-0.172300449559
-0.17676370229
-0.187736217528
-0.190430624093
-0.194977792648
-0.196114679223
-0.20400218062
-0.203247598787
-0.196500455057
-0.181082445047
-0.180544475019
-0.181007886187
-0.177012448528
-0.16977553341
-0.165986682365
-0.15963306356
-0.152477003096
-0.149028892273
-0.133903201893
-0.115275976909
-0.10635053008
-0.0941348397242
-0.0888528042237
-0.0820631455689
-0.0908038361075
-0.094109980652
-0.0937075648865
-0.0886070410248
-0.0905347426549
-0.0885331852274
-0.0726789006279
-0.0568246160284
-0.061489214519
-0.059159116044
-0.0516723505862
-0.0478735829364
-0.0559542454156
-0.0611074999211
-0.0539253648965
-0.0545586195572
-0.0506074983265
-0.047226681103
-0.0449413403308
-0.0411547963745
-0.0485389305864
-0.0473112752436
-0.0479533582068
-0.049217731947
-0.0507599803666
-0.0579402807446
-0.055570349109
-0.0570750911555
-0.0406645141357
-0.0427167696147
-0.0349134097699
-0.0370787587984
-0.0427762192311
-0.0389464731732
-0.0439029089478
-0.0408986570425
-0.0335006728795
-0.0268948372006
-0.0357383442405
-0.0226966600184
-0.0116942868588
-0.00612395021474
-0.00438039328647
0.0117862164804
0.0190817788281
0.000284555055697
-0.00985831618745
-0.00289927198181
-0.00315980871088
-0.0117221729337
0.00728935987694
0.0262709678451
0.0356864890033
0.0519366145307
0.0486817276119
0.0240961909122
0.0141364698054
-0.00251682962215
-0.00975056477473
-0.000406318166576
-0.00554013742424
-0.01128390488
0.00753635361181
0.0178104853932
0.0194270157789
0.0230146362505
0.0564234186498
0.0656178624478
0.0360099514135
0.0535264352323
0.0717192847939
0.0679199160176
0.0589072425854
0.084437308023
0.0866352015013
0.118550820266
0.101832218646
0.0770305817331
0.0620123186038
0.0786246571347
0.0756655053967
0.0726015781811
0.058444007727
0.0781974152696
0.0876166257053
0.0726455515894
0.0878623243236
0.0662733816101
0.0450425318808
0.0422442893602
0.0327976000438
0.0211651038564
0.0136786784714
0.00131637789999
0.00294855314494
-0.00880062315184
-0.0131501095362
-0.0179110831445
-0.0288170247827
-0.0294633940475
-0.0304827741953
-0.0314855987016
-0.0280564925317
-0.0246273863619
-0.021198280192
-0.0177691740222
-0.0143400678523
-0.0109109616825
-0.00748185551265
-0.0040527493428
-0.00062364317295
0.0028054629969
0.00623456916675
0.0096636753366
0.0130927815065
0.0165218876763
0.0199509938462
0.023380100016
0.0268092061859
0.0302383123557
0.0336674185256
0.0370965246954
0.0405256308653
0.0439547370351
0.034781836942
0.0597494933623
0.080059301373
0.0749325337069
0.0777091227279
0.0804857117488
0.0832623007698
0.0860388897908
0.0721798179205
0.0685548022876
0.0796018162526
0.0779552429991
0.0814980940221
0.0777659119366
0.0795542384646
0.0751167478914
0.0621298686136
0.0476788772434
0.0458082198562
0.043302589702
0.0480995898992
0.0382316489621
0.0316606557898
0.0228591420254
0.0174071819529
0.0118003375292
0.0160932594566
0.014928348015
0.0124811071946
0.00269519766597
0.00700841784623
0.0045505497457
-0.00997461766241
-0.00793867281834
0.00141127871747
0.0013720689293
0.00383961251531
-0.00920565451563
-0.0108752307949
-0.0141323640949
-0.0156486694874
-0.0207189808666
-0.02010796622
-0.0214089024978
-0.026885811221
-0.0357552535792
-0.037332001291
-0.0263825004303
-0.0239748157834
-0.0244411424116
-0.0279249513849
-0.00996024892145
-0.00934191784986
-0.00696490331966
0.006515841216
0.00389059592698
0.00171658034874
-0.011171299109
0.00812052820232
0.0253269653113
0.0425334024202
0.0444158410724
0.0316117956431
0.0182821679661
0.0306556123212
0.0447639201854
0.082306254838
0.0970275987777
0.0802141663138
0.0788320607172
0.0792880887274
0.0650660587328
0.0764237129794
0.0862012910523
0.0895982392069
0.0929951873614
0.0982650256501
0.108658856258
0.119707043889
0.135242265941
0.128579287081
0.139446675226
0.137122650389
0.116131774432
0.0908976911814
0.0704660370785
0.0532236641589
0.0532611739103
0.045895292987
0.0382738900974
0.057693585973
0.0740962749489
0.0754359911862
0.0784902527576
0.0909111983527
0.101039063856
0.0980818577186
0.124395455891
0.0998690341503
0.0887627942019
0.118560909217
0.132426211252
0.127807742022
0.109266959771
0.0907261775204
0.0942191015991
0.0977120256777
0.101204949756
0.104697873835
0.14227272027
0.160291373266
0.179048342307
0.188277691592
0.221040221808
0.200521920546
0.168036209719
0.167260968508
0.17638487781
0.184137909543
0.19263544322
0.18420324035
0.178841595054
0.153355326892
0.143807023665
0.135715380777
0.13190714199
0.140563122658
0.10536936694
0.100606594113
0.0952560517656
0.0789220924448
0.080434634722
0.0973548621471
0.0813214585825
0.0635439835414
0.0636845172538
0.0702737884158
0.0538217944512
0.0518657944598
0.0383493308467
0.0350180752768
0.0238365343175
0.0199041409395
0.0204802663437
0.0151203494279
0.0208758233366
0.0224249610647
0.0264021597604
0.0328119110605
0.0225746556197
0.0277211598342
0.0241945457411
0.0152405228923
0.0167334142244
0.0165858175099
0.0150997879165
0.0159588194858
0.0095210990246
-0.00585736424878
-0.00490654599584
-0.00559452096954
-0.00234156026461
0.00574716119624
0.0164379820221
0.0190961340342
0.0202664956091
0.0083001921983
0.00663244271871
0.00652555250719
0.000973568310105
0.008963402036
0.0169532357619
0.0249430694878
0.0264289987766
0.036677775347
0.0389007189043
0.0373116954703
0.0277428225959
0.0252445272385
0.0258352436999
0.0130272476538
0.0121827450924
0.010405127236
0.0144386875366
0.0197996586875
0.024668903445
0.0296241649355
0.0331433838637
0.0258805789741
0.0133420294763
0.0182309690209
0.0183155947098
0.0187469390042
0.0145900485992
0.00634583799447
0.00383856289086
0.00856505702616
-0.00318405193376
0.00662803603468
0.0123002530191
0.0244156409541
0.0268093476239
0.0200555569753
0.0217627440741
0.0127546913667
0.0256132993816
0.0237194341054
0.031537758706
0.0309673116831
0.0292998118482
0.0248084722515
0.0200362674238
0.0228403971167
0.0134723712846
0.0177381882661
0.0166480737541
0.0160843442497
-0.0044210022024
0.00116173310293
-0.0041921206047
0.00100937548721
-0.00579489208843
-0.0102096500969
-0.0152904649023
-0.0214988686834
-0.00748492365488
-0.00877775221178
0.00056466335602
0.000700173578251
0.000650023272404
-0.000372332540285
0.025395553955
0.0397171941009
0.0637365559832
0.0843532997125
0.0913634746891
0.0925639957493
0.107196545793
0.11867599943
0.125269698556
0.145542685374
0.161854674856
0.147256661344
0.147281663682
0.13637965536
0.168484571657
0.184455583638
0.185662311724
0.178493358398
0.143436427718
0.16916535867
0.153272767535
0.11645233835
0.0907146983545
0.0519258059599
0.0255048617845
0.0206633026286
0.00949992513991
-0.0102539282222
-0.0414479777274
-0.0538567657674
-0.0613987503282
-0.0631952349928
-0.0732143075804
-0.0963806799412
-0.11249065809
-0.0999797578473
-0.0874688576046
-0.0681214649463
-0.0766805370481
-0.065827973505
-0.0623861377968
-0.0369437747876
-0.0205225348784
-0.0159872020919
-0.0114518693055
-0.00691653651898
-0.00238120373251
-0.0388879568139
-0.0536534744072
-0.052577613673
-0.0371320018107
-0.0326518727368
-0.0330489199779
-0.0259337151308
0.00132530119108
0.0235956962186
0.0534067128869
0.0605499275062
0.0539543815082
0.0788897284749
0.085320071172
0.0601557455496
0.0398008925759
0.0289196780177
0.0169188976236
0.0193633800354
0.00270347882043
-0.0108766705254
-0.0118494120113
-0.00839924076474
-0.0161271781637
-0.0171426303946
-0.0259170847956
-0.0338784892293
-0.0290809824987
-0.0340121645007
-0.0425188487025
-0.0478011528702
-0.056100559795
-0.06931639268
-0.060735406904
-0.0684836866191
-0.0657565073014
-0.0744736721837
-0.0662831665945
-0.0619173602168
-0.0469321425412
-0.0427408258771
-0.0509053971954
-0.0464637481577
-0.0507704292037
-0.0271712686937
-0.0298404059872
-0.00275323257355
0.0118610936535
0.0263614076918
0.0275927313856
0.0309746302729
0.0368869617963
0.0339698149521
0.0282096020606
0.0167248675054
0.0302083627157
0.016136861052
0.0128824026095
0.0308815830448
0.0344269978582
0.0307589721652
0.0307880785891
0.0262199519171
0.0300273992698
0.0266697835631
0.0225297214245
0.0215537708822
0.0276951620498
0.0250927032335
0.0310950006793
0.0238902220025
0.0319919184733
0.0267990495814
0.0376062342685
0.0533070035922
0.0673767118109
0.0525715250617
0.0491633132451
0.0561527550936
0.0549035558898
0.0573340665147
0.0609386256854
0.0608533648236
0.0520310735425
0.0514643012972
0.0508975290518
0.0397573513728
0.0308424710217
0.0338509597444
0.0304036044753
0.0211659388113
0.0106533723686
-0.00162392053233
-0.0163396858062
-0.0349505849111
-0.0321365629972
-0.0244378969689
-0.00127652773172
0.0164181881886
0.0510865994915
0.0713156372258
0.0549609477744
0.0413959277733
0.0628946836509
0.0946890508261
0.0980704127695
0.105579674893
0.123157429774
0.0953103007157
0.100102592618
0.0872774386199
0.0835517893408
0.108207909631
0.11905450319
0.126074639398
0.137261999649
0.141894158955
0.163034893192
0.169514589473
0.145839221662
0.137702435117
0.135570346928
0.117183611928
0.118770106712
0.106104902093
0.10351084473
0.0862393714636
0.0919851573571
0.0869151264045
0.0783723091961
0.0806712489842
0.0874100903861
0.10418274315
0.116049228369
0.104808197746
0.0954400927031
0.107927400789
0.0992819281346
0.0946339456256
0.098738560821
0.0987963250645
0.100653246694
0.134720806018
0.109199186885
0.111551877111
0.134322625686
0.154519584841
0.144940417444
0.131862299756
0.13482276886
0.14772283622
0.153874676539
0.168893309694
0.155648024411
0.168756704562
0.160556304304
0.139921841393
0.14296700419
0.156569754414
0.1569248319
0.152292707904
0.158406714334
0.126676176196
0.127146538873
0.127632744153
0.138427403635
0.151600381159
0.14196193599
0.155237303073
0.160687984988
0.189694776247
0.179726885046
0.165063211759
0.206739895652
0.211822647112
0.226291327936
0.217227668915
0.183760644062
0.207778316185
0.188613912126
0.149696247336
0.110778582547
0.0826427011987
0.072129642917
0.0775881782748
0.0676812708
0.0528793028811
0.0582378437026
0.0481899119963
0.0496286721844
0.0431337302907
0.00523681137895
0.0107741269465
0.00887063584684
0.00945700886005
0.0183238686084
0.0173090756797
0.0109928214214
0.00580185480265
-0.00871115546658
0.00365188747148
-0.00595631012477
-0.00395126689936
0.0434501273553
0.0401639701634
0.0318935026643
0.0736858902564
0.062673812902
0.0542658125746
0.109636345741
0.104533093869
0.0994298419969
0.0623724892795
0.0624491438391
0.0490343469073
0.0389218628164
0.0434737834577
0.0572327369532
0.0562543576209
0.0589172722062
0.0708085909134
0.0522812349548
0.0612283700573
0.0744646341801
0.0532271293855
0.0547920110543
0.0625022246662
0.0579112582292
0.0620530600065
0.0860515090684
0.100229552302
0.109601713817
0.142204747724
0.132588784542
0.129542421196
0.136568033928
0.126016760356
0.118836351549
0.139433292025
0.199223829308
0.19009293389
0.19322289243
0.19006043141
0.18572925202
0.164561866224
0.170590365656
0.162384181246
0.147487742494
0.119030699244
0.109157819281
0.0938301447859
0.081211309857
0.0703084984573
0.0774377308783
0.0938778753017
0.0778214689048
0.0684306482999
0.0493359683194
0.0424014030512
0.031833570966
0.0308517768361
0.0173746679546
0.02131730034
0.0141104292022
0.0203592282342
0.0343290077174
0.0390159995984
0.0306937842054
0.0314112407615
0.0345294140502
0.0375563356872
0.0492491303783
0.054822442257
0.0431093850279
0.0329347288927
0.0353682255987
0.0319408182399
0.0285134108811
0.041598403831
0.0434902805187
0.0414868718013
0.0412554266521
0.0482865487668
0.0566628535472
0.0496735577121
0.0435442648313
0.0469772672715
0.044942426648
0.0233839898142
0.0491608252369
0.0502561478208
0.0340043414156
0.0494672190826
0.0508051246062
0.0548405357206
0.0588090553543
0.054929756406
0.0687490856617
0.0906121648105
0.0877838613647
0.0683515807909
0.0573409685903
0.067283537176
0.0587490857855
0.0606944229781
0.0878216419397
0.0924307598696
0.0820281736679
0.0787609939614
0.0838801071924
0.0742916166515
0.0897461422044
0.0746042727188
0.0765138997409
0.0583386781984
0.024915651411
0.00805849240596
0.00191173497772
0.00159060758726
-0.0149012128796
-0.0200257918576
-0.0223027496731
-0.0150895502882
-0.0195643062141
-0.033593955524
-0.0342521996243
-0.0443804714363
-0.0662177135267
-0.071175606671
-0.0742547421338
-0.0737968808942
-0.0656514726985
-0.0571921352408
-0.0431678607286
-0.0531804669127
-0.0590291145615
-0.0690325470434
-0.0641110695901
-0.0479639082907
-0.060308277317
-0.0700105406917
-0.0731533043368
-0.083302954028
-0.0780723069748
-0.0631557595161
-0.0470380284412
-0.0302335382673
-0.0355668288876
-0.0367991336718
-0.0328488554113
-0.0456782559908
-0.0518153283948
-0.0421340556437
-0.0488644448532
-0.0525513598924
-0.0607843771544
-0.0430661847321
-0.0456115027057
-0.0501788700825
-0.0639096805817
-0.0577708510756
-0.0454037131677
-0.0481864432782
-0.0651334069918
-0.0735832374859
-0.0593051303783
-0.0534909134365
-0.0371434276723
-0.041887049222
-0.0378601113256
-0.0310857391844
-0.0253482516445
-0.00542930511827
0.014489641408
0.0344085879342
0.0278152974067
0.033927440786
0.0260422082765
0.0539191602508
0.069202591268
0.0724807730054
0.107504218581
0.124292013399
0.145559920041
0.130659775523
0.141786035716
0.114642452122
0.080690302952
0.0795697008757
0.0558185582592
0.0501135939647
0.0588243275208
0.044929868488
0.039169451516
0.0345680090639
0.0388012239782
0.0358804625668
0.0420109032888
0.0367638700382
0.0403097253649
0.0486080575646
0.0306858420615
0.0179178932154
0.0160384928302
0.0135725906546
0.0148328800635
0.0247447287266
0.0236004022871
0.0141731902689
0.0152680404736
0.0173479909569
0.0169477394812
0.0258126818088
0.0580547770177
0.0612881200528
0.0516632613118
0.0581146371622
0.0463572982353
0.0543526664176
0.064296170769
0.0561825153956
0.0370847925475
0.0511469568783
0.0405958152157
0.0358288093841
0.0563358231745
0.0436572333981
0.0493008132158
0.0548428130755
0.0691776659259
0.0625077649674
0.0718258172153
0.0896918211817
0.0987656790176
0.0611250165305
0.0470968070524
0.0354865195107
0.0156033036563
0.0210239348567
0.0201106132644
0.0126445722116
0.00797192252005
0.0186034603354
0.00605767332947
0.0246878773642
0.0418159697137
0.0220349455116
0.0213580993337
0.032505275324
-0.0147245613924
-0.0122265903137
-0.0286049722788
-0.0654808817477
-0.0870162705574
-0.0732639357423
-0.0612790107486
-0.0600329309683
-0.0669739747841
-0.0695504052012
-0.0624908540298
-0.0682970774511
-0.0808705356119
-0.0994186004341
-0.124910966336
-0.150715671343
-0.174572486952
-0.194606321155
-0.232177696946
-0.23867402192
-0.245170346895
-0.234898525376
-0.235843942972
-0.230552756843
-0.216329060254
-0.233516880579
-0.240041862764
-0.237653124409
-0.235247985679
-0.250621069079
-0.238509073612
-0.23178013472
-0.227669079857
-0.246928453079
-0.237525659722
-0.246831874645
-0.237786376851
-0.261421010933
-0.255047127747
-0.248581128613
-0.252177584624
-0.246425025517
-0.248293686659
-0.252158867419
-0.219778195979
-0.219120450643
-0.225071686003
-0.210821576998
-0.214676796191
-0.201750890912
-0.166688657187
-0.165077062131
-0.135401715918
-0.115351503537
-0.0925899208173
-0.0666333716165
-0.0482781935621
-0.041643998589
-0.0525185263933
-0.0476772172768
-0.0446423666954
-0.0511664009051
-0.0371641920755
-0.01506239774
-0.022033517347
-0.036963881144
-0.0281480911599
-0.0253204600131
-0.0298255988351
-0.0297405527946
-0.0391363430056
-0.0594876884572
-0.0303777683162
-0.00856835419677
-0.0419507197615
-0.0435880782842
-0.0406320984541
-0.0525767292106
-0.0512073570668
-0.0578787791793
-0.0652604479775
-0.0717162077717
-0.0624771565835
-0.0597120691548
-0.0521150016502
-0.0465786303288
-0.0591211551651
-0.052147746101
-0.0589213500102
-0.0523443404715
-0.0462651729955
-0.045310235854
-0.0382002737059
-0.0294322420197
-0.0219725399375
-0.00934802549895
-0.00627068805955
-0.00712766799653
0.000364067788644
-0.001380749594
-0.0157689224752
-0.0240238788147
-0.0209626149321
-0.0255498983498
-0.0146085984583
-0.0263433938463
-0.0305702822595
-0.0407191682728
-0.0451730838216
-0.0505337264856
-0.0569505065173
-0.0665639040732
-0.069407606956
-0.0725017258641
-0.0856622153984
-0.0796922988539
-0.0737223823094
-0.080985780341
-0.116127552582
-0.139819514223
-0.135357300663
-0.139802128135
-0.123310700643
-0.111474978873
-0.108356652839
-0.116889558682
-0.124467732266
-0.121478142566
-0.112002944885
-0.106318130662
-0.0885829795212
-0.0611708198172
-0.0638067055345
-0.0682671477949
-0.0688199298622
-0.070257456477
-0.063325420666
-0.0522830739819
-0.0427950713288
-0.0526647635722
-0.0479527124124
-0.0579314962707
-0.0628312235308
-0.0579708590234
-0.0542340585565
-0.0657060604743
-0.0779064106176
-0.0707816588472
-0.0699139493167
-0.0636064919847
-0.0520401755369
-0.0591677371033
-0.0554644930126
-0.0456024595588
-0.0496305688466
-0.0388744251202
-0.0435955120686
-0.040235435608
-0.0124193830998
-0.000952772261677
0.00216187164601
0.0260140708999
0.0382967560906
0.0658635632186
0.0705685128243
0.0624008868758
0.0567207972915
0.0595900710944
0.0660326930933
0.0866886483938
0.0975581224929
0.108427596592
0.104775886517
0.0580472846831
0.0483136191714
0.0392051519109
0.0388314582251
0.0204294873647
0.0158824315147
0.00760393384312
0.0235078649138
0.00745392926106
0.0109066920935
0.0469325371715
0.0534891855662
0.0494805808923
0.0442008912353
0.047131850304
0.0779082065674
0.0626744815413
0.0598662682855
0.0632280968007
0.0494100284651
0.0259236140507
0.00752863645957
0.00654576601407
0.0421079154606
0.0124556703025
0.029583011002
0.00706959001249
0.00546534917656
0.00133131958993
0.00818445810735
-0.0139930180141
-0.031130140397
-0.0673337809855
-0.0503494315779
-0.0541607185739
-0.053175034069
-0.0269576405393
-0.0214621878661
-0.0232575031334
-0.0250528184008
-0.0044442406271
0.0243956518839
0.0226312137571
0.0316490259675
-0.00197477763385
-0.00647409664176
-0.0284074584993
0.0126925625118
0.0231754364338
0.0429535498304
0.0696143440852
0.0627396749485
0.0664748923695
0.0581335612585
0.0523644902541
0.062306972345
0.0516383963128
0.0395419825386
-0.00578826016939
-0.0394480546859
-0.0544707903872
-0.0648657220741
-0.0776889695797
-0.0646069835455
-0.0492333898363
-0.0150964334357
0.0222086105908
0.0407908022012
0.0543453473433
0.0514294490451
-0.00529167666205
-0.0094678222964
0.00300092070476
0.00938537734301
0.0116463804391
0.0103032620057
-0.0174034154731
-0.0239378336083
-0.0551254137611
-0.0781149268954
-0.0788558610586
-0.0954035832219
-0.0905141451172
-0.0546306111814
-0.0409542789607
-0.0150531412234
-0.00607196115038
0.02050491133
0.0339511242195
0.0641723441271
0.0696433894435
0.0750005250469
0.0824325066735
0.0767400106068
0.0783881241181
0.0885237345829
0.0982690454146
0.124652701256
0.10745420317
0.123925923629
0.128053674825
0.120576900953
0.139866770932
0.102170689589
0.0904870976486
0.0783239476647
0.0742545298893
0.0721321905158
0.0621325181972
0.0499861331448
0.0460329111425
0.0404655769435
0.0457086100216
0.0372042808566
0.0375619168685
0.0377490439538
0.0268642361342
0.0346776379505
0.0210763620937
0.0241966196401
0.0326272732206
0.0364775272023
0.0680484057751
0.0744954952825
0.0625139359923
0.0532381565475
0.0478672751586
0.0390147369917
0.0409086418766
0.0437113098803
0.0444248470671
0.0436309158829
0.0557000390102
0.0879677466775
0.0819279737283
0.075888200779
0.0713196319972
0.0727583131672
0.0500968244775
0.0501661799504
0.0214409314119
0.0153245385341
0.0156288951801
0.0229814512683
0.0180308980464
0.00684192528601
0.021566091041
-0.00541249516679
-0.00308189979527
-0.00130129212853
-0.000348729288192
0.0012844707793
-0.0134784515661
-0.0118318781855
-0.0237393391011
-0.0314928182909
-0.0134060387172
-0.00806825235515
0.0165983878114
0.0249662335482
0.012403687506
0.0250375456038
0.0043272191044
-0.0109077757238
-0.00261054603582
0.00343890062897
-0.0111637143012
0.00303149932949
-0.00206546709515
-0.0110397604108
0.02046435834
0.0206073741771
0.0117857373277
0.0118235846994
0.00155800464432
0.0106787018134
0.0175298101517
0.0274452227435
0.0334171753517
0.0253005146108
0.0384289022225
0.0384172520001
0.0429179800925
0.0419863927445
0.0600046488275
0.0497754196329
0.038046385978
0.0210132806533
0.0135732187878
0.0151400269303
0.0161718369343
0.00712327357436
-0.0219136787729
-0.0351922124694
-0.0702899300475
-0.100166178177
-0.109405188261
-0.0998102568586
-0.102670290833
-0.105271898825
-0.10750233861
-0.10801576601
-0.0858167672626
-0.0708823265571
-0.0575440076306
-0.0581613097015
-0.0434010872903
-0.0121659210987
-0.00598966392651
0.00697552842083
0.0072132712925
-0.0150963319354
-0.0225917001692
-0.0234190694896
-0.049673156043
-0.0832304455327
-0.0934974899983
-0.0652266763889
-0.0902306757371
-0.128928669372
-0.117544023171
-0.0979624200798
-0.119725056562
-0.100398263763
-0.0487299511054
-0.0209176051638
0.00272618454483
-0.001272190084
-0.00527056471283
-0.0538951928812
-0.0755070702071
-0.097118947533
-0.0907250221041
-0.116806010728
-0.140250551465
-0.148656194113
-0.172910300667
-0.217747271093
-0.253748067297
-0.257331672266
-0.249457847447
-0.253856522615
-0.200340051157
-0.149200376394
-0.117850965653
-0.094961478634
-0.109298859104
-0.111366356046
-0.106357942065
-0.131500447769
-0.129388323837
-0.119633576025
-0.150718544354
-0.15049808365
-0.170897737336
-0.173745020265
-0.145071505863
-0.131093454288
-0.125838241394
-0.0803725089439
-0.0523902663813
-0.0355207959002
-0.0155703302982
0.000651093778662
0.0161877656131
0.0236106674407
0.0268460247988
0.0300813821569
0.033316739515
0.00433531499209
-0.00150216750113
0.0112842209486
0.0453962712525
0.059045140145
0.081039220418
0.114101730826
0.140557550477
0.164677663572
0.170183121619
0.20226685167
0.225644784761
0.234537442443
0.236042245963
0.216120794527
0.218112382556
0.209014475893
0.206731523298
0.201826925848
0.197100474041
0.19814164005
0.222459990878
0.201663264454
0.196888706656
0.181714798858
0.181643395192
0.15033874609
0.13676117555
0.125107307461
0.128784400657
0.108211311588
0.0955029362413
0.089511441804
0.0909395826041
0.0773649437179
0.072684955599
0.0716284776726
0.075484187311
0.0627570724437
0.0528440282697
0.0552988036084
0.0311258289648
0.0162744935892
0.0260484438764
0.00598749911078
-0.0025193334402
0.00597218135813
-0.000525810049881
-0.00301026401951
-0.00303813944177
0.000656264533403
0.00410646186824
0.0146603058206
0.00716708459398
0.0118117427951
0.0183604600456
0.021036975531
0.0305701755087
0.0401033754864
0.0580166270404
0.0453410799617
0.0336524629644
0.0221864849941
0.0436970654011
0.0482158942401
0.0444585342459
0.0539194859026
0.0597263273175
0.0686216412839
0.0658350791329
0.0480887394854
0.0493492324134
0.0533781896377
0.0535532822932
0.049684735839
0.0656579214853
0.056166658457
0.057146189189
0.0550285896261
0.0236090941163
0.017591035568
0.00658219796488
-0.0232946598914
-0.0133144349676
-0.0197215377223
-0.0289278355702
-0.0353089550229
-0.0104505630296
-0.00911915668207
0.0103215401302
-0.00440618053785
-0.00897191856215
-0.00754970221942
-0.00884342906382
-0.0203400163929
-0.0220947958197
-0.00666952596974
0.010242938798
0.000620312826897
0.0118888443845
0.0230343459499
0.0388618500648
0.0444443353122
0.0518576718993
0.0384446725857
0.0281611700612
0.0268752457325
0.0118018676606
0.000920554303595
-0.00257579070503
-0.00993748779813
-0.00843908524445
-0.0155109183565
-0.008340133152
0.0117661529127
0.00445508013554
-0.00144449560994
-0.0120364438536
-0.0396135807624
-0.0546304320809
-0.0855905565623
-0.0726919963225
-0.0672948972995
-0.0665309330612
-0.082287727047
-0.0942209475498
-0.0835418487306
-0.0748319315264
-0.0639046721135
-0.0646798300219
-0.0280089954971
-0.0340921813755
-0.0501103871941
-0.0661479643211
-0.0667246609214
-0.0571982585998
-0.0578960127748
-0.0472365147809
-0.0540233624137
-0.0360328067425
-0.0316691495533
-0.0118553686225
-0.015198529101
-0.0189951385534
-0.0162424422329
-0.0293749340669
-0.0215590893071
-0.0362249569749
-0.0356343600322
-0.0318886898185
-0.0365792819935
-0.0193686968504
-0.0173664289666
-0.0198674222037
-0.0223684154407
-0.0248694086778
-0.0431722623355
-0.069566811684
-0.0691073826178
-0.0603813944451
-0.0638455907687
-0.0886082279751
-0.0456082603111
-0.0664329719168
-0.029441536863
-0.0351416850241
-0.00633398073734
0.00173795718745
0.00819270304775
0.0242123491947
0.0176187115816
0.0461720941125
0.0600827707329
0.0809611969083
0.103529434141
0.0933501797505
0.0890661236654
0.0857920704715
0.0791420952406
0.102957663129
0.0937102311013
0.0858688145616
0.0747004401406
0.0649429338091
0.0485241246439
0.0584096411472
0.0528509411874
0.0396190246198
0.0305406024856
0.0268222051175
0.0212240382207
0.0214147968998
0.0343744500364
0.0165952185579
0.00943003182588
0.023858110105
0.0602979887763
0.044500372069
0.0311060294964
0.0231248645497
0.0217768879264
0.0329765548237
0.0422028843878
0.0494708676486
0.0713560329734
0.06627124894
0.0613169918822
0.0569804644516
0.0465063305257
0.0510588405023
0.0626481676545
0.0690770402943
0.0790987801255
0.0819356648294
0.0988871080994
0.0978906446831
0.0998924767691
0.110760240354
0.118694040059
0.141935133383
0.182909663351
0.175762131718
0.168614600085
0.140656084887
0.158257882494
0.180975905852
0.177634501817
0.1565514347
0.182044242986
0.162747170104
0.16041207776
0.178057277138
0.169877978053
0.181430458197
0.184569885807
0.183754615881
0.18584247149
0.181995821436
0.191412828513
0.18317853896
0.168519914833
0.174850920922
0.198141722985
0.194768699741
0.225836167939
0.215277527079
0.204354841554
0.191934380573
0.180637657073
0.183250016924
0.185862376775
0.18659640357
0.176954645169
0.16504851464
0.165350197414
0.21940768849
0.229508945855
0.248199500682
0.294937368626
0.319598493886
0.344259619146
0.313911736203
0.36622680921
0.418541882217
0.470856955223
0.52317202823
0.544429567318
0.541707372024
0.53898517673
0.536262981436
0.533540786142
0.530818590848
0.528096395554
0.52537420026
0.522652004966
0.519929809672
0.517207614378
0.454667255177
0.425749565826
0.449785680932
0.405561964476
0.413847136033
0.417367446693
0.362273221307
0.335020965245
0.358157123158
0.339413422156
0.320669721153
0.258655415253
0.195982034974
0.199961276856
0.203940518739
0.207919760621
0.215779355769
0.223638950916
0.231498546064
0.220193418648
0.212843383845
0.259933443794
0.250071262755
0.24425388769
0.232802285126
0.194228538265
0.198950625502
0.199909381547
0.184181529572
0.192347285457
0.219591774843
0.214712803322
0.209833831801
0.195803367537
0.179991038398
0.181593803307
0.18291630342
0.17914929173
0.145083099873
0.127013651102
0.131098842152
0.126487530319
0.130884237686
0.133113176179
0.133852507869
0.142291723701
0.141114902593
0.140472327594
0.160990392385
0.179990838826
0.185403964991
0.185152213741
0.184900462491
0.184648711241
0.18439695999
0.18414520874
0.18389345749
0.171463136419
0.173967904555
0.159447864121
0.141948518026
0.139726668074
0.144825424382
0.154952656001
0.177358687796
0.196549039848
0.158165754514
0.149482601362
0.157239181953
0.164995762544
0.133009350909
0.121062334059
0.118657544964
0.10705746489
0.112464508867
0.0883613430712
0.0754710653187
0.0530412536078
0.0560121947801
0.0591703899993
0.0245869802332
0.0230660823608
0.00054641451881
-0.00410227183874
-0.00257872420399
0.00819521170025
0.00791335832244
0.000982743915589
-0.0118383635297
-0.0132703147582
0.00368404437674
-0.00229438479416
-0.00769006414892
-0.0200534889873
-0.0203987754845
-0.000774951437759
-0.00854707253818
-0.0222592913358
-0.033901093982
-0.0322279355419
-0.0291346235363
-0.0318584568636
-0.0306234790267
-0.0146007157484
-0.0137512635762
-0.0114994549067
-0.0150633079604
-0.0249434641779
0.00115382056089
0.0210573346685
0.045161691627
0.0568369944001
0.0458847455469
0.0390577544492
0.0515845286213
0.0490041478515
0.0506976604315
0.064380389031
0.056880529322
0.0547829978754
0.0512971367878
0.049599083785
0.0369803146132
0.0300480665403
0.0287578802448
0.0271900675555
0.0347579491322
0.0202999477
0.0140496107457
0.00482281400619
-0.00871063322361
-0.00073036526639
0.00791695633208
0.00496977278749
0.0174669545522
0.00412282570343
0.00184460138469
0.0031029939338
-0.000624145798013
0.006940232816
0.0180732158956
0.0109800599711
0.00267104664139
0.0127840681613
0.0217898638182
0.00896447704425
0.0181344786577
-0.00204813363963
0.00798486218225
0.00506639316826
-0.00711020848352
-0.0031973391209
0.0228242079989
0.0251820331537
0.0367116752689
0.0568165343847
0.0504542318468
0.0332432901289
0.0251144674355
0.0446168079704
0.0611372822135
0.0754292413793
0.0938663963509
0.126226492575
0.124760474353
0.123294456131
0.121828437909
0.120362419687
0.0914625529295
0.0532197957084
0.043754154986
0.0709652856672
0.0474434435361
0.0265598276013
-0.0118701567247
-0.0209080405245
-0.0369826778887
-0.0590686440696
-0.063899363477
-0.0160083928253
-0.034168403783
-0.0544672700399
-0.0574497375539
-0.0613322687631
-0.0701551202837
-0.0659915367833
-0.0872946401233
-0.10836014247
-0.094986766945
-0.0829408277631
-0.069963720057
-0.0427075698073
-0.0343170344683
-0.041327352324
-0.0223803017574
-0.0109141972389
-0.00316023301544
0.0254854365953
0.0289366497424
0.0320709886129
0.0254648012919
0.0365763655671
0.0543593818893
0.0375938549662
0.045470871988
0.0485117864205
0.0423938532355
0.0549893074308
0.0345715488908
0.0440928353112
0.0335821938931
0.0283564146176
0.0486814407392
0.0366453189898
0.0329647288763
0.0311217621728
0.0375188870586
0.0303439347897
0.0206622246266
0.020518811732
0.0374399816921
0.036166840128
0.026180997432
0.0182419312131
0.0185533285807
0.0188599703392
0.0214173306866
0.00766601512218
0.00478090667687
-0.00738545473065
0.0145257812693
0.0193773880475
0.0229505077957
0.0242251144686
0.00751649286502
0.00116399451702
0.0161448675126
0.0212597609295
0.0288877038386
0.0422217535781
0.0375756509609
0.0390870037563
0.0422606193238
0.0447531712579
0.0535610241169
0.0559213273593
0.0416321355756
0.0370463374002
0.0385237611757
0.0320107498141
0.0373808669917
0.0331710988793
0.0362541971108
0.057517086646
0.071639658723
0.060638838123
0.0634796975653
0.0810068281583
0.0737746138927
0.0755394206771
0.0672370071723
0.0589345936676
0.0700925561287
0.0889696984012
0.0925543396202
0.0966361807019
0.107827017909
0.0660977351182
0.0345828455114
0.0224009902059
0.0231157308555
0.0246438847547
0.0373853014594
0.0224539168887
0.00265394715297
0.0212124419403
0.0288413337325
0.0675308585206
0.0859195764939
0.118732818391
0.123422162486
0.12957873005
0.127768467709
0.142932232729
0.12473294395
0.159596135748
0.156722530012
0.13960782615
0.167246980434
0.170144842313
0.164572432824
0.163423181442
0.154679430014
0.160371028767
0.144126375176
0.109263455934
0.068682149766
0.0692075170207
0.058992170078
0.0363188465333
0.0234501531471
-0.011505130149
-0.0184899887136
0.0197201772192
0.0255451756405
0.0330949395831
0.041132083797
0.0373996318275
0.055352759391
0.0362544649706
0.0317158449868
0.023801707147
0.020099043142
-0.0094052965662
-0.00361294383105
-0.0206089397407
-0.016441947472
0.0096365236915
0.0342112129382
0.0320520052613
0.00317969235393
0.000258028873782
-0.0101866804326
-0.020631389739
-0.0407244674639
-0.0428894444068
-0.0222875217017
-0.0154009524403
-0.0403779556475
-0.0425457737939
-0.0419898267184
-0.0543848331113
-0.0702441630898
-0.0829514274084
-0.0505347247336
-0.0687283460861
-0.0993122963686
-0.0905677336598
-0.0841678771599
-0.0720878403297
-0.0832474509878
-0.0757270584626
-0.0642412562479
-0.0534981533345
-0.0778450839637
-0.0890967164709
-0.0762628208397
-0.0663447059772
-0.0306950476237
-0.0527752346064
-0.0744785083959
-0.0847122894927
-0.0995921677641
-0.0960527308163
-0.103490059351
-0.105385829216
-0.11534565045
-0.125305471684
-0.11493455287
-0.0891847615213
-0.0909444248314
-0.0973784099125
-0.0771713055056
-0.0754950509396
-0.0663365776571
-0.0686909276053
-0.0674082308031
-0.0794163706967
-0.0595895492268
-0.058751615259
-0.0653197549431
-0.0494506181565
-0.018549630255
-0.0105924367319
0.00388717637249
-0.00154938746737
0.00261470365811
0.00686143152858
0.00990259967603
0.0133961449047
0.00302756336497
-0.00385997603121
-0.0110300467334
-0.00240052054946
-0.00216045530981
-0.0136158044804
0.0263102249285
0.0515514182045
0.0620536030312
0.0854662812228
0.100500377579
0.0922630428154
0.0848098496255
0.0858703237816
0.0984377254218
0.127779516199
0.161768168509
0.18185810322
0.17402290395
0.163469607516
0.165117296795
0.167411198003
0.165175162517
0.165535518995
0.185485268006
0.193928955251
0.19035468258
0.21083056322
0.207975381895
0.183300246397
0.184995910209
0.182876647912
0.17277595346
0.162312044632
0.164882875344
0.164266423308
0.151074162936
0.141427659826
0.130669083902
0.135305587697
0.115664661618
0.108483143947
0.118877619891
0.121416498964
0.128527197603
0.150588964643
0.162579430172
0.167662597437
0.163418105089
0.15292337307
0.154132449186
0.15243943242
0.146904165594
0.150888472094
0.158056079324
0.151824428702
0.160484679029
0.153161571234
0.14395567593
0.159876820408
0.149260282703
0.135788467411
0.126299119684
0.130869751387
0.147551025554
0.154224165928
0.161541478383
0.162117399362
0.173918124383
0.180740547269
0.180827883135
0.215007126613
0.216178118887
0.217349111161
0.231151764085
0.248184893497
0.234946080307
0.214747935363
0.226793417548
0.230193170884
0.211754561229
0.196999506285
0.182464547557
0.171452432003
0.148584471467
0.136477464343
0.0992909043089
0.0498388651822
0.0498429705115
0.0559034502298
0.0532777920234
0.032654794918
0.0233409711584
0.0103559633504
0.000384342123604
0.00800242947481
0.0495937609056
0.0634258449692
0.0781944440061
0.0810115596583
0.0407802025418
0.0156154977779
-0.00322815693241
-0.00883337232549
-0.0278280032033
-0.0179780434666
-0.0373293401048
-0.0587618687861
-0.0574972640642
-0.0669856130798
-0.0702862156356
-0.07028901824
-0.0834233967898
-0.0945610850005
-0.10048487821
-0.116263541844
-0.125221355898
-0.109276563571
-0.114848094241
-0.120780580091
-0.0987347986608
-0.0933763681054
-0.0656358510845
-0.0714897859802
-0.0834820193132
-0.0873970987075
-0.0819401499794
-0.084112460244
-0.0923112632578
-0.094724509623
-0.0856051682264
-0.0863422031209
-0.0914537939496
-0.0877888152854
-0.0766422596254
-0.0655758983465
-0.0560401932446
-0.0435903308714
-0.0289424174315
-0.0177101756037
-0.00586824564123
-0.00297442029185
-0.00229779860158
-0.0142164786463
-0.00393985260863
0.0144941990708
0.021531231285
0.02221369563
0.0524968120978
0.0628907737818
0.0644854530372
0.067250939398
0.0649423323854
0.0588590415326
0.0632247861524
0.0535415548539
0.0550563476907
0.0624136074375
0.064631728551
0.0733550915894
0.0905618298774
0.0958974906567
0.0991108319325
0.105667868889
0.112464483514
0.0941260043063
0.117025024442
0.125288291886
0.136141743823
0.146995195761
0.130478820504
0.122112194317
0.118361192925
0.115347494148
0.111835093016
0.102061362942
0.101099909213
0.0934453006401
0.106818261801
0.123853839574
0.121928110549
0.112105619753
0.0950696691884
0.104517242597
0.108081971253
0.117180814858
0.130506640238
0.150060828127
0.160192317968
0.152776977596
0.166468850655
0.162300152795
0.156463989037
0.164358930917
0.168757059035
0.164643028474
0.159228658892
0.139370119465
0.12176180683
0.11429976344
0.114976479905
0.107059599714
0.111785131223
0.093130331222
0.0910900447797
0.102462101659
0.0999971828935
0.112337461139
0.12177400806
0.128294727518
0.144573454841
0.165101607397
0.139944141761
0.152738818175
0.144023608787
0.132517479422
0.118281764559
0.12475366335
0.126377035624
0.119746675753
0.129868465717
0.136246797708
0.148294432819
0.169123584744
0.16619854143
0.164948779938
0.186028809792
0.214031533943
0.202771179898
0.212215924473
0.217470557818
0.211762632548
0.235593684201
0.239990120291
0.260649977637
0.273338711465
0.277043648627
0.268371707882
0.268975199134
0.263081408402
0.266879556064
0.25534560979
0.247690181076
0.204607653831
0.185485724967
0.188992101313
0.227381519821
0.228910495809
0.211349848247
0.206403727529
0.200644288322
0.194884849114
0.189125409907
0.1833659707
0.221595098699
0.227980403547
0.206423158836
0.184401813769
0.181840845568
0.196383817803
0.223671141322
0.256888685471
0.261617466332
0.258575431489
0.242881374793
0.227187318097
0.193441478439
0.196460659218
0.199479839997
0.202499020776
0.255191538978
0.23066193758
0.224116726873
0.247662997377
0.312091840504
0.336022000853
0.364987439125
0.357735169836
0.34043255934
0.315816059629
0.288989751116
0.264746945798
0.221167447411
0.192626825509
0.168461825559
0.143978147825
0.129875963909
0.140635940411
0.130375896483
0.115894649972
0.0998429753449
0.099019591904
0.105936461512
0.113705178761
0.0962549439693
0.0725711269507
0.0734722142236
0.0949748405673
0.117687573787
0.114780779743
0.100989894742
0.105162122913
0.102710092766
0.101079523674
0.0918937026498
0.0796086299496
0.0763129705419
0.0718037526838
0.0529935593283
0.0449950487497
0.0203199871638
0.0132741714545
0.0163348245531
0.00943028545745
-0.00615226026316
-0.0195691319646
-0.0295144917621
-0.0369279948531
-0.0449914911626
-0.0415090073913
-0.0509830338041
-0.0536695501026
-0.0547109925259
-0.0518027850097
-0.04422048603
-0.0373516496107
-0.0408675529089
-0.0437679423647
-0.0377443121013
-0.0178706815003
-0.0161380617927
-0.00717231519237
0.00203583232781
0.0165434321662
0.0217619828724
0.0164461884329
0.025398566574
0.0351682706271
0.0133311831728
0.0193435929555
0.0333320637799
0.0370592426889
0.0281672284443
0.0544557805197
0.074585906215
0.0918355934314
0.105616675523
0.113313803527
0.132674650604
0.149335570872
0.123870469698
0.124375159304
0.119812502535
0.133786345338
0.12554527052
0.0937764656355
0.11207557617
0.0881815862388
0.0717917073832
0.0786973905077
0.0628965777768
0.0470957650459
0.0600327361126
0.0605538636287
0.0338357705397
0.0181382011985
0.0177390843074
0.0120298312379
0.00876271910283
0.0126928897883
0.0169491241802
-0.00142260568089
0.00241078316845
-0.0110550329848
-0.0140026758999
-0.0238845330951
-0.0289053189145
-0.0246495631748
-0.0310520762488
-0.0249077642107
-0.0116002794574
-0.0151858411155
-0.0112274490296
-0.00959120502635
-0.00635739796885
0.00786976262359
0.0133735712809
-0.00958899758961
-0.00167710366622
-0.012863337397
-0.0117722284732
0.00390039911178
0.0140035261143
0.0137889602131
0.0184121716564
0.0115748519463
0.021826342845
0.0444495609997
0.0347397043259
0.0370746711555
0.0445188743669
0.0630108463272
0.0558573513284
0.0435931997687
0.0347940384273
0.043093075661
0.0295632119246
0.0266021041973
0.0323838434162
0.0448125870108
0.0565934447282
0.062850152861
0.0637777569245
0.074949297372
0.0864047028737
0.0986899929788
0.0874051397195
0.101887120552
0.111354984981
0.101216997585
0.0925353622835
0.0761696560557
0.0683715520691
0.0654504168349
0.0247701599134
0.0117315730214
0.0267024359023
0.00936625500832
-0.0135320882673
-0.0434151338513
-0.075278965777
-0.107710400026
-0.132415010267
-0.146776498101
-0.169275704269
-0.181455179529
-0.222152139385
-0.238563185168
-0.220695602848
-0.221998947736
-0.211858923343
-0.199592294642
-0.191802204223
-0.186471489109
-0.192571897376
-0.175394272337
-0.163603796347
-0.146661284332
-0.148066915682
-0.16182620429
-0.178845884714
-0.183989935766
-0.165461518813
-0.165740596172
-0.15975647182
-0.113551839355
-0.114935686335
-0.116319533315
-0.112094104838
-0.112342262415
-0.114230079564
-0.128112619622
-0.15007967967
-0.161840950424
-0.148045970339
-0.179921523851
-0.188591517004
-0.183868829717
-0.1827166937
-0.169324181447
-0.163124785297
-0.166278962243
-0.152196750532
-0.150791589637
-0.149545429468
-0.126182214238
-0.105399949561
-0.0981578255785
-0.0960876250762
-0.0825202821408
-0.0444964415696
-0.0266286570707
-0.0319048546231
-0.0349588136325
-0.0311104010086
-0.00744427333569
-0.00250821224833
-0.0120692602488
-0.00883350863342
0.00725347537557
0.0184657148194
0.0350443209847
0.0281777238078
0.046249285216
0.0652248591939
0.0881625331752
0.0931850938062
0.132424307804
0.16764228955
0.133631029285
0.124932206636
0.127934536164
0.123266290311
0.114702528933
0.121143880014
0.113617239706
0.116190244418
0.161169445962
0.164764619093
0.168359792223
0.155956271786
0.149187665285
0.15003182206
0.142870283222
0.139473592538
0.119083089494
0.120768651501
0.123614595096
0.108106212523
0.0990421141331
0.088310396702
0.101316673021
0.112857191481
0.120888330217
0.112805564543
0.109796390037
0.113822712252
0.112449535321
0.116136741609
0.115563902998
0.110730998346
0.0954795231051
0.0999161767252
0.108659784381
0.110972809638
0.100058754432
0.108734149481
0.102123451456
0.111436739278
0.115298360405
0.13275963793
0.1165196732
0.102166286483
0.100466715022
0.0995624084011
0.0806510892714
0.0636594379508
0.0751441872643
0.0823868252004
0.0850941002822
0.08349789023
0.0967808788591
0.0871593579677
0.0775378370762
0.0784544106363
0.0768350820717
0.0996768939697
0.102158118047
0.0924603513072
0.0798215824404
0.071169752239
0.0765662260313
0.061357666683
0.0504014834714
0.067328367454
0.0778987486576
0.0665062289523
0.0738232192464
0.0662446526173
0.0727823838015
0.0845318040052
0.100214440438
0.0845879765611
0.0702230728004
0.0664384700602
0.0796978456564
0.0752290579689
0.0615327617517
0.0738684405318
0.101107873373
0.12089639215
0.0976708689116
0.0834946712205
0.0732255120566
0.0641570364212
0.0658982740586
0.0546446867267
0.0503863648009
0.0381379044081
0.00354654483938
-0.0230067871498
-0.0339268161383
-0.0706912797009
-0.0684921205167
-0.0469666796719
-0.0405872971123
-0.0119158122987
-0.0321364331209
-0.0474648357941
-0.0342812322949
-0.0221986986053
-0.0271533594144
-0.0241444171159
-0.0197947448366
-0.0147356622956
-0.031704248184
-0.0525369838657
-0.0501146966568
-0.0366654626286
-0.0615613682519
-0.0854898776044
-0.0927668804147
-0.119940965176
-0.135830979206
-0.15140822272
-0.157485531775
-0.17203781009
-0.167051723194
-0.153802041631
-0.152659108695
-0.129387430205
-0.133451570587
-0.108864779607
-0.120815836903
-0.114927456134
-0.102719607247
-0.0961273028446
-0.0897709157637
-0.0918944193684
-0.101599206339
-0.128507335091
-0.162285639537
-0.185260208166
-0.209438560209
-0.23336151611
-0.225982040193
-0.225798391163
-0.228155861978
-0.226479808556
-0.210722182435
-0.218685939951
-0.214769036357
-0.203827031703
-0.197887665418
-0.196372098309
-0.190110472942
-0.177535128763
-0.172151080482
-0.17965926564
-0.187167450799
-0.192276698535
-0.175709034497
-0.162678599405
-0.151205524227
-0.141057504587
-0.138799632283
-0.142838547383
-0.130447644533
-0.132283518958
-0.122311529992
-0.116131422797
-0.119872573592
-0.119470704045
-0.113721768302
-0.0919753636498
-0.0748809370215
-0.0506756564188
-0.0339711442583
-0.0216930874383
-0.028478294764
-0.032978567071
-0.0356278819785
-0.0328770196869
-0.0158396312321
-0.0225500362457
-0.0186933878103
-0.02143532975
-0.0246124217081
-0.0171120869645
-0.0264131808073
-0.025916519531
-0.0293294672728
-0.0369216260205
-0.0362206951095
-0.0320183926022
-0.0347539602895
-0.039827804129
-0.0491219967356
-0.0488708869973
-0.034376129863
-0.0353038172917
-0.0306429577918
-0.0382294797939
-0.0412469696357
-0.0472878659347
-0.04885538497
-0.0339945523036
-0.0329148100212
-0.0253104307265
-0.0295662504868
-0.035286564398
-0.0383733821272
-0.0294959994576
-0.0201368809685
-0.0194577504535
-0.0220589376164
-0.0285475868483
-0.0290328426634
-0.0285904022581
-0.0308372485101
-0.0317809648034
-0.0402893518942
-0.0420794313678
-0.0433198300342
-0.0450889404966
-0.0446901056745
-0.0479312115323
-0.0437807698006
-0.0385689373408
-0.0434917738274
-0.0389480913492
-0.0338201389403
-0.0328665749965
-0.0339935716359
-0.0302956158554
-0.0295629077304
-0.0337128298727
-0.0201826603219
-0.0261255662432
-0.0273302660418
-0.00276220912049
-0.0045617752283
-0.00636134133611
0.0140398287015
0.0152778159638
0.0128874250576
0.0114871129669
0.0137416615155
0.0107443959614
0.0172050614376
0.0319225164298
0.0275555528978
0.0160858275597
0.000616065717511
-0.000568763115715
-0.00175359194894
-0.00181601476458
0.00475854885314
-0.00883184511723
-0.0310879757795
-0.0365465680993
-0.0457165027877
-0.0303689360786
-0.0327700790372
-0.0197438329172
-0.0269492281534
-0.0587224412077
-0.055150825075
-0.042864810137
-0.0279343001686
-0.0171687514121
-0.00951120800531
-0.0169441790047
-0.0211332369989
-0.0242422417015
-0.0183031200992
-0.0136168161535
0.0117853938992
0.0199742450083
0.00766265552124
0.00276808887142
-0.00166576342791
-0.00601894287825
-0.0192626172781
-0.0139917381709
-0.0208781054877
-0.0176319619161
-0.00516332663629
0.0014139632611
-0.00937587650274
-0.00117301523976
0.0395306202586
0.0234928323649
-0.0057364747719
-0.0125122381439
-0.00262323096908
-0.0167875984928
-0.00565302319713
-0.012866739698
-0.0180215143485
0.00528867058852
0.000946876239945
-0.0352298668858
-0.04987806214
-0.0828046527112
-0.076503491354
-0.0816258531272
-0.075824543681
-0.0671140551412
-0.0847094993942
-0.119349794202
-0.132087466941
-0.142405082579
-0.151401727387
-0.146684567425
-0.1402600007
-0.133657310697
-0.132211900797
-0.124928654387
-0.127986954791
-0.128632803504
-0.1264055998
-0.124992411756
-0.112153576616
-0.111829300482
-0.131376174382
-0.134037748769
-0.136699323156
-0.139360897543
-0.14202247193
-0.144684046317
-0.147345620704
-0.132024099312
-0.118547440587
-0.115867895942
-0.107136396202
-0.0920722264346
-0.0890992127176
-0.0744769181623
-0.063772790111
-0.0529096890217
-0.0430767719557
-0.0123707429553
-0.00560746911249
0.0208063352592
0.0481552753977
0.0520762132598
0.0264500538897
0.0255136376422
0.0414543986507
0.0695388407119
0.0976232827731
0.108027312729
0.0849389648928
0.066772391139
0.0924082522942
0.0948689402715
0.099338199436
0.0852359649903
0.0814469022511
0.0476186499644
0.0404420957455
0.033332460278
0.0642563824742
0.0652422636899
0.0515954948611
0.0367557421812
0.0210142269683
0.0326650416711
0.028935478201
0.0230577412242
0.0230510660917
0.018504906468
0.0123196246893
0.0109577817306
0.00310758595002
0.0055267865935
0.0138329447227
0.0137005915123
0.0145116794554
0.0283701735104
0.0318559984387
0.0415210562739
0.0511861141092
0.0608511719444
0.0372484150254
0.0254679212484
0.023707196931
0.0359328780157
0.0420141879751
0.0239876553196
0.033667589944
0.0329793876563
0.012795010212
0.00543627858179
0.00495094566945
0.02017595112
0.0258997770886
0.0230251577512
0.0133233154821
0.0191805510516
0.0424787194895
0.0319461841631
0.0345266983225
0.0163767753457
0.001705631549
-0.00607419827056
-0.0161452773726
-0.0193997523458
-0.0150192578063
-0.0178031603507
0.00213344094456
-0.00254473454011
0.00822828280508
0.0142682988694
0.041360679836
0.0348326468684
0.0390005629958
0.0346481466006
0.0206328871417
0.00288022832126
-0.0285865832606
-0.0542646124988
-0.0680860054701
-0.0732028978905
-0.0755299374325
-0.0897233403515
-0.0908420354869
-0.11980600913
-0.146887285319
-0.156297559803
-0.175431418711
-0.178418100823
-0.166723887458
-0.159114452673
-0.148438721552
-0.137263944077
-0.125138335085
-0.103533590301
-0.0826415216038
-0.05058836611
-0.0354390113226
-0.0315012038413
-0.0202073274194
-0.0331485584939
-0.0412435796932
-0.0518147498316
-0.0623859199699
-0.048284426994
-0.0208325657685
-0.0550031011158
-0.089173636463
-0.154208603469
-0.187874636876
-0.188402150232
-0.209059527166
-0.219651260592
-0.210375700668
-0.231450099818
-0.224472314205
-0.201784559329
-0.19688618554
-0.20374119427
-0.201231735241
-0.18729796494
-0.180215759023
-0.187412217294
-0.190038034738
-0.225450050883
-0.261937883012
-0.271328002907
-0.281834872077
-0.295227026379
-0.287660195691
-0.271182729814
-0.263463048517
-0.250877002533
-0.231686918708
-0.197532540347
-0.163684718156
-0.14514522863
-0.146432346593
-0.147858041033
-0.135518800286
-0.105589572398
-0.10218147773
-0.0963353981979
-0.0937439983504
-0.0886789661462
-0.0877378065931
-0.0970987118747
-0.105526006076
-0.106915438716
-0.114193112445
-0.114249654846
-0.085460870223
-0.0840390373641
-0.0787107663048
-0.0647636860087
-0.0667399215427
-0.0666740572161
-0.0700531802228
-0.0721021081153
-0.0641253533144
-0.0670896408572
-0.0678131912179
-0.059682486076
-0.0496980626958
-0.0302613586357
-0.0355073834397
-0.0248823465691
-0.0122487523622
-0.0147179850694
-0.0237898405509
-0.0221808951885
-0.019487140808
-0.0269117730724
-0.0356413468243
-0.0376357904643
-0.0301832801261
-0.028779773199
-0.0329043852136
-0.0421367555541
-0.0432621274466
-0.0403336214935
-0.045814720967
-0.0317432361576
-0.0375425214425
-0.0319508778464
-0.0273055362103
-0.0178341828052
-0.010973771887
0.00109890648469
0.0101421048515
0.0114128642325
0.0148225907956
0.0170174163697
-0.00281867179151
-0.00102189823107
0.00679864676413
0.00839865166833
0.0147783246827
0.0110081327136
0.00723794074455
0.00604257001443
0.0386471909703
0.0161312405916
-0.00145197178789
0.00512004035864
-0.0058817155136
-0.00794260073529
-0.00733121183009
-0.00185138163356
-0.000936419335899
-0.00334478762193
-0.00172186343948
-0.00247920699094
0.00372285066918
0.0205964081918
0.0026279787439
-0.0140969334786
-0.0172255667544
-0.00330787439139
-0.00342100873596
-0.0164141790181
-0.00228308238021
-0.00753147697444
-0.00407280261164
-0.00858864528746
-0.0140308849052
-0.00638433290842
-0.017178758529
-0.0215019174712
-0.0243299660573
-0.0252668580039
-0.0203920965334
0.00159559497193
2.99487338773e-06
-0.00253309722159
-0.00110203764998
-0.0063283999827
-0.0113073597654
-0.00392117206883
0.0109444188433
0.0217907779402
0.00466891308006
-0.0059984047482
-0.00733376191929
-0.0128104521943
-0.0222134390329
-0.0275966808017
-0.0114373041288
-0.00848319444421
-0.0210793313929
-0.00795734833028
-0.023509502052
-0.0306822332474
-0.024435119254
-0.023068949015
-0.027243534429
-0.0219622035843
-0.030248903289
-0.0182929912456
-0.0221567352659
-0.0206570250412
-0.00436355469413
-0.00908103275617
-0.0212201793126
-0.0493003631164
-0.0688007280832
-0.0619934573222
-0.0597505755409
-0.0675418572307
-0.0787515568057
-0.0934013009753
-0.103467255451
-0.102538267762
-0.0984728803218
-0.101840701936
-0.125226579421
-0.168424907311
-0.179673307601
-0.194667488422
-0.183454159329
-0.172010965006
-0.189168624805
-0.233329674477
-0.253411134088
-0.277850239365
-0.298632476196
-0.319579113286
-0.345118775633
-0.342669826573
-0.340796303746
-0.327640089528
-0.336948682197
-0.341651949362
-0.347857943392
-0.337633834563
-0.327409725734
-0.32107054631
-0.328344547314
-0.315787315337
-0.335917882304
-0.324662266892
-0.337748695269
-0.344851833124
-0.3583598553
-0.352402469724
-0.353762318693
-0.352822645133
-0.361104677959
-0.358800413045
-0.36507569741
-0.364921136535
-0.349898609206
-0.347771163353
-0.342414206443
-0.347067356163
-0.331613047697
-0.313626466795
-0.308087449318
-0.279154189674
-0.247127503482
-0.238217911018
-0.210962950346
-0.188350555842
-0.169492065541
-0.139774715727
-0.126008899075
-0.124714072997
-0.118722973307
-0.120661056671
-0.122080655808
-0.11691736554
-0.0960070209598
-0.0938394179763
-0.0655008674266
-0.0423876961051
-0.0517740477156
-0.041591831397
-0.0308749872645
-0.0325600561887
-0.0311205930229
-0.0304660640319
-0.0323785241055
-0.0324589474206
-0.0217818361979
-0.0285511548611
-0.0376612824019
-0.0287280268673
-0.0208348292304
-0.011839632722
-0.00588424946435
0.00824331085056
0.00156085046643
-0.000988067314444
-0.00481941479299
-0.0172989731782
-0.00347211267039
0.000229364596801
0.01680614916
0.00846259204933
-0.00991163955312
-0.013581565031
-0.0197969320878
-0.0169195719481
-0.0342914955847
-0.047613232667
-0.0702346182172
-0.0758942068194
-0.086100604666
-0.103392755762
-0.106772115441
-0.108213007697
-0.0990086447241
-0.0877327794294
-0.0707087768412
-0.0513882283998
0.0024908643879
0.0176263396503
0.0346555422161
0.049422604357
0.0656855620727
0.0562543358861
0.0460651214393
0.0590136379641
0.0823482057748
0.0678445990505
0.0671318435231
0.078443890376
0.0856814751971
0.0585213598959
0.0527550813337
0.0604924595589
0.0682298377841
0.0726570353353
0.0497028229909
0.0345581502734
0.0301572372133
0.043924387257
0.0435581659224
0.0679163756487
0.0845985812436
0.0855115355615
0.0871843062433
0.0940940343825
0.111253119413
0.0922271924256
0.0670731741504
0.0599839717339
0.0585413163644
0.0366090667117
0.00714756439478
-0.0248462411449
-0.056627296575
-0.0816018304732
-0.105669299813
-0.129084451257
-0.168738167728
-0.194404276056
-0.205512838153
-0.210758912693
-0.221312364056
-0.249833900799
-0.280548758413
-0.287521408535
-0.308182504913
-0.317621099896
-0.325966882503
-0.328197514768
-0.328767398856
-0.337780001594
-0.340868813783
-0.343517381987
-0.337724912177
-0.330829540041
-0.338634804602
-0.330376793755
-0.358980793629
-0.361921023478
-0.374847027068
-0.374483356874
-0.382266850524
-0.389151043997
-0.393123800305
-0.378154000799
-0.376422285812
-0.359645310745
-0.3472837127
-0.327420774597
-0.33429862212
-0.326932490113
-0.323810746281
-0.309752436892
-0.295694127503
-0.302922660963
-0.299468810611
-0.315346355679
-0.320096664594
-0.323239361273
-0.326405341516
-0.33279697459
-0.337935494012
-0.347622233826
-0.341562372197
-0.354439958432
-0.340264319144
-0.322882551743
-0.316245376859
-0.288532277917
-0.260745049086
-0.229824239595
-0.206788372641
-0.166392803255
-0.145440706444
-0.136016535552
-0.139780623185
-0.141158700525
-0.114695330827
-0.0979274413453
-0.103981943469
-0.0973682637105
-0.072871575077
-0.0625911848813
-0.050417149605
-0.0335112327419
-0.0361122620158
-0.0268158956503
-0.0179805834282
-0.0239585752227
-0.0299365670172
-0.0310592706183
-0.0227434764287
-0.0165684303818
-0.00635370867135
0.0173401443672
0.0110211469654
-0.000608183858186
-0.00140845853311
-0.010416534668
-0.0236999069795
-0.0255495858208
-0.0350723145135
-0.0383382030062
-0.0393405587938
-0.0408692272942
-0.0439511964141
-0.0402046889042
-0.0332862350079
-0.025556586617
-0.0237710994681
-0.016058694472
-0.0185549418873
-0.0118649141617
-0.0113010449559
-0.0289040356584
-0.0244591570739
-0.0219142392196
-0.0351943476354
-0.0315687153401
-0.0397463470306
-0.053901875716
-0.0489315574668
-0.0395818878403
-0.0312206318645
-0.0545297680231
-0.0535551553286
-0.0435437086247
-0.0502885025665
-0.0553957475915
-0.0436108899321
-0.0508026141939
-0.0420727900751
-0.0499225399979
-0.0505445016793
-0.0352929187508
-0.0230000354594
-0.0342188497532
-0.0333582177561
-0.0328608914717
-0.0287973898391
-0.0346343146837
-0.0358644223974
-0.0322357132629
-0.029346531087
-0.0285699506274
-0.0255883108864
-0.01841480154
-0.0231440100891
-0.024770171162
-0.0172814877596
-0.00259481973124
0.00298872297416
0.00979838673677
0.0085893489805
0.00257167609192
-0.00309184406579
0.00397653050664
0.00571496448907
0.000256225839375
0.0108116381349
-0.00223364765203
-0.00424387845587
0.012503103806
0.0170849032197
0.0174548578934
0.0210315433346
0.0196864731793
0.0104308643722
-0.00267994211984
0.0234296499302
0.0446697726676
0.0344371925394
0.053198820882
0.085800595241
0.0830356808474
0.0675437908824
0.0551195111188
0.0573009591102
0.0605934513723
0.0630483004874
0.0736896918827
0.104131543467
0.0732434053219
0.0613916709851
0.0387098023186
0.0160279336522
-0.0115366968929
-0.0542227190858
-0.058854453521
-0.0705766912668
-0.0689030534182
-0.0766796738914
-0.0732306314597
-0.0883953355274
-0.130352607607
-0.157214866768
-0.191426310045
-0.19851612602
-0.191399869747
-0.184923380205
-0.183597150132
-0.18374397746
-0.171548410586
-0.165968914366
-0.135278963712
-0.122659972974
-0.119479931047
-0.107524002269
-0.098663189962
-0.156390927253
-0.218134891531
-0.226117581475
-0.238941117582
-0.282961565466
-0.303224162518
-0.313275799819
-0.310070608637
-0.316841482127
-0.343989640452
-0.358586761741
-0.367762619281
-0.365138165968
-0.361930794524
-0.37990586885
-0.383943007276
-0.376783779991
-0.395559047984
-0.39268317862
-0.389505824055
-0.379772838049
-0.368112127349
-0.352311611123
-0.345812281365
-0.350776671446
-0.349618313645
-0.355439295782
-0.359804112078
-0.365803043576
-0.369946495991
-0.364926328557
-0.356584756404
-0.355523294448
-0.352322072393
-0.348644086777
-0.33856992444
-0.316145556075
-0.306915928346
-0.298512717385
-0.299886180047
-0.291783772246
-0.282081020997
-0.275361598883
-0.265389992685
-0.26217825131
-0.26343143965
-0.266157870515
-0.252595694637
-0.246078835094
-0.234597284818
-0.227241940946
-0.214492508181
-0.20584501035
-0.183832843342
-0.1711083628
-0.165620332183
-0.164611179501
-0.161952380401
-0.155069762076
-0.158110989896
-0.146416350964
-0.150272397097
-0.142309263474
-0.132721547566
-0.131744350263
-0.128198779416
-0.114764828359
-0.119253537053
-0.118311427636
-0.0954859020027
-0.0977966117045
-0.102332112533
-0.106867613362
-0.104263390358
-0.120352320722
-0.114710940101
-0.100058124462
-0.0936921997408
-0.093633257932
-0.0958684583461
-0.0938669879802
-0.0929711973841
-0.0948269510567
-0.107105886305
-0.0987809270174
-0.0894807928951
-0.0866385168254
-0.0817587878508
-0.0824740280765
-0.0811335815283
-0.0684605547233
-0.0539110649579
-0.0424561727643
-0.0435532596626
-0.032198082701
-0.0208273498018
-0.0098695616025
-0.00179685736845
0.00319807362278
0.0116388952908
0.00448724331022
0.0247448873044
0.0370186196199
0.0411107886695
0.0616193978461
0.071237817752
0.0555641654904
0.0677367622973
0.07414102144
0.0790228764008
0.074832646301
0.0994251481573
0.0776157194367
0.0732467054819
0.086666163853
0.110226286569
0.106658354731
0.108514198776
0.127143615908
0.11167723064
0.0988451222389
0.129426332816
0.12240188015
0.105277204946
0.0838040364875
0.0815074486828
0.0801373343251
0.0805193113099
0.0714698661266
0.0745386079689
0.0578075119143
0.0592474158621
0.0808426802151
0.101326198866
0.0999844600659
0.0996949775958
0.0911081754864
0.0879302350453
0.0751224705044
0.0538860931206
0.0499971070488
0.0289463565718
0.0142527356704
-0.0204636485049
-0.0486842107085
-0.0736439184729
-0.0815468093786
-0.103993263347
-0.135901904871
-0.159370744699
-0.163231468585
-0.18656556909
-0.191829346123
-0.193056156606
-0.205887030394
-0.227731178451
-0.217367623565
-0.230475999609
-0.231894531513
-0.239927248587
-0.257486182454
-0.261980232021
-0.263100307029
-0.263495534001
-0.248585289879
-0.244600757446
-0.247991652913
-0.221778466428
-0.195565279943
-0.202276019394
-0.208986758845
-0.215697498296
-0.258181069432
-0.284241031203
-0.291982845124
-0.289763085699
-0.27739378985
-0.282189847479
-0.279399130531
-0.296299590474
-0.29451500715
-0.298862219148
-0.285993837507
-0.295722067034
-0.293431504335
-0.284336601995
-0.2663284742
-0.286843096338
-0.291770191666
-0.294414100322
-0.293761591304
-0.305547496545
-0.318098307306
-0.307344974142
-0.307706079983
-0.312859469018
-0.313629961335
-0.302336920073
-0.291874556969
-0.283835974188
-0.280957094644
-0.266052365523
-0.271848965618
-0.288591268153
-0.285110954146
-0.293060114408
-0.305037438133
-0.309603301117
-0.306334767308
-0.305760031184
-0.305408560632
-0.289475772966
-0.273919055311
-0.258147971997
-0.237210265335
-0.226135896667
-0.208023514142
-0.200858696995
-0.191433585356
-0.178689458687
-0.167139335494
-0.148812702274
-0.127161503246
-0.143387252555
-0.150037753928
-0.157764500978
-0.158856573907
-0.155668528126
-0.15331273533
-0.160119498332
-0.156319754726
-0.152937092878
-0.148515530132
-0.141115875898
-0.151382919891
-0.151545100089
-0.1628981713
-0.172998329365
-0.186341681872
-0.183217348831
-0.190700094249
-0.192085475295
-0.207434856892
-0.221772712663
-0.230941878963
-0.223730041107
-0.222423571496
-0.231849439333
-0.235723353077
-0.2363143279
-0.241690395379
-0.250906662391
-0.233406463748
-0.234507813208
-0.222967899111
-0.227590627167
-0.216936806635
-0.209703895487
-0.202021621197
-0.18963066913
-0.169486079471
-0.170216805304
-0.153790509613
-0.140645429535
-0.127500349457
-0.123892649692
-0.113767147776
-0.121340574436
-0.12718024001
-0.133901178401
-0.139552068944
-0.138734206019
-0.142965320601
-0.131100373002
-0.134820644145
-0.13799900855
-0.132794721811
-0.132009597791
-0.135630574749
-0.151188746947
-0.153401816602
-0.143183204481
-0.16060509059
-0.16572993687
-0.164048425534
-0.16834146702
-0.164157686469
-0.153598904258
-0.151774125566
-0.148517391174
-0.12061970583
-0.0957396704008
-0.100871278356
-0.0997122471904
-0.103053285285
-0.0825632699791
-0.0671613936137
-0.0701178680796
-0.0606312951058
-0.0649154626648
-0.0368728627436
-0.0452849964958
-0.0566054322894
-0.0553571186047
-0.0517965791393
-0.046763266927
-0.0752998508505
-0.0976634484461
-0.107077875634
-0.147770811427
-0.169536898076
-0.168298898705
-0.173325437501
-0.193545623106
-0.182603949467
-0.170423815074
-0.169614661395
-0.183139531911
-0.161147431813
-0.17024719792
-0.186030008658
-0.206864295552
-0.227255397829
-0.262396109588
-0.264763248097
-0.26558117554
-0.2651660618
-0.271282975585
-0.291373773695
-0.275160168649
-0.241462777776
-0.245816385152
-0.241404971022
-0.234252125501
-0.23667376437
-0.264941055475
-0.241039584498
-0.235529420889
-0.242013647468
-0.27084491731
-0.294100236193
-0.287670217105
-0.278098991929
-0.312124726164
-0.342283631585
-0.357069458727
-0.358685197637
-0.370900770335
-0.380441834056
-0.366174592467
-0.34943174742
-0.344389027827
-0.351027633039
-0.374646762399
-0.381865508373
-0.384695800166
-0.38320496092
-0.383994206877
-0.37964562051
-0.383143826097
-0.370921286318
-0.350137877331
-0.342825381631
-0.33384395765
-0.318569994237
-0.303506442465
-0.300035209041
-0.276953502388
-0.266538377778
-0.263058770166
-0.259101461272
-0.242797199834
-0.2307853525
-0.239920960766
-0.245180791309
-0.24366790914
-0.253017591137
-0.245627896653
