0.00710336658792
0.00501173434681
0.00292010210569
0.000828469864582
-0.00126316237653
-0.00335479461764
-0.00544642685876
-0.00753805909987
-0.00962969134098
-0.0117213235821
-0.0138129558232
-0.0159045880643
-0.0179962203054
-0.0200878525466
-0.0221794847877
-0.0242711170288
-0.0263627492699
-0.028454381511
-0.0305460137521
-0.0326376459932
-0.0347292782343
-0.0368209104755
-0.0389125427166
-0.0410041749577
-0.0430958071988
-0.0451874394399
-0.047279071681
-0.0493707039221
-0.0514623361632
-0.0535539684044
-0.0556456006455
-0.0577372328866
-0.0598288651277
-0.0619204973688
-0.0640121296099
-0.066103761851
-0.0681953940922
-0.0702870263333
-0.0723786585744
-0.0744702908155
-0.0765619230566
-0.0786535552977
-0.0807451875388
-0.0828368197799
-0.0849284520211
-0.0870200842622
-0.0891117165033
-0.0912033487444
-0.0932949809855
-0.0953866132266
-0.0974782454677
-0.0995698777088
-0.10166150995
-0.103753142191
-0.105844774432
-0.107936406673
-0.110028038914
-0.112119671156
-0.114211303397
-0.116302935638
-0.118394567879
-0.12048620012
-0.122577832361
-0.124669464602
-0.126761096843
-0.128852729084
-0.130944361326
-0.133035993567
-0.135127625808
-0.137219258049
-0.13931089029
-0.123759619097
-0.108208347904
-0.0926570767106
-0.0771058055175
-0.0615545343244
-0.0460032631313
-0.0420031252375
-0.0631800221969
-0.0322824717699
0.0161819046746
-0.111600462215
-0.0645323494402
-0.0174642366654
0.00744676666867
0.0164749632796
0.0370904489973
0.00655313110121
0.0051740689142
-0.00710853663764
-0.0137503246201
0.00865974456178
0.0290508863905
0.0375415747185
-0.032732951129
-0.0638174052219
0.0227574171005
-0.0260620730189
0.0315410363481
0.0291615405108
0.0119789382717
0.0212821982882
-0.0122710923135
0.0265635867819
0.0357029451365
-0.0203724427688
0.041852416285
-0.00836388654345
0.0234695360577
0.0126061444565
0.0647880318586
0.0773709049359
0.100573643258
0.0698023332739
0.0212019252941
0.0797063641913
0.049352727614
0.0661424305367
0.046491607109
0.0343711557268
0.0222507043446
-0.0285239099887
0.0521860681287
0.0502141404365
0.0661292580141
0.055930011163
0.0351511300154
0.0506646234122
0.0511847003273
0.0428358317108
0.0346247407895
0.0433136613404
0.0337129986065
0.00566175043573
0.0411312774745
0.0160611715233
-0.010202387921
-0.0127244701158
0.00635890394053
0.00398302882825
0.00527135818047
0.000789704293848
0.000983360763812
-0.0107895225026
7.46358849966e-05
-0.0245237615082
-0.0107532599328
-0.0106276884618
-0.0112344030445
-0.0105488413474
0.0056064462574
-0.00215943070313
0.0176472009719
-0.031441949196
0.0600702667935
-0.0274748072065
-0.0308928234895
-0.0194550655726
-0.0473484584563
-0.0296076000125
-0.0238638653553
-0.0467630405238
-0.0185604989511
-0.0608298902576
-0.0539875112498
-0.0517044817625
-0.0710877118304
-0.0379083240414
-0.0272452814718
-0.000986991742355
-0.0406714789524
-0.0330745465184
-0.0164879783381
-0.040567878689
-0.0312115194271
-0.0124311986832
-2.74334342366e-05
-0.026818546144
0.0306349943355
-0.00308419210255
-0.0266038020977
-0.0111122376058
0.0233013327708
-0.00532633723388
0.0107743619377
0.049314079262
-0.00933553478165
0.0460001685575
0.0609209053209
0.0649975598544
0.0187028621078
0.0375627269151
0.0521909347667
0.0613824197266
0.110950438113
0.0549501351458
0.0554432236526
0.0695383919792
0.0519282775101
0.0295889705357
0.021169512556
0.0273074918298
0.0384163442084
0.0149033730373
-0.0154786574718
0.00726111440135
0.0014728727307
-0.00431536893995
0.00896479165361
-0.00346740839055
-0.0114914321867
-0.0354871323843
0.00772108782598
0.00803801143569
0.0320909207675
0.024577975117
0.0170650294664
0.00955208381592
-0.0348607260421
-0.0792735359002
-0.0212863421799
-0.0208670816516
-0.0204478211232
-0.0200285605949
-0.0196093000666
-0.0191900395383
-0.0187707790099
-0.0183515184816
-0.0233007821144
-0.0282500457472
-0.03319930938
-0.0381485730129
-0.0430978366457
-0.0480471002785
-0.0529963639113
-0.00475335186636
0.0310268465817
0.00897520628031
0.0196766457046
0.00960769245638
-9.72719517561e-05
-0.000583332132275
-0.00106939231279
-0.00155545249331
-0.00204151267383
0.00429913073258
-0.013329886798
-0.00745380911549
0.0358051016562
0.0069421302526
0.0364883197514
-0.0159094547105
0.0347070722786
0.070842182263
0.00734556407557
0.0454052094171
0.076138194183
0.0306907589216
0.00297400501641
0.0266030029958
0.0502320009752
0.0373670463019
0.0330585076213
0.0586653098715
0.0599733875445
0.0452717806265
0.0554724448708
-0.000549962776944
0.0666953424128
0.0704105483236
0.0854526556351
0.0839818454847
0.156051999663
0.0953264401363
0.0946951779242
0.105065617083
0.113120378902
0.106060322656
0.0892051544012
0.0999983996738
0.0910995125121
0.115799049699
0.0595145959906
0.0966000020861
0.082010812613
0.0516435544738
0.0658714446911
0.0353334758185
0.0699714885517
0.0703967510766
0.0495075897199
0.0709316173271
0.0138242435353
0.0120516663311
0.0318903155855
0.00828487800399
0.000380783317415
0.0168299966821
0.0413992174786
-0.00777949675718
-0.0603216208135
-0.0176202457328
0.018271362826
0.0265953241606
0.0131685200627
-0.00900481287851
0.0684526429475
0.00497011468909
0.0248123921785
-0.0235934476453
0.0069489271912
-0.0139804778444
-0.03490988288
0.0301823595967
0.0019165339138
-0.00663232404365
0.000797663676905
0.0293383982364
0.0142953666082
0.062150009455
0.0431073463542
0.00844255155259
0.0193044587381
0.0135632514752
0.0211878636342
0.00325297064554
-0.0198281035485
0.0097040877479
-0.0228785495862
0.0320129341756
-0.0152548313882
0.00610080635717
-0.00747060183111
-0.00552570217983
-0.00899285045193
-0.0144986162059
-0.0104593097498
0.00176564468412
-0.0194401613084
-0.0175957075988
-0.0347981574718
-0.0730769674366
-0.0539680817142
-0.0506596514242
-0.0594307944662
-0.0536416214251
-0.0591008141349
-0.0473053472345
-0.0801200940134
-0.0602055685103
-0.0326973662801
-0.0406993035764
-0.0418151632628
-0.0512188645603
-0.0417333513158
-0.0553677654524
-0.0322544670481
-0.0572865314064
-0.00746812520415
-0.0459077106539
-0.0545945560439
-0.0418406914841
-0.0232135273352
0.0160153546548
-0.0015287477452
0.0127588701755
0.00414794155666
0.0251199553379
0.0351631700031
0.0167714301251
0.0175218830003
0.0182723358755
0.0243427062462
-0.0309414443297
0.0438845066563
0.0010567011004
0.0148790822176
0.00369451694136
0.00532978559937
-0.00570944235649
-0.00902534026522
0.00967853616718
0.0131842496871
-0.00336598214005
-0.00691699331959
-0.0388540891541
-0.0360497092937
-0.0015863021602
-0.0351109925002
-0.0437050046829
-0.00460750772787
-0.0440083917348
-0.0330361265065
-0.0195989717369
-0.0182877249035
-0.0187451738557
0.0494469554076
-0.00772232330405
-0.0263674271896
-0.0276563973527
-0.034919664547
0.00421673709333
-0.00863518013542
-0.0326850627825
-0.00999295495346
-0.0291528734596
-0.0318164710018
-0.0231218889541
-0.0144273069065
-0.0057327248588
0.000874456188848
-0.0212882088389
-0.0256498896983
-0.00975059857738
-0.000164075498853
0.0154267850391
-0.0038271563308
-0.0216793936938
-0.0181976744226
-0.0100219802054
0.00518120891401
-0.0138503034013
-0.00858292671133
-0.0304725301892
-0.00392295910993
0.00385066432512
0.024878953096
0.0323550989053
0.057808293212
0.0302562534518
0.0168523614119
0.0169510187714
0.0462846426469
0.0298857716868
0.0134869007267
0.0412996089698
0.03175584758
0.0407673233608
0.0172435747151
0.0129575286208
0.0185917315614
0.0318562050926
-0.0209072613735
0.0433095702092
0.0659741746952
0.0416656617548
0.0861846793184
0.0839517831504
0.0574010282364
0.0498010191843
0.0607740917566
0.0321230107397
0.0469168106618
0.0567762959787
0.0508953891534
0.0552300017677
0.0313602317708
0.030046276757
0.00550825792164
0.0141713897896
0.00976628884397
-0.000128789320578
-0.0166965790227
-0.0290227010616
0.00137712307583
0.0166525754803
-0.0153142534021
-0.00438449349374
0.00871799534709
-0.00629713705739
0.0326947764488
0.0488746742844
0.0445294142174
0.0401841541503
0.0294696983552
0.0308593203065
0.0322489422578
0.0332749095853
0.0714876777927
0.045035321957
0.0745477077593
0.0422511316375
0.0775277624667
0.0574922481458
0.0433300897245
0.065934998603
0.0495684227045
0.0373762932497
0.0431908571015
0.0645677271009
0.087136085445
0.0852223117275
0.0311389609156
0.0762604373025
0.106118501454
0.00675880602765
0.0130018693779
0.0150299863578
-0.00176018712678
-0.000974206399967
0.0126522185954
0.015049983508
0.00346189127891
0.0129658038349
0.0224697163909
0.0207237236051
0.00346672082771
0.0383462632913
0.0269015010562
0.0179434759092
-0.032890088919
0.0229670103972
0.00250524128033
0.0463317464935
0.124117883411
0.011004996163
0.0398050428479
0.00632628345835
0.0160913543444
-0.0109936412515
-0.00716579136326
0.0735222938942
0.0626919589914
0.0113974425906
-0.000196934840076
0.0460289422119
0.0559711758149
0.0152011655507
0.0337279754085
0.0174071187913
0.0187923492616
-0.00780734624828
-0.0223857509511
0.00786924743879
-0.0127788651842
-0.00502013748903
-0.00142736921072
0.0155882773069
0.0317628344052
-0.0103874362988
-0.0244588285412
-0.0385302207836
-0.032073362937
0.00382875670608
0.00156966407044
-0.0324804893153
-0.0215811170572
-0.0288033713296
-0.0360507166182
-0.0159017394259
-0.0233886328832
0.0197359907083
-0.0362261671451
-0.0689058362931
-0.00875667228077
-0.0016762201187
-0.0290135610976
-0.0204724065171
-0.018392831519
-0.0211463740447
-0.0229003187636
0.00362079497743
-0.0465603628837
-0.0582309957795
0.0270498931184
0.074074686345
0.033796722789
-0.0227214940311
-0.0315683755029
-0.0226274766074
0.0558319962757
0.00481547176248
0.00625708723436
0.00769870270624
0.0209335861098
-0.032063854858
-0.0460539578918
0.10288066429
0.0327886135211
-0.00652952211044
-0.0265433920894
0.020682500852
0.00609249801765
0.0063777863358
-0.0213423113337
-0.0369410830921
-0.0484103936071
-0.0121836759061
-0.0438944579834
-0.0609595427145
-0.0224377680991
-0.0365832342461
-0.0573507687868
-0.0459155322454
-0.034480295704
-0.0230450591626
-0.0720728957536
-0.0469723902606
-0.00276981390642
-0.0616719066492
-0.120573999392
-0.0661855937823
-0.0757893159449
-0.031772182893
-0.109241569694
0.00312482685259
-0.0987057060791
-0.0369424420146
-0.0778592969374
-0.0895693086003
-0.0558233366907
-0.0570492680287
-0.03292134477
-0.0582299632816
-0.0784269465467
-0.0722919674044
-0.0536492840189
-0.0299693210374
-0.0500962994751
-0.0371546476952
-0.0833993840646
-0.103850635361
-0.0937090002317
-0.0986754184298
-0.0671736531354
-0.0356718878411
-0.0752964365222
-0.0412040554406
-0.0138797159253
-0.00683392123548
-0.0398543462109
-0.0476511474395
-0.0293784479669
-0.00863481053761
-0.0668345719435
-0.0505347542814
-0.0334493142229
-0.0709599354505
-0.0281959717907
-0.0158446353191
-0.0377568345093
-0.0494272663542
-0.0425710386564
-0.0582290054677
-0.0949770534083
-0.0801959141346
-0.0626281318003
-0.04831576484
-0.0574384949269
-0.0741996401399
-0.0308274012184
-0.0725809196879
-0.0951081896542
-0.0867238025805
-0.0860346692657
-0.0667411841128
-0.0882038142728
-0.0767343475651
-0.0740332077777
-0.0611370398629
-0.111183316021
-0.107182871484
-0.10565692749
-0.109522438248
-0.125428332413
-0.088784219348
-0.0726725145669
-0.09956450093
-0.0533809733961
-0.0590034533812
-0.0467429745539
-0.0189602335906
-0.0783589063806
-0.0394367852718
-0.0377322630452
-0.0587734048972
-0.0431833300338
-0.0428745024048
-0.0173233547497
-0.0418390028329
0.00870513529162
-0.0303319594781
-0.028953834395
-0.0346661965389
0.00700636552967
0.0339891176083
0.0426125261604
-0.000560619741784
0.0113473545522
0.0360973322383
0.0150755284367
-0.00771756610139
-0.0111028029432
0.0298592285367
-0.0286915458263
-0.0125451314243
0.00360128297779
-0.00737964336571
-0.0222794847642
-0.0205566339714
-0.0387149259795
-0.0369902711517
-0.0523333039752
-0.035578740782
-0.0338545598618
-0.0494115558204
-0.064968551779
-0.0410018218617
-0.0303360324888
-0.0425992959827
0.00559272320539
-0.0185417814706
-0.02078617336
-0.0609568242119
-0.0459601004823
-0.0519689151067
-0.0491087297537
-0.0371506652999
-0.0624235448581
-0.0673665788789
-0.0748586830282
-0.0127835042912
-0.024447787663
0.00497277412418
-0.0031683289936
-0.0152741618791
-0.0343847216822
-0.0171062097085
-0.000703152335939
-0.0369494179891
-0.0409219372734
-0.0262438759018
-0.0439391398087
-0.0248167447917
-0.0131349722282
-0.0198795896172
-0.00579880267082
0.0278330737771
0.0210030336375
0.0595059130349
0.0422007166017
0.0248955201685
0.012741641522
-0.0252995864351
0.0230768136605
-0.0319057949065
-0.0179779113211
0.0388096930329
-0.0393845820869
0.0261669933949
-0.00928257833612
-0.0479152730806
-0.033041725147
-0.0181681772135
-0.0486247596541
-0.0353550802022
-0.0880931508226
-0.0472479085109
-0.0218357187012
-0.000216284616824
-0.0147792124982
-0.0236572486909
-0.0362648198787
-0.0847903438799
-0.0308953996778
-0.0989201542053
-0.0537467517729
-0.0634088291027
-0.0614552210724
-0.057070454948
-0.0845832658841
-0.0930027396569
-0.0588255055688
-0.0313383576409
-0.0583695178687
-0.0366386604434
-0.021717665267
-0.0282443140487
-0.0319532921302
-0.070367455239
-0.0450574014448
-0.0314269198455
-0.0475383937782
-0.0472621243521
-0.0508420173248
-0.0551134044585
-0.0561742935184
0.0021596030673
-0.0614077360743
-0.0210473077863
0.00464044031468
-0.0112997403807
-0.027239921076
-0.0313678616715
0.0246428910421
-0.019309882201
-0.0148014668136
-0.000303815642465
-0.0148350426298
-0.0189139029756
-0.0162180553294
-0.0169773881439
-0.00391100256858
-0.0516282862105
-0.0273720769275
-0.0358895027863
-0.0210211800911
-0.0563337265072
-0.0280560259077
0.0103411213359
0.0279006272433
0.00595559408964
0.00388040651733
-0.0114578222391
-0.0327978515999
-0.0478885256428
0.0388860043173
0.0183925860701
0.0281023651434
-0.015872242402
0.039744342488
0.0198792722989
-0.000153842154996
0.0366761508112
0.0133280137667
0.0247198496297
-0.0199947690163
-0.0280075213756
-0.0250540366844
-0.019737999205
-0.0611178372809
-0.0373855395177
-0.0515089161164
-0.0216585792009
0.0337624453848
-0.0330049362001
-0.053745224205
-0.0492841138544
-0.019360489438
-0.0170836409856
-0.0260514425519
-0.0639325687886
0.00514612901096
-0.0045986183548
0.0112568656041
-0.0407063244178
-0.0168906832443
-0.0038127197723
-0.0172474625275
0.0177791554575
0.0206240628106
0.0395170244533
0.0256910660601
-0.0196309472289
-0.00868297744929
-0.008693816101
-0.000637571059964
-0.0146600374955
0.022762171135
0.0279195118629
0.00857885781935
-0.0155165770637
0.0277568834215
0.0272365637325
0.0188175459741
0.0220942308936
0.0254744485335
0.00357097994296
-0.0100172676974
-0.0251076473464
-0.00967948222635
-0.0416418486558
-0.0149520216088
-0.0167196489394
-0.00750560317454
-0.0474853256876
-0.0251570917848
-0.0420938299949
-0.0188957370916
-0.0303419602484
-0.0225989697865
-0.0532805735984
-0.0102066609387
-0.0526064484997
-0.03465176139
-0.00580590269046
-0.0201688102095
-0.0699784755902
-0.119788140971
-0.000946434956558
-0.0426189281952
-0.0290290466609
0.00961088126326
-0.0184958821133
-0.0292285848545
-0.0264269845009
0.00769901078444
-0.042021083866
-0.0382246930583
-0.0577290016332
-0.0372742545909
-0.0214853214824
-0.0716969136007
-0.0451604301185
-0.0600878145126
-0.0640775587812
-0.0492124584522
-0.0562460881021
-0.0632197303167
-0.0552676852905
-0.0473156402643
0.0500607522314
0.0410641904549
0.0320676286783
0.0230710669017
0.0140745051252
0.00904121212622
0.00400791912725
-0.00102537387173
-0.00605866687071
-0.029708668349
-0.0533586698273
-0.0041632405773
-0.00960913732475
-0.0150550340722
0.010233845611
0.0355227252941
0.0608116049773
-0.0225355702536
0.0940184688074
0.0766657747151
0.0229349465344
-0.00571889519946
0.0124211570561
0.118511546425
-0.0056990490782
0.128853366696
0.136751592224
0.0250389780996
0.0213452904646
0.0176516028297
0.0284988424215
0.0393460820133
0.0221995709523
0.0466351371843
0.0710707034163
0.0577449796617
-0.0577188278035
0.0555417510393
0.0181334265927
0.029672028201
0.0456161654976
0.0139620474591
0.0491311155088
0.0203821634838
0.0118796957864
0.0304313889984
0.0691440654619
0.073754628169
0.0783651908761
0.0793669393267
0.114199992742
0.0670185624602
0.0700845421612
0.0969548554603
0.0646273224685
0.116529459277
0.104816978815
0.126564965193
0.0978955625526
0.158775632971
0.135720474049
0.128227461633
0.124576971894
0.110222314067
0.142612008234
0.0880515134138
0.121648571036
0.130137678429
0.0846567708395
0.130771553668
0.0928296300251
0.0751158776978
0.111717425561
0.148318973424
0.12829095117
0.133187665977
0.160172602836
0.134843490141
0.105724446203
0.0693656375311
0.120840580111
0.0820927642636
0.0614818453259
0.0735633358864
0.0375803511274
0.100463899882
0.06005435411
0.0957769075239
0.0995671130321
0.0599036122165
0.0214543365842
0.00545085401829
0.0329014050175
0.0411730007472
0.0340728046364
0.00470086766574
-0.00379865109686
0.00122576224483
0.0473265541084
0.0146131305144
0.0295063898368
0.0607719503328
0.0269100941195
0.0544552980228
0.0374425157548
0.0161469450733
0.00890080969897
0.0177358061187
0.0114952951279
-0.00375960499061
-0.022491823577
0.0166345198058
-0.00830597175986
-0.0374010689394
0.0318022196113
0.0224637162925
0.0176834116359
0.0513790377363
0.055436516905
0.063568339326
0.0112366622652
0.0489953506082
0.0718713644491
0.0153412094801
0.0378747514244
0.0202643141372
0.0347765986438
-0.0124510494919
0.00535942007001
-0.023543166324
0.0316534348005
0.00828530592344
0.0165228433774
-0.0187701367228
-0.0423884028206
-0.0161669057922
-0.0385535538224
-0.00633391304966
-0.021035060474
0.0324683849741
0.0178636178224
0.00325885067065
-0.0169920726849
0.0046370036368
-0.00804403487893
0.009240661454
0.0348866713422
0.0229384531147
0.0201899829035
0.0582480053134
0.0254006578296
0.0490975840824
0.0460721456401
0.026979525662
0.0394130773988
0.0397340603207
0.0343491043669
0.0358320577605
0.0985564805662
0.0597213510305
0.0742145681955
0.00469782509093
0.0502261755515
0.00516142529992
-0.0296383000959
-0.00666577602326
0.00620951324141
0.105500642844
0.0688080123168
0.0321153817897
0.0509569083441
0.0716417033781
0.0174115891136
-0.0127120516724
0.0329924136764
0.0245445250484
0.0211103217857
0.00705242535762
0.0202582120897
0.0295768314768
0.00216371565873
0.0123324223964
0.0035133776932
0.0192098966343
0.0358162158318
0.0238405606759
0.0348494151295
0.00873088530367
0.0581669548275
0.0416262239414
0.0479985127359
0.0196776197415
-0.00239349778836
0.0155105446096
0.061950782635
0.0526269825149
0.0388901484032
0.0333668962596
0.0402502752447
0.0399121006067
0.0289813472626
0.0332573420778
0.0130364525253
0.0305016646835
0.00166306937087
0.0142419294827
-0.0110166447214
0.00280829949147
0.00831935932492
-0.0261158335273
-0.00640019917256
0.0166282774254
-0.0368926899949
-0.0362835137498
-0.063803335695
-0.0171169869575
-0.0401038821459
-0.0321490513946
0.000806098755941
0.00708278657075
0.018140495744
0.0122114974588
-0.0112610223056
0.0409772170448
0.0215143098671
0.00963326759578
0.0117108289489
0.000505673265351
0.0563239800972
-0.000148823067378
0.0265943432787
0.0406454954525
0.0692916930171
0.0156893751355
0.0536914257855
-0.0171059704304
0.00894015416117
-0.010178770991
-0.048036257688
-0.000327264726686
-0.0226377651637
-0.0483506988626
-0.0342844985566
-0.0478364391325
-0.0328380734981
-0.0284227005111
-0.0610865325418
0.0011485908256
-0.0525073149085
-0.0489821789317
-0.0567164852046
-0.0282717555393
-0.0198482923509
-0.0310766865208
-0.044870017435
-0.0656229904139
-0.053904352075
-0.0657963774108
-0.0663488663253
-0.0412738698466
-0.0730419407035
-0.0653143955495
-0.0830673112906
-0.10727847776
-0.0811816041479
-0.0550847305358
-0.0720501315547
-0.0883416054984
-0.0523471290621
-0.0636927019309
-0.0622459477543
-0.0562772229417
-0.0549383078023
-0.0300625282197
-0.0824249032664
-0.0837120645301
-0.0935176468362
-0.057456950169
-0.0964466195406
-0.0203589154485
-0.014961177514
-0.0993473342048
-0.0691706228787
-0.0399922263346
-0.0477885110092
-0.022320954129
-0.0683679485862
-0.0607338957064
-0.0955162472412
-0.0585358109396
-0.0799426936294
-0.0253823236181
-0.0906220751681
-0.0951898628541
-0.0476059297197
-0.10951877145
-0.0678202602612
-0.0715204282036
-0.0738286038808
-0.0357068929624
-0.0119197752904
-0.0386491771853
-0.0164088881903
-0.0373219933456
-0.0219978844147
-0.0164940371786
-0.0103344613198
0.0131102326101
-0.0395964552827
-0.0224003703179
-0.02892084826
-0.00899178112069
-0.0371817605322
-0.0112178286606
-0.006143914603
-0.0226362766277
-0.00826435223028
0.0164791920018
-0.0257949467951
-0.0206958229337
-0.0065298696143
-0.0336784725347
-0.02622622994
-0.0293493353307
-0.012663054453
-0.0219380521364
-0.00819499434055
0.0175096833614
-0.0184166992723
-0.0428729850499
-0.019920636809
-0.0182085854586
0.00116607224885
-0.0107309299167
-0.031394904536
-0.0331705153263
-0.010335746567
-0.0255121604785
0.00765405830207
-0.00611807960607
-0.0195440030623
0.0153738358987
0.00243107209877
-0.0353571972766
-0.0379657643156
-0.0397709680327
-0.0357737129792
-0.0358779046229
-0.00340645985588
-0.0309977943437
0.0202319009467
-0.00942226283554
0.0196009135115
-0.00301125644644
-0.00725101280606
-0.00576332851503
-0.0208012910388
0.005424820164
-0.00579751783221
-0.0177594550886
-0.0351707524116
-0.0525820497346
-0.0281236121982
-0.0361654568789
-0.0522329037245
-0.0340423779679
-0.0168159690964
-0.0458040885109
-0.0136495889699
-0.0557427716237
-0.0193630419442
-0.0496386572009
-0.0294609630475
-0.0213104781217
0.0571278243976
-0.033573095795
-0.0326216107151
0.0453035894995
-0.0451749635382
-0.0142929320697
-0.00939172333664
-0.0218437622903
-0.0976471733435
-0.0411911062296
-0.0435734268518
-0.0287204643664
-0.0239634759868
-0.0349340053216
0.0124279158222
-0.0395817901406
-0.0770636306776
-0.038399669213
-0.0458899550108
-0.03125933229
-0.0351682306164
-0.0374690789242
-0.039769927232
-0.0278023054298
-0.0351433959309
-0.0762477346673
-0.0494065851386
-0.062798523756
-0.0124247046797
-0.0334195383409
-0.00302197493123
-0.0293495389483
-0.0339764716614
-0.0293578771674
-0.0325897695382
-0.00348207980927
0.00948745549907
0.0154860640617
0.027852096962
0.042530671935
-0.0227176585614
0.0121578589563
-0.0176297758912
0.0185671708073
-0.0139142021231
0.020020524349
-0.0172823790056
-0.000201237114271
0.00618553249708
-0.00413777056761
0.0174745681943
0.0203931043681
0.0357185402269
0.0220324394018
0.0193433097992
0.0859772836991
0.0401600509391
0.0340944416413
0.0674469801991
0.0710687651083
0.0716050919803
0.0441608539105
0.059375845345
0.0490469536383
0.050513324557
0.042604602684
0.0525298714188
0.0334580590284
0.0545089909188
0.00464592863543
0.021404605299
0.0315110529245
0.0305285580786
0.0562164049556
-0.0130645431289
0.0456033771453
0.0894858795717
0.0814264461857
0.089629076943
0.111181295256
0.128944497905
0.103605423619
0.108310689863
0.113015956107
0.107138873764
0.127419654769
0.0504435006901
0.0787945373751
0.0826901223489
0.0586037521436
0.0833765989343
0.0922436535793
0.0512768583454
0.0610619628406
0.0670209117047
0.0569997729737
0.0583202050147
0.0358236023506
0.0627371546687
0.0325775425495
0.00255123800997
0.099989855922
0.0633647586989
0.0922532773914
0.0439277616783
0.152231096256
0.0878459585167
0.114453571778
0.0567308613692
0.0739216865435
0.106548217003
0.0654215153656
0.101594001979
0.0565175258472
0.0779029586972
0.0788424083967
0.11962779019
0.124816617866
0.15210663345
0.130304379264
0.11893979749
0.134950609208
0.123317001622
0.103447420251
0.131306534894
0.140821471205
0.131367246521
0.141108375214
0.111313157393
0.116584430944
0.154217202086
0.126656227944
0.175872056919
0.163635648273
0.173592612218
0.135646423165
0.100960325979
0.112735663294
0.0970581569868
0.103213398127
0.0667733716132
0.0867668111393
0.0413050721064
0.0372513765226
0.0252792305048
0.0188164924308
0.0151487158527
-0.00883615147092
-0.0311314830332
-0.0352629703689
0.0101009391414
0.0115938862821
0.022433223511
-0.0509896465334
-0.0363733785023
-0.0189077770222
-0.0176001847664
0.014306400653
-0.0366787653327
-0.0627098976933
-0.0483723500884
-0.0638906860465
-0.0629227369724
-0.0482278312705
-0.0766406641097
-0.0257009868329
-0.0750296758771
-0.0646002871856
-0.0692530246862
-0.0748829646079
-0.0672696276845
-0.0833314838897
-0.0510232900854
-0.0859599663049
-0.0519177720174
-0.075177489427
-0.0645744583382
-0.0602182063309
-0.0413440465826
-0.0224698868343
0.0179032082516
0.0133752972873
0.0418869481344
0.0992823547392
0.0888930416693
0.0990298133556
0.0439618323712
0.0609133983565
0.0989180127527
0.0781133728223
0.0850630514235
0.0531152363106
0.0836089324235
0.0426246848766
0.0505355766607
0.0687200717966
0.0722634110951
0.047846809784
0.00717351121683
0.0122445511201
0.0044447382768
-0.0357345852625
0.00443656016196
-0.0526369953903
-0.0360557272857
-0.0259052318941
-0.0443584800422
-0.0211256405604
-0.0514940057027
-0.0549714614972
0.0121306815492
-0.0565058417044
-0.0144786742822
0.00645637257164
-0.0604154634092
-0.0195818425406
0.00793453561127
-0.00916884144086
-0.00689801698151
-0.0717833904432
-0.0374616558741
-0.0387663800339
-0.0255308988233
-0.00990701948939
-0.000892326972285
0.0356243838371
0.0127308825622
0.0587319394918
0.0201024958493
0.0509297351831
0.0433468861626
0.0431880631562
0.0641970065493
0.0910316831352
0.0629061126591
0.0637604749005
0.0795145585082
0.04356740312
0.0371179546911
0.025607692493
0.0118329670981
0.0248803723143
0.0267486846594
0.00442165664062
0.00402680989522
-0.0156629021507
0.00108742768457
-0.00144215105489
0.0240568257056
0.0189479838629
-0.0283605789187
-0.11161087471
-0.0453784958172
-0.0317170992456
-0.000335389479157
0.0158288817054
0.016780575254
0.0711453988194
0.0228507810782
0.0299364043154
0.0391810789091
0.0354746320151
-0.0186110296429
0.0452673589544
0.0729543497508
0.0802368768536
0.0455025162291
0.0411576826154
0.0660666351991
0.0602749341603
0.0760349148336
0.0685700994591
0.0605921160219
0.0825555748387
0.0686315111762
0.0547074475136
0.0407833838511
0.0713590367082
0.0652466643048
0.0498664124181
0.0138167901065
0.0801267231714
0.0552096876596
0.0827484125455
0.11790752079
0.118421822523
0.10512503173
0.133611179358
0.0970311534133
0.144612447028
0.141930941116
0.130603887164
0.195677774496
0.147026711577
0.137166426622
0.135063384793
0.114432212794
0.11181967744
0.100240320134
0.142581833489
0.107906933258
0.0593095293068
0.105470036463
0.0795849869326
0.0898361474417
0.0448355341875
0.0459719822601
0.0803070718402
0.0472539837251
0.0310375688181
0.0384323277867
0.0256177190164
0.0299260843821
0.0663458637146
0.064781429832
0.0816894092197
0.0692849895076
0.0372322391761
0.059138615509
0.0952094722352
0.0800632531725
0.0568815967021
0.0316474704025
0.0315987280744
0.0315499857462
0.00847285976662
0.0389186353118
0.0557093955002
0.0703998632129
0.0841406901738
0.196139239231
0.117162903742
0.0950990535986
0.113813264332
0.182671415146
0.153343061225
0.124257825165
0.169396743134
0.144474390758
0.145408230885
0.148900118856
0.132796619729
0.123752374865
0.127142652617
0.118195897295
0.128846637056
0.11752947605
0.118608842485
0.122900030568
0.13047827396
0.109260070669
0.157293030647
0.129642360518
0.111562687969
0.148513126571
0.109652612192
0.130517086416
0.132454842057
0.104384482166
0.0680552223336
0.0674650121262
0.0678017663309
0.086392786472
0.0712754610139
0.0810546645609
0.0651617527958
0.0391466833223
0.0409608434589
0.0160340563234
0.0338422804654
0.0840131595842
0.134184038703
0.0722396804932
0.101238869981
0.119777103138
0.0590942953003
0.0781994366685
0.126439957706
0.108477629901
0.0955394306867
0.129815252754
0.14824317091
0.131840791275
0.125482801555
0.124022225139
0.126943062332
0.122920723223
0.115739852065
0.136034081877
0.150075076706
0.147319021805
0.180658419915
0.13437453409
0.136263182381
0.148718028281
0.149180729391
0.167038657902
0.198326302693
0.192704324234
0.168835874866
0.176680925307
0.160798381232
0.136868190028
0.148264730056
0.159661270084
0.131341287942
0.102603014515
0.102362710584
0.0651131298153
0.111728114365
0.0989295193823
0.0727823689741
0.0719712534734
0.0396153339856
0.0469459989233
0.078238260475
0.0756191594805
0.014580470263
0.0196915104444
0.00828045941476
0.0275118741216
0.0190876911878
-0.00207662037844
0.0186352644453
-0.00570024911083
0.032231979092
0.0436526395568
0.104216374753
0.0870401990326
0.0443686506059
0.0440386097404
0.0515442141598
0.0412681904184
0.0992032283245
0.0506240757853
0.0410640338944
0.0417562001244
0.0629944966327
0.0506559718244
0.0418076210452
0.0475718234138
0.0616980886574
0.0442855300045
0.02352451739
0.0487450829085
0.0415268509244
0.0112105378732
0.0428175061403
0.00928959802983
-0.00274748623938
0.0319293935906
0.0323820963641
0.0169638212496
-0.0174531644822
-0.0328513226515
0.0196636864728
-0.014359865505
-0.016724952953
-0.0262555392935
0.00428153888166
-0.0108727870586
-0.00511734519182
-0.0241861819194
0.0107018331764
-0.0441125924832
-0.0187745153795
-0.0178809101081
-0.0169873048367
-0.0110961215536
0.0146629666643
-0.0221117429879
-0.0251849585888
-0.0486835006617
-0.0396810544618
0.0146538916415
0.0094590404891
0.0170551248567
-0.0178281869721
-0.031783362809
-0.00330915365369
0.0107696481715
-0.0167358362883
0.0296171681855
0.0379994732915
0.00275851227029
0.00288214739588
-0.0296306450115
0.0114125462274
0.0169532380734
-0.00676580137511
0.0371898919244
0.0230005510803
-0.00843754726322
0.0477624860276
0.00286357747065
-0.0105871234794
0.0449650090148
0.00522095433441
-0.00997699459816
-0.0399752942387
-0.0325838776549
-0.0164139249117
-0.0128369351028
-0.0450128265158
-0.0179552372888
-0.0170535763708
-0.0299414510131
-0.0236248115803
-0.0197392039777
0.0294136683756
-0.0302657152321
-0.0232905631799
-0.0570951782897
-0.0571831826779
-0.0271896187256
-0.0274124781613
-0.0354872024043
-0.0058881622718
-0.0389735446844
-0.0493880275776
-0.0439577260108
-0.0914008448708
-0.0570045435794
-0.0504131136073
-0.00963734172532
-0.0441694827513
-0.0699335584328
-0.0708788562608
-0.0321797682785
-0.0814850071485
-0.0193675855453
-0.0694544092545
-0.0491594111834
-0.0251358460141
-0.069581004344
-0.0430251533309
-0.0622378155785
-0.0464834564957
-0.0404657353186
-0.0341718630889
0.0126997908833
-0.052967132631
-0.00172883645188
-0.0197844145864
0.0294240428919
0.0219534659492
0.0146451473398
0.028375043612
0.0106038822168
0.0227236590261
0.0221904963093
0.0373759938874
0.0344295817124
0.0364784072175
0.0482144072813
0.00909724316096
0.0202125309196
0.0355138376494
0.0160176144777
0.0198815333324
0.0224202871406
0.0411711140533
0.0278770539198
0.0145829937863
0.00128893365273
0.0123486010542
0.0508378708517
0.0496933846987
0.0310826233255
0.0314960982849
0.0356588380438
0.0615285643524
0.0276187723851
0.0699359556208
0.0659374828716
0.091718522456
0.0633447621684
0.0477683332326
0.0566673171588
0.0718636294828
0.0511689255152
0.0467197823865
0.0435265588468
0.0262453023395
0.0143976821646
-0.00297611786291
0.0198568953219
0.0490721286556
0.00208930855599
0.0416852611365
0.0478910905353
0.0619045209196
0.049403958667
0.0905499906212
0.051659985182
0.0190987407143
-0.00506396970694
-0.0141938024684
-0.0370966358838
-0.0306712122334
-0.03763489299
-0.0599082960147
-0.0361252013425
-0.0399893195022
-0.0497211553824
-0.0418497272688
-0.0755870488736
-0.0591357135514
-0.0635528108686
-0.0633760602496
-0.0856383304648
-0.0492938403378
-0.0920621564881
-0.0680426539476
-0.0966254984827
-0.0774544926248
0.016267970768
-0.124596831366
-0.130316042889
-0.110709017002
-0.123293365271
-0.12351645655
-0.116117570637
-0.139460229331
-0.0843984531496
-0.116161242515
-0.120872838708
-0.132975784431
-0.0720655461229
-0.119024785662
-0.124959272981
-0.139892513011
-0.110880295298
-0.0982030049413
-0.117914552556
-0.11261969625
-0.120436469286
-0.135817891852
-0.110309863906
-0.12765424332
-0.122714386987
-0.123080871308
-0.163982492724
-0.118063114552
-0.12324636507
-0.118731742939
-0.141818552721
-0.148889340775
-0.13543906747
-0.12592947681
-0.116600155199
-0.103833851731
-0.0943536486119
-0.0867826709566
-0.130154899069
-0.0807313620219
-0.0461736616823
-0.0256916920046
-0.0363012783612
-0.0469108647178
-0.0407138539082
-0.0692599938847
-0.0415251010644
-0.0809108049527
-0.0551908234239
-0.0282426287031
-0.055873765087
-0.0604629527932
-0.08494795502
-0.0816669526556
-0.0379612054672
-0.0487476525722
-0.0435338016428
-0.0605746313191
-0.0211488635162
-0.0116266888974
-0.0327632938353
-0.0775644446714
-0.0345563210596
-0.0397060759606
-0.0268330792161
-0.0474626987447
-0.0358251411879
-0.0606764983128
-0.0357273233024
-0.0462027460678
-0.050921230956
-0.0743567975428
-0.0807202325463
-0.0581625815995
-0.0592686659076
-0.0741441036568
-0.059899488055
-0.0605348123511
-0.0710094720838
-0.109214406612
-0.053609852781
-0.0599514503391
-0.0644978688281
-0.0655373711472
-0.0769808737161
-0.0660905192715
-0.0676552438539
-0.0533259715837
-0.07850089969
-0.0490228492279
-0.0158578751772
0.0571182159142
-0.0405456234355
-0.024386780732
-0.0735354684522
-0.0342599518397
-0.0148564866605
-0.0421482898862
-0.0132284974795
0.0163368442443
-0.0235220022186
-0.0206639093408
-0.0242292095083
0.000810332896088
-0.0736602501398
-0.0618688000155
-0.0474304861211
-0.0441159299329
-0.095904933769
-0.0733040355713
-0.0100161870902
-0.0477515384539
-0.0512001835084
-0.0203933881084
-0.00467615478273
-0.0137039682442
0.00771275985691
-0.0150557010929
0.0289939729037
0.0209401117828
-0.00169761931628
0.00808533453236
0.00194980041444
-0.0160662476595
-0.0254944290465
-0.0485991525003
-0.0258205893169
0.0161501379981
-0.00480485809026
-0.0330613553647
-0.0591860663356
-0.0770072025111
-0.0834311979369
-0.131223341157
-0.0845087367249
-0.084410351007
-0.0875592845948
-0.0887348706831
-0.0787558829629
-0.0687768952427
-0.0934839344938
-0.0430754697537
-0.0759312614809
-0.086238514923
-0.104275842429
-0.0645850326179
-0.0395934447788
-0.0732784239187
-0.0709944118527
-0.0641141937966
-0.0380715031349
-0.062399404443
-0.0714732423693
-0.0315770990282
-0.00437167187142
-0.0247317745907
-0.036078097595
-0.0476506174626
-0.0550517300716
-0.00373271841947
-0.0336482227047
-0.00715239670664
0.00163325542976
0.00499998755206
0.0410558014182
0.0637208335571
0.00206900899328
0.0305705781378
0.0390414466381
0.041422219026
0.0359403192058
0.0401312451992
0.0802429663057
0.0493578371443
0.0512055050116
0.0328010463907
0.0533902519728
0.0279998724198
0.0428095748526
0.0706559385015
0.0990095217022
0.104606341814
0.0946521256824
0.102975184748
0.0725542789968
0.0863775874797
0.0663956772261
0.0529984069272
0.0192429022976
0.0227531045648
0.0220691055285
0.0158069075103
0.039059933295
0.00592485902526
0.0327600884631
0.0189328349214
0.0262139536897
-0.00679312914673
-0.00328465254705
-0.0106764811594
0.0147421797751
0.061118835306
0.000454834205969
0.0233465648706
0.0337974012943
0.0234721007217
0.0184761388717
-0.00290865879694
-0.0167786342741
0.0173428703794
0.0273703277205
0.0608837480719
0.0241324332873
0.0180528909942
0.0518383821179
0.0495046633505
0.103298739124
0.0919479448359
0.0391759810654
0.0580390039879
0.0556798530941
0.0941412749104
0.0849411545604
0.0506996403877
0.0699538838332
0.0660998978749
0.0738824226883
0.040680930209
0.0584752755588
0.0784430030897
0.071161675703
0.0268700068603
0.0684497296895
0.0454869495416
0.0302725251979
0.0150581008541
0.0211037117179
0.0477635437531
0.0789951370369
0.0330170341844
0.0540270564717
0.0693611906308
0.0650663370643
0.106521398064
0.0931916567263
0.058827419413
0.100257844005
0.0792488876849
0.110065386383
0.075518253309
0.0889202428565
0.115352990143
0.121290122836
0.0756667275319
0.0981448369724
0.106559627025
0.0959765038008
0.0744321553033
0.0824379130869
0.0768141232561
0.0605088970962
0.0629488021613
0.0861035932632
0.0996595920929
0.117428875559
0.104749743355
0.116473910959
0.115077844483
0.178502365509
0.118461130947
0.0611055994424
0.102231641712
0.107707829082
0.0972069807001
0.102241613547
0.114036249488
0.102803499123
0.115789341597
0.077802316318
0.0695240440685
0.0839144559295
0.0665892764948
0.0486992847306
0.0876795311849
0.0351468650129
-0.00527871233905
0.0485046487034
0.0755355017937
0.102566354884
0.0171273134592
0.137303842614
0.0885480649846
0.0397922873553
0.0198068259636
0.0273766166732
0.051353666911
0.0390673510031
0.0450002091405
0.013231408598
0.054085127446
0.0713216182796
0.0706192467073
0.0857600408142
0.0684171793723
0.019203100567
0.0383787881487
0.026015420682
0.085949372206
0.0307509858467
0.0459170455694
0.0677513257974
0.086034078556
0.116667874451
0.0837792717543
0.123720802622
0.126282590763
0.0530119953476
0.0657003769742
0.0575082105165
0.0581791934635
0.0503709872056
0.115714479436
0.0660872077799
0.0639435055009
0.103329873093
0.0713278285144
0.0667181194251
0.0575520004974
0.0148346993302
0.0487638662876
0.0577821746841
0.0668004830805
0.075818791477
0.0848370998734
0.0562201160831
0.079444019829
0.0908923194454
0.0927053449638
0.0803715858167
0.0820245990775
0.0991273853408
0.0197232529624
0.036476451581
0.0838221272478
0.0948949491086
-0.0169044882219
0.0592491007064
0.0107137437989
0.0817101123156
0.166908846697
0.0957345113134
0.13159630283
0.167458094346
0.203319885862
0.239181677378
0.275043468894
0.31090526041
0.346767051926
0.382628843443
0.418490634959
0.454352426475
0.490214217991
0.449663923378
0.425764140639
0.467360816634
0.440535819724
0.432954912804
0.425374005884
0.417793098964
0.410212192044
0.402631285124
0.395050378204
0.369050973826
0.343051569448
0.31705216507
0.291052760692
0.265053356314
0.239053951936
0.213054547558
0.18705514318
0.161055738802
0.135056334424
0.109056930046
0.0830575256685
0.0570581212905
0.0901315244086
0.0696984778968
-0.00529701683375
0.0336103764634
0.0374464130777
-0.00269778921757
0.0362245292142
0.0239679277321
0.0276288969696
0.0312898662072
-0.0392648987958
0.0119201045844
-0.0109197613195
-0.0168163687327
-0.000857801097094
8.68686858273e-05
0.0257317674643
-0.0246742271386
0.0231984381645
-0.00664623273521
-0.0223495503297
-0.0276053563374
-0.091657944469
-0.0560156159928
-0.0143751151439
-0.0137392744753
-0.00323443660177
-0.0378699235647
0.0589222202333
0.0322106993107
0.00549917838801
-0.00500300064918
0.0120470882911
-0.0339352202507
-0.0173409349268
0.0224332387288
0.0960196473748
0.082239499551
0.0964110955676
0.0690417280315
0.069278147964
0.0695145678966
0.0697509878291
0.0101965436182
0.0562814862667
0.0700810418327
0.0642983415599
0.101505834079
0.122449609587
0.119861691592
0.132524989573
0.107799567044
0.103005960963
0.127688977413
0.129611738393
0.10991421508
0.0997366493545
0.0603898895685
0.0628080427419
0.0844550091115
0.0823908069752
0.0642711343821
0.0965387865173
0.0437338419547
0.138143467507
0.104572645519
0.0865842175727
0.121883331886
0.130468480409
0.105614608333
0.100586758373
0.131704269703
0.102738838015
0.117174847157
0.121731513887
0.110997148051
0.102485229812
0.0378350052269
0.112082491281
0.130267138621
0.0933741857419
0.112558511842
0.0972932484145
0.0655873916851
0.0717189530657
0.0658222576262
0.0389366034045
0.033351133048
0.0510034421922
0.0230779069026
0.0482743065188
0.0671629967212
0.0897310764685
0.0108736540926
0.0143154359983
0.0228590280741
0.0611843819851
0.00566305567706
0.0237490873639
0.0388886263865
0.0528954952272
-0.0102688520367
0.0511028383198
0.0600382224744
0.0435119755585
0.0392946244228
0.0496010430756
0.039560908892
0.037162680144
-0.0311907578933
0.0886366384961
0.0453520992986
0.0234346181758
0.126885550795
0.00514064557212
0.0201230957162
0.0524947143196
-0.0128563414484
-0.0187369282663
-0.00729143153647
-0.0197883572964
-0.031446733992
-0.0256514561996
-0.0462365944908
-0.0202517231581
-0.0295706555583
-0.071983651228
-0.0480233722847
-0.0587510275901
-0.0458358880956
-0.115808665504
-0.097097168939
-0.133062169221
-0.0717251505449
-0.0805419621294
-0.0866401933206
-0.0923392065056
-0.0874943895544
-0.0826495726033
-0.100538612934
-0.112866154721
-0.0628153511062
-0.0645338066389
-0.0944848808323
-0.0832483275577
-0.0607934285226
-0.0594767795035
-0.0381200071646
-0.0241424271492
-0.0664084638016
-0.054659599427
-0.0802469570091
-0.0709171442849
-0.0599650379413
-0.0937757202689
-0.0640053060817
-0.0579542643694
-0.0513251882402
-0.0766777986585
-0.0641255529863
-0.0874758442018
-0.109645457777
-0.0848696344902
-0.0381296261693
-0.0659345728664
-0.0296242389401
-0.0415593636222
-0.0711464113643
-0.0727672428542
-0.0420205850396
0.0104121143231
-0.00471606972689
-0.0239164430653
-0.0558525124234
-0.0360080915063
-0.0644976239163
-0.0689822432997
-0.0164507194539
-0.0620022941773
-0.0844662009164
-0.0635780037804
-0.122704181028
-0.069450038884
-0.0841716209908
-0.0962672374831
-0.125896951534
-0.114140234823
-0.0674484959386
-0.0798569411614
-0.130309145147
-0.131114416371
-0.105358508458
-0.134496693038
-0.123916274526
-0.114152930968
-0.181691537946
-0.128283267145
-0.158064341687
-0.126615093679
-0.152931593042
-0.121688370388
-0.123680527511
-0.14215227233
-0.189287005033
-0.136461747242
-0.15494433762
-0.118701825247
-0.136954192279
-0.169337123117
-0.195448627712
-0.128666402325
-0.167194203985
-0.106995789738
-0.174424644247
-0.157286739456
-0.121983912433
-0.163498423721
-0.106671647107
-0.102102189992
-0.166020003688
-0.119395520606
-0.0959490488422
-0.107484228147
-0.100730356984
-0.101300898221
-0.0585102549165
-0.12061387372
-0.121714279147
-0.123968642077
-0.0882811476032
-0.131027723282
-0.0547031646087
-0.101033749731
-0.107318208549
-0.113602667367
-0.0852369288458
-0.0610122136517
-0.100214483599
-0.0484920239186
-0.0986504503803
-0.126556452975
-0.134382428364
-0.106115467765
-0.115900153924
-0.109096134764
-0.128789612893
-0.0806284362989
-0.0789998230056
-0.084852698194
-0.114112944227
-0.093775674922
-0.0686034021247
-0.0351813854449
-0.0376975262298
-0.0461652702699
-0.0327347345164
-0.0226825561797
-0.0399905622753
-0.0269763139422
-0.0480004534297
-0.0462611306459
-0.0269691043777
-0.0702358801485
-0.0261425944731
-0.039248356791
-0.0171687088046
-0.0296714474534
-0.0875390461833
-0.0621018890253
-0.0960201557568
-0.0622274216791
-0.0754672620665
-0.0542412555453
-0.0847902234449
-0.0926687663802
-0.116074933833
-0.101077887738
-0.0715250297318
-0.0918787892305
-0.0741704190547
-0.084036347758
-0.114942784574
-0.0935859762117
-0.111038529619
-0.0967168999704
-0.0785202594499
-0.085577070512
-0.0973858094697
-0.0762190967428
-0.100452907585
-0.109635721391
-0.0626855548641
-0.107621399688
-0.123032539343
-0.0920345119084
-0.0872297343914
-0.0974834054073
-0.109233059935
-0.0894010945805
-0.116143950476
-0.107829360145
-0.077090805238
-0.0858245807211
-0.0904305741795
-0.0766386437849
-0.104608367131
-0.130001270367
-0.108582517714
-0.0782140797634
-0.0936880086925
-0.109372561607
-0.151785292927
-0.127727209244
-0.132310449856
-0.139277033577
-0.154354675596
-0.132463693358
-0.155183361516
-0.137656154855
-0.134752457601
-0.136199840471
-0.12612217307
-0.167164958989
-0.135642561306
-0.0971179088234
-0.109837050846
-0.129207128948
-0.105548950266
-0.118305306724
-0.121540788588
-0.124776270451
-0.0962459101071
-0.117267333854
-0.100828250624
-0.053636877963
-0.0638175421097
-0.0698938557941
-0.0590685536657
-0.0834573810728
-0.0603256389544
-0.104888789819
-0.0975802490328
-0.112161023205
-0.0492031354965
-0.0770793523443
-0.0356904130669
-0.0519789525342
-0.0644005286908
-0.0626913699622
-0.0489870826495
-0.0556803197742
-0.0993463673489
-0.0464249806975
-0.0549752992652
-0.0783495535544
-0.0520911754436
-0.0664758484957
-0.01228410638
0.014910971356
-0.0523563130703
-0.0381187597975
-0.0354011655413
-0.0421160163604
-0.0360580119745
-0.0252188559313
-0.035246662061
-0.0148660153185
-0.0545308540008
-0.0686895443972
-0.0790307023022
-0.0260009373927
-0.0745857580016
-0.0419479419131
-0.0365114514316
-0.0348977937271
-0.0535418238022
-0.0279967047397
-0.0236944104452
-0.0018487798297
0.0108926744028
-0.00442734550293
-0.0704253456332
-0.0398819006741
-0.0483648613736
-0.00347746773324
-0.0298551338021
-0.0367167012347
0.000556202642466
-0.00947208241465
-0.0538898345852
-0.0426157025179
-0.0345372565396
-0.0269420877235
-0.0371585396244
0.0368573113123
0.00177687714241
0.0175912267459
-0.00866799708706
0.0713687952097
-0.0121837688576
-0.0216978305378
-0.0436200316156
-0.0533024489115
-0.0124653066926
-0.0426420713061
-0.0164344264331
0.0143986976879
0.0452318218089
-0.0395116991892
-0.0483586562095
-0.0193987153612
-0.0411656740122
-0.0106006387447
-0.0775677782479
-0.0633630281651
-0.052129179629
-0.0312973398349
-0.0401351499875
0.0073965566411
-0.0374528732564
0.00959197274694
-0.0101280867997
-0.00268213929809
0.00439591981673
-0.00326234847276
-0.00782469514293
-0.0123870418131
-0.00550921402291
-0.0297723713681
0.0121764858259
0.000704560445828
-0.049923103126
0.0409939763986
-0.00457019143141
0.0368584630825
0.0379389931946
0.00124490498054
0.00253499129382
0.0171697940426
0.0160925704201
0.024330389765
0.021160436038
-0.0029937471973
-0.0133490619558
0.00763605603611
-0.00484053655932
-0.0225877266321
0.0176040787314
-0.0195042125944
-0.0561560122855
-0.02331244949
0.0234728897242
-0.0392238264147
-0.0169519651296
-0.0199271887552
-0.0252465918212
-0.0305659948871
0.0136572333117
-0.0206804514125
-0.0129884754334
-0.0518891503794
-0.0244012018386
-0.00121516696794
0.0134211376692
-0.01163971897
0.0153931374528
-0.0247324306503
-0.06557091353
-0.00969317262919
-0.000968373663145
-0.000417388157349
-0.0447684801632
-0.0354963049779
-0.0211559886444
-0.0214587601521
0.0208591761771
-0.000506571125956
-0.00131390106614
0.0344542424605
0.0449477270132
0.00989152759028
0.0488439678464
0.059116418618
0.0847450563911
0.0354486796823
0.00122446208962
0.040084111621
0.0167861697709
0.0634547906165
0.00819591727587
0.0388778061308
0.0337303731484
-0.0136145105123
-0.0185713691109
-0.0940699755516
-0.0178310046928
-0.00242459222036
0.00777192286563
0.0181569073039
-0.0204197087937
-0.0472685914065
-0.0151478884327
-0.0612158732601
-0.0154272156392
-0.0161004614477
-0.00595499178737
-0.0222692393488
-0.0385683895766
-0.0566155150297
-0.108627562716
-0.0757429771361
-0.0733767501098
-0.0355479043761
-0.0636626207929
-0.0424094866874
-0.0825697953975
-0.0894590670405
-0.106501163815
-0.0860033713424
-0.115513523744
-0.14912180787
-0.110980353787
-0.072838899703
-0.0299485420838
-0.0371108153948
-0.0250656487272
-0.0347809274023
-0.0512455713572
-0.0684759668531
-0.102119747651
-0.0693962672432
-0.119449604129
-0.0655367320375
-0.162784138239
-0.073357567983
-0.141891819553
-0.105213216783
-0.107519530669
-0.100094618331
-0.111244371991
-0.099685954422
-0.119790847152
-0.0859875957847
-0.0849653274251
-0.0932953575047
-0.099500584865
-0.0772078845975
-0.103965104065
-0.0760598258244
-0.133094109551
-0.0827287999353
-0.0741412066791
-0.124010503781
-0.116481857897
-0.107411939942
-0.15347860746
-0.0444722160112
-0.154893668583
-0.051488108507
-0.0900618220224
-0.0515872122069
-0.0116355454678
-0.0590465975073
-0.0355997608666
-0.0213268348368
-0.062091587622
-0.0441951832018
-0.0413849602036
-0.0463721068887
-0.00629604977551
-0.00732766783693
-0.0303691950085
-0.0243057931094
0.00350153320502
-0.0028134736945
-0.00547337449788
-0.00634900053192
-0.0300985257592
-0.017763124742
-0.0335014129317
-0.014718287906
-0.0787230344172
-0.0294936817517
-0.0553127011134
-0.0407394905103
-0.0211032184711
0.019119275361
0.00830438697984
0.00247114369625
0.0138441949175
0.0378444340058
0.00764380791996
-0.0452992532211
-0.0443520766729
-0.0434049001247
-0.0424577235765
-0.0415105470283
-0.0405633704801
-0.0396161939319
-0.047375369755
-0.027383050392
-0.0577834105764
-0.0137764405856
-0.0692425900436
-0.0421006297001
-0.0284185471746
-0.0294125175286
-0.0249187668001
-0.00905416517329
0.0119063271246
0.0016070679564
0.0178433775541
-0.00593650873759
0.0105593928529
-0.00910662624172
0.0140087281323
-0.0280604522844
0.0049458656431
0.0379521835706
0.029728169899
-0.0315205438565
0.0194738746935
-0.0281049011874
-0.0248743751339
-0.00677416190661
-0.0158320160743
-0.0205285773342
-0.0386899312822
-0.0410995803316
-0.0898724701242
-0.0298137062819
-0.0369359675078
-0.0234001785558
-0.00809305025881
-0.0160197963274
-0.0430362806292
0.000949725090669
-0.000181235513313
-0.000951535923184
0.013892095261
-0.039621608463
-0.0393393727088
0.00454246947106
-0.0480682691458
-0.071259033289
-0.0652780772534
-0.0556659098715
-0.0746655824576
-0.0510478005147
-0.0548525836839
-0.00576679397289
-0.0699351915699
-0.0623233939845
-0.0638454076371
-0.0453190156436
-0.0408975664189
-0.0283429638465
-0.0538958159962
-0.0184625279694
-0.00443317473837
0.0138994134866
0.00127252034452
0.0107223986168
-0.0162474904908
0.00441255274758
-0.0193183419046
0.00611682023472
0.000988950876209
-0.0295359500178
-0.0273076944402
-0.00772035799017
-0.021201132248
-0.0182382795278
-0.0642978991092
-0.0223271506994
0.0129653820099
-0.0787955060637
-0.0926258868206
-0.105797508395
-0.086112429201
-0.0998672532054
-0.0852240889364
-0.108258323046
-0.0539489821582
-0.102918632146
-0.129383470782
-0.10155733542
-0.109528904466
-0.0693160012744
-0.0958413255462
-0.0761163537064
-0.083304731302
-0.0865766652155
-0.0541080590488
-0.0866742483448
-0.0816202309451
-0.0750968401218
-0.0768710455812
-0.038844714553
-0.0518260795454
-0.0788804335136
-0.0771538231035
-0.0786742828196
-0.0604593452561
-0.109848030701
-0.0709516912198
-0.0964707972648
-0.0653569139506
-0.0567385096999
-0.0713093049099
-0.0228257805534
-0.0618807453857
-0.0359720821799
-0.0325319029309
-0.0290917236819
-0.0252651191074
-0.00218001268762
-0.0175997117533
-0.0283861010002
0.019271294521
-0.0110210512837
-0.0265459459866
0.00629917201791
0.00612439884378
0.0371483337808
-0.0325302621974
-0.00167523975013
-0.0320320186833
-0.0425093583792
0.0277285903025
0.000649421730497
0.00707188336175
-0.00614449053227
-0.0224657316739
-0.031040718834
-0.0016632673572
-0.0441507388965
-0.057562713034
-0.0191454592675
-0.0260913785945
0.0341768498695
-0.0294282883455
-0.0154935978248
-0.0438502936538
-0.0646114934221
-0.0460389944807
-0.0621079695419
-0.062846904606
-0.0621709794855
-0.0225261314942
-0.0729967190902
-0.0591477209341
-0.0347727393259
-0.0549001315496
-0.0750275237734
-0.0791828097699
-0.0839688871356
-0.0477428901461
-0.0794661105905
-0.0584796937247
-0.0403089335267
-0.082041093941
-0.0420193507359
-0.0371453336373
-0.0582589548245
-0.0434016397677
-0.0349706285774
-0.0355992929911
-0.0555409001953
-0.0638748100168
-0.0525609255156
-0.0925355882918
-0.069193805119
-0.0735850432281
-0.0723685503729
-0.0823693823077
-0.0305815757136
-0.0866982133324
-0.0513347197663
-0.0974073276469
-0.091553743122
-0.0775587899407
-0.086459315653
-0.0374980892888
-0.0472780156525
-0.0652946031703
-0.0422647303578
-0.0490983094625
-0.0507099950159
-0.054035457754
-0.0406734756887
-0.0117558916986
-0.0520570178614
-0.00916743048157
-0.0772932905281
-0.0300104505566
-0.0660793383466
-0.078139405843
0.0200687803493
-0.0238720242933
-0.0166101210328
-0.0243452304979
0.00358772740933
-0.00802540390762
-0.012592289624
-0.0013495555537
0.00839928569625
-0.0214646903923
0.0131606486519
0.0178785313694
0.0225964140869
0.0144104226353
0.00148085947311
-0.0011911212714
0.033865758962
-0.000422733259528
0.035657019367
0.0211871962781
0.00477165941349
0.00179083105419
0.0191951011581
-0.0347506046443
0.00414622509701
0.0318916642194
0.0463757827952
0.022351772462
0.0236472522023
-0.00742083914406
0.0289802494759
0.100761152008
0.045030711268
0.0197929575274
0.0805758826999
0.0301769533099
0.0478524338317
0.0329757713508
0.0496689143757
0.0555900114786
0.0583008666844
0.0623581914017
0.0325064399505
-0.00715841982041
0.0248021904924
0.0142739927627
0.0126948676792
0.0618060079516
0.0647137485038
0.0564172240144
0.052915037779
0.0849884684984
0.0215274649758
0.077667984797
0.0740853080469
0.0914297349025
0.0288312523956
0.0396559696313
0.0396709707872
0.022822810386
0.0259851067227
0.0191202593167
0.01242927192
-0.0147373576017
0.0109227903428
-0.0127746406022
-0.0144889879736
-0.0327941916592
-0.0663981132892
-0.0314095486308
-0.0500256885199
-0.0123804010065
0.0167893994198
0.000466605471513
0.0100602586374
0.0252943464793
0.0438246290997
0.00558073438754
0.0639042906863
0.0556191726813
0.0598391019629
0.0481715893697
0.000663895885131
-0.00150334738497
0.0381374477523
0.0189679195723
0.0473790634924
0.0253743069997
0.0204440933685
0.0494570343238
0.0037688803405
-0.0363631527993
0.0275429337671
-0.0013458386095
-0.0127809789953
-0.0289190151921
0.00853698312822
-0.0233227818047
-0.00711543776642
0.0309818075634
-0.0186986024103
-0.0227099767353
-0.0244222265863
-0.0142624952946
-0.0238182796819
-0.00933621369643
-0.0104973547847
-0.0136585062867
-0.0168196577887
-0.0341843445373
0.0107958611346
-0.0237682811522
0.00278481690521
-0.0424550921629
-0.0245502455709
0.00481416228716
0.0202946347747
0.0067378176533
0.0159244898564
-0.00934768447879
-0.0150326816512
-0.00609057707718
0.00287534144383
-0.0187054432723
0.0154302439646
-0.0168343742147
0.0260331452383
0.000394582626068
-0.0616098192915
-0.0276540642349
-0.00133089566749
-0.0568286133626
-0.0525522518039
-0.0170795977087
-0.00855612384151
-0.00231562933428
-0.00619789882178
-0.00465071390164
0.0120239711321
0.0226268137705
-0.0404068483523
-0.0494774178827
-0.0321265046826
-0.064544465116
-0.00528648310901
-0.0276425341515
0.0334878077489
0.00992101478937
0.00549700252912
-0.033700418086
0.00652985814961
0.021462275849
0.0148337731375
-0.00240139644302
0.0638802987353
0.018494355986
0.0319772059872
0.0792514977872
0.117627206378
0.0904643825981
0.0595809999292
0.0943185949334
0.0861691392568
0.0902705686205
0.0610198389092
0.0572786893199
0.0562296388973
0.0607072772704
0.0460073782815
0.0302838881077
0.0983154233831
0.0364904741637
0.0510809897369
0.0470028502614
0.0525008337049
0.0177787147451
0.0411503652952
0.0491596712552
0.045165523128
-0.0198766265892
0.0384516561685
-0.010093217729
-0.000142882588035
0.0104305275013
0.0178386555505
-0.0188656306686
0.0203026458322
0.0158461064181
-0.0200785013008
-0.0310270303998
0.0433387671708
-0.0362589514983
-0.0287896748646
0.0134978058816
0.0645872781793
0.0597079696357
0.0515990778992
0.0402921693964
0.0622180359654
0.0934674992317
0.0750139675961
0.0232944837061
0.0631319992542
0.0933114830691
0.123490966884
0.0889024727002
0.0664300742478
0.053795763532
0.068265946421
0.0544443223991
0.0573827018941
0.105399383425
0.0500621551853
0.0856934472522
0.0864557308809
0.0223634873726
0.0577806201173
0.0549598925648
0.0100797496413
-0.0193867228627
0.013993354881
-0.0292642930352
0.00812765114986
-0.0101219978976
-0.00183534236501
0.00645131316757
-0.00150748484096
-0.029889435847
-0.0218993714339
-0.0226763969209
-0.0317393822312
-0.0362956954638
-0.0339002876856
-0.0338594543212
-0.0445008589446
0.0336158164882
0.0221440048646
-0.0243821649465
-0.00643521484101
-0.0279517739886
0.0263641917527
-0.00705929058294
0.0161077497345
0.0166167134999
-0.00345744936061
0.0115609075314
0.0136168992035
0.0167640553631
0.00646600775238
0.0235094033789
0.00834185519699
0.0335155039151
0.00767795703111
0.0101866452751
0.000302552277551
0.0356893530503
-0.00752639894109
0.000267738911877
-0.00949590382743
-0.00270769121307
0.0194546634751
0.0229275113028
0.0456878260919
0.0109932617871
0.0410866843496
0.0535336062864
0.0415413106442
0.0540665858387
0.0608383769598
0.0381380602092
0.0391272062992
0.0226222620962
0.030323338812
0.0108801154159
0.039013893083
-0.0110222962475
0.0328692263157
0.0569843895035
0.0326765645597
0.0327165863407
0.0208972728079
0.0185832071738
0.01337618489
0.0684897810839
0.0367029978162
0.0217537634862
0.00735957468932
0.0268611840985
0.0281570209018
-0.014935858028
0.00896281211299
-0.00463466494223
-0.028849706441
0.0120730295521
0.0500836819844
0.0866700296731
0.0287805562328
0.0503704350718
0.0350344180214
0.0392337907748
0.0434331635283
0.0608645908439
0.0378765282218
0.0701979805913
-0.00733108365995
0.00312156581568
0.00211730556329
0.0203043761748
0.0245965164009
0.0365197644316
0.0455756017444
-0.00745183277489
0.0133004391041
0.00822915975067
0.0010555965546
0.0154967234677
-0.00645384534035
-0.00289055527056
-0.0304805125022
-0.0239195564787
-0.0316677867448
-0.0266221867186
-0.0558059403128
-0.0380700794992
-0.035197518074
-0.0146904882557
0.0352751420089
0.0149127182521
0.00106162446622
0.00878090618216
0.0165001878981
-0.0268651301096
0.00209922754418
-0.0104101945821
-0.0231037393747
-0.0350318171094
0.00743282818148
0.0434241618727
0.0049007639395
0.0119407294992
0.0071665520569
0.053346498462
0.0257424126149
0.0119815954821
0.0221674905638
0.00664690235443
0.0644538940974
0.0626092350432
0.0395942709702
0.0206503648949
0.0210095714183
-0.0311274660582
-0.0286278514914
0.00937093758992
-0.00857991902395
0.0095461973459
-0.0293160523719
-0.0161165936721
-0.0278682068117
-0.0171575343618
-0.0229039206453
-0.0759326831767
0.000942018335372
-0.0626566696865
-0.0255223170533
-0.039259023666
-0.00212928416304
0.0184840112308
-0.0430598315985
-0.00795230211722
-0.0533308530418
-0.0348344829235
0.0266758682967
0.0173412048203
-0.0125730937776
-0.0410874086166
-0.0773782170074
-0.0318406609272
-0.0565487491364
-0.0526487308762
-0.073024903579
-0.0387526936731
-0.00635510541299
-0.0803395229223
-0.0470046975919
-0.0710061595714
-0.0762545852311
-0.0786369412125
-0.0478001692061
-0.0415008780952
-0.059133053197
-0.0669435042857
-0.0747539553744
-0.0823006598522
-0.0685250017777
-0.0563321370632
-0.0441392723487
-0.0752128010634
-0.0559185134519
-0.0373376770038
-0.029870143818
-0.0508873115912
-0.0696203724395
-0.0482663335229
-0.0522137467465
-0.0683912972021
-0.0494851669104
-0.0701188852694
-0.0199705177945
0.0182379552377
-0.0281232344748
-0.00479221390017
-0.0297499010742
-0.0182128254554
-0.0375193495877
-0.071120040444
-0.0760344708611
-0.0189116208567
-0.074012789703
-0.0878574090853
-0.0461281324058
-0.0528997125606
-0.0460084249735
-0.0595680362996
-0.0462362008307
-0.0561221163585
-0.0473186199304
-0.0215757176809
-0.0368399020277
-0.0241999159551
0.0116436883692
-0.0179472547581
-0.00989995248908
0.00261513361118
0.0213458140546
0.0353890745662
0.0217995561792
0.0048011031285
-0.0121973499222
0.0159056861579
-0.00510332168413
-0.00966179168232
-0.0323650678283
-0.00928984901585
-0.0332053402651
-0.016000979632
-0.0565715834941
-0.0517284308979
-0.0290643076253
-0.0230705950592
-0.0458440474481
-0.0528135896134
-0.0317205157852
0.00357431673182
-0.0123350177438
0.00117883695056
0.0128636534782
0.02368762651
0.0201689404427
0.006731698076
0.0397442338786
0.00231152285627
0.010309916023
-0.0225966852169
0.0177696207276
-0.00618632316165
0.0135867588749
0.0163904156375
0.0152287875401
0.0355052929834
0.046924268756
0.0443359323703
0.0196015755556
0.0487479026556
0.0519353563601
0.0665988997317
0.0222071037049
0.0507865566711
0.0356344627372
0.0687362787243
0.101569386337
0.0898095163962
0.0773664328693
0.130377426001
0.105582536866
0.128125876768
0.113632637441
0.137972460878
0.172953046965
0.104809593374
0.0859793366837
0.0887112306936
0.0914431247035
0.0768029529468
0.021217037463
0.0535747223938
0.0331833938932
0.0163202290153
0.00662695395592
0.0187156547441
0.0470000647901
0.0156713065388
-0.0143515684323
0.0497180402874
0.0518788856203
0.0634949246548
0.0546614212754
0.0231139051607
0.0248848844815
0.0106957167608
-0.00237819426943
0.0165688086828
-0.0114360515463
0.0266778582073
0.0282882732259
-0.0196565131562
0.0295301431737
0.0412478947963
0.0722983280218
0.0609533554227
0.0149018521545
-0.00507181988182
0.0206764486187
0.040408957315
0.0177379838669
0.0284491201132
0.0234786751728
-0.00821954132811
-0.00806516016084
0.0197930259379
-0.00280015436076
0.00718276620917
0.00521495084017
0.0110503340639
0.00739997721593
-0.0188912154812
0.0158194188674
0.0456902221031
0.0155533629348
0.0380126946884
0.00706033465101
0.0516499381889
0.068147394736
0.0383031325854
0.0155204235393
0.0419709979624
-0.00308086161227
0.0551160459444
0.00335554506531
0.00689848114364
0.00654171925648
0.0300259729819
0.0121879352386
-0.0181778144508
0.0191353788391
0.0180323155371
0.0424305009025
0.0437477711599
0.0489242364235
0.0270569743418
0.0633702669223
0.0373881802245
0.109054094224
0.0938180725387
0.0783139027942
0.0664950225482
0.114185778939
0.0752953186848
0.0532624455502
0.0470730567379
0.0549656553982
0.0530001890479
0.047499894752
0.0400053996867
0.0764616661921
0.0233158010161
0.103927606637
0.131286667685
0.0974877312844
0.103073880599
0.0886680214622
0.0892102964213
0.123477479247
0.0945890600615
0.111285742518
0.0792310065867
0.0444669897599
0.0434017709912
0.0423365522225
-0.0191738127542
0.0253311947351
0.0522510153474
0.0816101955059
0.0295229230973
0.0704134181184
0.0565200373603
0.0312425457576
0.0334092962333
0.00744413616645
0.010380414613
0.042680124403
0.00969624275804
0.0148144978254
0.0045202490862
-0.029706101813
0.0087222887771
-0.0362510554847
-0.0264913780307
0.00382466779449
0.0215335488241
0.000533334171032
-0.0526770561972
-0.0275698501945
-0.0105948196081
-0.0278130984587
-0.0751603063073
-0.0663392544426
-0.0302389653346
-0.0510833285511
-0.0572566541029
-0.0966694397052
-0.0399827968685
-0.107425938709
-0.095410045097
-0.0849875557376
-0.100884298577
-0.0637821471629
-0.0739118121615
-0.0414662574488
-0.0747699086441
-0.0806526513155
-0.0906868200785
-0.0644179831158
-0.0742410856845
-0.0719743389061
-0.0699305710805
-0.0517664708252
-0.0260891176058
-0.00635628133109
0.0140836731846
0.00872093872553
-0.00357826238847
0.000857550210202
0.00779110620696
0.0166952312899
0.0260591439499
0.0371739478099
0.0194644632878
0.00581092000654
0.0337378739373
0.0166221421455
0.0145337294319
0.0487785522636
0.0261656543946
0.0460669842712
0.0554304435533
0.0580407256346
0.0306932634918
0.0623446070821
0.0575209437232
0.0530587015536
0.0479675036925
0.0162349946548
0.0588010988401
0.0356289951772
0.0485064368009
0.0122495454665
0.0334349738097
0.000314158320716
0.0446729412769
0.0579714690119
0.0473136637099
0.0850665896806
0.0887719375153
0.0669503057489
0.0984205151625
0.149188399309
0.180930722839
0.138685255208
0.153322063292
0.149004139399
0.160481023675
0.135385206779
0.145372084851
0.155358962924
0.201674284123
0.12318772845
0.118383008956
0.148106229679
0.151746021063
0.144108876577
0.138577608819
0.0932033464458
0.088433828594
0.0976120915174
0.0611796530855
0.112908516803
0.092653051666
0.138941667829
0.148387657846
0.171789555976
0.173460871697
0.124485927775
0.134746129558
0.146824912154
0.122925819764
0.203207097014
0.0517912839373
0.0897618090134
0.0685559926378
0.0611943796379
0.0617756796594
0.033117076429
0.0396773139407
0.0345544430997
0.0463286770167
0.0459191807864
0.0319985036062
0.0699283143503
0.0270064793154
0.0277755799852
0.0386985909374
0.0507883087072
0.0697324372106
0.0313211853714
0.0415181230522
0.0678896540738
0.0583023208863
0.0844756561435
0.0387842291821
0.0473069052339
0.0454782584228
0.0595058275765
0.133209739034
0.0301136398835
0.0567967962902
0.0868589837782
0.155077531156
0.157976874764
0.12411781287
0.1641683982
0.119480358963
0.0817509078501
0.0637842378662
0.133271581268
0.110604949988
0.079169476839
0.100732375227
0.147155353103
0.107685531907
0.0803388742975
0.0717078453703
0.0514245590717
0.0279969958046
0.0291699616071
0.0507168103161
0.032945552823
0.010187073964
0.08134632957
-0.00430891742649
0.0198221926182
0.0222912846601
0.0393404812196
-0.00163127556575
0.0107557760078
0.0231428275813
0.0199309616297
0.00941313204162
0.0200420745949
-0.00899024516449
0.0132175796687
-0.0130015161868
0.00195628937795
0.0234642228644
0.0317491019074
0.00760777888231
0.0466448781611
0.0187553097788
0.0314705284601
-0.00358611641025
0.062720048073
0.00580823889052
0.0530643351486
0.00839794064048
0.0500401899144
-0.00139355832061
-0.00346981912026
-0.0162696685169
-0.0179417333129
-0.0189539560663
-0.0346837906456
-0.0734253629596
-0.0449528059263
-0.0541155953189
-0.0488730904857
-0.0434239854905
-0.0506493416823
-0.0437066912781
-0.0367640408739
-0.0298213904697
-0.0228787400655
-0.0159360896613
-0.0089934392571
-0.0020507888529
0.0048918615513
0.0118345119555
0.0187771623597
0.0257198127639
0.0326624631681
0.0396051135723
0.0465477639765
0.0534904143807
0.0604330647849
0.0673757151891
0.0743183655933
0.0812610159975
0.0882036664017
0.0951463168059
0.10208896721
0.109031617614
0.115974268019
0.122916918423
0.129859568827
0.136802219231
0.143744869635
0.15068752004
0.157630170444
0.164572820848
0.171515471252
0.178458121656
0.185400772061
0.192343422465
0.199286072869
0.206228723273
0.213171373677
0.220114024082
0.227056674486
0.23399932489
0.240941975294
0.247884625698
0.254827276103
0.261769926507
0.268712576911
0.275655227315
0.282597877719
0.289540528124
0.296483178528
0.303425828932
0.310368479336
0.31731112974
0.324253780145
0.331196430549
0.338139080953
0.345081731357
0.352024381761
0.358967032166
0.36590968257
0.372852332974
0.379794983378
0.386737633782
