0.0
0.0
0.0
0.0
0.0
0.0
0.0
0.0
0.0
0.0
0.0
0.0
0.0
0.0
0.0
0.0
0.0
0.0
0.0
0.0
0.0
0.0
0.0
0.0
0.0
0.0
0.0
0.0
0.0
0.0
0.0
0.0
0.0
0.0
0.0
0.0
0.0
0.0
0.0
0.0
0.0
0.0
0.0
0.0
0.0
0.0
0.0
0.0
0.0
0.0
0.0
0.0
0.0
0.0
0.0
0.0
0.0
0.0
0.0
0.0
0.0
0.0
0.0
0.0
0.0
0.0
0.0
0.0
0.0
0.0
0.0
0.0
0.0
0.0
0.0
-0.450179356423
0.0
-0.428820430898
0.0
0.0
0.0
-0.431810760014
-0.429003838435
0.0
-0.433356573857
0.0
0.0
0.0
-0.434813140677
0.0
0.0
-0.415464027474
0.0
0.0
0.0
-0.4419987674
-0.425312413795
-0.483138910722
0.0
0.0
-0.460669404175
0.0
0.0
0.0
0.0
0.0
0.0
0.0
0.0
0.0
0.0
0.0
-0.419924660839
0.0
0.0
0.0
0.0
0.0
-0.397335417716
-0.289800320152
0.0
0.0
-0.407501771955
-0.0142670856404
0.0
-0.0796621228017
-0.098935981691
-0.0413193852434
-0.0367852933262
-0.139152146298
0.00570553299433
0.00970657070891
0.101480516172
0.0159991723284
0.0137490243001
0.0545651089863
-0.00698495539337
0.00131718654365
0.000535914601565
-0.0714818053467
-0.0375783700372
0.0395540149253
-0.0630631886295
-0.0101997076834
0.0284627989098
0.0232406763105
-0.0741895759423
-0.0968423592407
-0.0563822686618
-0.0568350564859
0.0224500734132
-0.104370629054
-0.182620707171
-0.0462154753018
-0.0883424065492
0.0069124957998
-0.0746602893079
-0.125089254772
-0.0802353064398
-0.15239318337
-0.0956309242025
-0.145141472494
-0.171676881963
-0.00825387001919
-0.123759745836
-0.202284917438
0.0
-0.163047716822
-0.142190350478
-0.119006671741
-0.136478571054
-0.0382109326399
-0.0978813256053
-0.124342968484
-0.135497950995
-0.142841617997
-0.162752376797
-0.129855917581
-0.175671648165
-0.113784394159
-0.16775061614
-0.225921273718
-0.152628472542
-0.0718159520716
-0.0824069867655
-0.12744347823
-0.0512289890241
-0.0647359673877
-0.0901157946911
-0.0671486316482
-0.00423081490811
-0.0590064199065
-0.05589862301
-0.0747784592281
-0.0676613409821
-0.0748385204946
-0.148057016299
-0.11882612591
-0.0198093339362
-0.0571320154474
-0.0889856402163
-0.0742283823417
0.00133413524636
-0.117540920136
0.0398152424688
0.0539516889211
-0.0213030737317
-0.0150203359353
-0.0312294514542
0.0518559010039
-0.077762809468
-0.0282228375399
-0.0870912136759
-0.0117806148364
0.014502493717
-0.0665889727438
-0.0409233693019
-0.0369387094997
-0.10553481778
-0.0918614926054
-0.1086582359
-0.138351933765
-0.131510246189
-0.131144413526
-0.132255005514
-0.209663035519
-0.100779557904
-0.106187618695
-0.111324830306
-0.154668325799
-0.146788654276
-0.172090642194
-0.0943120032305
-0.12422575007
-0.12813784992
-0.120893838923
-0.182171282687
-0.142947894685
-0.132228990317
-0.160722883126
-0.183188018844
-0.183277947272
-0.111619644413
-0.183908418153
-0.171607251881
-0.165791059134
-0.220072206477
-0.106973134288
-0.184855369611
-0.145298144323
-0.227439875654
-0.149548710833
-0.246685136909
-0.3433019704
-0.182831021825
-0.165665545301
-0.113843862865
-0.209642217459
-0.284835318596
-0.251636190791
-0.224599519808
-0.236831850598
0.0
0.0
0.0
0.0
0.0
0.0
-0.452267183962
0.0
-0.443887644023
-0.723297887944
0.0
0.0
-0.580362018729
-0.615926120984
-0.600345993361
0.0
0.0
0.0
0.0
-0.259187206923
-0.339968760213
-0.243955557447
-0.293489842539
-0.284666885481
-0.225583813868
0.0
0.0
0.0
0.0
-0.229533538607
-0.251739047072
-0.274717876061
-0.273557694565
-0.201666830314
-0.232067447166
-0.215538268617
-0.2195554557
-0.241099324625
-0.26158942772
-0.204236667345
-0.245826354422
-0.195939536088
-0.265943642962
-0.240793012245
-0.249983176253
-0.267397687588
-0.251757634896
-0.253360484024
-0.214755112714
-0.180508527883
-0.211542227356
-0.102351785307
-0.202221934831
-0.192686576837
-0.218856338938
-0.230245504828
-0.278291215785
-0.257056481331
-0.271565337299
-0.216255658423
-0.290590606836
-0.254041298143
-0.3076442811
-0.275179351952
-0.317089706022
-0.357321691147
-0.2691556581
-0.298054299378
-0.344163514492
-0.371697841359
-0.275429205857
-0.298583434012
-0.296594913357
-0.386831488429
-0.307032478668
-0.345586718066
-0.326080677012
-0.394275056152
-0.365964482314
-0.34739409684
-0.376300463159
-0.342817582034
-0.375675106554
-0.413817943531
-0.346925841804
-0.362789348667
-0.365888176873
-0.433418250825
-0.408161083103
-0.402215595622
-0.369662582882
-0.367362925635
-0.315343774366
-0.328337759964
-0.377855316914
-0.382577613997
0.0
-0.311463412211
0.0
-0.436007520989
-0.393711687404
-0.389415677708
-0.423048613521
-0.356545081296
-0.42783938038
-0.326219286585
-0.397466527564
-0.404315447307
-0.336274753137
-0.345008448327
-0.377333089179
-0.393687440454
-0.361953255422
-0.430310635476
-0.394882162201
-0.292792002733
-0.314850418883
-0.261076311435
-0.261785065753
-0.230965728501
-0.304620367682
-0.203060364145
-0.239621639384
-0.231834755688
-0.187854827249
-0.188713949157
-0.197626371553
-0.198031003686
-0.145595772506
-0.0924303016817
-0.212455844639
-0.171049860139
-0.164522782142
-0.213820629934
-0.203481450188
-0.183051804213
-0.144840987829
-0.113184534084
-0.152504989088
-0.10260482693
-0.140646418373
-0.190248403645
-0.156992869821
-0.137681208615
-0.222390714592
-0.160810095469
-0.169968031623
-0.143967052288
-0.132505190404
-0.0877509534721
-0.0888897644714
-0.11494334942
-0.130063324921
-0.0934757789198
6.86597722199e-05
-0.109985095199
-0.0745437055615
-0.108423876824
-0.0621993351259
-0.0924173157743
-0.107813474103
-0.0947348924065
-0.0454775137967
-0.0167376079172
-0.0769453585234
-0.0875823820199
-0.0420278870422
-0.0642482887584
-0.122725930992
-0.0628447682225
0.014215523811
-0.0576990740052
-0.00484695739414
-0.0577047174446
-0.0558483224
-0.198176747825
-0.0766933086638
-0.088490550301
-0.0367085872347
-0.110171264874
-0.237671829165
-0.0975644703128
-0.0741885966802
-0.107728015894
-0.0945148770477
-0.0857989920317
-0.0177804277478
-0.176516344284
-0.151882900016
-0.0969084503398
-0.0868498454184
-0.093914977336
0.0
0.0
-0.0829461861702
-0.119655541392
-0.0757853587556
-0.0088741268129
-0.143101569636
-0.0804198306881
-0.112284103084
-0.061683515933
-0.129191941668
-0.0671009457616
-0.0965353876792
-0.144382221929
-0.0850810935361
-0.103994050128
-0.0553981743497
-0.120136721283
-0.154450809744
-0.103129605513
-0.0749111917639
-0.0742949456746
-0.117072573288
-0.0881429666597
-0.130093927496
-0.154986619601
-0.0993773536228
-0.0840760751941
-0.0855597689077
-0.114029565654
-0.160426363319
-0.15335047798
-0.116551685446
-0.0946014272953
-0.0808224779909
-0.115214287373
-0.108840545278
-0.0752176933811
-0.230815831265
-0.118426424283
-0.205504181807
-0.183730043637
-0.120482343285
-0.0845911550459
-0.178334076207
-0.188108997572
-0.121151144134
-0.1819049372
-0.165242620976
-0.174345935326
-0.171819618974
-0.100053670595
-0.121547362823
-0.186792560879
-0.211802757851
-0.194859258341
-0.121294779503
-0.204937945866
-0.143200764116
-0.190344118107
-0.189648655386
-0.190378520504
-0.221724826997
-0.162969338417
-0.124981752769
-0.255686156992
-0.118519017352
-0.174571509994
-0.179905331014
-0.155145813039
-0.226735223354
-0.150820447291
-0.139703022299
-0.13024430892
-0.121228282623
-0.15208475529
-0.122290118915
-0.125646622943
-0.100504500288
-0.226451164548
-0.129247185449
-0.068862862662
-0.0265013758295
-0.0800256351086
-0.0363537184912
-0.0458715731467
-0.116560824017
-0.146124403907
-0.0949037302556
-0.126940339383
-0.0970647021511
-0.197320873993
0.0
-0.144153471599
-0.254104278907
-0.0855606339104
0.0
0.0
0.0079450841015
-0.168683783097
-0.144817500988
0.0
-0.148512853856
0.0
-0.111786064425
-0.173098214573
-0.142309809666
-0.265905888808
-0.206120872588
-0.243222839118
-0.194096956255
-0.183885188074
-0.213687224
-0.23509624574
-0.172307277796
-0.195547503515
-0.246762658436
-0.234536069793
-0.167853936471
-0.0609552437135
-0.231194078862
-0.203668708498
-0.242634370575
-0.168714184232
-0.204647271369
-0.129547197042
-0.174533386139
-0.176095254565
-0.156812353011
0.010057580158
-0.0560746326549
-0.206417463291
-0.170489202464
-0.170360596036
-0.12157965769
-0.190788458594
-0.169521289682
-0.196843809316
-0.113888571248
-0.271412033078
-0.111957704075
-0.155093745803
-0.0874391636055
-0.141714636001
-0.0932573380458
-0.105790827693
-0.0271611725762
-0.0867851132261
-0.101842222715
-0.112678211907
-0.154031688909
-0.178259070916
-0.071690784736
-0.0344008643026
-0.0396027747144
0.0108917352531
-0.0941488571622
0.0377260063004
0.0557538110574
-0.0286621923403
-0.00777685225321
0.00405898208239
0.0194343693182
-0.037266095464
-0.0731866331461
-0.0176296838379
0.0436213596745
0.00666779804628
-0.130904503006
0.0176865406697
0.0305484384545
-0.0331234291723
0.174138845854
-0.0278576672918
0.0
-0.098139434789
-0.0979613638791
-0.115583256387
0.0
0.0
0.0825138325005
0.0803618488958
-0.00350172927024
-0.021348933445
0.0
-0.109032670987
-0.125900693862
-0.0123747749265
0.0142523975782
-0.147408471893
-0.121888283285
0.0
0.0
0.0248177975183
0.0543651821908
0.0432099250526
0.0
-0.0978529529141
-0.0899704634907
-0.0482860025216
-0.135623677393
-0.133014019137
-0.183776608625
-0.165071712818
-0.0644105268362
-0.150804078157
-0.0354406975947
-0.121938276374
-0.00067685016286
-0.0832548218382
-0.0290655947818
-0.00597888758748
-0.123189602569
-0.0687016541655
-0.146807402812
-0.0468348119505
0.0236851957014
-0.0488674049359
-0.0731819166158
-0.107147286058
0.0
-0.192998551765
-0.106250970285
-0.0771940507715
-0.156469672086
0.0
-0.10936981047
-0.0824844735674
-0.124738890269
-0.168246210265
-0.219368974934
-0.157977188985
-0.145070776537
-0.187590744863
-0.161477316447
-0.198268723507
-0.197005979987
-0.192839593332
-0.240860970085
-0.0204709888519
-0.13817587097
0.0
-0.197258696079
-0.163341446262
-0.227357501965
-0.263289023159
-0.312716228673
0.0
-0.41180734841
-0.210000743472
-0.235828154037
-0.294141777375
-0.261119186841
-0.276035741805
-0.313050437818
-0.297125464645
-0.262416780864
-0.349924555431
-0.347986927049
-0.233786775884
-0.322044261322
-0.324228999748
-0.290270510465
-0.219677497127
-0.35423974337
-0.256208334783
-0.272144442531
-0.187409051821
-0.32188274505
-0.2887632673
-0.314254609364
-0.319057834642
-0.158124400158
-0.293391694885
-0.337240899106
-0.298288070552
-0.306765935007
-0.275016573916
-0.275870506321
-0.260204078779
-0.226738538787
-0.365891331258
-0.333954420119
-0.285562673777
-0.278268574636
-0.297079362329
-0.315539426758
-0.282596750598
0.0
-0.272270318392
-0.259498186819
-0.325253470389
-0.331905248581
-0.267073750508
-0.36338772538
-0.321177811147
-0.428712676356
-0.29649612088
-0.323278313588
-0.287157244847
-0.296388798417
-0.248539722165
-0.336006437006
-0.32435797702
-0.291726030025
-0.280953454745
-0.300679922552
-0.369309510288
-0.342737695486
-0.304766928924
-0.293431155674
-0.258613674914
-0.28419704835
-0.254737003562
-0.322264564177
-0.205200410812
-0.24479518928
-0.226216775917
-0.269774898892
-0.281200129064
-0.24919423991
-0.211973554571
-0.232471144873
-0.181169140999
-0.207449104859
-0.161017661488
-0.227499395597
-0.264977565368
-0.088176647297
-0.139515749794
-0.162673432737
-0.272756525337
-0.143197388584
-0.211745817837
-0.136526040317
-0.251597802872
-0.102417193898
-0.186842070572
-0.166319646051
-0.162294763727
-0.175031752509
-0.169745131841
-0.137975009767
-0.12393277571
-0.168803429094
-0.19795180286
-0.1494165103
-0.167105895702
-0.111612388334
-0.127529551965
-0.154945207069
-0.133643535774
-0.164877604193
-0.161699595498
-0.21103144196
-0.190433231366
-0.0903992623944
0.0631858696676
-0.172806005867
-0.194243362033
-0.0737034766101
-0.226369640216
-0.130841733117
-0.0798775429535
-0.107149259555
-0.148286228969
0.0152738653328
-0.0952984562245
-0.171971524075
-0.0796563890988
-0.166350590826
-0.0729682370195
-0.130385932463
-0.0699427532758
-0.00332274795025
0.0194137342217
-0.00407201597936
0.0229448553628
0.0131890219341
0.0421025751619
-0.0648581581614
-0.0846554982995
-0.0636450509731
-0.0494300210212
0.0
-0.0566809804147
0.0330622398044
0.0243735006937
-0.0351648672383
0.014707111903
-0.0490326577385
-0.0139359862807
-0.0583044061945
-0.049732465251
0.0332932795675
0.00896207466296
-0.102178951385
-0.047431593346
0.0348394918919
-0.0450299477934
0.027747719372
0.0271200006281
0.0210722788468
-0.00702279266026
0.0101235303274
-0.0363626253345
-0.015513689078
0.0503692790043
0.0182747528773
-0.0265141478891
-0.0547097163384
0.00868371997052
0.0125498069847
0.060903754808
0.00784278609977
0.0172131478747
0.0124939139201
-0.0675694602264
-0.0391791100298
-0.043962623288
-0.0297977481511
0.0334865388266
0.0523013511931
-0.00144658014923
-0.0672961078739
0.110019670351
-0.0441565524448
-0.0343213780285
0.0197628129176
-0.0393932815489
-0.0788629606606
-0.077009909442
0.153926660013
-0.0336559159016
0.0415043092485
-0.0611760485972
0.0540074878038
0.0047562369624
-0.0237408259438
-0.0293823789325
-0.109956078659
-0.0587465281969
-0.100060561449
-0.0886297801801
-0.119512801167
-0.108288954429
-0.129645908534
-0.128803019118
-0.0551783590467
-0.0793028801813
-0.0759167850592
-0.0993184866537
-0.0729149093821
-0.0808113080487
-0.0528651040084
-0.142383158536
-0.121811882065
-0.0334805778155
-0.0865597461216
-0.162777916326
-0.166418024356
-0.103127687303
-0.0663036901286
-0.129797911165
-0.205630144147
-0.178164629369
-0.123197884912
-0.103868957149
-0.156036998718
-0.10432847724
-0.126348165454
-0.0982673432875
-0.0787038685712
-0.167869234283
-0.132821258203
-0.150262075254
-0.133793162536
-0.249343045051
-0.160047839051
-0.167808671838
0.0
-0.174989346338
-0.141593666168
-0.0474402437513
-0.108671430826
-0.145819671912
-0.0778585525012
-0.126886354255
-0.107488625946
-0.124805424043
-0.0834773729065
-0.00517957235419
-0.100461529804
-0.121548634929
0.0464619684344
-0.0383741693901
-0.0328930076957
-0.122289239741
-0.0784125213673
-0.277565320346
0.0
0.0
-0.186422287368
0.0
0.0
0.0
0.0
-0.0329018557285
0.0462059016348
-0.12631465353
-0.115885175014
0.0
0.0
-0.0858976439801
0.0
-0.137628510781
0.0
0.0
0.0144370179297
-0.0254710574294
-0.0971507153791
0.0
-0.180422487691
0.0
0.0
0.0
-0.09093887443
0.0
0.0
0.0
0.117338127711
0.0177591486379
0.0801311926219
0.0296957293863
0.266812836144
0.123303349462
-0.0266349752741
0.0772414264545
0.0
0.118346511121
0.0163468186693
0.236716944674
0.285705870445
0.0930285254889
0.206472446359
0.154475456324
0.0581766920272
0.081355698782
0.0591964696298
0.0628515097218
0.00477455448161
0.110606351094
0.0720086097053
0.0275733550617
0.200490521772
0.132099557287
0.13812590761
0.0969450684098
0.115219993479
0.0386234774976
0.0246228662331
0.133038234655
0.111509419278
0.0517758178253
0.075126732677
0.0159823604635
0.11368515131
0.117615913313
0.13217779523
0.253775410901
0.0672509296998
0.0904621174662
0.138328552859
0.166435756812
0.108869150611
0.0916600701929
0.0
0.186703258512
0.058421669282
0.115531412466
0.120803138799
0.127136933401
0.142615507331
0.121797162391
0.139734076623
0.114107236406
0.103626891687
0.0965488707798
0.137182050891
0.0910032680859
0.0646827383337
0.132559984728
0.0877031756737
0.21970797394
0.108382800694
0.0979286527256
0.130539729008
0.1144438819
0.114350756159
0.12736026761
0.0555946779167
0.183005451998
0.178540638711
0.231964969226
0.136222560021
0.127085546067
0.203851646582
0.124377349158
0.18181607146
0.124449027082
0.119395197892
0.140406564158
0.109020229977
0.156766147071
0.126294085457
0.0317352644375
0.109671911859
0.177313710742
0.0537949192664
0.0297890300328
0.0710994701051
0.133802045238
0.0451993757429
0.0937164305736
0.0394529132481
0.00351945955697
0.140809905107
0.107592807663
0.0615457176384
0.146930222402
0.194621927098
0.203708200368
0.104147038638
0.148761871788
0.033124770455
0.0857832148217
0.0986507839904
0.0638601219442
0.200069599905
0.173814499481
0.139503550152
0.130852610273
0.16756462952
0.166702006661
0.133309572387
0.0669045805568
-0.0195465427214
0.0383615889369
0.0218144452761
0.0
0.116276563705
0.171538133327
0.137897688072
0.0668024858824
0.0815698642234
0.0715002494836
0.014241032833
0.144041431832
0.122970162496
0.12927328372
0.141256142339
0.130936580592
0.0841745194669
0.0930176244197
0.0504086114443
0.0997696068026
0.138238464993
0.0730878301369
0.099906294069
0.0582517644067
0.130050932031
0.0793482480417
0.0
0.0757742041164
0.109901786488
0.182071749653
0.160358167751
0.140001171968
0.211414623468
0.210051417303
0.241182162124
0.173429833588
0.159360795531
0.195355151428
0.263401729028
0.161898651122
0.186410303427
0.217121251426
0.196147695164
0.207703609924
0.297194516266
0.197809742271
0.207086212088
0.190160594688
0.148559080105
0.129630685966
0.200616085329
0.19871723126
0.172298417761
0.1708450167
0.126752624187
0.129250450634
0.178662977832
0.166592387835
0.136546499673
0.0860992554489
0.0775407834882
0.0882102719374
0.0378451286003
0.101639648244
0.0851659487475
0.0803064338437
0.077514126615
0.000597122347337
0.0609602438475
0.0624017952743
0.021074132119
-0.0508857554311
0.0223137706028
-0.0795620128582
0.0289842671616
-0.0444429385333
-0.0499675919718
-0.0796386882128
-0.0939970451197
-0.0361287967658
-0.0164169425229
-0.067117183955
-0.0795816858177
-0.0151441650926
-0.0674090639294
-0.0382318557497
-0.0419291158566
-0.0693667092282
-0.0933212684199
-0.0406259540095
-0.107166280891
-0.0341675374386
-0.115034316865
-0.09302496664
-0.0634178815091
-0.0433859373296
0.00256214559398
0.00562740851931
-0.0272912411446
-0.0415615628447
0.0929381769335
-0.00650534071489
0.0251198411945
0.0390022280905
0.0460829100672
0.0198442755441
0.222248426521
0.11509416299
0.128449490822
0.115945966649
0.0538350445368
0.145054031826
0.184687856293
0.0819607858978
0.0876139704739
0.132947008644
0.096312495021
0.14231090773
0.0879189052569
0.0290656888397
0.150011494095
0.152247470125
0.0
0.228134768732
0.169467189295
0.138869649206
0.193379652586
0.214038236473
0.183881441551
0.141026152859
0.208217004783
0.170692353764
0.172875796269
0.20359003541
0.182549839551
0.223258372853
0.167453398329
0.161475790061
0.118342064404
0.184899101988
0.131922495488
0.147279417026
0.114628061688
0.167860100827
0.106454250033
0.204531656826
0.220853842234
0.128237343539
0.137522068153
0.203326889303
0.125323473981
0.0997156435428
0.111881581106
0.125937712654
0.0682381122024
0.115921670319
0.147387031199
0.143335011048
0.131326082141
0.1720062346
0.146940529009
0.0610948580564
0.100143203785
0.0939641595199
0.0657749054078
0.11246546643
0.0256655229411
0.0995177933234
-0.00289361493221
0.0726339144487
0.128967286208
0.14101757728
0.0854792228257
0.0627972598206
0.125474911153
0.116923943946
0.0533977057071
0.0884232573799
0.144367898436
0.0495970493846
0.146882739486
0.00561418742227
0.119157335522
0.104218815458
0.123785469073
0.0317827067315
0.118638607997
0.159927748766
0.0425931283244
0.0442914146991
0.132079769299
0.108401383384
0.0944130582155
0.00164658689773
0.0800757139089
0.089322997085
0.191179622573
0.0879222906214
0.161111190333
0.0273586752568
0.0434764793382
0.117973287986
-0.0134383010243
0.126756054981
0.135260596105
0.0368470150185
0.0957203352437
0.0541402751263
0.0962348409671
0.0
0.123202007099
0.127622175943
0.0477662280011
0.080279459038
0.235362626308
0.0716320835809
0.0453554573346
0.00241228825602
0.0
0.0513124140228
0.0578512747805
0.041086803656
0.0245657420494
0.0473812607367
0.142877814752
0.0827957180559
0.0798846817165
0.0793629245116
0.123921085853
0.0809114149547
0.0543566208216
0.0822977675476
0.106232309354
0.0698353647114
0.0251370785538
0.0515154142237
0.0476131985909
0.0225676148939
-0.0218379762535
0.0023409947524
0.0673459168467
0.0429653914666
0.00327131829623
0.0697762713769
-0.00132247436475
0.00374839566796
0.00441067175791
-0.00843231844439
-0.0493618537918
0.0722787726727
0.0365949592773
-0.00854299817045
-0.0313787870226
0.0779858782784
0.134110998508
0.0401060885849
0.0464822565026
0.0967524037866
0.0385798927134
0.0703259861053
-0.0314309610562
0.0427939023925
-0.0356124412705
0.035279090917
-0.00452605179039
0.0509587756433
0.0622964851127
0.096059277623
0.0358092357461
0.0892500870909
-0.09637822021
0.00886552670301
-0.0239737929831
0.0163007422737
0.0523675784685
-0.00871851060376
0.028482530297
0.0124018855407
-0.0118862130692
-0.00329753919895
-0.0436667145662
0.00984049597457
-0.0710946146719
-0.00247346657569
-0.0570404581866
-0.00803002639175
-0.11296126914
-0.0977545548797
-0.113155807182
-0.0706715722358
-0.103611916034
-0.0168023758655
-0.023194591321
0.0124860207821
-0.0413321066267
-0.00884739079437
0.015327583803
0.0162196012345
0.044697629634
-0.0560900184354
0.0454936443277
0.0449877426665
0.0464345061851
0.0263409214717
0.114729643342
0.0540614499368
0.0131005979626
0.0102433354717
0.00916589574723
0.117925308857
0.0531185733321
0.0792652140577
0.105873158128
0.152585831235
0.0
0.0956723986061
0.156232593268
0.133413760035
0.227575823943
0.180036134789
0.111265325766
0.20396309984
0.157262762471
0.175370109094
0.155458354547
0.252650016057
0.20257143914
0.1397451199
0.151300688804
0.147859685413
0.130624881164
0.17528782794
0.146934937298
0.158928189112
0.210873665132
0.207344495547
0.0785154086261
0.136593210365
0.204800215955
0.158655798635
0.15297645354
0.161618893892
0.179642270652
0.248285670113
0.22925729228
0.141368083052
0.186987880459
0.164318210077
0.115807790968
0.14473693165
0.0544853479199
0.120261858503
0.201771573806
0.0675098035819
0.0957262391668
0.176305929273
0.171688616651
0.122106077868
0.17171747192
0.112939547972
0.0892679877605
0.0827525208023
0.0200941875186
0.135804345246
0.0895669319907
0.13924213728
0.114304595608
0.1033214475
0.0668829327827
0.114257157225
0.0932382001801
0.0842608222615
0.120189293158
0.137491145899
0.0894247906563
0.110819691012
0.094245397757
0.080793783313
0.092606850133
0.048624327072
0.0360345801212
0.0985730267392
0.13822943357
0.0514958814543
0.0711011440029
0.105877166573
0.0475164527137
0.0721625637556
0.104481292922
0.0690456087081
0.140589185194
0.136013340518
0.0846465090192
0.116099600729
0.0881821621153
0.0487961710422
0.132179741663
0.0789340305313
0.0658012839249
0.0968775482142
0.106775746639
0.0562237103876
0.152896566757
0.10540835174
0.0986156254784
0.0920315775337
0.075524096354
0.052864764614
0.140985116871
0.17289899448
0.0
0.117906435132
-0.00210894165852
0.134663109452
0.0751566390364
0.0538988520635
0.110868495815
0.0677809621846
0.00610267956371
0.0120867880429
0.0813997395468
0.125944592693
0.0185575770823
0.0899297125298
0.0776583760087
0.0355366855751
0.0205795782949
0.135894326844
0.111003122115
0.267385726411
0.207904556143
0.167696536459
0.188852442877
0.184111981382
0.110935404499
0.142413582156
0.249129412766
0.111023592815
0.162033640917
0.139076322633
0.209950040396
0.153954492866
0.138517242175
0.0970242572309
0.130614168689
0.0669796582972
0.170852258969
0.170429347094
0.124377499915
0.0318327953486
0.130727737393
0.0980496522029
0.0284758096118
0.118459199168
0.116631711791
0.0282122650494
0.0
0.0780336977997
0.0238508385479
0.0621334877611
0.0241581511996
0.0029369652675
0.0662612600271
0.00238931212697
0.110863811588
0.0964385362551
0.0922583616059
0.0995492226671
0.0891914766742
0.0173057204573
0.0938734175158
0.102117775517
0.0307397927512
-0.0270756495675
0.0842614355693
0.0704286324417
0.000533226293671
0.0289093861548
-0.00818354890555
0.0
-0.0220646406085
-0.0232670032521
-0.013748153696
0.0533922934496
0.0653190327451
-0.0303158967857
0.0341510449699
0.0196844611661
0.00507599504113
-0.0378337360002
-0.0449046274154
-0.00259139962801
-0.0276428905474
-0.031382773348
-0.0470390616841
-0.0486752705324
0.0111255075006
-0.147343864408
-0.0555400286181
-0.0899593715552
-0.0440509661497
0.0
-0.0850771158725
-0.0620615856577
-0.0940225621584
-0.00341567922857
0.0
-0.213252701281
-0.0443003869762
-0.0267910212791
-0.0281220841698
-0.0134215682405
0.0409906033021
0.0252646150789
-7.98293138478e-05
0.09370358172
0.0307961230684
0.0657344589293
0.0142942194351
0.0596361563202
0.152713611259
0.0881771709342
0.202129976212
0.161504223159
0.122850011952
0.168166222677
0.139963844012
0.0210817920193
0.0696832223859
0.107366836576
0.0737376952602
0.0854671837852
0.0875512387528
0.142689442582
0.0351898225916
0.0771793788434
0.0437312841981
0.0549655503588
0.134480637278
0.0266228073161
0.0858706985518
0.0698588903694
0.0866091833713
0.131474687961
0.104517407829
0.0942999801065
0.129262459937
0.0
0.161858823279
0.0453446130657
0.122020887678
0.0641056247167
0.126031955399
0.0387955145041
0.140832652222
0.0946466526601
0.140995406017
0.14666292201
0.105605736068
0.255550104263
0.138489379311
0.136382069532
0.160236577132
0.148432529998
0.123304113647
0.140179820685
0.188763737745
0.114769470114
0.177892197918
0.104588976404
0.133867561506
0.166133663366
0.166582056512
0.177930391257
0.166764423047
0.164667233212
0.147441563114
0.103033272426
0.105915495306
0.106022513676
0.0552894383085
0.0961255635096
0.180354514243
0.100360307466
0.141946341083
0.108312733211
0.134468124645
0.0690815311238
0.114935034918
0.0587477153094
0.0673617086865
0.158931213461
0.0583099677089
0.0706275057361
0.00894146337426
0.0490209141833
-0.00466606081849
0.0467370257415
0.0178818146673
0.0589366398203
0.050505488928
-0.0026515381206
0.0
0.0520847580675
0.126667522142
0.0304123642008
-0.0477200948696
0.0552706097185
0.0432500403247
0.0574246928778
0.0436673113578
0.145250614446
0.0053506417427
0.0327465442718
0.0672913132268
0.0670031113164
0.0763445720339
-0.0285111085158
0.0291430861203
-0.00787201886068
-0.0668346873757
-0.0139559699171
-0.0777461642464
0.0319207399027
-0.00475721755464
-0.0314093706304
-0.0809203999842
-0.118101196682
-0.00351250162014
-0.0899444576432
-0.0562039111777
-0.0990231805181
-0.137316283664
-0.0423813436022
-0.076382306299
-0.0336658742784
-0.051712126879
-0.0508703707802
-0.0710434954652
-0.0503234576891
-0.0410711706377
-0.0126504107762
-0.0444863168394
-0.0537449940688
-0.0829272181909
-0.0313350534459
-0.0234310165883
0.0386149309629
-0.0939121762503
0.047555950456
0.146710307392
-0.00542436442826
0.0796697982694
-0.0160351062516
0.0772007548351
0.0729233855358
0.0632203450023
-0.00250520300226
0.0540440266306
0.0213976653146
0.0511300623176
0.044912717786
0.105708088438
0.0492773394537
0.0412611443858
0.0372081316252
0.127925495307
0.0218378157543
0.125049326727
0.0878791136967
0.109952670942
0.118035752644
0.0
0.0449570203119
0.0655123448549
0.0370418970934
0.0763521543595
0.0846564587149
-0.00570015823451
0.033420440638
0.0334701707981
0.0601862527626
-0.00209680358494
-0.00727761423284
0.0341004522602
-0.0578217094042
-0.00629279189313
-0.000178175445844
-0.00330794471985
0.0170898834095
-0.0518168015986
0.0318176364865
-0.0126575997911
0.00969853186016
0.0230791743835
-0.00623404200538
-0.0528934867635
0.00163958516986
0.0
0.0296054736517
-0.157457316012
0.107364915764
0.199080449485
0.165980892386
0.129157983123
0.102991965247
0.169010700637
0.137763515258
0.211075114001
0.138960154154
0.120590074328
0.0898776993879
0.0
0.105447313209
0.074748780798
0.138538442541
0.0536769233712
0.0629592591556
0.135709161828
0.0801912996182
-0.00545841595499
0.144725837381
0.102797301631
0.103202885578
0.14678334849
0.0842266319602
0.0842005894384
0.118276862418
0.0729579207393
0.104935945854
0.117694316496
0.0965639652436
0.115022884156
0.12244744175
0.0909790379533
0.0410399815933
0.00820672468239
0.0813655649925
0.170826793455
0.0787882096553
0.106326467124
0.228718506012
0.248619732465
0.198907217342
0.13277705419
0.0942064506552
0.203291507122
0.194146472967
0.127777475328
0.416828265763
0.165989534928
0.126784161932
0.184255589957
0.26966006001
0.219008664025
0.315157284309
0.178560646699
0.165122695472
0.199069830825
0.180212969894
0.131609884697
0.166132226759
0.194902790833
0.167694451717
0.195510286448
0.260488739965
0.137174160217
0.165434291887
0.116289416242
0.156072360486
0.152318829624
0.176398419929
0.0697011874662
0.116657660581
0.0418261468145
0.0720429943904
0.151885409797
0.109062628926
0.0120250710796
0.0934879050242
0.0658511097287
0.147590780996
-0.0156706668425
0.069108055161
0.204069158021
0.0798083024855
0.101538566205
0.116946545973
0.202896707268
0.231190987904
0.119700735082
0.0866980959224
0.243206003055
0.211332428176
0.0
0.0
0.0922262948195
0.158419072821
0.133974762246
0.124148190347
0.23212955959
0.132613389421
0.210248112138
0.23888738751
0.183904473388
0.178289233501
0.116834907717
0.147913427826
0.169004763063
0.127650895602
0.0960641100275
0.132553462204
0.148457071513
0.197139225033
0.150316188558
0.149878305092
0.19170859369
0.150780695727
0.150042308905
0.0993561780251
0.189377045917
0.0563848596704
0.0391399123901
0.0751609847097
0.0782034605907
0.0
0.0955808434493
0.020666125284
0.0740992242818
0.0758868772449
-0.00530104536025
0.123000052362
0.113121978354
0.124962496605
0.0438118631457
0.113285197592
0.0698399256067
0.0790449272347
0.0557291311636
0.142267684035
0.12156706967
0.101878395685
0.0496809630048
0.0588819752269
0.0372589544431
0.0690976065093
0.0151166814598
0.0374479417105
0.0854027534544
-0.00932944913216
0.0761996504789
0.042578144845
0.134649094914
0.0662897933101
0.0651275209611
-0.0192980739481
0.0179239477416
0.000949322315698
0.0108636708409
0.0581746335988
-0.0856378365923
0.065324282632
-0.0171139218828
-0.0775075238626
-0.0156858247308
-0.0721636939904
-0.00916421771484
-0.0434062137518
-0.0669561482238
0.010949268494
-0.0435284527218
-0.0334292560478
-0.0159832995195
-0.0196790585457
-0.0691748843596
0.0147476004824
-0.0304080657776
-0.125576180648
-0.0658442334096
-0.0873000977737
-0.153399075929
-0.087540516351
-0.054573310164
-0.0160057262138
-0.0832483633735
-0.143960823859
-0.109166542257
-0.0981528760417
-0.0108950996652
-0.0663029937188
0.0
-0.194376627686
-0.0369831314397
-0.0896038418482
-0.0246377068204
-0.0983428087036
0.0190496228425
-0.113487472221
-0.0462474972897
-0.045024728845
-0.0368345383715
0.00729419198238
-0.0730517506135
-0.0496350501839
-0.0413133203865
0.0223293451849
-0.0416132084251
-0.0844135580535
-0.048655312919
0.0228993433658
0.0133276831623
0.0515030568781
0.00623134770465
0.0184467100345
-0.0547868954285
0.174608935946
0.130561291228
0.0622657638157
0.032617373995
0.0738610247318
0.0590994847184
0.118077896644
0.0835230778829
0.158709071251
0.160370913314
0.140113826825
0.176645341634
0.14148435217
0.138511813397
0.167758476725
0.125751932234
0.169249406155
0.139646051243
0.171106964897
0.120928188901
0.163674928759
0.108867928779
0.109436343833
0.151799092389
0.129264735577
0.100525694109
0.117347375806
0.0621079977562
0.1364908332
0.0968341995049
0.0720442395864
0.0923615681032
0.080671693194
0.0438030985178
0.082373152184
0.129261302769
-0.0113150826908
0.0935186094339
0.127748620791
0.0730033584731
0.0454412843786
0.106240073537
0.06677835087
0.032631043079
0.0254082190011
0.102585556131
0.0618991213371
0.157140528076
0.122580864412
0.0693477840682
0.0398684334253
0.0537248431218
0.0359027042022
-0.0108746547522
0.0459590079734
0.0394056438181
0.0602141163226
0.0489715420298
-0.0298558660621
0.054390395858
0.00119813850198
0.033961689398
-0.0524927237209
-0.0114379274089
-0.175586421375
-0.0131874399249
-0.0220532690235
0.031893334196
0.036311270269
-0.000616535445282
0.079730711796
0.0
0.0664027063263
0.0311641224589
-0.00612402694811
0.0197252568313
-0.0888402294096
0.0139929214726
0.0700817990277
0.0601275939872
0.0707740105127
0.0193005724272
0.0589724153022
0.0413419414539
0.144084450242
0.0260686468645
0.049756279209
0.0622001208235
0.0610624599634
0.0523472401528
0.10499308819
0.0552819021769
0.0736989874042
0.0418753048987
0.0809130115427
0.00779716047508
0.0814737407284
0.0950278554703
0.0
-0.00451414590173
0.0034673707227
-0.00592807179615
0.0111991380376
-0.0148464264402
0.0942757140593
-0.073432991825
0.104035638902
0.0198980401291
0.0812650719037
0.0636697357033
0.0628933380579
0.0684194005603
0.0258547242402
0.0518836601648
0.0381654532773
-0.0138866184361
-0.0255541803649
0.0126674108442
0.0174791376113
-0.0168663951144
-0.123907435982
0.0177895046554
-0.023241017984
0.0331604019728
-0.00838061733987
-0.0451289219281
0.0125998039779
-0.0237557611505
-0.0249930156635
0.0508972227148
-0.0583244412084
-0.045769476921
-0.0490555759587
-0.101318563251
-0.0688670927409
-0.0462478134378
0.0883525676824
0.00679991762089
0.0808404768133
0.0211828794383
0.0528679875543
-0.0615283227151
0.00863838456931
0.0174689029778
-0.0312841012238
-0.0534301206379
0.0134574530545
0.014659594559
0.0717484429961
0.0558749421173
0.0690112585053
0.037955453515
0.067829957715
0.0104299696531
0.00970498831309
-0.00336964613378
0.0224555582474
0.0469302811567
0.107611667897
-0.0195456950744
0.0252527590039
0.0676892609334
0.033694479305
0.0527751712825
-0.0493072211042
-0.0266418691919
-0.0151462115039
0.0
-0.00183966292455
-0.0492461046621
-0.000358804324405
-0.0437561725069
-0.0402432460762
-0.00172805981406
0.0190854315388
-0.0086535262327
-0.0345781058261
0.00755430756057
-0.017766161955
-0.0387473587338
0.0
0.084179224021
0.0258707196005
0.0708085449238
-0.0502899640266
0.0228230923542
0.00570352724936
-0.0252033242499
-0.00409085837136
0.0117692637034
0.0308786575733
0.152166743563
-0.0237006840441
-0.014172565136
0.0508768645475
0.0120719769822
0.0994143857941
-0.0100671526442
-0.113150073027
0.125395109682
-0.00823427717362
0.0501722323403
0.055209428375
0.0531779393663
0.118410099907
0.0865320369375
0.163658793283
0.147451962782
0.164057152662
0.171142094833
0.213262959597
0.22698092133
0.151619793926
0.187800476893
0.20076929093
0.227812537838
0.174559578583
0.161997933009
0.161444989777
0.232710300364
0.240901103492
0.193507334688
0.240884403337
0.244220865461
0.215998397407
0.247273893895
0.240866872906
0.197446969809
0.0
0.168981136119
0.0
0.0
0.211325755354
0.164592945137
0.0
0.142072995351
0.16104505722
0.162911381894
0.193241131863
0.0
0.0
0.0
0.0
0.172907437649
0.0
0.215823650005
0.0
0.176261721353
0.0
0.0
0.168252799253
0.0
0.0
0.0
0.0
0.0
0.0
0.0
0.0
0.0
0.0
0.0
0.124371579035
0.0
0.0
0.0
0.168531599085
0.0
0.0
0.11726308721
0.119574875533
0.0
0.0
0.0
0.0
0.120021397869
0.0
0.380300071662
0.260855483383
0.238279742476
0.253926158083
0.458841851014
0.0
0.0
0.0
0.0
0.0
0.0
0.0
0.0
0.0
0.0
0.0
0.0
0.0
0.0
0.0
0.0
0.0
0.0
0.0
0.0
0.0
0.0
0.0
0.0
0.0
0.0
0.0
0.0
0.0
0.0
0.0
0.0
5.80183889805e-05
0.146833433164
0.00418207779758
0.0680198133533
0.0418641501762
0.126404837456
0.0980157084672
0.0404456971661
0.0
0.0
0.050565057557
0.0820945355536
0.0847498193043
0.0232415400909
0.0583982487215
-0.00433509482107
0.0254482683118
0.00736164087668
0.0230172481718
0.0412942539848
0.0443046752063
-0.00567859831765
-0.0023421339637
-0.0337189853677
0.0458998472712
-0.0714602723673
0.0155727273342
0.00212177674366
-0.00383132596611
-0.0260426886801
0.0180852299135
-0.0735109733235
0.00119251798923
0.00741585563429
0.0480753964154
-0.00164128759421
-0.00408782421377
0.0230800654108
-0.0379320491644
-0.0609423653112
0.034195812596
-0.0865382052206
-0.0582472664084
-0.0752975159883
0.0410166190034
0.0
-0.109703649482
-0.0918073714579
-0.104481204545
-0.0305283813883
-0.108705852503
-0.14130169934
-0.0864971848056
-0.0235249248024
-0.121659413574
-0.0915227477298
-0.0866693266772
-0.112835877434
-0.0311203730345
-0.0731744976622
-0.0428970177569
-0.129251179516
0.0
-0.0864812369877
-0.0422622609503
-0.102084519567
0.0105559906771
-0.0508976608405
-0.151091986299
-0.0733127823173
-0.146317056181
-0.0978197981837
-0.178001897279
-0.108874021756
-0.1251498128
-0.0815002214299
-0.0549782786817
-0.105383648198
-0.0499966742417
-0.103390772453
-0.0289410043528
-0.0873365750274
-0.0849527352947
-0.041223278381
-0.00376210164135
-0.052894750016
-0.00387148880429
0.0753977758905
0.0213999973336
0.0143166620926
0.0241774550786
0.0830713365975
0.113085865766
0.209482685532
0.0959864303853
0.0534379248342
0.0150575763395
0.124176498691
0.063822282411
0.0639565061168
0.0850777447033
0.0400909659979
-0.00252077847462
0.130890211789
0.113590139108
0.0410361622009
0.165637562841
0.147931975897
0.136159200448
0.183750840514
0.159581982316
0.0999728420314
0.101045768144
0.146670418953
0.139984221859
0.0765288822253
0.0698015800016
0.109466224574
0.211673399925
0.225962950436
0.157290972459
0.244054914588
0.239127887584
0.0
0.245804340624
0.255178487706
0.278009047156
0.268499976504
0.276844875825
0.135538841691
0.179153230256
0.159125065084
0.227660982851
0.242049282285
0.208513160957
0.165039264177
0.153705529468
0.16525141851
0.247050127414
0.236309876134
0.269188156005
0.0
0.179991358082
0.174166790959
0.124962884635
0.165665495082
0.125413250778
0.123274341481
0.135850150235
0.0739869878328
0.106231096063
0.0973290771325
0.173035610793
0.0354031016336
0.160284434458
0.091484259609
0.185081957936
0.0750210564411
0.115677303031
0.176120883451
0.13466950432
0.203373267636
0.190526707939
0.171680907438
0.170522811431
0.158284772462
0.0989460521353
0.0497100490813
0.137849938553
0.0953262730138
0.00484330043956
0.0982553904284
0.0963025219343
0.0737164925287
0.104917387973
0.0675483461254
0.101712578847
-0.053035271856
0.114984200344
0.0252452000343
0.0256948896782
0.158772999159
0.00619021785459
0.0608820572389
0.101140819223
-0.200979895711
0.000977447807661
-0.0452037343682
0.0647590548468
0.015165028118
-0.0269004985396
-0.0773974053839
-0.0610986454154
-0.0720153481933
-0.0748289652209
-0.036207879563
-0.0623375951329
-0.169847454073
-0.172411955818
-0.147066708091
-0.143350125477
-0.184950521267
-0.158302971868
-0.123424892795
-0.0681311880025
-0.137396765162
-0.123502167898
-0.163354204283
-0.175209995759
-0.133381597239
-0.147084188106
-0.16230239841
-0.106009848638
-0.178412858749
-0.153544637404
-0.114440567398
-0.205148405211
-0.166164505169
-0.119890962672
-0.222339505583
-0.13601223833
-0.187803832687
-0.215009946436
-0.0946702444222
-0.0827071468584
-0.0318794735365
-0.144518053676
-0.0987506298987
-0.132252665563
-0.157589922818
-0.141065761868
-0.121636938278
-0.157750060705
-0.163459139323
-0.117697758671
-0.169516038155
-0.156040381632
0.0
-0.137358810704
-0.136078138524
-0.129298551608
-0.161229163385
-0.149827807363
-0.19617053941
-0.194288894029
-0.180585735487
-0.182751349953
-0.182476617597
-0.170721772347
-0.139501762458
-0.1868585327
-0.0809632389693
-0.0928604865129
-0.160081090446
-0.150670634879
0.036942698534
-0.0568693429819
-0.173442728559
-0.158810939259
-0.0892364773273
-0.167980097696
-0.212336472766
-0.170815449757
-0.126571937124
-0.195947762979
-0.146287349838
-0.120590568073
-0.191903840226
-0.159358340337
-0.255858003589
-0.202608830223
-0.195059193744
-0.157974646908
-0.196138751852
-0.153343212138
-0.156987092249
-0.155585465038
-0.124873349565
-0.102195980907
-0.248283734154
-0.209439051926
-0.143975872088
-0.062265326442
-0.135870961375
-0.095633081343
-0.170784216215
-0.159106954836
-0.130120208481
-0.148320959403
-0.115892699718
-0.165975620924
-0.192501357959
-0.191285875029
-0.12722536385
-0.114615377714
-0.125492370882
-0.0583931691448
-0.191268305778
-0.0998984274306
-0.155997784679
-0.156396143838
-0.0630491649215
-0.146534153985
-0.156332322665
-0.0779283612455
-0.0479171049503
-0.13932865286
-0.0398964416694
-0.146495731858
-0.128405109626
-0.0705338233492
-0.10776046941
-0.125142566394
-0.165869546548
-0.15251458866
-0.161203435121
-0.0803207252986
-0.0314044072629
-0.158008607181
-0.192169896286
-0.124106054689
-0.141454657645
-0.105973657084
-0.153245882224
-0.0504055279372
-0.0920977633582
-0.210290265929
-0.0830436223481
-0.117598495104
-0.196972738349
-0.162907638499
-0.155891548644
-0.175564292113
0.0
-0.193040365308
-0.164239396324
-0.162873445472
-0.219118575082
-0.171359821878
-0.175635002635
-0.209749769413
-0.108215339563
-0.232489725127
-0.121054954212
-0.151592551479
-0.212418588269
-0.149210173256
0.0
-0.153053075836
-0.168359825949
-0.227909211735
-0.221138695482
-0.171283091634
-0.219660846236
-0.161987039063
-0.201018625179
-0.146480586961
-0.181795866807
-0.180549077102
-0.0548882850973
-0.151306475616
-0.170664882669
-0.16442879353
-0.184749242186
-0.20594108789
-0.163275342274
-0.185681312797
-0.168721557543
-0.125302589501
-0.138625617805
-0.148176396113
-0.239248471809
-0.221582782921
-0.142153110824
-0.219985599022
-0.238462010759
-0.182559781389
-0.1213336402
-0.174813402407
-0.23942222143
-0.198796782063
-0.176876711847
-0.230815814503
-0.171742180756
-0.169070254619
-0.144584603717
-0.203610228733
-0.166372099041
-0.170274310455
-0.179251253216
-0.188228043646
-0.195897963572
-0.193371383993
-0.209535315729
-0.196980625247
-0.142333518019
-0.206114061262
-0.200026339938
-0.0911458295526
-0.207655037836
-0.187142637711
-0.168537766255
-0.142616212066
-0.25073005916
-0.0777850562872
-0.190633881006
-0.268188304012
-0.217099364593
-0.171024950187
-0.168170524377
-0.175035811251
-0.201364163516
0.0
-0.222806791729
-0.183033567547
-0.28526735089
-0.273249043068
-0.269569537167
-0.246289682555
-0.261620719931
-0.280876092403
-0.275748943862
-0.191839278477
-0.209690374246
-0.259041643495
-0.108553322972
-0.131810601784
-0.24700863088
-0.209469618253
0.0
-0.182710700578
-0.198038535629
-0.257241571924
-0.203638186378
-0.122197899846
-0.152210024002
-0.249798529381
-0.132152662503
-0.228946071542
-0.258794868542
-0.129097722648
-0.177951650166
-0.125223799481
-0.0404305176123
-0.143880894203
-0.135255268833
-0.144903765453
-0.229811922829
-0.146477160841
-0.142037705715
-0.0998195926117
-0.225004341201
-0.196815841702
-0.189551515426
-0.130525568541
-0.154698887631
-0.190981687916
-0.264768619678
-0.234638285736
-0.138399283647
-0.139173502205
-0.181358518661
-0.226828469335
-0.183371554961
-0.18470182197
-0.195365369783
-0.193891668782
-0.28111794631
-0.257197314442
-0.250160042474
-0.179837454518
-0.210530490619
-0.224756254747
-0.270684828964
-0.177357525744
-0.234355609743
-0.237170294553
-0.15510561759
-0.177736993585
-0.234339189233
-0.243917797999
-0.240524351753
-0.178149516772
-0.163701612265
-0.209893618051
-0.243907011635
-0.158955236941
-0.179949860347
-0.129703926073
-0.138152885005
-0.0900233141937
-0.154461005883
-0.151257596337
-0.140232300395
-0.118587408418
-0.178204843441
-0.114514336369
-0.0327937642325
-0.120399833982
0.124378803507
-0.0716524322522
-0.0963426069127
-0.00683948804742
-0.0359089472897
-0.0221778641422
-0.0795109899527
-0.0660439292412
0.00995121436142
0.0176760334394
0.145880856357
0.0912946593181
0.0758850375068
0.0397556478255
-0.00491001440875
0.0419935046218
0.0515740126738
-0.0056611420429
0.103607681791
0.0710424171079
0.0586828355732
0.0519309889158
0.133242408212
0.168329278659
0.154710148645
0.116270404066
0.0
0.0715734885751
0.11827932105
0.144047130778
0.130082466175
0.141371687387
0.0933859258616
0.110505256731
0.109263178069
0.168769052951
0.0944853203976
0.107044570829
0.0816868483912
0.123870611207
0.033908501029
0.120547921914
0.0303624393208
0.0680279590282
0.128226578531
0.0352927202332
0.0553493866843
0.0897382823438
0.0481315107577
0.0531750368431
0.0120321783958
0.0433048889005
0.0938294930866
0.044811450305
0.0680404115147
0.0263173984058
0.051779410948
0.0948972850399
0.0684032741038
-0.00356092381729
0.00314277843362
0.0781454254253
-0.0133403618895
0.0458441842476
0.00645595394006
-0.0270253882036
0.00862601223545
0.00923968527638
0.00861528338188
-0.0199773538951
0.042432467426
0.0775208579781
0.0594600030348
0.067150815566
0.0568846352949
0.0514380010135
0.0536543842485
0.0842243247635
0.00178079663212
0.0415998321553
0.106352102642
0.101125993421
0.0727058255467
-0.0770554480007
-0.0556569064888
0.0242879256647
0.0474360000134
0.0430093497985
0.0523143810061
0.0378874513331
0.0158918397276
0.0168098967027
0.0246555941454
-0.0543940154784
-0.0314563164264
-0.0561653951293
-0.066691981501
-0.0500854128468
-0.0364408988321
-0.0945838744858
0.0
0.0
0.0
0.016963258995
-0.0379008888161
-0.0918592634512
-0.110097281757
-0.177637188588
-0.0811984157472
-0.0741379710337
-0.0941680481072
-0.0414258402698
-0.0624328870589
-0.15206107922
-0.0880729222662
-0.00115093728123
0.0804399781501
-0.180429239242
-0.114703043418
-0.0924068936396
-0.0928518033719
-0.0881148571458
0.0
-0.165877325949
-0.0940288363256
-0.0914423441824
-0.112564045785
-0.137072967561
-0.109581333112
-0.105273414944
-0.161510470671
-0.191942810137
-0.147896400984
-0.20715483771
-0.114314265381
-0.0999367021983
-0.137823542979
-0.158171025655
-0.0971444274393
-0.109279251496
-0.0941494647448
-0.132430410897
-0.115556720241
-0.108899533979
-0.0919482194538
-0.123163168638
-0.0917463222877
-0.0780075144614
-0.0215995831819
-0.0252351886936
-0.0804366554687
-0.0652611726886
-0.0560372910117
-0.0976796161375
-0.0652859823619
-0.0133679631351
-0.0710910071897
-0.0319519476953
-0.126577503751
-0.00611521956835
-0.0224498675351
-0.10682256583
-0.0891023955806
0.000750351222052
-0.0329063673027
-0.0815541822411
-0.0865031187505
-0.102517524766
-0.0486768644719
-0.0345004556609
-0.0600824121126
-0.0248492782414
-0.182049182041
-0.127238311332
-0.202126934115
-0.128211620001
-0.0682869998939
-0.130264700993
-0.145973565525
-0.105374603753
-0.0820724892764
0.0584896266667
0.00365138958755
0.0091594282166
0.0365407985982
0.0380203475195
0.0395894145846
0.0640196938259
0.0534524257959
-0.0172389718286
0.016257880018
0.0975443810074
0.129890948465
0.0535371471876
0.0142765521234
-0.023677706181
0.024479195763
0.00885926162719
-0.0469850472601
0.0110566640074
-0.00144048884575
0.0620754697093
0.0477512946862
0.0997581235803
0.0350129938148
0.116190043071
0.160037149868
0.113934093754
0.0290671244472
0.19438577855
0.0558329485022
0.107444537574
0.19141152813
0.0836041029922
0.110976576058
0.0880077325528
0.0803739512698
0.0802927466646
0.0
0.0565521726374
-0.00346378080551
0.106460844195
-0.0261405409191
0.0191039153279
0.0416774066081
0.0125977406328
-0.024467778874
0.0581974979153
-0.00481083192097
0.00841560252375
0.0868241764749
-0.0618281944462
0.0110542415542
0.0337862822337
-0.054079475832
0.0528471165887
0.0361388978693
0.0972709981937
-0.0117883803096
0.0199563499138
0.00635037235534
-0.0204456451764
-0.0449694933409
0.0308644961049
-0.0292593278442
-0.053730242557
-0.0645338893953
-0.0241963922957
0.0789753878899
-0.00374557037485
0.0249107526625
-0.0257568239635
0.0998506651798
-0.0421557983456
-0.0129049694994
0.0
-0.0621144189245
-0.0521238553516
-0.100493484869
-0.113975278092
-0.108365801161
-0.0863416016948
-0.0435399792521
-0.0517151575145
-0.070177518997
-0.0698606507176
-0.179898217629
-0.0799870036185
-0.108320472673
0.0422503757278
-0.106322936354
-0.0356956072793
0.0136395108858
0.0492427610825
-0.0135001729206
-0.0717096838937
-0.0764093035367
-0.0427444594001
-0.0517028170402
-0.070828973643
-0.0259811513188
-0.0114090750189
0.0858854898851
0.0133760960728
0.00332591767443
0.00344213055699
0.0952850140526
0.0919828810038
0.0876500040172
-0.015060534653
0.00594810162304
0.0950258126259
0.0215028701163
-0.00262155781582
0.0990112389998
0.00237806812543
0.0603154184467
-0.062449629286
0.0
-0.00152278919196
-0.00841404040202
0.051141136771
-0.0619687967668
-0.101009227259
-0.0236278460058
-0.0181651652287
-0.046332504609
-0.040100980311
-0.048513714688
-0.0513530165498
-0.0623703250178
0.0111434597017
-0.0832852248794
-0.152699424496
0.0
-0.141198332135
-0.150365174492
-0.132784091175
-0.0458418242115
0.0197746255354
-0.168757170824
-0.08327462878
0.0156543069931
-0.0969259866245
-0.101256753365
-0.152438488969
-0.1546296341
-0.0773120728049
-0.0656796938395
-0.160049246427
-0.0606222160181
-0.126600506804
-0.137210890294
-0.0153702274602
-0.0622525043849
-0.0813463571022
-0.087104261585
-0.0516251939157
-0.0803470028633
-0.109797985166
-0.0942637464902
-0.126932683398
-0.057798661187
-0.0744689881216
-0.11777337979
-0.0566136519393
-0.0380564914043
0.0337099995525
-0.0616379426591
0.0806115030849
0.0155819850964
-0.0767163734604
0.0703684544188
-0.0923592860566
0.0326821509659
0.0180522868254
0.0873470985458
0.0628159610599
0.0270849791304
0.038378516379
0.00253082732648
0.0453201645112
-0.0165636759148
0.00153730036837
-0.0960376906349
-0.081355626101
-0.0488753143998
-0.07892252086
-0.00296508401288
-0.0266284105947
-0.0305419537907
-0.094523590194
-0.0150438847762
-0.0282601226802
-0.143974046279
-0.0131883408402
-0.0624991839727
-0.0470730326775
-0.0703952969704
-0.0541555442418
-0.0594521964906
-0.0815288487593
-0.0274042161553
-0.0171256056061
-0.094862371427
-0.169377812532
-0.126217555617
-0.10538542679
-0.204875463467
-0.134913823671
-0.118645939651
-0.128877722388
-0.159320164947
-0.0682968593156
-0.127304012027
-0.129406267944
-0.235161411305
-0.106253232101
-0.170733811895
-0.0574861260264
-0.164427643657
-0.0941776592469
-0.133907067501
-0.166207667914
-0.0939937606798
-0.085942837001
-0.0989775809215
-0.0719047444661
-0.0700859776784
-0.050160002724
0.0
0.0232843787328
-0.0448243723176
-0.0632977269963
-0.00728597204716
-0.0798074306682
-0.0119616179311
0.0109344817771
0.000982332321779
-0.0368500226932
-0.0704488862793
-0.0144564400796
0.0568279058457
-0.0172740501171
0.0431111998634
0.0254486132018
0.0848785985876
0.106850737617
0.0766131031115
0.0500762492486
0.101951103876
0.149797559177
0.168709122584
0.0884957916148
0.130910393118
0.116396102042
0.0852202157192
0.177673353081
0.192716935047
0.128806826674
0.185237794636
0.153558821323
0.189567196626
0.175127989817
0.290079275291
0.137108219918
0.139004055496
0.153930149177
0.176256354193
0.212338964067
0.282849574732
0.222426114727
0.180141951163
0.224545899633
0.190614215816
0.323984591624
0.173454006477
0.219507270756
0.0739267146453
0.185297463061
0.313693942889
0.23999714734
0.247693843833
0.245402564865
0.222186444851
0.311501871596
0.295020706826
0.339696493607
0.219199018778
0.279477148805
0.157939924964
0.236895377065
0.234476006985
0.224277238233
0.217511512805
0.186882268421
0.19392629452
0.170900348377
0.20667014842
0.167334023094
0.18325059292
0.286814739897
0.219986243088
0.154502563107
0.115057298129
0.15552064626
0.116258790621
0.183772564332
0.165441856033
0.126650182944
0.0916545500141
-0.015912651053
0.131514351936
0.0893106904084
0.109302275806
0.046822897994
0.10055759858
0.117730018199
0.144804050228
0.109628279561
0.122157704265
0.213331514855
0.204731385591
0.143141050391
0.205431980463
0.187210169888
0.0
0.0723862141229
0.177368977585
0.0481889889495
0.137173076688
0.0885440696977
0.118927396821
0.323472848041
0.095138662297
-0.0042166324476
0.172187911996
0.158868704448
0.0874205551934
0.0881940495151
0.0806292704665
0.0361282022658
0.0962084609673
-0.019791621122
0.143765041144
0.0396687323377
0.0846659492941
0.039069625994
0.101469490066
0.0412840874103
0.08306936569
0.00565918430434
0.0365859489778
0.0812967672556
0.0278229665493
0.0738858478159
0.0289021087845
0.00741961278728
-0.00430344080865
-0.00498151690363
0.0612268852409
0.0352429705914
0.0374852851247
-0.0434134696561
-0.0139574275357
0.00471133448681
0.02814135206
-0.0324425085422
0.0917304238102
-0.0334501041662
-0.00828772882986
0.0451491923885
0.0281793808865
0.0624258156461
0.0333593962388
0.0175480288804
0.0863538372244
0.0380912704121
-0.049796822257
0.179015855407
-0.017982260084
0.0483892230844
0.0759545756432
0.0636563275242
0.0157524142438
0.0902146639771
0.0676450501619
0.136576191213
0.0520430023672
0.107165563538
-0.0242227483493
-0.0223125340692
-0.0192768301072
-0.0317843802407
-0.103365717913
0.0231060078155
0.0111647279111
-0.0479376014465
-0.049804674841
-0.0203473473363
-0.117794231741
-0.0267107036686
0.0182714478008
0.00760530935363
0.0155907361581
-0.0534355458712
0.00640235725086
-0.061659622038
0.0895820985254
0.0
0.0683557565068
0.10532156546
0.0324557906464
0.0197658332395
0.00198258975226
0.0834133748202
-0.0161166872595
0.124897656095
-0.0454046906762
-0.0763334129561
-0.0171345536195
-0.0168443363917
0.0
0.0305080301884
-0.0471968851054
-0.0789278123108
0.0100624146834
-0.0356528272647
-0.0705569328539
-0.134400253448
-0.041549123233
-0.0800275523947
-0.0750554882539
-0.0995509896821
-0.0938740646594
-0.116772184414
-0.0444569699966
-0.133820622468
-0.164158418488
-0.0909526564622
-0.127653823832
-0.232680648859
-0.209113855104
-0.18489765202
-0.264015794863
-0.176933383358
-0.244797701304
-0.235239377431
-0.145141153766
-0.214825369581
-0.21801412034
-0.0990925030022
-0.169982324394
-0.15397570427
-0.202175393124
-0.137799516351
-0.118948034515
-0.151547166394
-0.27470311017
-0.182550021031
-0.221147014206
-0.162111063618
-0.213893949431
-0.197565960416
-0.186594377264
-0.14602825497
-0.173165193503
-0.106370449045
-0.137190007842
-0.0893221782434
-0.0916525603409
-0.191021964236
-0.149332915462
-0.144074385601
-0.127205753201
-0.124778927297
-0.145587159871
0.0651087371431
-0.0325539698892
0.0643999483732
0.0105183014195
-0.0408208608694
-0.0141518326142
-0.0403253699586
-0.00433088529619
-0.000802169253094
0.0368120644197
-0.00386148995374
0.0805109438666
0.0598034945077
-0.0116594344259
0.0770188169573
0.0718316700388
0.0420880631394
-0.00715343271596
0.0586025415227
0.124004550332
0.0494208507586
0.124132057878
0.0839361237625
0.0541319302229
0.110687077226
0.245141670937
0.251648221875
0.152085777347
0.0687134617014
0.17568304875
0.130831533592
0.106542059194
0.0954364730857
0.0920963662408
0.145751413031
0.0892893898235
0.162010980261
0.0852588401849
0.114224690471
0.209547692451
0.154219249479
0.0
0.027572203647
0.135882853225
0.0604277183077
0.0876872457861
0.123664905873
0.114981099341
0.0688172312496
0.109058455022
0.13156682233
0.102285013796
0.0656134275851
0.0678539183515
0.190149590353
0.107397095271
0.146737353057
0.0480799008233
0.159585266878
0.17906985141
0.104059359671
0.0757768802461
0.187838414026
0.110258080442
0.208703279681
0.0794434857432
0.119678305831
0.074442779208
0.0832767246228
-0.00156317809044
0.111227088014
0.0153613055219
-0.0231762466881
0.00134626886448
0.059499999665
0.0593894466564
0.0640751993026
0.0827457737351
-0.0195878659895
0.0329983991284
0.0797612072113
-0.0468315136332
0.0926727862892
0.0354369623324
-0.000105320016335
-0.0172891655888
0.0282928981233
-0.046406356904
0.0525996866242
0.00105363349202
-0.00812650056918
-0.0829496645604
0.0160819971478
0.0028581290254
-0.0141574035816
-0.0139937678964
-0.0156003014004
0.0182005912863
0.0214004842487
-0.144284822107
-0.279968398365
-0.0490306030904
-0.0640678238676
0.0
-0.0526142085388
-0.0735122739783
-0.064110919538
-0.0716754508547
-0.0836967725044
0.0781765158232
0.109692605081
-0.0271458116665
0.0571880834135
0.0361848116792
0.0889107065277
0.068998348855
0.018984114032
0.00462998605499
0.0893756072615
0.107552568148
0.190927447082
0.0912683638697
0.148816562112
0.043768993511
0.149330147626
0.115574420846
0.102527913635
0.0
0.0951982594122
0.0292190681553
0.17329379859
0.0942687977609
0.0428602338125
0.0626841744958
0.0812181240144
0.00488806287237
0.0561516008727
0.0
0.122165540515
0.0911977692898
0.0765668125089
0.100663050639
0.0383603186696
0.011044869958
0.0180786496266
0.0986959626005
0.0174297058771
0.0506249609801
0.0437373044997
-0.0100856849674
-0.0818051047699
0.00491718723799
0.0753777656296
-0.0702622288066
0.129962524733
0.054728443629
0.10474321234
0.223978198633
0.146954130889
0.0980695795953
0.0535266042314
0.134340132068
0.167824614525
0.146379952211
0.139741657643
0.154315710768
0.0845424371853
0.144692708179
0.124305918519
0.138447720183
0.0860106528133
0.156689063984
0.0604050951119
0.0192908284558
0.0428109153945
0.0924297961497
-0.0152380464953
0.0771722413212
0.0859896649483
0.0727631023342
0.167842972898
0.0588413874287
0.0772081787416
0.0570961178753
0.0356681740107
0.200619751739
0.133392828063
0.101692044221
0.105918999337
0.0574101294007
0.0491348493583
0.0893533570408
0.126805730904
0.100375443626
0.0647771992188
0.0539556285405
0.0831227444606
0.112409629943
0.118763598802
0.126178284995
0.0975752537345
0.146252742089
0.252875451206
0.182135616232
0.139232099695
0.179226803533
0.114979496481
0.136845617664
0.110677088353
0.127337752508
0.0815397808119
0.0523628937835
0.114050460433
0.17601998772
0.184841930709
0.0869674821872
0.122490971751
0.131068891332
0.114963751045
0.0889678718186
0.188754805029
0.0595897638865
0.00307104046374
0.0529243692096
0.0491769116693
0.0504895912701
0.118954047698
0.0931264856587
0.11047281471
0.0352369105139
0.0323662633679
-0.0136484984967
0.0858644355806
0.0
0.0194660009237
-0.00202758328339
0.0509584724052
-0.0246879973015
0.0302778392666
0.0694726705908
0.00727164027684
0.0358898617802
-0.0597312330428
0.0276330461609
-0.0147750728199
0.00395065445851
0.0467366084649
0.0500357912634
-0.0405005487448
0.0020989418173
0.032132565812
-0.00508057005198
0.02729678383
0.0166798016438
0.000337033870565
0.0293149812389
0.0918740582523
-0.0363648554329
0.108602431452
0.00906503380125
0.0854388281579
-0.00134235480896
-0.010807187918
-0.0419065390933
-0.0347467238104
0.0417681784569
0.126697087799
0.0296190176115
0.155145307792
-0.0376782116014
-0.067288416283
-0.0226462431732
0.0301227358789
-0.0387712880671
0.0470138246852
0.0207989078229
0.00781010095294
-0.00989703314668
0.0285858272591
-0.0376840820094
-0.0709346608467
-0.109069036974
-0.0269364997071
-0.0774755442382
-0.0836118147957
-0.0849192608657
-0.129484992068
-0.0613543144408
-0.0554785838976
-0.0300569261534
-0.00935192928124
-0.0707774505976
0.0169870070154
0.0
-0.0669734108085
-0.041183402184
-0.0274344197087
-0.0482445783815
0.133628415196
-0.119826300366
-0.0318995272966
-0.0122735245563
-0.0283082858345
-0.0677357096006
0.045752535658
-0.0617438226712
-0.0464179216467
0.0361590195309
0.0415418063055
-0.0370006510294
-0.053299877708
-0.0469091683746
-0.0506355735042
-0.126962340171
-0.00784636462999
-0.0311699502044
-0.054501998261
-0.0970834598604
-0.064766308073
-0.117624078113
-0.12999724999
-0.0593775298927
-0.17309637812
-0.19050255879
-0.0705379459126
-0.206415295801
-0.175023156493
-0.0649622088871
-0.14333037261
0.0
-0.162470424529
-0.103702167196
-0.139279885969
-0.142490522968
-0.17508220347
-0.145374262977
-0.0710241114176
-0.0650713339904
-0.0133835691214
-0.110042826601
-0.10884385494
-0.0990523296252
-0.22167573655
-0.090930982731
-0.109673716023
-0.0761305719567
-0.137511684265
-0.226964627272
-0.0700819980876
-0.0302325507874
-0.10710180819
-0.151249077328
-0.0270899839891
-0.0684263351958
-0.127115712485
-0.0303213117615
-0.0379740395988
-0.00487816417305
0.00176347429204
-0.0836141223086
-0.0254199966153
0.0298564590007
0.0147216529674
-0.0309612559099
0.0441818657697
0.0108675204044
-0.0362644591678
-0.0310341040404
-0.015264978129
-0.0236878717534
-0.0206440458841
-0.0155747389823
-0.0405642132975
0.0907387137341
0.107514061102
-0.0246128538031
0.0470676103248
0.0475378131575
0.0643262311158
0.0744235978653
0.058307633758
0.105980606906
0.0634017747145
-0.0218529320967
0.0120372197767
0.0275986125049
0.0202786793912
0.149462129523
0.0730929467189
0.0304838106757
0.0329770580854
-0.0104660856018
0.00609928815213
0.0371606437334
0.0779097173651
0.0456876763803
0.0825520292528
-0.0188265283476
-0.00630459606286
0.114666719649
0.0526738190468
0.0241454408753
-0.000469126716548
0.0377660010037
0.0717612237829
0.0103759990256
-0.0138422378684
0.0563492938082
0.0
0.0304582222888
0.027463039518
0.0554684040724
0.0747718305566
0.00647427542919
0.00502418709816
0.0293687369725
0.0984393505977
0.0812627878242
0.0751931890416
0.010952599882
0.0370585123506
0.0095838337991
0.0765481265091
0.0498661697318
0.143364496261
-0.0400299244758
-0.00549195026018
-0.0137162378791
0.0500933965611
-0.0100528045475
-0.0122846820341
0.0434171195836
-0.000599392020323
0.144792165384
0.00514023256834
-0.00325847208906
0.0171203355469
-0.0378309351457
0.060870653332
-0.0359609379584
-0.0612585435769
0.0435019882041
0.00322359158296
-0.0716094076599
0.0
0.0
0.0
0.0
0.0
0.0
0.0
0.0
0.0
0.0
0.0
0.0
0.0
0.0
0.0
