0.034805754796
0.037258516028
0.0380130994444
0.0392935565258
0.0477884389676
0.0521251355555
0.0605086649073
0.0655668450594
0.05905918852
0.0642828331159
0.0685327524949
0.0725077867448
0.0776355625318
0.0732510613757
0.0795141075728
0.0775668987052
0.0863093102429
0.0731325821921
0.0811028486336
0.101786903473
0.08798194029
0.0862603691976
0.0885742219675
0.0916629328205
0.0972465248659
0.0994829393199
0.0952073540242
0.102667458503
0.107426801284
0.100863442537
0.111198820038
0.0989514410463
0.126249195782
0.116339771226
0.12200792432
0.125973188652
0.134269564429
0.143445222217
0.138352380057
0.13445052765
0.120629432446
0.117367225289
0.113139465351
0.117661589735
0.122928363418
0.123897785092
0.129719078547
0.144424257208
0.0
0.163165943584
0.164873716753
0.166378021233
0.190413135392
0.187264387084
0.190705073864
0.189582460305
0.0
0.0
0.0718713929327
0.0807627339317
0.0825470256085
0.0944039363916
0.0946535821772
0.114501534075
0.127652958646
0.131343278105
0.153591021376
0.170145675382
0.17851600018
0.179389787392
0.175644014009
0.179956657673
0.163978341047
0.161338587682
0.164664490322
0.149925613379
0.120166379689
0.10561235889
0.0929635712426
0.0747008783751
0.0384226986292
0.0325863786636
0.0377550822764
0.0353697574976
-0.00287213191511
-0.0524294596538
-0.0972397861131
-0.124406278509
0.0
-0.109908870643
-0.0845279131921
-0.0656389726624
-0.0556715863588
0.0
0.0
0.0
0.0
-0.0175176578085
-0.0689420487013
-0.111859246264
-0.154990486335
-0.193491283003
-0.228092897425
-0.317026593461
-0.393045708291
-0.452228183603
-0.491572713903
-0.507165296534
-0.521270298251
-0.535031766747
-0.542253054541
-0.556707804807
-0.542883412548
-0.528552641886
-0.513367431674
-0.484057313773
-0.454516224827
-0.420270450247
-0.376473191809
-0.329896716649
-0.292197088817
-0.263258070387
-0.223040563257
-0.169732003268
-0.123344826304
-0.0851044586835
-0.0528295873263
-0.014208565543
0.0101843229406
0.0427065889338
0.0671431961943
0.0951809260453
0.138755851305
0.176113750833
0.205388518314
0.220486941458
0.225577056767
0.217396375052
0.195400492363
0.176171575374
0.15204459483
0.13996803086
0.11621392857
0.121713986858
0.131789316782
0.141227315044
0.130734634219
0.11205743592
0.09672440606
0.0580106883768
0.0240315632393
0.00418482254504
-0.0119296101789
-0.0272516351875
-0.02390327525
-0.0218323708743
-0.0240539103359
-0.0141127630277
0.0181173201993
0.0558581401712
0.0912945919224
0.115169414378
0.122158237647
0.124661015577
0.123935440971
0.132478492657
0.143582490507
0.160350392037
0.161937292889
0.152934714984
0.136231791022
0.126780169911
0.106760262717
0.0850546299918
0.0771807395738
0.0845905181759
0.0619872463138
0.0450829225878
0.0122870823173
0.00774415300456
-0.011925172313
-0.0379180057767
-0.0722227367123
-0.0930568179583
-0.12618065381
-0.158572090168
0.0
-0.259317455934
-0.289133235794
0.0
0.0
0.0
0.0
0.0
0.0
0.0
0.0
0.0
0.0
0.0
0.0
0.0
0.0
0.0
0.0
0.0
0.0
0.0
-0.328189889113
-0.291770953702
-0.284036155445
-0.267636567246
-0.23758975133
-0.224395472032
-0.180119938054
0.0
0.0
0.0
0.0
0.0
-0.195696665897
-0.224291054673
-0.253423032892
-0.293880556262
-0.3365418306
-0.38819884238
-0.424554964752
-0.464031499578
-0.479856392065
-0.510055818782
-0.523953301881
-0.555851163774
-0.583706290581
-0.611230751398
-0.626677011637
-0.602568065075
-0.617114952777
-0.598492069663
-0.583307195223
-0.570345478647
-0.549040202044
-0.540808248832
-0.526707881452
-0.499458371352
-0.466656908639
-0.446265459569
-0.427787025887
-0.416406064624
-0.417064550222
-0.406640930275
-0.39319823901
-0.36863771447
-0.34793513497
-0.32974794736
-0.302847726343
-0.303126334598
-0.302413364368
-0.281014622032
-0.249403437376
-0.230880591623
-0.195588830925
-0.158703896002
-0.0959445976544
-0.0261931212154
0.0198583631181
0.0672069753999
0.119309960177
0.181068395276
0.220822259702
0.251754989923
0.279217318679
0.299862062517
0.322291064168
0.334179783507
0.337717077408
0.359066296145
0.369051877692
0.371282732292
0.369541220391
0.359610658804
0.349754139118
0.354861181904
0.360761275505
0.349605824032
0.351944227595
0.0
0.352076082274
0.357456748025
0.365558086535
0.374246159994
0.384844945788
0.374562748326
0.376294125378
0.372334637489
0.378085855277
0.357347078304
0.342945081862
0.334649531692
0.318839114937
0.301387067218
0.28661481227
0.271215377617
0.25275700887
0.224404329704
0.194992411605
0.144828576673
0.0881646975147
0.0399112528316
-0.000823616812256
-0.0244312815044
-0.0453931078191
-0.0452634676252
-0.0553391439242
-0.0579944270538
-0.0583808694606
-0.0825716378031
-0.112956989178
-0.145880077902
-0.164312801715
-0.198293884564
-0.226353896677
-0.254142296723
-0.294550537037
-0.330624324144
-0.364750141554
-0.397331461622
-0.411634904541
-0.429474511299
-0.446629785617
-0.473857849883
-0.491296550668
-0.500227564249
-0.517932297045
-0.53017548333
-0.534302955437
-0.543503950814
-0.550588088197
-0.540890388716
-0.554438865216
-0.550701400552
-0.559802880451
-0.55009934192
-0.540386636655
-0.524166186332
-0.507045299352
-0.517890330172
-0.491348328288
-0.499513555138
-0.504694098772
-0.49325945489
-0.483188804947
-0.477811529426
-0.456698962303
-0.434800657744
-0.420402636229
-0.420323549015
-0.417683494305
-0.410752268118
-0.405034786597
-0.409930658717
-0.410775541874
-0.398769217661
-0.372910725037
-0.370164928677
-0.374612440294
-0.356104389915
-0.334633340955
-0.295120148122
-0.252178006328
-0.195534879661
-0.187771462459
-0.185062843058
-0.198305913652
-0.204100186791
-0.198695519919
-0.206785422034
-0.194045934912
-0.175436098045
-0.142853699055
-0.103341489916
-0.055851043582
0.0
0.0
0.0991455265687
0.124192361578
0.143133710245
0.1475511223
0.168401335336
0.173955666949
0.195056482295
0.205489955896
0.221416740758
0.248950755028
0.263986161882
0.270824731803
0.275711130947
0.287732056387
0.297196882094
0.295879312274
0.300942220959
0.30414485106
0.307573272305
0.320668622879
0.323650255974
0.338143289258
0.333603969612
0.327317299519
0.324442848962
0.306136873982
0.261111871711
0.260057987706
0.0
0.254585144687
0.233647058964
0.193818324368
0.164958852101
0.13697221239
0.0724352473353
0.0498970452122
0.0173453736227
0.0130374731619
0.0113196085701
0.0378294426058
0.0787899738784
0.102968167053
0.130127018524
0.117715541831
0.108893880546
0.0967205023141
0.0777778386318
0.0387249623735
-0.00733256961801
-0.0676584869325
-0.131848190437
-0.192079746967
-0.260672540933
-0.312056760861
-0.352845520307
-0.386715756036
-0.409300462088
-0.427257020243
-0.4342472678
-0.432507478851
-0.431098388591
-0.432187306421
-0.440324236413
-0.452689364661
-0.478053285986
-0.483333405319
-0.486389312868
-0.495576129054
-0.514046108917
-0.512419305144
-0.519897352149
-0.476895305986
-0.460270511769
-0.430834455172
-0.410662369799
-0.392279812445
-0.362835585486
-0.34718822747
-0.327527090951
-0.3220477627
-0.303101866941
-0.289962258243
-0.26592541022
-0.22383209143
-0.172996826358
-0.158485462555
-0.116354999716
-0.0893351100267
-0.066848127631
-0.0560624410632
-0.0206162785442
0.00180240753295
0.0315574582457
0.0408877577822
0.0
0.063479248488
0.0707746710833
0.0757804340604
0.0606071731158
0.0594773530415
0.0243437946196
0.000628313054101
-0.0161417781598
-0.0211888720495
-0.016756221479
-0.00975756495839
0.00147987820458
-0.00210278347552
0.013811508073
0.0188220589885
0.0263221905969
0.0184142023864
0.00577154299269
0.0146905530648
0.00274019369431
0.0071925188161
0.00644844646719
-0.0201773108192
-0.0251713830387
-0.0354402808356
-0.0306699973852
-0.0432518801028
-0.0423263384485
-0.0435713233286
-0.0503173208533
-0.0361748916419
-0.020348789268
-0.0162150529027
0.00800132598475
0.0428791774913
0.0680956096677
0.0960521580342
0.125981645805
0.147458054005
0.168591801107
0.19489985119
0.227347058858
0.253071033845
0.278074754425
0.312963250643
0.334078147488
0.369537516394
0.339980679854
0.334791256182
0.334564596676
0.345021855737
0.351537741585
0.328857525642
0.337966995219
0.342394262087
0.349881568193
0.0
0.362319219893
0.376538102416
0.387184395697
0.0
0.410341427608
0.408294441461
0.391108452458
0.395290371903
0.397307301195
0.421022248741
0.425442024673
0.410514615373
0.375740010078
0.372468070876
0.376877785102
0.353738542606
0.330053114843
0.304146524596
0.253999140788
0.215873183245
0.17532534521
0.15740079605
0.14972003344
0.157296349245
0.169409100087
0.161441443652
0.156580366994
0.109255466056
0.0774675889794
0.0755107977944
0.0680963589554
0.0394462642861
-0.00310767444553
-0.0227398171537
-0.0541328425483
-0.0953104129291
-0.106566296113
-0.135425272843
0.0
-0.158728615577
-0.150756505514
-0.151603599898
-0.132168244583
-0.126542827094
-0.135804127519
-0.14894032498
-0.154582136575
-0.16638616538
-0.177841120968
-0.199940007823
-0.200761561526
-0.211478930579
-0.201792076164
-0.241089691454
-0.275266037415
-0.304741394261
-0.342246322974
-0.363316640191
-0.354916893888
-0.357700489567
-0.340855772984
-0.3518073341
-0.366469998675
-0.376637274933
-0.393580063583
-0.409631471976
-0.433565747069
-0.428887019554
-0.42220039794
-0.405700466039
-0.388792785459
0.0
-0.386884118144
-0.400548040324
-0.434897112702
-0.456267739746
-0.49441913395
-0.528043092772
-0.544361865557
-0.549200863771
-0.553653508242
-0.555529125078
-0.544454707905
-0.536993251336
-0.52918241945
-0.528178815483
-0.524319255703
-0.533807007281
-0.53832972106
-0.541722958184
-0.546266478911
-0.547485222317
-0.537750835511
-0.541088618657
-0.535122574539
-0.530994427778
-0.519018047625
-0.518804019364
-0.517080964213
-0.480657128165
-0.441680600867
-0.404231484002
-0.37302183183
-0.320232550136
-0.278810711839
-0.239728311659
-0.198456850884
-0.185715884538
-0.170525941216
-0.148205143057
-0.161857363957
-0.160099131079
-0.18762746612
0.0
-0.215724699626
0.0
0.0
0.0
-0.237798518572
-0.202044774747
-0.170605929776
-0.129515130425
-0.0975377727443
-0.0374068681675
0.00287560994992
0.0546615080311
0.0940440801331
0.145655848449
0.196869613925
0.228738608538
0.245645892204
0.0
0.270654708681
0.293241686406
0.0
0.330901581907
0.339276659669
0.318156394519
0.31782610721
0.322298954169
0.322203019119
0.285738502243
0.250387266911
0.238680350147
0.218295775038
0.192873804158
0.170071038195
0.159231703148
0.145867796526
0.158704579265
0.156503975709
0.150873587601
0.153176866242
0.146037245441
0.122769331183
0.0842563783647
0.0382936350148
-0.0150098139631
-0.0654119396849
-0.112818748108
-0.140448271221
-0.15920823606
-0.185442276534
-0.199786217414
-0.207904122266
-0.225796012451
-0.216462590479
-0.208784183002
-0.193910833221
-0.195842821005
-0.178631938524
0.0
-0.127837111005
-0.0974401500492
-0.0791334590898
-0.0675859609263
-0.052662348486
-0.0546237463139
-0.0390131284977
-0.0298747952231
-0.0126238876395
-0.0071529043901
-0.010892649804
0.00329713569664
0.00850697917389
0.0180850489876
0.0175972441907
0.0248720231718
0.0468171971945
0.0639942338863
0.0725379233486
0.0747349906386
0.0924556113751
0.126635086854
0.158932538869
0.169310156921
0.190405161193
0.207788832324
0.23933148378
0.277767758794
0.324567436149
0.333747425851
0.346618289432
0.360572129622
0.345868209961
0.343144748362
0.339307992015
0.337858732107
0.362978602836
0.374758581076
0.394139337867
0.39099972052
0.392089563605
0.389400800986
0.383828741287
0.356521323466
0.323538377931
0.29087715175
0.237794900099
0.211697621381
0.157145986361
0.110978147433
0.0759668766
0.0497330824583
0.0323818967285
0.0
0.0467563094425
0.0657821412266
0.100884133823
0.158162211083
0.0
0.2966180384
0.32036837158
0.327184187064
0.380748757392
0.428121566132
0.395489290992
0.394731581671
0.403399587684
0.419753936907
0.422934754383
0.423291360659
0.439309156974
0.455988954107
0.492399408573
0.507758814599
0.489830607487
0.469045261879
0.479651060946
0.486069864708
0.506380441537
0.537335095413
0.554836308984
0.523689143968
0.527637018431
0.542213070682
0.547187917782
0.547307963984
0.526811303079
0.530650704111
0.523895516199
0.512029409569
0.497539164125
0.482125868129
0.463663390199
0.45411649135
0.456487346421
0.478406360439
0.483816901727
0.474824826178
0.48256083951
0.480918766482
0.480522216594
0.493618610356
0.490000581219
0.483206224789
0.486380992801
0.497891131817
0.512033844665
0.53438927425
0.553114969634
0.5548006005
0.552170306691
0.547964464752
0.544741236779
0.535984114202
0.5221772043
0.506327501937
0.482659967205
0.471018584781
0.469848995411
0.474010578362
0.473884703951
0.465875281515
0.492186606781
0.521833064307
0.57688363114
0.610169119534
0.610073600241
0.633318692084
0.633338015751
0.619799715347
0.612022016421
0.58498751456
0.56603454559
0.557608355085
0.534215154849
0.488831716545
0.457129123607
0.433547476285
0.407803314643
0.391702029131
0.387351023982
0.369771153472
0.352157245062
0.327077532937
0.287041827711
0.246188218618
0.212211400982
0.197950316614
0.202804926931
0.181527405046
0.174651809461
0.141021313602
0.107112349664
0.0780822490146
0.0
0.0
-0.0653601883342
-0.0991753848786
-0.126740345766
-0.136033479156
-0.154371728479
-0.167648068856
-0.17261041878
-0.186632400273
-0.217996702473
-0.256784194614
-0.297689538536
-0.304505440827
-0.326731572352
-0.356806808998
-0.359620711703
-0.34259009583
-0.335557383253
0.0
-0.311037640991
0.0
0.0
0.0
-0.275163176929
0.0
-0.257383057045
0.0
0.0
-0.194944840034
0.0
0.0
-0.138833042548
0.0
-0.0924449508839
-0.145740422113
0.0
-0.0877943090809
-0.133670458714
-0.12068972924
0.0
0.0
0.0
0.0
-0.228500552859
-0.25944101711
-0.285216207974
-0.292553704251
0.0
-0.377263672604
-0.413433024975
-0.417174094049
-0.407987760911
-0.406823277554
-0.432800689754
0.0
-0.406406561903
-0.411003681499
-0.384176381319
-0.382803601948
-0.350353241736
0.0
-0.315165865424
-0.311451922408
-0.260448476502
-0.280944315047
-0.29807119174
-0.275888856764
-0.273202943297
-0.287193697169
-0.297147854171
0.0
0.0
0.0
0.0
0.0
-0.152131741562
-0.138214222529
-0.137175439414
-0.133904348669
-0.15520209312
-0.188357175047
-0.215526920706
-0.2063738991
-0.218429454629
-0.240773924362
-0.246188679889
-0.273650308505
-0.293198238105
0.0
-0.364181931369
-0.394768826911
-0.411197617768
-0.428508646919
-0.462365014462
-0.475059661817
0.0
0.0
-0.507071357824
-0.499463341158
-0.487224373149
-0.470240690824
-0.449706405494
-0.427370375224
-0.42396979314
-0.434929871865
0.0
-0.45049513475
-0.490265457354
-0.502908937866
-0.526563415335
-0.543152166422
-0.556084478586
-0.557874953245
0.0
-0.565792589529
-0.553194033676
-0.530533382302
-0.516900554979
-0.508800470584
-0.498880984798
-0.453963292797
-0.438710008475
-0.429020378156
-0.422515466592
-0.403676370466
-0.411352975572
-0.417192116589
-0.406620329476
-0.387542996221
-0.354709166495
-0.295893197554
-0.229877443056
-0.219952203348
-0.222031221378
-0.230906320158
-0.229027277641
-0.221071196126
-0.225411157016
-0.24492343066
-0.270157892827
-0.258976734564
-0.254206183578
-0.252000162388
-0.263569693139
-0.292484506429
-0.317477040263
-0.350055261122
-0.368295577352
-0.395068156574
-0.412213795984
-0.413198213529
-0.414837546167
-0.417510970578
-0.410802253156
-0.393938428016
-0.378292872605
-0.362355190929
-0.343796150894
-0.328512881245
-0.322147669091
-0.299569428076
-0.255762003076
-0.249754161087
-0.225698014667
-0.201181528956
-0.178096606623
-0.163070625878
-0.151805344939
-0.137773318503
-0.133463792083
-0.117474068819
-0.12062828921
-0.112596164967
-0.104602698336
-0.0702348580415
-0.0554944635145
-0.0359212826648
-0.012587673551
0.0245378230114
0.0515749290041
0.0827521574102
0.123697480766
0.156921374387
0.20581554978
0.235726344687
0.259447172099
0.269443426145
0.268602382359
0.254822341182
0.249765128791
0.0
0.0
0.242460701118
0.274152532105
0.320914079457
0.339485157423
0.348896239125
0.36079065241
0.347819327353
0.349422382384
0.33743015684
0.338713643442
0.328940597206
0.32077280712
0.311817787952
0.298124095732
0.287721715875
0.274535273802
0.278164896271
0.264318161393
0.248834049247
0.239983901816
0.238886907139
0.220026961558
0.19445010322
0.171278727347
0.134174872653
0.0915652494664
0.045100596406
0.0066193153735
-0.0269918926921
-0.0543898404753
-0.066308983372
-0.058940566013
-0.0397033636613
0.0117770719162
0.0659289419286
0.133064830734
0.17743617388
0.21537917822
0.218238865839
0.215952574519
0.209426203459
0.206279537136
0.183340409611
0.163160983773
0.138731402994
0.0818622385414
0.0388881908337
-0.00965816757857
-0.0449845656292
-0.0706495167672
-0.100854868894
-0.137606196449
-0.174897626094
-0.212997844212
-0.24430200969
-0.279985794129
-0.296326561958
-0.330923366183
-0.357654852656
-0.370633605591
-0.37937240765
0.0
-0.38956730492
-0.397393363001
-0.405941648625
-0.410494942291
-0.441942728285
-0.456778867699
-0.471292188258
-0.479362474437
-0.475191745757
-0.505788377604
-0.48824352106
-0.472187534047
-0.46424225593
-0.448308276499
-0.438525726017
-0.423912424522
-0.415668673633
-0.406436294373
-0.392959939068
-0.380099112502
-0.381150875541
-0.386598072712
-0.390303438762
-0.40339528418
-0.404229732355
-0.403059087441
-0.396523724176
-0.3925728302
-0.392167720323
-0.401822951055
-0.401705748613
-0.411683370312
-0.399926979938
0.0
-0.405773396466
-0.387981728791
-0.368997660256
-0.347482463244
-0.312168548782
-0.269579810463
-0.238042481773
-0.207079590236
-0.192778476388
-0.179385407361
-0.171757577995
-0.164387616886
-0.149052821368
-0.150925896252
-0.123821647016
-0.151088337981
-0.167618622334
-0.189625505921
-0.199666103465
-0.230438297879
-0.254649750165
-0.262306411498
-0.260767657382
-0.267062258935
-0.261616252148
-0.253553091288
-0.218398763431
-0.193950881375
-0.169251640819
-0.157498077059
-0.153070669778
-0.129653783375
-0.132132276237
-0.124994520625
-0.0977987972394
-0.0433349912802
0.00676532457534
0.0467998663852
0.0843475851034
0.116985723066
0.157525765179
0.177254006756
0.198421053813
0.209043902009
0.217279870888
0.225303205427
0.206572540921
0.164169070827
0.143661539441
0.120551485192
0.0859424174221
0.0324620589707
-0.0166516801283
-0.0634155427482
-0.0969785331216
-0.108289908419
-0.144299104957
-0.166962850206
-0.177944337624
-0.187567863713
-0.167495511452
-0.163912403399
-0.163098583793
-0.150914158241
-0.154425540472
-0.152782272346
-0.156428327865
-0.179644461915
-0.220275027475
-0.259306558065
-0.288644078446
-0.306916764915
-0.33969614242
-0.376312956272
0.0
-0.375753168347
-0.344883347659
-0.323250427565
-0.313529885953
-0.308768976288
-0.288206527899
-0.25900400645
-0.230013019944
-0.199007915717
-0.16921490566
-0.191735394648
-0.217770550992
-0.210955774628
-0.209092620654
-0.222482834935
-0.224830996558
-0.203425105241
-0.173453235466
-0.151292264303
-0.116873009518
0.0
-0.100520467877
-0.0809720494804
-0.0802836244415
-0.0861725025381
-0.108269073205
-0.139078435699
-0.154983693103
-0.161724890416
-0.178560048564
-0.210395680186
-0.212403139395
-0.224519153049
-0.235294522658
-0.248060869043
-0.246287116895
-0.236784696727
-0.228753269394
-0.235409496681
-0.245551480995
-0.269296451344
-0.279784684364
-0.277044487134
-0.260700022503
-0.270693994509
-0.268949193956
-0.257068214975
-0.24882309256
-0.244633647582
-0.243501649989
-0.23170995188
-0.249892726755
-0.266745177117
-0.292380855908
-0.31393360308
-0.321366876495
-0.322056157031
-0.305181194255
-0.270054313813
-0.232495379207
-0.198205893238
-0.156228426835
-0.0869730764264
-0.0378057291651
0.026505881697
0.0950531178976
0.147959160567
0.229427516661
0.297168085252
0.360665317481
0.416913508546
0.450432850414
0.460519364187
0.460617550356
0.465509786683
0.475490822717
0.494633081092
0.522809409831
0.526245130576
0.54456610369
0.552274188712
0.545328353105
0.536600515501
0.524491589669
0.518967659875
0.512618325158
0.51166758381
0.511511761951
0.506622862882
0.507183277922
0.500634025775
0.503176592821
0.484534806051
0.469525410591
0.448300829083
0.430501269672
0.408945813787
0.412236615159
0.394443579152
0.396408276794
0.389176897636
0.393514926786
0.397759148344
0.401056291818
0.410065389088
0.415267236405
0.414163455625
0.415883322934
0.405702723383
0.411357573251
0.400636945156
0.374659099074
0.345991744716
0.319385388342
0.294767060002
0.292789153683
0.0
0.311521763332
0.30675840535
0.2949628969
0.278414591919
0.262865238715
0.248005276143
0.244425587749
0.238821045234
0.230228652163
0.224858531403
0.229683887769
0.233040809147
0.240572229987
0.240519747123
0.239000392045
0.225104527241
0.226861359078
0.206963765245
0.185777564232
0.183764545892
0.186277088515
0.176087061063
0.182400707192
0.184189277586
0.196582417137
0.195301632599
0.210494920977
0.209272247304
0.199819257149
0.180262711778
0.158497717872
0.149426566686
0.137422008284
0.0
0.143356936206
0.154180126422
0.179507982777
0.19880879599
0.226880759376
0.245121356319
0.263255776549
0.271342225557
0.268430335635
0.260928308616
0.253705844307
0.238525791759
0.218606480701
0.20459074008
0.200268992693
0.18935130033
0.174712170378
0.164651802379
0.163747998886
0.149884233199
0.147419681729
0.136063414264
0.134290502363
0.136341377569
0.140726445156
0.173108368387
0.17168281022
0.18824109245
0.19745370483
0.203090006102
0.205405191717
0.219310208794
0.224763529464
0.231977431656
0.240180373708
0.234784794153
0.236999247607
0.227750843426
0.229308563173
0.226767398732
0.210863938194
0.187680878746
0.153560368838
0.118219861586
0.0845866577317
0.0622472797688
0.0550958018309
0.0481732624747
0.0516348553638
0.0880952075952
0.130013848626
0.135051779164
0.15571492966
0.154783038774
0.15308079319
0.154117775154
0.138585057448
0.14508392178
0.142183954043
0.129706485863
0.122425894164
0.0
0.0948166869768
0.0840305546805
0.0748402783057
0.0661206423376
0.0664746573294
0.0865109550381
0.100662561911
0.119626729266
0.132753795864
0.142266467246
0.154002704576
0.161181946297
0.15788456024
0.146102251585
0.135925784993
0.113166813199
0.0988838521295
0.0799106560684
0.0560494973299
0.0383759657871
0.0271947384335
0.0302316162498
0.0414667062882
0.0505685684603
0.0481168489068
0.0584576284182
0.076085062807
0.106370666886
0.11655287401
0.128757112789
0.147535678438
0.162969730701
0.167191072184
0.18685217479
0.196597023643
0.194227436828
0.203060731961
0.20671346522
0.223798128789
0.255198718427
0.251432252515
0.264012211353
0.279367617419
0.28579609488
0.304083195501
0.320284106814
0.330368295594
0.330212377257
0.32878891475
0.327795192545
0.320131860477
0.295224378424
0.280688725598
0.266438914602
0.232563784431
0.205278473148
0.172174802495
0.142731814357
0.111909986558
0.0956302805175
0.0601368723955
0.0353988216517
0.0341217260011
0.041729899202
0.041683813544
0.0556392092559
0.0682585515735
0.0680163343767
0.0503557675608
0.0444634356315
0.0282236939011
0.0314861236309
0.0214215966034
0.0108019951358
0.0313125200464
0.0543961442716
0.0420008666353
0.0425580082991
0.0218202030102
-0.0269291367816
-0.0687066496362
-0.111221557575
-0.112534395537
-0.185188732644
-0.253586964004
-0.306294179896
-0.33732922356
-0.351953838309
-0.376999757238
-0.406484213332
-0.454197534025
0.0
-0.453542537353
-0.422413712069
-0.427440666452
0.0
0.0
-0.388421708279
-0.346748816521
-0.359030837271
-0.344608616713
-0.338512944555
-0.320265934301
-0.290423721181
-0.243814536186
-0.193035953889
-0.130744906346
-0.0880669113503
-0.0365088598318
0.00729281395001
0.0556255071101
0.103478788848
0.162474040339
0.234635709645
0.297052257624
0.355059443898
0.386006471552
0.443249900191
0.478430903578
0.493560759363
0.50138466237
0.510984800493
0.527487493562
0.530413980433
0.528586754236
0.556248514162
0.0
0.524935074034
0.507918929117
0.490645674221
0.47843616998
0.473534507497
0.460088765529
0.468030815155
0.473943942513
0.473845065059
0.461734362391
0.470305182535
0.466988566891
0.467316683373
0.473243793782
0.476131725908
0.472484626018
0.49618544658
0.501305495172
0.501500966698
0.498540223963
0.486408811602
0.474296766026
0.474402421686
0.468764311746
0.458672224472
0.458711318734
0.446824645353
0.427307872952
0.417536318977
0.399910708799
0.393403998735
0.398742087339
0.394412388234
0.404578948608
0.39448656176
0.395353236181
0.397850204138
0.417427781335
0.438211389218
0.436951100005
0.414576293552
0.409164408955
0.379121370462
0.362529910933
0.337366601272
0.321897059646
0.298291013473
0.277379352221
0.28499654915
0.298003951682
0.321775546876
0.324435040878
0.313246005543
0.30841747938
0.304571608745
0.310510346006
0.30587217188
0.31267793238
0.31587345834
0.339098865584
0.334893963615
0.337700651101
0.334753662423
0.336914194481
0.0
0.359932492387
0.359106123477
0.362466000637
0.352899262449
0.349591651701
0.337903151243
0.330663517172
0.321080695981
0.312892567764
0.300400659516
0.295948523047
0.285716936132
0.276026872866
0.26802355143
0.0
0.234305638585
0.218800886117
0.185649788493
0.149822605554
0.0
0.0757876388747
0.0478276518383
0.0559127483733
0.0477978277586
0.0429550221979
0.0200917041723
0.00919790945124
-0.0408138738793
0.0
-0.112674982929
-0.153881867654
-0.1827443172
-0.206239248298
-0.204440228262
-0.182625126845
-0.175019613142
-0.160776527961
-0.140911228763
-0.129970416955
-0.11928514006
-0.112299912918
-0.111914598316
-0.112479164778
-0.0984158767372
-0.0797354726874
-0.0591210063597
-0.050266119295
-0.0491212428669
-0.0330770915471
-0.0293208919683
-0.0113482780871
0.00807530261729
0.0172499812164
0.0302565879348
0.0336446752882
0.00178005373378
-0.0217294047108
-0.0677694818457
-0.128650269118
-0.190636440156
-0.26352075615
-0.299536367358
-0.325546628137
-0.339524523562
-0.344584331687
-0.326215097455
-0.315676032886
-0.300329647505
-0.276537056971
-0.258331487815
-0.252634504503
-0.235281809038
-0.232973265618
-0.222411507626
-0.204427376432
0.0
-0.183068392555
-0.171021490091
-0.174632613621
-0.169387310524
-0.180718027951
-0.182786437323
-0.157256655326
-0.145129042442
-0.113937711975
-0.0952184631112
-0.0728298086357
-0.0661372940812
-0.0692418036028
-0.0844620685824
-0.0794525247692
-0.0703379213274
-0.0594220039434
-0.0542480791546
-0.0445105040937
0.0
-0.014272423283
-0.00750393192337
-0.00556736895823
0.00361404062409
0.0040230024059
0.0152741521844
0.0215058771619
0.0306431752857
0.0276234552703
0.0282064245373
0.0307336360484
0.0200782164007
0.0260669798492
0.0234273640739
0.0342204060022
0.0419317176239
0.0653518388651
0.0759670651406
0.0850273597947
0.0921885498171
0.106555152846
0.11640879677
0.105955273306
0.110547279012
0.103199455742
0.110577474972
0.120090232452
0.132975015827
0.146303648882
0.162683810235
0.160126479852
0.162528971259
0.145556672074
0.122451119138
0.101816876978
0.0693825101828
0.0442279080899
0.0105054633512
-0.0190259916634
-0.0412479934785
-0.0703197240159
-0.0981516796024
-0.123494890685
-0.147406319808
-0.170775600168
-0.186679273597
-0.202984264407
-0.194294756819
-0.176041183541
-0.179885564806
-0.181098072737
-0.190229678637
-0.211072485121
-0.236860627734
-0.258423079919
-0.263441793543
-0.275758076782
-0.288940069799
-0.294116089113
-0.300266945353
-0.30440253406
-0.29413648401
-0.284205078815
-0.269877737687
-0.263640947796
-0.248355732101
-0.232768535783
-0.226277046311
-0.205934814442
-0.181094301884
-0.151801089865
-0.114091890385
-0.0664765183367
-0.0212017775662
0.0259714227185
0.0629312509164
0.0757063417717
0.077321830921
0.0805205116551
0.0685270917602
0.0371257251283
-0.00351901192274
-0.0241196207346
-0.0447182375291
-0.0442262418021
-0.0718349463908
-0.0683619877735
-0.0608206732075
-0.0391262181809
-0.0210014595337
0.0257669410803
0.0601039032595
0.0910245536334
0.117552842072
0.142336071018
0.0
0.0
0.197924017562
0.220639178256
0.234048358284
0.280244192802
0.293882539116
0.309166111551
0.329183438452
0.364495437201
0.364905856695
0.360728542175
0.361751939097
0.374565785458
0.35651862627
0.330786161525
0.315237827272
0.294036371732
0.282421260136
0.264368332106
0.242455726657
0.221564628101
0.207691091116
0.200268889103
0.203265443743
0.187731201727
0.167614362918
0.155941800609
0.146541123937
0.130389008382
0.134272271082
0.12975220105
0.176395476973
0.0
0.223058367
0.254512802684
0.28376339818
0.300177883538
0.290029767403
0.287959093204
0.28152526977
0.267996179556
0.273977573275
0.272564189209
0.273002623116
0.27946464902
0.295974563332
0.290530622499
0.267976129945
0.239231565768
0.203074496374
0.137500100539
0.066758659929
-0.00600339791046
-0.0788764944098
-0.140523741924
-0.188640615914
-0.219145841504
-0.23090742275
-0.257008054978
-0.28260155592
-0.308872068857
-0.343533816258
-0.369812350005
-0.401123431711
-0.438293499066
-0.438408302467
-0.422002018014
-0.408049577123
-0.420278009979
-0.435173469674
-0.445968728571
-0.457138701165
-0.463134657042
-0.465739066462
-0.4536518471
-0.446109759688
-0.416113608211
-0.383323929413
-0.374975294998
-0.33227687867
-0.298396643315
-0.254746369008
-0.200977655455
-0.134664601499
-0.124708902396
-0.0674193376033
-0.0179594282074
0.0222290349358
0.0430318535368
0.0547673230247
0.0694077209555
0.100956352318
0.131811065193
0.130438377879
0.134585839647
0.0
0.171354084935
0.192497053153
0.219384075171
0.237210114425
0.265940323668
0.27515691391
0.267101967199
0.262054692061
0.249777988341
0.256208611277
0.254265271367
0.269905418461
0.279926945939
0.295531249239
0.302429873019
0.313570486378
0.330636775546
0.339862071075
0.35595913152
0.374361532867
0.382193551175
0.39350868055
0.407142132094
0.418056663879
0.432987068709
0.448158031936
0.476105344928
0.462232006758
0.455880244448
0.508203871407
0.515662133651
0.492880044169
0.486263054584
0.441768389289
0.428893588906
0.4166529718
0.40468482248
0.404309186398
0.400862139775
0.390137075911
0.363065676707
0.359861640054
0.344149505944
0.320366607726
0.313987856337
0.334158750486
0.34165848874
0.335923374111
0.354049069049
0.355770137116
0.352898086866
0.353980475355
0.362377227094
0.360244768448
0.356750917273
0.374753715638
0.389860241281
0.408851479997
0.0
0.410246894696
0.362807953971
0.343059564019
0.329723830787
0.342577962506
0.335243698806
0.328903640944
0.322453119605
0.321350101461
0.326117409724
0.324920306357
0.326029400123
0.339216718028
0.356284876554
0.361453591259
0.356088930696
0.368922880597
0.374442908246
0.35919880786
0.37057679318
0.363220270138
0.319443750543
0.300517942429
0.32196846895
0.320448735051
0.31717715932
0.337608877736
0.359019651834
0.3750108124
0.362719340444
0.351694456847
0.332632586621
0.363744573701
0.390707683309
0.0
0.0
0.0
0.33449199917
0.303619226684
0.264164444197
0.227781053031
0.195271363757
0.180719050661
0.171178899119
0.145746105096
0.133097683089
0.126246612226
0.101719685064
0.0692069580657
0.0414688295723
0.0333854660844
0.00967076150441
-0.00121671138903
-0.00626417313558
-0.0127158222467
-0.0369860899274
-0.0346055782382
-0.0244844776672
-0.0137542159855
0.0107400559825
0.0266910030632
0.0433953378574
0.0595447198228
0.077225128582
0.0860654529446
0.0878918026904
0.112547513681
0.113233873539
0.108340277941
0.128232067012
0.124952422006
0.134238884505
0.149935538286
0.164732722597
0.186061195309
0.218295116362
0.233873315371
0.25541481061
0.266333625315
0.282913294757
0.30340268515
0.327624083263
0.312951734763
0.30992995945
0.281123591628
0.253126461626
0.234506094827
0.213084125985
0.237511248752
0.264004010359
0.257017918078
0.254299361021
0.271407570239
0.283910654566
0.300421706714
0.272880950913
0.233596100488
0.217155784594
0.200759571284
0.196195380138
0.194089501711
0.173761072829
0.179501503081
0.19041534195
0.201597472009
0.185000396187
0.17406578847
0.177002410283
0.192406338226
0.240921973315
0.247699736632
0.229735553106
0.234473843734
0.243586360291
0.213350267098
0.199708715291
0.189472636705
0.213114154897
0.193935501163
0.172624620495
0.161910114388
0.117924884679
0.0881052392285
0.0680778136165
0.0614165276122
0.0635743245487
0.0498201301979
0.0443901122084
0.0507885978114
0.0452308740365
0.046406837253
0.0589786324656
0.0
0.0947403145736
0.109719562978
0.139170875842
0.142121171123
0.137497285697
0.126038771362
0.135892761344
0.154838913812
0.150997355636
0.173569274732
0.162811394696
0.146871151452
0.114410650208
0.0655587269156
0.0467057343662
0.000285246851313
-0.0451830860704
-0.0521129514471
-0.0780727152088
-0.0992369265407
-0.0939378278707
-0.100451250108
-0.130651088305
-0.144450589744
-0.152766627712
-0.148951909076
-0.17101542569
-0.1812234275
-0.1865570444
-0.203201856595
-0.203644627477
-0.215292455209
-0.230075895879
-0.248693188882
-0.253805492963
-0.253884513958
-0.255724875501
-0.230985534719
-0.222043529554
-0.207438705374
-0.196846292426
-0.180713166402
-0.166893617629
-0.164893747395
-0.162343379617
-0.180090495888
-0.172427242468
-0.196670111906
-0.206810002932
-0.221532026095
-0.213190951531
-0.224759167686
-0.242856097815
-0.251287788605
-0.255054946129
-0.24989381346
-0.245466734949
-0.226089066023
-0.206844918765
-0.184359596045
-0.168244703948
-0.1381570146
-0.129498729327
-0.121640062286
-0.128928252412
-0.134362052679
-0.124241769104
-0.115847838069
-0.105455037604
-0.0928925046952
-0.0913176094031
-0.0795158758568
-0.0640018101023
-0.044127086124
-0.0243683721757
-0.00764494814268
0.0
0.0244120605345
0.0495293722357
0.06812708232
0.076956642985
0.0746390158004
0.0555210610935
0.039740939333
0.0350731244841
0.0186993990288
0.0237306301312
0.0195880620588
0.0273752223716
0.0587672088651
0.0864767515682
0.0972300468635
0.101495771298
0.0944657913503
0.0728223307258
0.0
0.0688942613868
0.0569930465753
0.0506495295595
0.0448601246302
0.011847560803
-0.0527779740342
-0.110493053893
-0.169366207569
-0.201927724102
-0.230302606721
-0.267734930858
-0.287053584385
-0.317759431921
-0.345389753001
-0.341474215159
-0.357501911441
-0.376106979025
-0.389454626043
-0.415936439266
-0.427244653698
-0.43233396691
-0.443850150356
-0.433903861245
-0.421995894044
-0.419368759114
-0.424187260359
-0.433460581856
-0.43984226043
-0.435523625115
-0.40958287942
-0.391129629551
-0.345275487702
-0.30802317419
-0.29004733893
-0.26822087181
-0.259256394701
-0.226911372434
-0.20398577379
-0.20036525298
-0.194959406299
-0.206347336694
-0.202449560647
-0.168747137341
0.0
-0.164460862621
-0.19980785027
-0.212043643693
-0.235501234895
-0.238254203332
-0.288203824208
-0.328232656382
-0.369110964662
-0.404941321187
-0.426333080369
-0.443550883061
-0.477322456325
-0.48265150449
-0.506297620617
-0.518993628379
0.0
-0.507785413506
-0.501002853052
-0.498000416606
-0.512596044457
-0.52522745092
-0.531151425272
-0.534851361558
-0.541807442141
-0.554606091896
-0.593471185494
-0.603316784015
-0.616336050756
-0.626387937443
-0.625476928559
-0.617027286104
-0.631262497584
-0.626871295597
-0.615221799649
-0.610481487258
-0.579035370114
-0.555425396544
-0.539567318116
-0.526344834316
-0.54897012347
-0.55205323638
-0.538833630999
-0.541877948031
-0.5667311698
-0.580342698936
-0.59129372558
-0.597735745802
-0.596001631799
-0.575112214815
-0.552877339889
-0.539953655179
0.0
-0.507622474976
-0.469684211456
-0.456842574212
-0.44888833815
-0.420772996616
-0.395090705852
-0.352159502345
-0.319626149583
-0.27853534074
-0.219699754578
-0.138330298242
-0.0654467988173
-0.0245731590625
0.00662523977937
0.0300879676981
0.0510917242525
0.063675605083
0.0705191618122
0.0678812102575
0.0543097739979
0.0366160906118
0.0140854228196
0.00227909577715
0.0158361689766
0.0272686577035
0.0415628016541
0.0442924667097
0.0612179620478
0.0781167080637
0.0715591681995
0.0687944822162
0.0868356871284
0.0905912476537
0.104987643469
0.130989398976
0.146275968954
0.200168824969
0.22391355943
0.239185689036
0.247727353039
0.253150618375
0.261104788255
0.271329934864
0.27241357006
0.282129534868
0.271351917212
0.27909205483
0.285138134636
0.275809512079
0.268592871469
0.253040399775
0.238654976116
0.225436015462
0.197921967694
0.190534875307
0.175070180327
0.14512401693
0.139353401523
0.145621741374
0.136471351346
0.149906514182
0.143484184006
0.131291296286
0.128298140301
0.130871805344
0.136931805629
0.137755193415
0.119576298677
0.0911588054304
0.0445959814778
-0.018129965254
-0.105581664076
-0.173758491727
-0.225870470723
-0.266242786925
-0.293501702189
-0.321686753913
-0.369039664678
-0.423444634489
-0.476581193624
-0.523773145602
-0.561908849527
-0.576368411711
-0.615831717387
-0.624073270388
-0.638521809372
-0.637547313809
-0.638191283164
-0.641496870354
0.0
-0.628842348169
-0.634817673733
-0.628427478711
-0.621799448235
-0.628882274829
0.0
-0.661828369908
0.0
-0.639959157418
-0.634425398202
-0.609059044177
-0.601428372704
-0.585796280212
-0.571517577998
-0.545078645894
-0.542528617436
-0.527936244573
-0.529691199316
-0.513243587085
-0.481432068439
-0.447795334859
-0.432601591775
-0.419801457471
-0.380403248213
0.0
-0.336918563527
-0.311689775151
-0.280897181959
-0.239893357525
-0.234304721745
-0.22887114253
-0.237172236957
-0.237145966596
0.0
0.0
0.0
-0.239651211128
-0.231397796563
-0.227181525691
-0.21488224346
-0.193030441197
-0.198258044552
-0.185726094781
-0.187590944926
-0.188177310491
-0.174363473374
-0.184212749098
-0.167508613867
-0.155818437799
-0.151513790648
-0.120696789647
-0.123511588205
-0.109549722765
-0.111609250549
-0.0945507624731
-0.0803725351529
-0.0763391765385
-0.0762733836737
-0.0773511016511
-0.0936751001694
-0.108967509631
-0.117065203813
-0.112887339686
-0.11586155492
-0.12093842607
-0.130200232176
-0.0789827065212
-0.0801684684924
-0.0604719383481
-0.0426359355606
-0.0238453397156
-0.0117730782958
-0.0132090792717
-0.0138568886626
-0.0173571423053
-0.0162673084297
-0.000445465906974
-0.00798464750089
0.0377257803241
0.06248486454
0.0660316451937
0.0702680058948
0.0517341117779
0.0565570475738
0.0577638058644
0.0471520377036
0.0598825766502
0.0682483283414
0.0804139818069
0.0802175459545
0.0786401535395
0.0837638706206
0.100601919682
0.105550921969
0.0967079869747
0.0650997494246
0.0420954038768
0.000320951370022
-0.0251223956162
-0.0627731383378
-0.0977884236257
0.0
-0.162184556924
-0.1783774308
-0.19698057269
-0.197303745276
-0.215078460653
-0.238192658894
-0.238197510536
-0.234488062194
-0.251217423496
-0.270104726867
-0.26634679249
-0.287416917307
-0.29240045962
-0.294015356376
-0.310552293444
-0.32055432076
-0.327221765375
-0.323008859663
-0.334359746147
-0.323161228547
-0.322088597553
-0.32289843437
-0.351246075124
-0.37773468399
-0.389859347586
-0.408616951552
-0.400884356062
-0.382871983448
-0.370061007519
-0.340538572886
-0.310993662432
-0.283232603956
-0.24770813498
-0.198255705015
-0.179568422355
-0.193325981478
-0.164005864349
-0.172249860668
-0.176432358122
-0.199473422378
-0.208955751647
-0.218287437716
-0.218538433255
-0.205692110419
-0.204151947268
-0.21153588206
-0.213408176531
-0.222099371299
-0.220098111402
-0.227571182384
-0.241857192634
-0.254560836294
-0.268553858212
-0.276624838176
-0.290572522346
-0.305374253932
-0.304472609364
-0.286125268676
-0.257113840659
-0.260588000094
-0.241433536986
-0.220165532176
-0.224870211721
-0.218303417652
-0.197431769915
-0.17704698915
-0.162954639478
-0.14664134161
-0.132506017097
-0.108872930446
-0.116345237302
-0.120401298351
-0.103631264346
-0.112217691281
-0.0899896636733
-0.0727918381249
-0.0683959834174
-0.0703638520228
-0.0661065748753
-0.0478291295079
-0.0280198237625
-0.0046638819172
0.00215764464799
-0.0101767931626
0.00755646984488
0.0201119796621
0.0361092017957
0.0580706944831
0.0739064186368
0.088090120279
0.120146023106
0.14249905323
0.131801265206
0.16020211973
0.155878654866
0.0
0.185017042073
0.174677874232
0.178230521223
0.168131521753
0.163717911214
0.166656321358
0.175024801484
0.21508096383
0.242131054675
0.257528126468
0.262748422827
0.273166478925
0.288632870975
0.303266301209
0.321199983529
0.3191129332
0.328432857903
0.365249784127
0.414901339961
0.473484061866
0.491851087794
0.481544897236
0.483320182842
0.472167630268
0.475234207914
0.483590071566
0.46523845983
0.434705584607
0.419310597601
0.423998223675
0.404794282111
0.383310805367
0.381131697856
0.368983906657
0.368426377597
0.37849734206
0.384226560054
0.389027361509
0.385656774903
0.38356031395
0.380569516697
0.380837486003
0.377395061777
0.372534340329
0.377124672002
0.371010137119
0.366799902196
0.370135967021
0.370755199502
0.368509767241
0.36504801934
0.355665127109
0.349285443235
0.331133881022
0.324812976362
0.329505444642
0.338515279361
0.336399891557
0.344237728865
0.338353619253
0.344604340597
0.348207428158
0.349629666427
0.36378427438
0.359005239006
0.358817399327
0.361564247289
0.354544736165
0.356463383124
0.361920748413
0.364789680288
0.365598877132
0.374359264681
0.372682917463
0.362423470573
0.35883115905
0.35385501031
0.335030245455
0.33436740967
0.319291598832
0.311704920195
0.282930782728
0.283275483813
0.275815304605
0.28329425502
0.280639653322
0.269050718499
0.267749631711
0.254656537034
0.237113993707
0.225908210587
0.223325114212
0.208455787562
0.196189083609
0.166827165102
0.0
0.142074620435
0.119819437715
0.115535144957
0.0981161201264
0.0788113552571
0.0851831392679
0.0737557888605
0.0634664729182
0.0510022273071
0.0504288417868
0.0317344085135
0.00539740575633
0.005537626804
-0.0231788440724
-0.02383933674
-0.0263193871369
-0.0243194399314
-0.031735658659
-0.0237610969401
-0.022656001057
-0.0234761287219
-0.0244909977883
-0.0308883044029
-0.0188120293705
-0.0152462374911
-0.0254914339732
-0.0186813555668
-0.0129797299842
-0.00965006524053
-0.0118668303622
0.00786482139706
0.018109797003
0.0260798086007
0.0395316352773
0.0539503730924
0.0536943468131
0.0603543647669
0.0787849821652
0.091205470256
0.116238638529
0.127087480358
0.141074398074
0.160353991794
0.171741649613
0.183452669094
0.184478591939
0.181973039039
0.188080713543
0.203128536802
0.219455849326
0.226009046599
0.237651917909
0.24754115451
0.251851083214
0.266264923115
0.266507773487
0.275003113219
0.277492581278
0.285283168216
0.292638781216
0.302165567023
0.296618919751
0.303142321983
0.300059898706
0.287859250548
0.282740155534
0.281570976292
0.285839747649
0.275686479124
0.274833972803
0.27408212852
0.277283146885
0.279121402935
0.285201034313
0.283722765535
0.280762038316
0.277008472067
0.267119571114
0.26761044138
0.260209626622
0.244599050843
0.219042078753
0.210633853977
0.187437095298
0.215742531149
0.199732340623
0.197561110183
0.18227640177
0.182568074873
0.176456523279
0.180141417736
0.1885876109
0.179296213954
0.218549998433
0.203061411425
0.0
0.197839736659
0.194775922814
0.195677957631
0.193639752098
0.196396646858
0.179146309627
0.150378260652
0.148268789063
0.132107097059
0.108308901263
0.098423856485
0.0805297669459
0.100039519144
0.0819708946648
0.0809034989667
0.0791853145344
0.0858691033872
0.102505327389
0.0878367482539
0.0878872739549
0.0777427082667
0.0832438128741
0.0
0.0882597171588
0.0962223353236
0.109406760851
0.10591676464
0.120698685643
0.11944632041
0.134599859491
0.126889221797
0.132447080851
0.136109934186
0.129247467113
0.134288570342
0.125138620153
0.151639444966
0.153316206511
0.141094383265
0.146962368959
0.1533562291
0.1555611697
0.162263108363
0.169897975546
0.1746387148
0.176298633073
0.174660447201
0.17088205913
0.176882951898
0.172542052145
0.181674785824
0.179814063626
0.199765116422
0.211591945058
0.234280084231
0.225057092961
0.244167304068
0.227568288944
0.224244956888
0.226790580563
0.226120211761
0.220203317544
0.231154603446
0.231983289157
0.244524848773
0.245697899886
0.264986616462
0.277726147331
0.28168531318
0.284779909276
0.256539768562
0.266633510392
0.263971754259
0.0
0.0
0.0
0.285714786842
0.269598983062
0.265912111253
0.268312183618
0.256728456405
0.255426998457
0.252661184423
0.238717090061
0.250429993557
0.240270777794
0.216273148645
0.16022187613
0.166110928336
0.122404099533
0.0925920663554
0.0653005479183
0.034983272844
0.0
0.0
0.0
0.0757405533515
0.0993011812953
0.111813701945
0.118069300217
0.127248909571
0.132880024401
0.136472385283
0.123667472399
0.116017277842
0.118421329398
0.108853484702
0.0673695701001
0.0630386686202
0.0406581544155
0.0106734207772
0.0161975478092
0.0183913146936
-0.00240236944984
-0.0229201912783
-0.0471464259043
-0.0456176437785
-0.0753818977104
-0.0954333553142
-0.120506566962
-0.130426915676
-0.131021160757
-0.12972809487
-0.168847320932
-0.188104439752
-0.197537165757
-0.233581537623
-0.252484716042
-0.289298354643
-0.320100979039
-0.34759812076
-0.394159274309
-0.424245122782
-0.463042391735
-0.50397677405
-0.53065308305
-0.547422885867
-0.545742406963
-0.549796206842
-0.560871846088
-0.568368849202
-0.572291807127
-0.584941371481
-0.588470253461
-0.579890981252
-0.571999290161
-0.567613648102
-0.55941125811
-0.556746639156
-0.551965062883
-0.550870168178
-0.544715526716
-0.538783994048
-0.523650386582
-0.500892873468
-0.485212836962
-0.442959713146
-0.410202108058
-0.357767029917
-0.320903637969
-0.268678645198
-0.210098167198
-0.170958733109
-0.133808629257
-0.0953816540409
-0.0637537626548
-0.0363351819
-0.000194507546663
0.0241148295444
0.0567380625334
0.0666254065383
0.0804918071057
0.0966146187952
0.126803643321
0.134530005556
0.150054210913
0.168857333481
0.183163481433
0.209231307886
0.22688423444
0.253705205166
0.283065075025
0.284814364815
0.281369680354
0.278073519924
0.266910041341
0.264889547063
0.251300835559
0.204219781721
0.147950322782
0.0932171768688
0.0
0.0163855354008
-0.0223168655865
-0.0189865246592
-0.0229161372866
-0.0287865383662
-0.0485561678388
-0.0487575279454
-0.0338834841982
-0.00664413944569
0.0188162164828
0.0106672714589
0.00849271741398
0.017012606031
0.00725514545716
0.0204681629905
0.025710330633
0.0436732499795
0.0834887267562
0.1329647347
0.185398657487
0.258131257096
0.298389847686
0.314372892304
0.281559239543
0.297966420875
0.271159765866
0.23973779811
0.233222893034
0.231617913489
0.205540764707
0.179299832663
0.168222518948
0.13377486651
0.127039914403
0.131866627425
0.111291151052
0.0761646745049
0.0615971062179
0.0330234671887
0.00766860587259
-0.00480822143004
-0.00402170683534
-4.70151275582e-05
0.0188285413158
0.0223812271921
0.032796593911
0.0507492525288
0.0572276397787
0.059773991838
0.0446592366082
0.0295839646837
0.0109343892407
-0.000548239139731
-0.0378959547111
-0.0809737657704
-0.115392993588
-0.122685530854
-0.145104042796
-0.162723135964
-0.181884717853
-0.210445295462
-0.178914477185
0.0
0.0
-0.216504708666
-0.177402531258
-0.133078860605
-0.11400083844
-0.101131367011
-0.0826891188208
-0.0774831224793
-0.0865878703905
-0.0787024012751
-0.079599980392
-0.0962742062436
-0.104898213315
-0.105753357538
0.0
-0.101353074349
-0.0773334539747
-0.0496028129817
-0.0270891957575
-0.00255386360044
-0.01904718703
-0.00239800258581
-0.0062122463921
0.00221797039626
-0.0147433437252
-0.0528227138931
-0.0737710565882
-0.105715960315
-0.153278358367
-0.208058315972
-0.242892709659
-0.277226620196
0.0
-0.32618731703
-0.339012018227
-0.343829452579
-0.328753432747
-0.313405924198
-0.30546092498
-0.288315184546
-0.261312211956
-0.234217184992
-0.203428330045
-0.169449107087
-0.151134729494
-0.125479252557
-0.0960640602397
-0.0984334164546
-0.0968610558475
-0.10579926111
-0.112040644216
-0.11625102356
-0.106619071559
-0.118486005943
-0.132975003104
-0.106915267689
-0.12689700152
-0.124927714473
-0.115997591491
-0.102083944263
-0.0959014862209
-0.0620142830892
-0.0334552738946
-0.00383088220109
0.0299730143326
0.0653028973243
0.0999372290466
0.116186306555
0.121125022863
0.125741420719
0.112947209356
0.135060808421
0.147695354775
0.160090893504
0.155040504462
0.162858188791
0.145788757174
0.136370319026
0.138466126143
0.138597864475
0.114701011623
0.0917500997694
0.0935940745602
0.088384097283
0.0839967394661
0.0705803440089
0.0649449656983
0.0404576695964
0.0246522560253
0.00408642763182
-0.0111348997947
-0.0320090475056
-0.0497864252998
-0.0504580125295
-0.0462323385373
-0.0556862576298
-0.0702937877218
-0.0776662525812
-0.100654543285
-0.104439084405
-0.104093767851
-0.0905576768055
-0.097947225925
-0.104312786989
-0.141377700742
-0.131166889629
-0.139139566468
-0.154086502983
-0.176748443203
-0.196061470137
-0.221478540515
-0.243820786922
-0.273116762677
-0.288982894182
-0.297054236377
-0.316414630992
-0.323197500539
-0.319046819632
-0.31054923292
-0.30035110952
-0.289666041942
-0.266798677623
-0.25658360204
-0.250799792872
-0.238969915947
-0.247789581054
-0.252283726122
-0.262565563182
0.0
-0.298034173278
-0.32163776647
-0.345166806007
-0.362125875474
-0.380372625774
-0.388663011953
-0.391709626192
-0.392348475045
-0.393308767729
-0.387985009892
-0.387671150546
-0.38883011093
-0.390712481834
-0.393169019786
-0.403566245719
-0.403021306622
-0.369666343026
-0.354351199289
-0.352750509942
-0.335518005455
-0.327067818258
-0.317913283309
-0.310586949264
-0.319054631283
-0.298428525532
-0.290270680178
-0.281497466768
-0.2650493454
-0.242201997267
-0.219314034792
-0.196210592595
-0.181377052757
-0.155750812147
-0.151095857985
-0.138904514232
-0.143198667398
-0.1142047332
-0.10981340496
-0.086351196675
-0.0866765240557
-0.060044116122
-0.0299986633659
-0.00943453478004
0.00532266809818
0.000770014459939
0.0141686410063
0.00684933902785
0.0067667588099
0.0297278369884
0.0325360375985
0.0419776605378
0.0633505950999
0.0871207333874
0.121939653389
0.135350368491
0.152088021933
0.159956997951
0.181556766159
0.189747962677
0.208010332429
0.214172721622
0.21561350326
0.208136346067
0.193666682007
0.154100369514
0.136603859099
0.113505875777
0.0956505934994
0.0874184215707
0.0799618679512
0.0779358996225
0.0660955579265
0.0920263798964
0.0826703033458
0.0838860768517
0.0839857031022
0.0829588527136
0.101081838339
0.121663768331
0.144361608215
0.165580425953
0.16469144706
0.153616452288
0.160201917386
0.172594120532
0.172118517818
0.165107113638
0.158203163981
0.148968696033
0.149646687188
0.155798287923
0.156578074857
0.158335147637
0.159249036936
0.157668014873
0.0
0.168710863971
0.173594517806
0.183633712304
0.206680113527
0.201859927782
0.189708644709
0.191752291181
0.16384380169
0.156512309741
0.13465779694
0.13427647878
0.135391448814
0.151484386936
0.153977549533
0.163156101696
0.172499199763
0.169926067132
0.189498483862
0.19481133713
0.216334154713
0.214246191776
0.225003971384
0.238413255448
0.251993239936
0.257950208373
0.264347861164
0.26760025518
0.281992453123
0.295592619236
0.295385405731
0.274861536865
0.252394993801
0.22960663569
0.21157259544
0.203036840844
0.182612253755
0.180666141151
0.165936213615
0.139912039374
0.124138765964
0.104510628304
0.0972181568919
0.0769217400056
0.0469304287115
0.011179096019
-0.00961189592534
-0.0382115023754
-0.0679512471572
-0.0655030367743
-0.0573169769129
-0.0428336491975
-0.0341071211683
-0.0415924275301
-0.0405910470967
-0.0300447946002
-0.0370478967307
-0.0221109363452
-0.0314046680824
-0.0562798032382
-0.0824403336875
-0.0777641740363
-0.102084605794
-0.146609326048
-0.185256224823
-0.209612449021
-0.239403519971
-0.266992616859
-0.268808209637
-0.249655482725
-0.25206873269
-0.246765055002
-0.222654703722
-0.177771630254
-0.155998030993
-0.138266446316
-0.13283095038
-0.115028052361
-0.0938894120231
-0.062664601535
-0.0476719639687
-0.019984610329
0.00497092088202
0.0261741877441
0.040040771517
0.0530385989159
0.0489120516461
0.0679159817696
0.0896698982745
0.0945750778963
0.111731997478
0.129931156283
0.123571780381
0.111298096896
0.0659817526496
0.0261342442996
0.0
-0.0460271446517
-0.0794989486649
-0.115726914806
-0.148133137179
-0.192649568339
-0.23049194235
-0.281187153055
-0.320673578716
-0.341138692128
-0.377246490235
-0.397487195018
-0.4123574401
-0.419906521488
-0.417728625547
-0.418135873566
-0.393351543215
-0.375769482269
-0.345056239493
-0.308090380195
-0.25823747329
-0.224936689396
-0.207540782151
-0.185518839727
-0.171025511332
-0.183909650655
-0.195157598154
-0.219816641885
-0.240605940378
-0.254308350409
-0.28472520182
-0.308066644904
-0.313415395849
-0.331298630405
-0.356663704021
-0.38774254822
-0.419843954509
-0.414381190152
-0.417247763781
-0.416560070021
-0.425292826975
0.0
-0.432871145549
-0.421166314358
-0.423592660164
-0.436279613936
-0.447249955698
0.0
-0.474988166398
-0.481967291384
-0.488565343992
-0.49539537382
-0.493809486923
-0.492729393804
-0.481533539291
-0.473194844608
-0.470988500653
-0.451934654381
-0.442620186001
-0.431382868053
-0.417107073097
-0.410557004142
-0.400161254956
-0.383746743965
-0.377599514099
-0.36585976428
-0.342597370645
-0.304900085118
-0.281792812703
-0.249385689128
-0.229356607611
-0.211244630644
-0.202332791855
-0.175589978126
-0.165114165547
-0.172898998116
-0.177414453146
-0.193134933085
-0.199081193817
-0.210539114716
-0.230702949552
-0.237842530938
-0.243306913668
-0.245281384084
-0.253104450727
-0.242910132487
-0.243943113531
-0.235878106755
-0.242845696797
-0.235252775872
-0.2372003591
-0.221599144847
-0.195785314047
-0.166124430715
-0.135919742036
-0.100225975724
0.0
-0.0584143174292
-0.0287461613936
-0.0217659128503
-0.0181765504562
-0.0112286523991
-0.0256786705286
-0.0413150305957
-0.0512412397941
-0.0843110407456
-0.102240737843
-0.100674143184
-0.0989038665293
-0.0721418491297
-0.0423013449424
-0.0132548072376
0.0184621595804
0.0607165295852
0.0773269079091
0.0957821973753
0.116422711986
0.124720155164
0.137778764908
0.142324108172
0.142611583839
0.150390620646
0.148774049647
0.0
0.0
0.147731647879
0.138431972218
0.12918043787
0.114812136965
0.103853494966
0.0762502137649
0.0708732758219
0.0580820373634
0.0741109439047
0.0699262179704
0.071123376833
0.0741366644912
0.0705261845419
0.0527831718185
0.0736430956793
0.0791893782374
0.0488506957454
0.0415709630653
0.0450039929818
0.0443151319124
0.0468766019911
0.0583829480657
0.068606334408
0.0788927998889
0.0860022781082
0.0841171793805
0.101255892314
0.0952602006786
0.105278717272
0.105261787486
0.109397339473
0.110577524013
0.113007093183
0.10664536873
0.111632382988
0.100499311984
0.0975932963864
0.10092753176
0.0832106383019
0.0598545577149
0.0379282176916
0.00438478160352
-0.0148345398413
-0.024553601223
-0.0319114690795
-0.0316576755854
-0.0353207059048
-0.0202090842793
-0.0235704726571
-0.0163260629339
-0.0206418324144
-0.0206133525129
-0.0465363539512
-0.0622249166819
-0.0832549343849
-0.101159318683
-0.097916241644
-0.101266264483
-0.106078397203
-0.0989645425095
-0.11319111107
-0.126722527699
-0.130633051473
-0.134460822913
-0.135959638177
-0.120429392744
-0.11962862038
0.0
-0.0982680033916
-0.107564163406
-0.120970639192
-0.133562410802
-0.158718534356
-0.173423150355
-0.199457739364
-0.205560788218
-0.210282584151
-0.205933605306
-0.205310506265
-0.19217543711
-0.184123076027
-0.173350088284
-0.13990110939
-0.117019800613
-0.103327811429
-0.0813186097987
-0.077145874588
-0.0748625797609
-0.0699571991067
-0.0614078864009
-0.0639456307197
-0.0722066147712
-0.0856860771384
-0.1048443956
-0.130704768093
-0.152245680993
-0.178104180162
-0.187852637897
-0.184248727352
-0.181586832027
-0.183254056301
-0.183755112375
-0.185452497292
-0.178066838242
-0.17057621457
-0.154569778631
-0.132424690945
-0.0993269553291
-0.0806065679048
-0.0551884987842
-0.023674631475
0.0118040867454
0.0426013682586
0.0606742053246
0.078080402626
0.0835412357581
0.0788081749583
0.104670575367
0.146669626003
0.173398596789
0.203658595285
0.208722431901
0.207683415932
0.20290028499
0.211130157089
0.203759908373
0.177850024144
0.170134496452
0.183622633674
0.176874327862
0.189517834056
0.190247699626
0.167657400167
0.143720446228
0.108319529545
0.0969354812891
0.101856751697
0.120775490173
0.137547209764
0.149580017787
0.156797501495
0.15613639222
0.158065685705
0.148856424614
0.137113992571
0.117549956572
0.0921681409624
0.0509164657107
-0.00212097179589
-0.0426074269308
-0.101334059915
-0.150791562257
-0.175769554375
-0.201820521344
-0.226506783446
-0.249065022819
-0.264081927335
-0.279657624346
-0.294490436353
-0.294419098376
-0.306245612729
-0.302627774675
-0.311228394321
0.0
-0.31393229417
-0.304608295112
-0.30258062606
-0.312872575147
-0.31665209529
0.0
-0.339254525688
-0.339864557958
-0.332929610024
-0.346457973467
-0.347781284336
-0.346065733074
-0.342797863108
-0.328255091235
-0.318721338338
-0.312020100395
-0.297829635358
-0.288962112491
-0.265696948079
-0.245489896858
-0.217133461962
-0.194378498827
-0.177651903043
-0.165662378072
-0.147515933696
-0.13614913603
-0.117377071713
-0.109059165091
-0.0850214951531
-0.0651858023478
-0.0367134449716
-0.0216574895988
-0.0116501374495
-0.015054399675
-0.0335335279335
-0.0393940592238
-0.0449534861688
-0.059246642606
-0.0831130022675
-0.0977614946141
-0.106615306242
-0.114075665527
-0.120068467758
-0.122105007391
-0.118857811074
-0.125806622043
-0.129432461787
-0.147060623562
-0.154094057499
-0.178636790032
-0.213277458334
-0.24390533179
-0.268742877483
-0.298676260805
-0.31537898392
-0.343019704305
-0.369113243012
-0.400064052933
-0.428507538966
-0.46189374841
-0.489166147339
-0.515987785426
-0.534873657497
-0.549569975929
-0.559798158705
-0.56897562775
-0.568586037079
-0.557188392878
-0.554660576641
-0.529360811735
-0.521385672308
-0.519249359639
-0.507096237829
-0.501253065989
-0.498422215294
-0.506186103565
-0.512157159445
-0.525051473268
-0.528112338826
-0.531710404955
-0.518306822068
-0.501691571319
-0.479340654723
-0.468402556102
-0.441854280101
-0.430536276485
-0.418060419495
-0.40971675349
-0.395118930095
-0.385867763861
-0.380447056016
-0.370046064609
-0.376894435735
-0.37385508877
-0.384907544181
0.0
-0.3939533179
-0.390239958097
-0.393453793596
-0.385720408522
-0.383956410191
-0.386177954309
-0.365450462777
-0.35870267773
-0.332247903163
-0.313229925661
-0.28704440533
-0.265677381079
-0.242594952774
-0.21971956442
-0.199734616839
-0.185067771084
-0.157500867978
-0.147251599689
-0.151301110902
-0.140365621666
-0.141845448602
-0.169978412941
-0.184071726214
-0.193158397014
-0.204369002111
0.0
-0.224052646903
-0.227025978338
-0.232625978267
-0.24553828278
-0.253241574502
-0.261670702379
-0.260765361702
-0.238710702559
-0.240259440791
-0.229020319796
-0.189654279728
-0.173849309463
-0.158466325704
-0.133089365311
-0.117597286916
-0.099809728907
-0.0944186899256
-0.0966333327237
-0.0831003361985
-0.0513250639797
-0.0867271860223
-0.0929691104314
-0.0936643595579
-0.0928509362999
-0.0877969163581
-0.083723157885
-0.0857283978216
-0.0948329450669
-0.111514079718
-0.138120457308
-0.174127965618
-0.194973298121
-0.199736655451
-0.19558083837
-0.210381501354
-0.225014331137
-0.240755136336
-0.261474095768
-0.277321352126
-0.28709363835
-0.31452589583
-0.335072005849
-0.349621626781
-0.344489679043
-0.339973363212
-0.34357912234
-0.318662936917
-0.312450591759
-0.312953135959
-0.315481561561
-0.312803826797
-0.314354433112
-0.307073217887
-0.316754625438
-0.325519323704
-0.346721617714
-0.350563676315
-0.363438881136
-0.362740945196
-0.355382390656
-0.359108811842
-0.347797693159
-0.336947852681
-0.331587267597
-0.332349033214
-0.32476821799
-0.332406050932
-0.343352126774
-0.342388598974
-0.359246579418
-0.371342636553
-0.393476694384
-0.396855495349
-0.414524955647
-0.430263306755
-0.444241896219
-0.440335586934
-0.44527464312
-0.448301989579
-0.44381634752
-0.45368132647
-0.446219508321
-0.453717301271
-0.450233436651
-0.454461395376
-0.453495841066
-0.457799873342
-0.460100348556
