-0.12272704847
-0.12277454515
-0.116228131672
-0.112293950021
-0.107799050483
-0.103136073492
-0.096776373251
-0.0935401188347
-0.0889181899266
0.0
-0.0788727973048
-0.0830177860169
-0.0857075619555
-0.0906503319992
-0.0904986889671
-0.0888380846643
-0.0842072677673
-0.0832524074616
-0.0838852498984
-0.0823951242101
-0.0822240110523
-0.0776571822278
-0.0765479269811
-0.0760531818738
-0.0783240526768
-0.0773805745413
-0.0761982253769
-0.071687199954
-0.0689874378118
-0.068976295787
-0.070817276931
-0.067051202483
-0.0620666775248
0.0
0.0
0.0
0.0
-0.0607533652039
-0.0572388078991
-0.0565242810652
-0.0517745741308
-0.0511950147509
-0.0511891867222
-0.051144479815
-0.0509348061225
-0.0550249493199
-0.0476864574295
-0.0424357490814
-0.0383822274269
-0.0356473211945
-0.0337916216306
-0.0374587800716
-0.035004871994
-0.0344995693183
-0.0355490169523
-0.0372552783227
-0.0374377938188
-0.0383790469312
-0.0438731052564
-0.0459803312129
-0.0485809549871
-0.0496979677288
-0.0501298905403
-0.0477014808183
-0.0421158940451
-0.0390890579149
-0.039182775227
-0.0412501535835
-0.0459241572613
-0.0546966050662
-0.0546059713899
-0.0566108636707
-0.0597516135193
-0.0600833120948
-0.0630767978053
-0.0654918859611
-0.0657705867251
-0.0653381221702
-0.0708780096124
-0.0752450183019
-0.0752567153314
-0.074753512319
-0.0760245580358
-0.0767431730376
-0.0784027206262
-0.0776510902493
-0.0754322792657
-0.0754457124234
-0.0759025681822
-0.0763048289174
-0.0787028990211
-0.0787978768843
-0.0777069423395
0.0
-0.074815863065
-0.0734379503401
-0.0735704365006
-0.0755182814386
-0.0765691352878
-0.0761819265704
-0.0736933057617
-0.0721612845425
-0.0686980738802
-0.0678675006318
-0.065285672495
-0.0695056527337
-0.0705403879199
-0.0712490920176
-0.0717640578223
-0.0726728727043
-0.0706889966991
-0.0710438548473
-0.0695999333061
-0.0703024006934
-0.0701424262382
-0.0695805237832
-0.0678538707886
-0.0659585500329
-0.067433715834
-0.0649959540497
-0.0639788789314
-0.0635171269397
-0.062055482745
-0.0618849621477
-0.0621749312088
-0.0623666919148
-0.0635004990889
-0.0638443555636
-0.0626015914508
-0.0658822683889
-0.0661082378696
-0.0643799509168
-0.0629819952092
-0.0625587212706
-0.0609808852332
-0.0611870926991
-0.0611739899645
-0.0615936214151
-0.0618466519545
-0.059504789534
-0.058070767624
-0.0610932646499
-0.0614331297084
-0.0555955521105
-0.049402385916
-0.0430680024829
-0.0425658316149
-0.0454254886583
-0.0471330450312
-0.0462291413019
-0.0471520385351
-0.0492862483001
-0.0472327147449
-0.0466590679239
-0.049419179789
-0.0482316342036
-0.0476108589293
-0.0469837454748
-0.0442354113769
-0.0427432744988
-0.0450993217574
-0.0471719525543
-0.0497295690192
-0.0512498805875
-0.0524863552884
-0.0533069558639
-0.0528807640048
-0.05448906236
-0.0509458390151
-0.0496454556414
-0.0490833090549
-0.0481017213075
-0.0484126818772
-0.0507353971967
-0.0511316596802
-0.0519478738729
-0.0546265104765
-0.0560541713377
-0.0564522642362
-0.0572191094432
-0.0577593987666
-0.0589800554528
-0.0579865513456
-0.0567204805573
-0.0567000344144
-0.0570859210217
-0.0553632068751
-0.0544437060597
-0.0521818421036
0.0
-0.0461146787907
-0.0430840184488
-0.0410160115213
-0.0426595466269
-0.0391905758174
-0.0384267612005
-0.0365612225652
-0.0366105330795
-0.0350390237652
-0.0351670271392
-0.0364422594547
-0.0380852141366
-0.0392443652223
-0.0393660478394
-0.0402259213019
-0.0369091566748
-0.0341327708789
-0.0305191653146
-0.0266085945959
-0.0247294236879
-0.026133815325
-0.0277778492223
-0.0289289605566
-0.0269100792805
-0.0297424719475
-0.0295900758856
-0.0310672996187
-0.0276703302642
-0.0277624927951
-0.0251557765477
-0.0258929061095
-0.0276796026355
-0.0285612252102
-0.0277238475877
-0.0271353970245
-0.027158146251
-0.0293792158861
-0.0282528894462
-0.0284472588025
-0.0278252610931
-0.0291972400103
-0.0306132469213
-0.0299378052987
-0.029766895999
-0.0338751733703
-0.0338176636713
-0.0348280723517
-0.034896442549
-0.0341562759897
-0.0337890446958
-0.029021890381
-0.0240645062669
-0.017653629456
-0.0157227088829
-0.0180374298527
-0.0248080165146
-0.0287310159331
-0.0324166459678
-0.0347379244535
-0.0319230630366
-0.0290800449327
-0.0291575862718
-0.0311076017496
-0.0295146696328
-0.0275612183725
-0.0277761296838
-0.0304682516658
-0.0311945772651
-0.0316344033968
-0.0347718083406
-0.0366564066355
-0.0390339204334
-0.0408556877275
-0.0395232891636
-0.0384619514092
-0.0409477092019
-0.0422608392667
-0.0441132891808
-0.0449693230688
-0.0448086844824
-0.0443467972869
-0.0440944162672
-0.0446721482362
-0.0422901085013
-0.0423876818658
-0.0432055771786
-0.042347810758
-0.0449977151861
-0.0481210018999
-0.0510640071552
-0.0514890595233
-0.0507812316663
-0.0534356359402
-0.0532748808631
-0.0569372526946
0.0
-0.0611001485256
-0.0610933774685
-0.0626362128699
-0.0620894908773
-0.060782600339
-0.058297646848
-0.055552166533
-0.0538926326809
-0.0538525865702
-0.0518735678878
-0.053984883742
-0.0534436000588
-0.054211747838
-0.0521207916144
-0.0514928203024
-0.053071200549
-0.0519704061633
-0.0500475646979
-0.0485389509776
-0.0473855952484
-0.0445011853255
-0.0429086936045
-0.0372722557473
-0.0376311343509
-0.0360034210992
-0.0354698276409
-0.0368392333213
-0.0373617095676
-0.036312555072
-0.0367657231609
-0.0364724116449
-0.0357881681547
-0.037283726145
-0.0332855059201
-0.0328207849086
-0.0307305082389
-0.0289691682614
-0.0287011600364
-0.02643660963
-0.0269865528583
-0.0250451529082
-0.025018000012
-0.0270943353316
-0.0263400770423
-0.0295704947071
-0.0269319615733
-0.0268130578114
-0.0274433093217
-0.0261871198055
-0.0234254655573
-0.0229562596886
-0.0208036034001
-0.0224649758887
-0.0270768973551
-0.030507710243
-0.0310246626249
-0.0335745177602
-0.0346995084072
-0.0353521716659
-0.0355510117538
-0.0376194422735
-0.0381454234202
-0.0382640874706
-0.0371162497883
-0.0369648617918
-0.0369805020476
-0.038942210838
-0.0398177071504
-0.0391661138847
-0.0378624374196
-0.0353662563868
-0.0342449501
-0.0343788486051
-0.0333344816663
-0.034136474773
-0.0329383034969
-0.0333093369712
-0.0325767915084
-0.0318157040116
-0.0303163378438
-0.0316787655608
-0.0307446680035
-0.0306984150033
-0.0308703806111
-0.0315280682869
-0.0302595588376
-0.0284446480799
-0.0284837874387
-0.0256276354418
-0.0239088523298
-0.0231301289059
-0.0221879635379
-0.0225655566969
-0.0214646849549
-0.0230719652289
0.0
-0.0274149949332
-0.0285864830143
-0.0288081010965
-0.0293251964087
-0.0298041943826
-0.0304546284296
0.0
-0.0206178128742
-0.0255526175182
-0.0285136221837
-0.0305828750705
-0.034479300552
-0.0335226435717
-0.0338890097666
-0.0336146223204
-0.0326262587001
-0.0328208834525
-0.0332015895396
-0.0304518606058
-0.0285023803764
-0.0269031665029
-0.0249659181757
-0.0244690011351
-0.021350539385
-0.0199708337971
-0.0192759402954
-0.0199637508571
-0.0187155727185
-0.0194024549745
-0.0189325492078
-0.018254048461
-0.0177000759727
-0.0170006905435
-0.0165708649995
-0.0163353708282
-0.0164710550686
-0.014391897601
-0.0112472286621
-0.00753373450062
-0.00703982930807
-0.00850638511136
-0.00792535984785
-0.00771486794535
-0.00663734967794
-0.00705801967574
-0.00502092932709
-0.00535668724827
-0.00469494358042
-0.00564821080471
-0.00703233156815
-0.00887860766127
-0.0119399104598
-0.00818534207582
-0.00683206767958
-0.00982364841657
-0.00988199798827
-0.0123892859136
-0.0107430439659
-0.00980093580238
-0.00726629742076
-0.00450247841827
-0.00157438820746
0.00135808520132
3.05173066084e-06
-0.00367999029763
-8.34954159034e-05
0.000502619213719
-0.000737547804324
-0.00186298482366
-0.00500115413756
-0.00971846843101
-0.0144083938142
-0.0173996668061
-0.0208915250709
-0.0211537115228
-0.0209583702038
-0.0171462063702
-0.0151150022756
-0.0183461816014
-0.019321186359
-0.0222056591517
-0.0218581563207
-0.0240414669715
-0.0240790254363
-0.0246643924911
-0.023828804234
-0.025496005917
-0.026392947293
-0.029307917211
-0.0284624402353
-0.0296862786335
-0.0266316670091
-0.0275017301566
-0.025150718755
-0.023871581939
0.0
-0.0233061156387
-0.0239645363852
-0.0260593730502
-0.0251074618152
-0.0240463661662
-0.0236470229077
-0.0255490357625
-0.0251176751368
-0.026539861629
-0.0286394198372
-0.0309315637666
-0.0334523359528
-0.0350249477167
-0.0378838875833
-0.0387009328886
-0.0414050608674
-0.0385273133546
-0.040241848451
-0.040025844767
-0.0397217748207
-0.0395776327792
-0.0388079323569
-0.0393558404912
-0.0398899983986
-0.0410600372983
-0.0399884842943
-0.0385569851005
-0.0386653381658
-0.0380344128674
-0.0394380642032
-0.0386564516435
-0.0399789825739
-0.03907900754
-0.0399868954687
-0.0361734241012
-0.0348223700816
-0.0370985409878
-0.0354384231952
-0.0348871446702
-0.0331766328895
-0.0316661113958
-0.0319907109518
-0.0310015525666
-0.031876368739
-0.0308921055371
-0.0312497180211
-0.0301969006581
-0.0281604110477
-0.0279723790149
-0.0256135977405
-0.0250519381723
-0.0254659482668
-0.0237248639531
-0.0240318272071
-0.028518695513
-0.02338962184
-0.0213403245903
-0.0211027713143
-0.0201177379193
-0.0174236368005
-0.017439073302
-0.0179686544475
-0.0169600340825
-0.016196541901
-0.0157568720916
-0.0158976813276
-0.0130286677307
-0.0111253383716
-0.00983761573742
-0.00957575351925
-0.0102581875913
-0.0119790785242
-0.017387372616
-0.0160950913007
-0.0144467348621
-0.0146947866559
-0.0137540591937
-0.0145268904603
-0.0146048790771
-0.0159288367579
-0.0151768059745
-0.0159763227015
-0.0151970649602
-0.0164862131216
-0.0139094158842
-0.0123421223791
-0.0130957089643
-0.0124150323864
-0.0117862469615
-0.0122558510024
-0.010110079209
-0.00887388202054
-0.0107526073592
-0.00769570696641
-0.00294258442872
0.0
-1.15768062132e-05
0.00178320438208
0.00192005225136
0.00183258554056
0.00313637634593
0.00173214346777
0.00232174275412
0.00250079953257
0.00207850796258
0.00291187880813
0.000943308177931
-0.00138751446491
-0.000181397957318
0.000430670953628
-0.000998336611511
-0.00106869409511
-0.00330915490897
-0.00506787032448
-0.00681479224753
-0.00894725055758
-0.0101981635936
-0.00897485578659
-0.0118561178608
-0.0100870132125
-0.0105033727571
0.0
0.0
0.0
-0.00397497374348
-0.00297133567779
0.00197227025193
0.0066804899841
0.00808069904374
0.00945027742056
0.0102511318304
0.0132998658691
0.0177809668966
0.0177842582719
0.0187731347534
0.0214331388132
0.0243301381888
0.0282494447998
0.0297656221892
0.0267283171981
0.0269080152889
0.0303434343974
0.0357678880245
0.0285129999219
0.0320937737918
0.0378051196009
0.0445739838998
0.0423039327878
0.0372938130808
0.0300684707523
0.0293788662439
0.0321245083348
0.0381054869055
0.0368894721483
0.0315068390103
0.0272216544981
0.0255803707229
0.0237278975775
0.0230696627522
0.0240926001753
0.0240900265923
0.0245687202728
0.0241107831317
0.0243281138406
0.0224384385095
0.0231692776726
0.0227410105082
0.0183719732366
0.0189275857892
0.0204762775635
0.0204108673689
0.0206214676582
0.0214332551125
0.0216417891102
0.0207689912953
0.0208844371034
0.0173700671166
0.013014358222
0.0104069305219
0.00734506776804
0.00434072029357
0.00271477864088
0.00137975795735
7.08982960054e-05
-0.00394624006986
-0.00384649109366
-0.00733403889788
-0.00682860784585
-0.00790738325907
-0.0105415783787
-0.0143725553003
0.0
-0.0137000143316
-0.0117913358799
-0.00842014057756
-0.00920507305883
-0.0100420284294
-0.0113508882826
-0.0118057065593
-0.0102064164758
-0.009622145183
-0.0116718964293
-0.0113154318066
-0.0140795296243
-0.0162758386054
-0.0166695969317
-0.0180523940107
-0.0176825661029
-0.0159650970397
-0.0165809900669
-0.0158269533236
-0.0119825635992
-0.0116497388977
-0.0116498318595
-0.0118402803081
-0.0142895512197
-0.0149827349635
-0.0148182421018
-0.0146142458389
-0.0136484991605
-0.0159242522226
-0.0157544209585
-0.0166442005276
-0.017048329061
-0.0159600170204
-0.0133643284779
-0.0147410714482
-0.0104817778315
-0.0155420857284
-0.0140646612898
-0.0125743092212
-0.013743490685
-0.0120768333645
-0.0144813479231
-0.0152843646031
-0.0142521316312
-0.0127136350536
-0.0114083412551
-0.0105959588488
-0.0119283835483
-0.0124440400601
-0.0114145866071
-0.012149635284
-0.011319943631
-0.0115761852228
-0.0126845113594
-0.0134749816924
-0.0124501990617
-0.011800598658
-0.0085720879551
-0.00809779752835
-0.00729479256616
-0.00657697323653
-0.00415507553801
-0.00278863823924
-0.000298597869936
0.00174728363213
0.00399699903222
0.00406859279041
0.000817810919209
0.00306864971419
0.00564635113075
0.00926742717683
0.00782806533216
0.00848538191029
0.0049146482212
0.000215709709749
-0.00171684589591
-0.00326167870645
-0.00397374584918
-0.00461409750262
-0.00429937267441
-0.00224486511209
-0.00390387660204
-0.00508365552929
-0.0045513875869
-0.0036467699102
-0.0027491784004
-0.00271964552555
-0.00267106243218
-0.00105650505993
0.00191991987417
0.00126743038448
0.00432505719237
0.00884990222799
0.00450667525207
0.00651694233189
0.0
-0.002309158634
-0.00277136174255
-0.00191745762394
-0.00166433859439
-0.00113826902622
-0.00105689144163
-0.00260471692872
-0.000597376364652
-0.000361881539442
-0.00162011464077
0.00162575256216
-0.00171600048096
0.00070730818414
0.000226964856237
-0.00171643498946
-0.00299910753342
-0.000961806108589
-0.00112398011729
-0.000148836542558
0.00255425436465
0.00301573973268
0.00463193674732
0.00326475021528
-0.00424557350857
-0.00651652916641
-0.00494631107069
-0.00309209248793
-0.00272531724572
-6.90589751827e-05
0.00259035474575
0.0029440796263
0.00559131424074
0.0064450970079
0.0069225203747
0.0104304530403
0.0068685455158
0.0031324299918
0.00457388099779
0.00833509768083
0.00664878442486
0.00610822488023
0.00509964915811
0.00448813122897
0.00755216370993
0.00681349187865
0.007946722726
0.00600349482396
0.00836031686313
0.00540298954976
0.00795484664201
0.0118343521419
0.0133527563459
0.0138555256224
0.0150784724169
0.0155701763102
0.0162547478194
0.0155242115211
0.0164999606633
0.0149214250511
0.0121699575809
0.012669365968
0.0131442085604
0.0144981394126
0.0159586547777
0.0139287489961
0.0144940803823
0.0160927390924
0.0150066213819
0.0141165766244
0.0134876805432
0.0115911822645
0.0102423989404
0.0107224774343
0.0121769477452
0.0137321450981
0.0143942399727
0.0134519473695
0.0139759790034
0.0149127833515
0.0162922837509
0.0144852370951
0.0132235523317
0.012675606251
0.0125445543224
0.0112629247428
0.00755422618557
0.0048890786858
0.00503898499587
0.00247449030828
0.0018704143426
0.00115349202642
0.000312144785519
3.02114828821e-06
0.000713701770086
0.00211404805296
0.0
0.00508255368625
0.00342195819942
0.00256029219235
0.0017837079593
0.00216730987283
0.0010360776797
0.00271578302892
0.000729331761144
-0.000349924210016
-0.000118060465
0.000984667208416
-0.00215089120346
-0.00357024565773
-0.00481951843038
-0.00585074080937
-0.00550861508045
-0.00383293344063
-0.00241541483603
-0.000968317383043
-0.00196203730755
0.00162734477617
0.00634794793889
0.00517767597786
0.00557851247574
0.00385472323463
0.00582501730253
0.00805178127624
0.00994897610921
0.0115963993314
0.015414474125
0.0153782859758
0.0169520937892
0.0204384958976
0.0234438344828
0.0207643342073
0.0177145106829
0.0167712103179
0.0198019788514
0.019140740705
0.016707043358
0.0153299753731
0.0154442361738
0.0158592135469
0.0167972423595
0.0167306866149
0.0167455077137
0.0163221121831
0.0136103570706
0.00922562750705
0.00834773369329
0.00794992048197
0.00519189600846
0.00664950184586
0.00341358176116
0.000456735015985
0.0015771700661
-0.00117226619405
-0.000728988255864
-0.00153745548328
-0.00138454262776
-0.00216044315729
-0.000874139920604
-0.000552429653326
-0.00179188120359
-0.00131458960315
0.000373895635911
-0.00516115999342
-0.00396252585498
-0.00223490742998
-0.000814497710245
0.00060576708233
0.000965632464282
0.00198704109372
0.00242407656903
0.0039563038114
0.00457147732223
0.00567848822788
0.00449741281492
0.00516647144909
0.00782167507722
0.00914175251211
0.00937335565762
0.0124976199019
0.00700198890166
0.010015265988
0.0149354150154
0.0149375150544
0.0199384946403
0.0197133313297
0.0200620200241
0.0192333657347
0.0185933899108
0.0156129425452
0.012618042199
0.0146052483324
0.0
0.0146021952917
0.0155310514177
0.0190505873965
0.0168089092063
0.0171708365512
0.0173140682101
0.0184343062227
0.019399657755
0.0208944542517
0.0251762914122
0.0212557233851
0.0147477401631
0.0128213533485
0.0111090393737
0.0122844292719
0.00965088877309
0.00802235554064
0.00999030582323
0.0120226976824
0.0133571583753
0.0150941151228
0.0166616134688
0.0181186721404
0.0185546387749
0.0204830110257
0.0201490173226
0.0208297279256
0.0252310959107
0.0289673433839
0.0324126691179
0.0334844901152
0.0301930194443
0.0275870228159
0.0270903725273
0.0249479554486
0.0223539607871
0.022236264769
0.020558503923
0.018526730951
0.0209644747184
0.0220502838973
0.0233066972934
0.0245777406244
0.0301010004017
0.0360887924916
0.0365789858128
0.0359713787393
0.0395060072524
0.0338550855591
0.034608388965
0.0350207828737
0.0329419062799
0.0345292894699
0.0350652599511
0.0335754229341
0.0346424607641
0.0314948292902
0.0298761884818
0.0263615124684
0.0268684960515
0.0281402406703
0.0300538557332
0.0286718903832
0.0289663663428
0.0285432582729
0.0279132739351
0.0246048888273
0.0203815257783
0.0180316896403
0.0193067642166
0.0190552141481
0.0
0.0200894672312
0.0196345087593
0.0198516095177
0.0198394044597
0.0220556170675
0.0196677645488
0.0184177126654
0.0190833622369
0.0177756912135
0.0183379812091
0.0150368868747
0.0170605866842
0.0220182319187
0.0234960157677
0.0212490312058
0.023905777215
0.0265326912375
0.0263198931699
0.0293708717639
0.0286411179011
0.0289357180082
0.0297819937609
0.0277423552056
0.0
0.0241666637684
0.0238582280861
0.0243559391949
0.0240009453163
0.0217667146965
0.0250269944616
0.0230014164561
0.0238645716225
0.0213821946408
0.0209243579697
0.0222357517585
0.0231509288652
0.024848816835
0.0234600800629
0.0241377744747
0.026482910735
0.023111388231
0.0245337758191
0.0289451780237
0.0324765179354
0.0284039329388
0.023546917809
0.0176470632458
0.0189194846295
0.0183413391908
0.0236424915439
0.0266492476475
0.0260756782371
0.021922533245
0.0212313391821
0.0205262627676
0.0194024395115
0.0203240174185
0.0225855712855
0.0231585100545
0.0250916747134
0.0274966788481
0.028117504541
0.0255092937668
0.0245156164421
0.023760223286
0.0270329446488
0.0281969190983
0.0280068545244
0.0265668337756
0.0273387403189
0.028044642515
0.026360438145
0.0255593758836
0.0231211993313
0.0249645625834
0.0251651902592
0.0259207999532
0.0261624639906
0.0240543047832
0.0234535352199
0.0233775309131
0.0227876486149
0.0228818760029
0.0243489443395
0.0207942668106
0.0204350030944
0.0176171711781
0.0145880320846
0.0105173251855
0.00903254646096
0.00630070364276
0.00456453307513
0.00434824237753
0.00728515752774
0.00642298185372
0.00550723036268
0.00545921260859
0.00541313107258
0.00559931985515
0.0051036621447
0.00433572283212
0.00244619461012
0.00347892647418
0.00166915611971
0.00194582178422
0.00317312080841
0.00150883537652
0.003722873326
0.0035377379836
0.00557852188694
0.00670195824726
0.00625696436409
0.00843107063965
0.00988391002531
0.0134778398847
0.0151907271529
0.015559270939
0.0164013110489
0.0179538256388
0.0
0.0202816988915
0.01651438792
0.0168054573544
0.0131938382811
0.0163491755545
0.0208164872626
0.0238366187294
0.0234833880064
0.0247883320147
0.0249466289683
0.0252300233463
0.029597720528
0.0292044167839
0.0266559390317
0.0273436911422
0.019907739776
0.0198343729233
0.0220745454732
0.021886657982
0.0208303280176
0.0196736941946
0.0173172185516
0.0142216035597
0.0123565930263
0.0124115924638
0.0145149242107
0.015488834298
0.0163645942775
0.0193342427413
0.0193001758455
0.0181391633286
0.0180079275567
0.0121096455448
0.014314628889
0.0142839675265
0.0201756251607
0.0198615371099
0.0179303021456
0.0168916927483
0.0200434291325
0.0218956440739
0.0249312768462
0.0268272563666
0.0278939973697
0.0310965905149
0.0330412185511
0.0365025943763
0.0407768400784
0.0498299485116
0.0572148199071
0.0
0.0
0.0557304860285
0.0487897771977
0.0428234584952
0.0385667335687
0.034311357964
0.0323746978341
0.0296422501683
0.0322862078301
0.0343112591791
0.0331861945189
0.0343370539735
0.0350994586582
0.034677781426
0.0356105023258
0.037262763434
0.0391373763723
0.039381261692
0.038023383525
0.035548570891
0.0377713014591
0.0298154708152
0.0263711355769
0.0251611923976
0.0243053269381
0.021869069308
0.0207624082682
0.0205872118845
0.02133271647
0.0205704176525
0.0207648760257
0.019883125374
0.0203321238789
0.0211413934638
0.0195443627305
0.0179637126957
0.0184072887376
0.017376131089
0.0186276517358
0.0184395314863
0.0212795530698
0.0251215537388
0.0226079705335
0.0249144353527
0.0
0.0218727282187
0.0223434235976
0.0224913653259
0.0200472630113
0.0175459491819
0.0175405032363
0.0187407131324
0.0196658059166
0.022229480703
0.0239679421821
0.0202289056187
0.0241948619061
0.024329115528
0.0248081149816
0.0245036333455
0.0243193358181
0.0252060320474
0.0273424101296
0.0275836413446
0.0275510820704
0.0251610413051
0.0250735436795
0.0232364285914
0.0289534956379
0.0309541740902
0.0301816923868
0.0290854975209
0.0297900887522
0.0285428712772
0.0228666789164
0.0204638802793
0.0209520462651
0.0211579734127
0.02020459649
0.0197335559066
0.0168796378242
0.0168620507973
0.0157735019627
0.0152198012066
0.0136884149602
0.0118203139965
0.0110903222815
0.0114184174733
0.0103776614318
0.00923599821888
0.0097692155651
0.00853186929554
0.0143987790566
0.0161335272906
0.0153900199556
0.0167046918419
0.0171379869614
0.0162771765317
0.0174790234872
0.0193835352212
0.0178799540049
0.01876298576
0.0148223533112
0.0165869142945
0.0217690545786
0.0200769337103
0.0201879587308
0.0184479741767
0.0177769168913
0.0194497795204
0.0173478277188
0.0186326407822
0.0173493015493
0.0199914257028
0.0207284762124
0.0238241263189
0.0239022900781
0.0237007526326
0.0242827794354
0.0263485011997
0.0222509030446
0.021409831663
0.0221896196029
0.020638131071
0.0212566755176
0.0218120735901
0.0199276113664
0.0185586696696
0.022983873403
0.0221230596325
0.0177520102636
0.0177540624429
0.0169240817643
0.0150285360211
0.0140765015167
0.0164634247043
0.0145238558582
0.0153289982127
0.016331140452
0.0144509422804
0.0
0.0182299046093
0.0172463311828
0.0204446096682
0.0202356240879
0.0216333118187
0.0215038446452
0.0249750889826
0.0227908174792
0.0278416074929
0.0383610498528
0.0416189992549
0.0441952715192
0.0445980248767
0.0420337386256
0.0424766314818
0.040294651868
0.0399403622268
0.0390746011138
0.0387555125332
0.0383926305247
0.0376981182213
0.0464974308722
0.045392093561
0.0466430707191
0.0425299274786
0.0430728060438
0.0418456282949
0.0431935917353
0.0417691509523
0.03880573668
0.040650701213
0.0417718665412
0.0430972646655
0.0432080640127
0.044261191659
0.0499159993294
0.0463110805952
0.043672963712
0.0391572025084
0.0377654769043
0.0374453224281
0.0321242478717
0.0336298391931
0.0306709969851
0.0334909554825
0.0334337367289
0.0384819027572
0.0428518346564
0.0418456102807
0.0400793417076
0.0411627263136
0.0433033149187
0.0428786246798
0.0433768339948
0.0428292126159
0.0421432878989
0.0407098097879
0.0416683160764
0.0455867874988
0.0521360807212
0.0551818023678
0.0546980063922
0.0558427971781
0.0570476256646
0.057514020281
0.0584956741914
0.0632902222869
0.0636983204647
0.0677610264029
0.0688088481914
0.0706438112499
0.0724448260284
0.0721684416934
0.0774132285356
0.0765469275256
0.0735495601833
0.0751462721863
0.072222550763
0.0662607633756
0.0628814785739
0.061993957071
0.0619542629548
0.0633770101868
0.0730917952774
0.071809502798
0.0714769136889
0.0692939357581
0.0661517388851
0.0668957342713
0.0662269254421
0.0637563449119
0.0602117482852
0.0576244800679
0.0562306711345
0.0565599198655
0.0
0.0548272765895
0.0542897592469
0.0552772793613
0.0546310692022
0.0512946499707
0.0484645707797
0.0471906013376
0.0454407784563
0.0473824538702
0.0506163700198
0.0508568151488
0.0471160600465
0.0485019476109
0.0489484148423
0.0499858128385
0.0493215300515
0.0478652017536
0.0492075036563
0.0478909777472
0.045471137015
0.0447122028065
0.0450465871589
0.0435217182735
0.0432823704895
0.0430122825627
0.0431972588655
0.0408741368631
0.0390070511696
0.0378614301801
0.0396372996492
0.037931181565
0.0391327428292
0.038289934286
0.0387263953057
0.0377901326059
0.0419305665774
0.0427477688501
0.0473461175801
0.0478078363932
0.0475796924857
0.0474246445305
0.0455197895845
0.0493111419431
0.0482261605101
0.0483889856436
0.0451393638176
0.047188374154
0.0493500533813
0.0503938985428
0.055346889974
0.0565998812307
0.0535286554184
0.0546460534366
0.0536115870513
0.0503751083549
0.0452293968677
0.042487555148
0.0418143643982
0.0409105351202
0.0446833603728
0.0432756915749
0.0417036258987
0.0403444916211
0.0409417954307
0.0439296459636
0.046226930072
0.0452391701233
0.0444648800822
0.0438384425416
0.0417059661127
0.0442323584769
0.0425910389293
0.0452718964954
0.0418558610069
0.0434240280059
0.0453430419644
0.0447668851496
0.0459647387297
0.0471425529637
0.0486636897916
0.0483672156106
0.050727863758
0.0493489633322
0.0591058509137
0.0608645085003
0.0607119527953
0.0608443196133
0.0580561744387
0.055136914231
0.0565290317867
0.0577106871001
0.0552903544902
0.0580845818587
0.0574041072586
0.0573825235895
0.0
0.0537132756737
0.0512237894899
0.0415076831295
0.0438483908741
0.0416089977561
0.0413032444096
0.0367970204933
0.0373750347068
0.0372789620353
0.0322531501419
0.0302716809086
0.023514347985
0.0222916942885
0.0219666927303
0.0210269373008
0.0227017804462
0.0217520538594
0.0211641190146
0.0210698093048
0.022335467995
0.0239282251422
0.0253708651262
0.0284999462202
0.0351465006451
0.0308653774031
0.0305708999144
0.0322357443032
0.0325046150708
0.030210673075
0.0286955874725
0.029234510242
0.0290155996939
0.0337256594804
0.0343569021894
0.03047842901
0.0327023498621
0.0335982237504
0.0337633487209
0.0329876198697
0.0340244334667
0.0356360069011
0.0363362237213
0.0390757133997
0.0407137770457
0.0429724745705
0.0431376042385
0.0409337432016
0.0418479275747
0.0411929915375
0.0403186562468
0.0402805683792
0.0375008173993
0.036697803523
0.0403408201761
0.0456020275534
0.0412025528958
0.040952357263
0.0390756467328
0.0434660002357
0.0453497404973
0.047447916918
0.0475048250768
0.0443460607533
0.0400084270324
0.042258512996
0.0438445426791
0.0439136513806
0.043773063422
0.0437724049402
0.0454696113971
0.0447236139547
0.0494733016895
0.0494029348703
0.0521539865058
0.0542391229652
0.0578161609019
0.0614932495558
0.0629567183016
0.0626806524169
0.0620363028664
0.0606123164105
0.0637398051874
0.0614534399293
0.0592567433471
0.060169068349
0.0641510921594
0.0662723079527
0.070542590744
0.0707756595416
0.0663925260116
0.0672104639611
0.0682260492679
0.0680013231891
0.063843632284
0.0602227908572
0.0
0.0556802676962
0.0508778989112
0.0518613015937
0.0502134560127
0.0476947177531
0.0513260329863
0.0531332149487
0.050369176054
0.0498404169815
0.0498134660616
0.0487206331426
0.0424744250015
0.0416800392468
0.0398970275324
0.0403370738674
0.0362221528694
0.039362303247
0.0379728990445
0.0379410856961
0.0353375532221
0.0340258075883
0.0330223395274
0.0292317030699
0.0256639598463
0.0267736594323
0.0283448608238
0.0280585378477
0.0328924542157
0.0312743013048
0.028352642321
0.0282944217866
0.0304160266446
0.0335688621304
0.0368914774451
0.0390342391038
0.033061739539
0.0326809618273
0.0326470511934
0.0342445313335
0.0343239099112
0.033643224734
0.030172499763
0.0280931042062
0.0263957321303
0.0263239451556
0.0273219930517
0.0304445937758
0.0294206603882
0.0283759562343
0.0245325329328
0.0246633489734
0.0260457945931
0.0242769966622
0.0233303204303
0.0242416449231
0.0272417782283
0.0262108370431
0.029293596514
0.0303659960871
0.0314729868043
0.0319525806905
0.0335918171162
0.0351162111639
0.0343762621421
0.0339440392697
0.0350648782004
0.0334032697109
0.0327421794232
0.0328725740041
0.0357452517066
0.0361530177899
0.0384180905648
0.0351862915208
0.0354279300919
0.0352328898609
0.0363073339625
0.0367158141312
0.0362924220704
0.0357759411519
0.034893272481
0.0333535662514
0.032871207592
0.0328004807755
0.0335649772533
0.033951617732
0.0361716517412
0.033617617662
0.0348348762103
0.032259541211
0.034821447406
0.0375542401118
0.0387698860938
0.042970557783
0.0441323178621
0.0485516426247
0.0
0.0459875563614
0.0468621133625
0.0501993540024
0.0499359083776
0.0508522755359
0.0522755900728
0.0527907179871
0.0535300103535
0.0535767473598
0.055420648514
0.053156358829
0.0530968665501
0.0537863919549
0.0583744448623
0.059489396313
0.0587957925357
0.0543752942
0.0512007405222
0.0501736625125
0.0529134491432
0.0525998359135
0.0503923807713
0.0479805236224
0.0490390501336
0.0470832985465
0.0492719970035
0.0482411043263
0.0484698238073
0.0479443637893
0.0468126707994
0.0452769179764
0.0428443092624
0.0399272312878
0.0372584457144
0.0390545798569
0.0384836173699
0.0408178239368
0.0394508636865
0.0385416326036
0.0402940613577
0.0386455301376
0.0386304220858
0.0404139962756
0.0400872562357
0.0451043015582
0.0504442570892
0.0552669620983
0.055765431198
0.0564411199585
0.0602840802394
0.0663274756915
0.0636752284664
0.0638918228816
0.0647009065704
0.0660369495526
0.0679342075732
0.0681765735985
0.0702345519913
0.0738152984264
0.0730635285637
0.0732054574847
0.0780587417692
0.0809794123822
0.0816572239198
0.0818580503556
0.0802731644135
0.085029467339
0.0862372441349
0.0884223835128
0.0853112497646
0.0815324781591
0.0813566980803
0.0762429837647
0.073567360903
0.0727346648634
0.0682905331402
0.0664941943862
0.0659153141652
0.0626657798256
0.060328938931
0.0608246988648
0.0580279497433
0.0624275978609
0.0676407525177
0.0695062300232
0.0704656817277
0.0693596806607
0.0715124729378
0.0691852953756
0.0720883852008
0.0777956291625
0.0767799545682
0.0777659304865
0.0796896037456
0.0788971240242
0.0
0.0783951912338
0.0815786233591
0.0913017634967
0.0
0.0
0.0874982953548
0.0795296377894
0.0748489748571
0.0723139404804
0.0753378907968
0.0746403249424
0.0747094008244
0.0711062681599
0.0725250304971
0.0726780824138
0.0758550782575
0.074820809353
0.0740233208385
0.0734045169422
0.075008344107
0.0706249159411
0.066051514145
0.0632073059231
0.0562664776264
0.0527285247654
0.0515128280606
0.0532504995548
0.0586532223318
0.0576154816229
0.0530782051828
0.0510090911207
0.0474386667496
0.0437209463216
0.0408074717473
0.037278051212
0.0377376091769
0.0363485696682
0.036735168031
0.0392074174136
0.0404863530958
0.0379934259361
0.0347817727033
0.0304050659251
0.0305286733842
0.0320987230932
0.0344479046529
0.0357982226078
0.0361435489548
0.0366942800806
0.037971560483
0.037025387525
0.0383112564048
0.0457510226111
0.0492516756334
0.049461411782
0.052459900599
0.0552995727602
0.0524554454636
0.0548869177017
0.0597853439261
0.0562684932385
0.0553214047936
0.0552010356723
0.0549353030945
0.0535020688799
0.0575653908472
0.0544028335738
0.0548170074462
0.0597521016786
0.060799313972
0.067021982332
0.0672469466282
0.0651559640162
0.063233363324
0.0623594288747
0.0608352595642
0.0632558103564
0.0669338667082
0.0669202088917
0.0678968948826
0.0678865413919
0.0666318847379
0.0690898618585
0.0671795461849
0.0752318887235
0.0
0.0706016036984
0.0650639032741
0.0609751778972
0.0575600752742
0.0557110200573
0.0498024984363
0.0481215423783
0.0458433805864
0.0462118817254
0.0
0.0487543045206
0.0516539526137
0.0512324389375
0.048776676536
0.0513543745568
0.0513070149248
0.0506649604104
0.0499116236184
0.0547980666675
0.055014008505
0.0563314417759
0.059831529597
0.0619654970154
0.0620823003593
0.0635661439374
0.0630644280284
0.0617423167175
0.0623981382625
0.0625914713858
0.0622457270889
0.0637579094977
0.0663420514758
0.0671218413733
0.0677348244686
0.0678772858783
0.0691793572924
0.0673744576822
0.0640715306861
0.0649517354318
0.0637129624741
0.0661675700912
0.0643569848477
0.0637046654205
0.0651668791161
0.0622933702326
0.0574557942655
0.0571342447528
0.0550975281048
0.0531297815879
0.0519298766662
0.05085583378
0.0502433828769
0.0477660274232
0.0508221444229
0.0503510094265
0.0509228988599
0.0464818377917
0.0468672017946
0.0494605400476
0.0506410064983
0.0502392086589
0.0487370795651
0.049033414324
0.0480267825725
0.0470057819805
0.0459267573851
0.0474368392509
0.047795083046
0.0492696801848
0.0439471052945
0.0394832754921
0.0374299473964
0.0408570171921
0.0396305973954
0.0379561577409
0.0431017933196
0.046651061899
0.0495224287644
0.0532620115228
0.0531290377701
0.0512303062807
0.0509124925607
0.0521425735387
0.0558331361747
0.061762702233
0.0666933771385
0.0641205482559
0.0581505132813
0.0576202951773
0.0541256092184
0.0532278009086
0.0515131602543
0.0467532060885
0.0535950832677
0.0523055650125
0.0558038732998
0.057718535724
0.0588653515866
0.0588576451268
0.0558396529482
0.0544568874034
0.0579160659356
0.0527589747633
0.0500564844944
0.0451882192141
0.0
0.0377163714762
0.0314290228901
0.0306333690525
0.0296471773563
0.0267138836285
0.0275728692734
0.0268137591109
0.0236096263082
0.0233442311585
0.0234450173737
0.0231530527323
0.0193184355905
0.0144455640963
0.0140045775589
0.0144216159312
0.0151847724417
0.0209178603418
0.0235357303933
0.0238136901962
0.0242599396154
0.0242882632959
0.0216836718778
0.0193506551505
0.0170592853023
0.0157453782797
0.0140739082833
0.0118862463237
0.0119299540228
0.0117706510019
0.0121555312207
0.0113931898932
0.0125697012444
0.0115645898693
0.0112464725142
0.0074171678715
0.00773379763929
0.00987060146395
0.00934777066464
0.0123080738138
0.0113235901554
0.0135911815359
0.0106418368995
0.0100474738
0.00977126750316
0.0094616240124
0.00903343645007
0.00876109578474
0.00610920104091
0.00562589572658
0.0067026427631
0.00655794047583
0.00724368433674
0.00561672405007
0.00603037954926
0.00351106937393
-0.000289667013881
-0.00181274244108
-0.00391007888824
-0.00789820926368
-0.00852228603852
-0.00480249657361
-0.0018527478013
0.00135951930397
0.00593439473408
0.00545925521049
0.00766617498329
0.00935904112404
0.00994560634588
0.010754936291
0.00946541138146
0.00980569053695
0.00945636264041
0.0108968556661
0.0121102309902
0.0117985799336
0.0146317099168
0.0198907741103
0.0201407428928
0.0239351484176
0.0214373504708
0.019458106294
0.0213449415749
0.020785073005
0.0210873266001
0.0239927307903
0.0250266825936
0.029500488666
0.0287550234854
0.0269120016577
0.0295119550756
0.0313673309716
0.0319617910336
0.0337685806053
0.0347064132622
0.0356148417027
0.0
0.0379837118777
0.0371987162872
0.029235214071
0.0306487578957
0.0284367512678
0.0286221827621
0.0249294504342
0.0209328546089
0.019680113104
0.0200906812396
0.0199999153855
0.0197570878474
0.0160103077112
0.0149237348969
0.0138094429708
0.0130198169513
0.0151521606437
0.0156553359995
0.0160104005826
0.0130716241047
0.0144935007249
0.015929668735
0.0196565801561
0.0228767836922
0.0261871360869
0.0289602666886
0.031867371214
0.0328473203168
0.0342254387632
0.0307813789997
0.02948110903
0.0305513372196
0.0289494973883
0.0228157599915
0.0195081029276
0.0155865079755
0.015248495201
0.0186906637029
0.0152868654919
0.0131115298031
0.0111027747452
0.013603684185
0.0165396347961
0.0153401447074
0.0172013090212
0.02018250528
0.0220143994316
0.023066519174
0.0249585230784
0.0244480558041
0.0286712716603
0.0324164364061
0.031518853594
0.0318712422232
0.0279149337804
0.0250839188925
0.0219000435838
0.0244436918252
0.0233551874672
0.0233714381492
0.0247753746698
0.0267582702735
0.0267815088987
0.0272883017824
0.0257281536927
0.0255108808331
0.0215043234018
0.0230027605092
0.0252582449897
0.0291881713615
0.0279395075945
0.0248523036003
0.0231527680851
0.0229641078269
0.0209476495646
0.0228499656301
0.0242218011794
0.0249746055124
0.0280533954729
0.0340654834
0.0361557010786
0.038476117689
0.040763214789
0.0418780127343
0.039947434297
0.0384406238044
0.042095727905
0.0457511122683
0.047595990618
0.0452604458958
0.046728078965
0.053881416774
0.0514922476534
0.0503551672359
0.0477753828088
0.0
0.0444890407917
0.0425364762251
0.0482838211835
0.0538903445898
0.0557142156095
0.0608471973451
0.0625900275604
0.0621660880897
0.0600916453131
0.0558744556888
0.0517655156575
0.055079521404
0.0503491265082
0.0496505114574
0.0448874705459
0.0403908519541
0.0394270455705
0.0403776540953
0.0347010378062
0.0350063309674
0.0348516121132
0.0334150339322
0.0378370717123
0.0371996265371
0.0428193729943
0.0511595085926
0.0505205491928
0.0533104534806
0.057277137629
0.0564243991318
0.0493321481141
0.0425610470423
0.0384335278677
0.0371167176181
0.0366889830418
0.0401443434021
0.0362140924604
0.0367872976003
0.0404170857631
0.0436815312694
0.0514582761434
0.0520499500266
0.0508993757107
0.0506534001719
0.047843468024
0.0434579462946
0.0397250386387
0.0389640799073
0.0421364095495
0.0395710278109
0.0406313039912
0.0417551229273
0.0419020771791
0.0422621253817
0.0395201151904
0.0386470291578
0.0406923740452
0.0414287393099
0.0397802080562
0.0333323113128
0.0279255648105
0.0254817078162
0.0241117837675
0.0237760538766
0.0224830426777
0.0215294938973
0.0226007739335
0.0251819000228
0.0218370829073
0.0184264504827
0.0183845110309
0.0224651271136
0.0238870855869
0.0257606725949
0.0265779270561
0.0273062897052
0.0219625369088
0.0224221271846
0.0246818253836
0.0294001819747
0.0373931294923
0.0381197660177
0.0336393436984
0.0321808801807
0.0299095009186
0.0276465939928
0.028679154602
0.0276023744329
0.0280705760098
0.027398739407
0.0239595997959
0.0199185530434
0.0191888342917
0.0199754374971
0.0209564479028
0.0
0.0142983549698
0.0144645962465
0.0138726547781
0.0170588683015
0.0178495601196
0.01694478384
0.0177673829604
0.0197511379497
0.0216689477526
0.0243358123229
0.0242370305095
0.0254826674738
0.0289464220182
0.0317752923804
0.0314283701076
0.0309199339127
0.0304157770737
0.0279326204364
0.0288270583877
0.0254300590772
0.0234895201952
0.0214768340009
0.0193679652872
0.0168344687283
0.0168500947419
0.0159505780564
0.0152357167817
0.0152456917707
0.0152363419935
0.0148737365969
0.0173551963557
0.016275221718
0.0120879418593
0.0111954322911
0.010961549389
0.00792432388798
0.00644086849991
0.00772334807207
0.00821961584504
0.011123278536
0.00803099053513
0.00864179686728
0.0100839420563
0.0123592604868
0.0134460582565
0.0239958726893
0.0208013052369
0.0177527418891
0.0156128582738
0.0168747216825
0.0166112055635
0.0165750692527
0.0166817131184
0.0158786193134
0.0163036394316
0.015882319373
0.0169746853507
0.0169719856755
0.0165122397412
0.0122217946459
0.0149922491564
0.0173704872865
0.0146511676214
0.0166005900869
0.0163542887669
0.0156538806115
0.0167373366192
0.0173448234277
0.0164591390249
0.0149136540436
0.015456313814
0.019450430122
0.0157048492282
0.013253245178
0.0122644340329
0.0123216615362
0.0125043463214
0.011729834804
0.0100860008849
0.0131551286741
0.00763527709812
0.00686097619213
0.00585356294395
0.00938050921068
0.00429131597843
0.00656304047132
0.00623950611958
0.00493312087445
0.00389493888893
0.00319630177604
0.00299307733375
0.00218990319018
0.00199855847622
0.00200026102599
-0.000539135060934
0.0
0.00605630906108
0.0104127691242
0.00595224529806
0.00838648420472
0.00765444953334
0.00595385238708
0.00618450197334
0.00883105341585
0.0075441153637
0.0078083978913
0.00782418506496
0.00470880851554
0.0144884927797
0.0
0.0130006104069
0.00746386641152
0.00651770445699
0.00335158393753
0.00243088273743
0.000780559146255
-0.00132256097112
-0.00144311151694
0.0
0.0
0.0123779144371
0.00647703422376
0.00411628380235
0.000913371947515
-0.0017074557243
-0.00330503206879
-0.000628166389067
-0.00278349240052
-0.0117207117049
-0.0130575754038
-0.015379297696
-0.0147338015567
-0.0187995609392
-0.0200399264342
-0.0234450842226
-0.0263106863771
-0.0295177691101
-0.0275499575179
-0.0232463891847
-0.0229326357661
-0.0267653856192
-0.0286038021241
-0.0300643370572
-0.0283995968847
-0.0294591968022
-0.0283748095482
-0.0283782467528
-0.0266437477853
-0.0242432958834
-0.0252590547759
-0.0252332421444
-0.0238004885708
-0.0227254988099
-0.0212769638088
-0.0192503883577
-0.0181780216479
-0.0168076056851
-0.0141063904179
-0.0130659028217
-0.00893632202107
-0.00479565257177
-0.00182242521056
-0.000573584295119
0.00235410234596
0.00218814941201
0.00305816961411
0.00219126573629
0.00545855635358
0.00378647464046
0.00490825741455
0.00472069295656
0.00350654673178
0.00180646878757
-0.000375198195677
-0.00111746618261
-0.00354847433043
-0.00933926844628
-0.00984065512282
-0.0102169687918
-0.0131408391215
-0.0101229821718
-0.0132904545701
-0.0139586367157
-0.0155275619843
-0.0164550189555
-0.0190313973139
-0.0211873770802
-0.0215477178888
-0.021477534688
-0.0196354977873
0.0
0.0
-0.0126501840228
-0.00979415895366
-0.009745261006
-0.00706697787496
-0.0075957676889
-0.00717263198633
-0.00492525818815
-0.0043169609764
-0.00554658907606
-0.00786310264756
-0.0125744289696
-0.0132040679034
-0.0158044437764
-0.0152567459761
-0.0109299644286
-0.0123638842697
-0.0119200788191
-0.0138404179662
-0.0125656711348
-0.0116792197827
-0.0100093796816
-0.00569238087559
-0.00505498302469
-0.0028599958472
-0.000554431297219
0.000189736378623
0.00269950199063
0.00355206801155
0.00466718669544
0.00504116899438
0.00758138615599
0.00740933651592
0.00622572757349
0.0059724497481
0.00854822338506
0.0105092986486
0.00638595993067
0.00781245580126
0.00616252727251
0.0034310964392
3.51100411966e-05
-4.53562263792e-05
0.000235950678157
0.00117999298317
0.00531053431931
0.00491918566724
0.00537999137946
0.0097525653307
0.00980749889038
0.00928521193907
0.00868498084214
0.00754799338521
0.00803707776407
0.0093859538242
0.0104475726305
0.0132959719211
0.0164184948825
0.0232165236886
0.0285148059777
0.0360640842968
0.0313297141534
0.0298238449991
0.0274388030272
0.0264779531358
0.0258042834714
0.025716740974
0.0219276730307
0.0198348834249
0.0212890166141
0.0204165296443
0.023473006056
0.0235516422947
0.0228314363534
0.0244983706984
0.0249761404618
0.0208943415274
0.0206842428041
0.022113218785
0.0195791930213
0.0208471101959
0.0203602414139
0.0184697582879
0.0196920665445
0.0224800867175
0.0210952519193
0.0220457312253
0.0228309568717
0.0223243682544
0.0206255081804
0.0195945055598
0.0172279505654
0.0126042213548
0.0110611225784
0.0120018717565
0.0150719152857
0.0
0.018154800855
0.0170741609402
0.0124839807523
0.0113369478514
0.0106557000792
0.00965346691906
0.00684790911257
0.00961390559652
0.0100753636013
0.00987298705151
0.00639367159016
0.000808883976657
-0.0025810994077
-0.00465073946035
-0.00170858779255
0.000168737744623
0.00501035934116
0.00525689328875
-0.00176995371627
-0.00242687320376
-3.02114828843e-06
0.0035082174497
0.000998575647848
-0.00053256446442
-0.00171080839399
-0.00592454763916
-0.00345368719814
-0.00500373716108
-0.00672576844662
-0.00865157841527
-0.0106088546722
-0.00681660047125
-0.00453119276626
-0.00685597137467
-0.00696387142264
-0.0080410888582
-0.010514226641
-0.013453798767
-0.0128025012602
-0.0138086346577
-0.0129993842806
-0.0129064306129
-0.0142247246671
-0.0203471246164
-0.0208810048692
-0.0202767606576
-0.0216053763147
-0.0204506109376
-0.0209468562019
-0.0220964772789
-0.0233277181034
-0.0216391380647
-0.023589274929
-0.0251362834092
-0.0253226064564
-0.026334050094
-0.0263442795276
-0.0257030223542
-0.0252533543255
-0.0228890077815
-0.0244353138449
-0.0265652382958
-0.0279447384341
-0.0279985380482
-0.0282676269816
-0.0295721614469
-0.0290554219684
-0.0282069832167
-0.0256561801861
-0.0236869310956
-0.022355240084
-0.0198330307259
-0.0199560911728
-0.0195923528858
-0.0190829644294
-0.017153510056
-0.0155709190688
-0.0161140303527
-0.018295347435
-0.0193476365944
-0.017843333234
-0.0159350162163
-0.00899463036152
-0.00712160622049
-0.0124081061421
-0.0136091522243
-0.0146894279806
-0.0143276934119
-0.0136381339494
-0.0129059379338
-0.0142351196642
-0.0133571699796
-0.0112895770678
-0.0111300760116
-0.00758319507447
0.0
-0.00520882379868
-0.00496330889914
-0.0116139833365
-0.0107853932572
-0.00971651919682
-0.00840236777723
-0.00972794752641
-0.00984494179913
-0.00712754511423
-0.0044211725065
-0.00408680740357
-0.00318257813045
-0.00432410681909
-0.00918770113224
-0.0127489978995
-0.0131621939936
-0.0148853913685
-0.0121659006715
-0.00901406275022
-0.0102599965947
-0.0104935481252
-0.00979386388621
-0.0104318054424
-0.00835181311275
-0.00839566269584
-0.00641136332439
-0.00484203394368
-0.00461556169763
-0.00378087776183
-0.00336104124497
-0.00412607638441
-0.00422473496853
-0.00622815512982
-0.00711820801348
-0.0068253831108
-0.00657784367996
-0.00735307663456
-0.00806466889238
-0.00595662170053
-0.00439329808282
-0.00283267961285
-0.00280299800215
0.000895744465479
0.00366735341971
0.0115720796938
0.0109313260541
0.00466827470206
0.00276876049527
0.00124838565209
0.000403940828249
0.00100441092377
0.00149306014026
0.00159964434614
0.00571826424966
0.0034746189326
0.00237512988305
0.000457144117307
-0.00402980250703
-0.00599862946162
-0.0047628009086
-0.00447766452832
-0.00334789491133
-0.0028225739189
-0.00116778956627
-0.00315158708397
-0.0031171017447
-0.0036661795649
-0.000732973917985
-0.00383297393601
-0.00167946473113
0.000958940690977
0.00617675106627
0.000519371631506
0.00315698117401
0.00201052951066
0.00620669010206
0.0126996435183
0.00738636612132
0.0097209664391
0.0132405811467
0.0136447982499
0.0151174641349
0.0140027414662
0.0140815416948
0.0174175832583
0.0226517004328
0.0265735206608
0.0312712931187
0.0291861720882
0.0327955383487
0.038722928972
0.0410252734981
0.0423818931865
0.042269059561
0.0386019524036
0.0
0.0406419254171
0.0411144938104
0.0380729014193
0.0362458889953
0.035469148627
0.0301186402986
0.0289602831031
0.0306055300685
0.0321873130777
0.02946654939
0.0283648152944
0.027586663902
0.0266378763639
0.0237283107839
0.0233670396541
0.019919528632
0.0182296430421
0.010352229835
0.0122650086578
0.0118367241281
0.013113614243
0.0147175569372
0.0158118697403
0.0205652036687
0.0158127916016
0.0164943827786
0.0152064107963
0.0131908493103
0.0115473301064
0.00829986906398
0.00276448680248
-0.00140284792516
-0.00220060234158
-0.00311305415223
-0.00194288034486
-0.0056326897578
-0.000734514130422
0.000518542415823
0.00293576650996
0.00189929148943
-0.00113063909731
-0.000313241852935
-0.00140006092029
0.00367540162469
0.00476328836
0.0120148513779
0.0195274322518
0.0237889225783
0.0187177434823
0.0142026012536
0.0124845219113
0.0212437866239
0.0167049492484
0.0160412866684
0.0126737042395
0.0113166257139
0.00977801186032
0.00973754715608
0.0083358281676
0.0121685159834
0.00631372036801
0.010521503641
0.00551861062241
0.00649133366396
0.00698896889584
0.00148092819456
-9.94734027731e-05
-0.00659824151077
-0.0082096096364
-0.00954647154639
-0.00726536954486
-0.00561005101049
-0.00533049180658
-0.00731624503943
-0.00591641219093
-0.00772842655363
-0.00804769124139
-0.00767405183149
-0.0102439949315
-0.00727554966781
-0.00371832258959
-0.00567903452692
0.0
-0.00353776758308
-0.0122208235401
-0.0120638033269
-0.0116198953098
-0.0118137876671
-0.0103873216786
-0.00864519990578
-0.0106771899077
-0.00840381664683
-0.00860718647476
-0.00494290033067
0.0
0.0
0.000573497411389
0.00461654206594
0.00610610074464
0.0111893040913
0.0173505086674
0.0189890086118
0.0236567870016
0.0221567562966
0.0206593199568
0.0206891677218
0.0174504866483
0.0130703043017
0.0067467588086
0.0105330533908
0.00823722936701
0.00837966816625
0.0110692396518
0.0129845779373
0.00571311506218
0.005067258457
0.00345213662601
0.011850344171
0.0
0.00143482950235
-0.00854882954776
-0.0117171716614
-0.016133344559
-0.0177714752517
-0.0180519109224
-0.0185786323251
-0.0106164557159
-0.00707914815004
-0.0067622950692
-0.00587263921358
-0.0072038677032
6.78569134231e-05
-0.00949503800377
-0.0134067362789
-0.0165765548359
-0.0184695521062
-0.0190193917884
-0.0184081712482
-0.013797538295
-0.0104696496776
-0.00576259692862
-0.00422177600875
-0.00270960234247
-0.00056644893676
0.00123053979359
-0.00158169495325
-0.00785788591481
-0.00844757847496
-0.00825839735309
-0.00874513695551
-0.00919444619292
-0.00738930423112
-0.0031666067848
0.00170257997241
0.0046974940608
0.0
0.000325810379549
-0.00467239282153
-0.0066227609796
-0.00349930146629
-0.00172485229059
0.0022075945694
0.00630314723504
0.0090125669642
0.00643413699514
0.00498122520186
0.00722098301797
0.00717609468203
0.00367177109251
-0.00170758216883
-0.0108918926601
-0.0166449085492
-0.0175001331023
-0.0169856512577
-0.0182009799443
-0.0174918103462
-0.0137281913699
-0.0139077736429
-0.0111901393851
-0.00677646753416
-0.00781609749229
-0.00495162705893
-0.000298992756883
0.000227171001318
0.00718357003482
0.0
0.0175642509164
0.00852758334405
0.00982294959642
0.01021306313
0.0
0.0
0.0165206911685
0.0149752561085
0.00997300686829
0.00958386724782
0.0081907115121
0.00931689042845
0.00945094512182
0.0142379811504
0.0185628228978
0.0172643271064
0.0177616898409
0.0162740099736
0.0164738722465
0.0168248354267
0.0188616398352
0.020226706258
0.0190460688282
0.0157334203907
0.0163169784789
0.0161397400608
0.0125053879148
0.00765899362517
0.00323105031537
0.00232760412803
0.00172896689852
0.00172794026619
-0.00158527677226
-0.0036747422449
-0.00557588760411
-0.00773909059556
-0.00473647742313
-0.0046606527317
-0.00779320437569
-0.0110898574548
-0.0151913692261
-0.014418518315
-0.0169341346133
-0.0155221316844
-0.0152659004732
-0.0132095966616
-0.0148543444968
-0.0196660750143
-0.0184015195459
-0.0187916548901
-0.0146374881767
-0.0130893449224
-0.0120284163193
-0.0115653718645
-0.0174678713026
-0.0181591167783
-0.0215550125323
-0.0230715299142
-0.0255733929612
-0.0244726982623
-0.0248085456961
-0.0235261334045
-0.0246194401561
-0.0238665157248
-0.0223656528454
-0.024909241397
-0.0278966367252
-0.025390512971
-0.0223645249987
-0.024795211381
-0.0213181602754
-0.0245275386393
-0.0225604388011
-0.0259271765027
-0.0212098204874
-0.0174599542182
-0.00817051985388
-0.00958967426724
-0.00618518971494
-0.00600244995645
-0.00753585087068
-0.00946960963204
-0.00703986240457
-0.00593488138808
-0.00822461148714
-0.0122817692413
-0.0134816068404
-0.0152213997766
-0.0178487482774
-0.0146772306449
-0.0138754034591
-0.0142896688251
-0.00952993301618
-0.00962450082248
-0.00758578523764
-0.00499089084997
-0.0103022082516
-0.0123775694127
-0.0153969719379
-0.0154604737526
0.0
0.0
-0.0153420945385
-0.0135138933608
-0.0131594726137
-0.0127481265713
-0.0151430558918
-0.0180909965442
-0.0194975890812
-0.0196197303861
-0.0157774246082
-0.0125451474765
-0.0132506538184
-0.0122306857442
-0.0147131945848
-0.0114177367022
-0.00397830449064
0.00126850176176
-0.000973169294632
-0.00114296050254
-0.00514996269388
-0.00582940176744
-0.0046578422789
-0.00981540650816
-0.00777412320922
-0.0148343867064
-0.019050329781
-0.0136328651677
-0.0101056579393
-0.0081257272248
-0.00902079064326
-0.00892702981786
-0.00688842235644
-0.00708303191293
-0.00605317842032
-0.0131199728378
-0.0193439264608
-0.0261774686306
-0.0331284971734
-0.0346355598397
-0.0352258653104
-0.0334774462836
-0.0289367557217
-0.0228486791334
-0.0151475264996
-0.0123694914142
-0.0199416342496
-0.0148192894094
-0.0110170578347
-0.0115067162964
-0.0157484232365
-0.0159644596456
-0.018069466174
-0.0184519649241
-0.0144657258714
-0.0125317863813
-0.015854105114
-0.00841061619368
-0.0137852788273
-0.00565358881338
-0.00795981181069
-0.00771599965037
-0.00579529714942
-0.000760761323317
0.0
0.000390991141079
-0.00578645227615
-0.00841294470242
-0.00815031216658
-0.00682692539714
-0.0100887725204
-0.00910508751414
-0.00497316439875
-0.00596861321759
-0.00648929501218
-0.00998489126949
-0.0174851446279
-0.0181470239703
-0.0167184793863
-0.0170128128849
-0.0144380648372
-0.0173655992028
-0.0193052134867
-0.0202116594288
-0.0166826366439
-0.0151563952707
-0.0156104328838
-0.0155957005531
-0.0131957852168
-0.0173736763884
-0.0162556908679
-0.0146482393946
-0.0148618984749
-0.0178469384067
-0.0204447441949
-0.0208745877369
-0.0173759640526
0.0
-0.00363374402966
-0.00944512981395
-0.00986214357461
-0.00762316038061
-0.00529021434141
-0.00312784570096
-0.0065143937872
-0.00901421647213
-0.00920904436479
-0.00718671546524
-0.00439954923689
0.000222029192997
-0.00201419158976
-0.00370355452642
-0.010173369744
-0.0154948550712
-0.0164522267812
-0.0137547348909
-0.0103453640909
-0.00664619830073
-0.00523966700564
-0.00392230192795
-0.0039083773074
-0.00402742721067
0.0
0.00372912407919
-0.00795480794299
-0.0133798846266
-0.0126103191916
-0.010550882248
-0.0115899937931
-0.0163443696929
-0.0185489568617
-0.0155018767939
-0.012736955432
-0.0129192148942
-0.0150320492502
-0.0168382346624
-0.0172575485283
-0.0157617528438
-0.0195666218071
-0.0210235449777
-0.0227735307509
-0.0189666502972
-0.01803179226
-0.0230644496418
-0.0245012267654
-0.0280519239979
-0.0294069804731
-0.0318264904125
-0.0326835749935
-0.0324973549627
-0.0252593916768
-0.0230986171669
-0.0253113085514
-0.0233389023153
-0.0258350200855
-0.0234819778212
-0.0203891700218
-0.0198092313323
-0.0211094723754
-0.0271843907281
-0.0298560114848
-0.0333394275436
-0.0321536335515
-0.0344497782719
-0.0280718385226
-0.028102274517
-0.030139732979
-0.031014539095
-0.0344687551022
-0.0385800077485
-0.0408214265961
-0.0375061581614
-0.0366221700242
-0.034556690704
-0.0350825944132
-0.037162824511
-0.0423258852935
-0.0429152651973
-0.0428061295221
-0.0397248791105
-0.0382685442345
-0.0365650281269
-0.0386965030206
-0.0424211233396
-0.0402570910807
-0.0427037252057
-0.0417964349145
-0.0424989930391
-0.0452103533413
-0.0446595402841
-0.042145816162
-0.0379668348485
-0.0368524633921
0.0
-0.03650614248
-0.0352022897363
-0.0398130761979
-0.0361514295872
-0.0378769345964
-0.0399162521422
-0.0424823475147
-0.0418468262217
-0.0388575674141
-0.0405091322266
-0.0404823382546
-0.0434864327714
-0.0442032931449
-0.0453992320451
-0.0412847984536
-0.0417085729805
-0.0502520699461
-0.0540624875302
-0.0554126671961
-0.0573511738866
-0.0559361733497
-0.0580864967035
-0.0605328447171
-0.0595285503267
-0.0616349889619
-0.0635590042638
-0.0631878988269
-0.0623881859061
-0.0657186263056
-0.0647484323227
-0.0594856410711
-0.0562691559418
-0.0554841446895
-0.0596249672013
-0.0623758857033
-0.0595784574909
-0.0595473103374
-0.0536456792941
-0.0529789829156
-0.0526907206813
-0.0518552294384
-0.0498557030403
-0.0468126879143
-0.0463739264781
-0.0479932687139
-0.0460206853421
-0.0520092780691
-0.0507328953678
-0.0516417766966
-0.0520433507777
-0.0533588837643
-0.0540855294015
-0.0570549842099
-0.0570553645813
-0.0578801787036
-0.0584010560681
-0.0616582301241
-0.0616191087993
-0.0602597320711
-0.0581090401222
-0.0567942239749
-0.0546197156935
-0.0507772446709
-0.0551038010351
-0.055404795268
-0.0603205575279
-0.0593148554799
-0.060209030523
-0.0620121313122
-0.0631381912115
-0.0673599673626
-0.069653086002
-0.0690326798361
-0.0697146601615
-0.0695661104242
-0.0665062049464
-0.0629580161318
-0.0528461615506
-0.053208287117
-0.0525571647411
-0.0540820090919
-0.0526154747485
-0.0563657326927
-0.0504297484721
-0.0523538375484
-0.0517488317253
-0.0518950722715
-0.0506891038624
-0.0477601328373
-0.0452259694022
-0.0440813034248
-0.0434867555135
-0.0422808048163
-0.0366997209217
-0.040330814557
0.0
-0.0386668063711
-0.0393816097569
-0.0368924376924
-0.034113852806
-0.0306753788366
-0.0286312078761
-0.0241922277725
-0.0208243029807
-0.0203224829526
-0.0217419467625
-0.0235359091536
-0.0186512244059
-0.0220350224638
-0.0274423981368
-0.0356324974549
0.0
0.0
0.0
-0.0378140313607
-0.0341982535872
-0.028562160393
-0.0242178544573
-0.0172722264326
0.0
0.0
0.0
-0.0144376805389
-0.0198728527834
-0.02263492972
-0.0271465064384
-0.0256965772443
-0.0240222333389
-0.022900180243
-0.0227512138304
-0.0226973761305
-0.0268944118448
-0.0243529918926
-0.0247011386448
-0.0226847019839
-0.0223573090507
-0.0221988505084
-0.0252329117035
-0.0268081275574
-0.024576448764
-0.018700089048
-0.0198868827596
-0.0189551856095
-0.0147505972636
-0.0109088833906
-0.00607476320314
-0.0042568766522
0.00140588185939
0.0
-0.000798378965161
-0.00654227268143
-0.00846900556215
-0.0086318126006
-0.00737145420889
-0.0108109365768
-0.0113921936387
-0.00874026050846
-0.00843925566318
-0.0108245507632
-0.010819299995
-0.0108370708618
-0.00997533312933
-0.0114428067989
-0.0167359368185
-0.0188656049462
-0.0234908645593
-0.0235363377638
-0.0271690431077
-0.0305115711332
-0.0296136812041
-0.030094263339
-0.0304807117972
-0.0302086595682
-0.0298458281412
-0.0340292159232
-0.0357942257246
-0.0429810122823
-0.0501075582142
-0.0546247518223
-0.0541790675153
-0.058228263799
-0.0575868617944
-0.0581860093056
-0.0544850216727
-0.0572022729048
-0.0562118822734
-0.0536242168788
-0.0551602403085
-0.0556760948378
-0.0577883873901
-0.0579845216828
0.0
-0.0631621119957
-0.0683183401784
-0.0718434837917
-0.0730585990516
-0.0762872924174
-0.0802602431398
-0.075814075505
-0.078069144332
-0.0765935862084
-0.0745841817421
-0.0733677861949
-0.0659042539582
-0.063070840334
-0.0647824407244
-0.0631197752196
-0.0639121646754
-0.0637498802281
-0.064137254482
-0.0656794754288
-0.0670849852727
-0.0669625851816
-0.0660298635825
-0.0621200314529
-0.062541219776
-0.0603191582301
-0.0579663730965
-0.0574335495383
-0.0588253806237
-0.0569972541423
-0.0552739585884
-0.052393476542
-0.0524430066894
-0.0570790655747
-0.0565608482955
-0.0565212566422
-0.059005209566
-0.0594362193561
-0.0531998226675
-0.0508130071816
-0.0538640315296
-0.0540805788668
-0.0535840125348
-0.0521415784658
-0.0567915109574
-0.0595190765604
-0.0606487944955
-0.056720100471
-0.0558898306487
-0.0585327366654
-0.0589184721111
-0.0584866006429
-0.0590457165379
-0.0594626157971
-0.0629187993105
-0.0643324622821
-0.0636943426353
-0.0659166824939
-0.0653523491504
-0.0640200095811
-0.0624095633379
-0.0607962646291
-0.0624900212315
-0.0614250489044
-0.063642281653
-0.0636025705407
-0.0613470521867
-0.060996140946
-0.0592907088555
-0.0571228931148
-0.057350969561
-0.0585652771254
-0.0604347929894
-0.0613583698479
-0.0636086276279
-0.0624164759406
-0.061013107771
-0.0610149340916
-0.0604004025747
-0.058002157178
-0.0506502497725
-0.0461460045247
0.0
-0.0477586524931
-0.0534831839053
-0.0586282250662
-0.0602030764998
-0.0583320332645
-0.0633227890187
-0.0648576999614
-0.0637149522752
-0.0642895973328
-0.0653625174787
-0.0644506763562
-0.0638794185694
-0.0610889017256
0.0
-0.0611690133052
-0.0607284255114
-0.0606950388089
-0.0605716727994
-0.0598361513728
-0.0597646692299
-0.0587673336751
-0.0585128151187
-0.0561263111487
-0.0561535218239
-0.0564065183818
-0.0559118634848
-0.0548176406364
-0.0524093699962
-0.0525111186109
-0.0496034805444
-0.0480972235493
-0.0483520139335
-0.0459183745881
-0.04445469238
-0.0422898293108
-0.0425714741911
-0.0422727174059
-0.0438072370187
-0.0450675756976
-0.0465471604214
-0.043838792299
-0.0435221570946
-0.0450918112308
-0.0435769456508
-0.0443408928326
-0.0457282799908
-0.0425296081686
-0.0444042775704
-0.0431849518307
-0.0458796289239
-0.0481482490746
-0.0472280082757
-0.0446410096365
-0.0453075509177
-0.0433345848022
-0.0403939297508
-0.0367807230598
-0.0360535669416
-0.0370629911075
-0.0356683615464
-0.033301440017
-0.0378163417516
-0.0383133327208
-0.0357495652248
-0.0373458637495
-0.0372987229017
-0.0358436297683
-0.0339377559687
-0.0304289153009
-0.027694117355
-0.0225903118131
-0.0232168646723
-0.0264499521924
-0.0309550183949
-0.033734309592
-0.0367949327789
-0.0382964986594
-0.0379883856025
-0.0400905878947
-0.0372067909682
-0.0404928987119
-0.0385040654261
-0.0379284631555
-0.0358026120319
-0.0378596357676
-0.0353344516541
-0.0355322297952
-0.037032487084
-0.0382781303902
-0.0404081062437
-0.038463874625
-0.0403055134211
-0.0433114535565
-0.0476897269098
-0.0441516372242
-0.0458510268118
-0.0469517416649
-0.0424552606149
-0.0551923245859
-0.0546539305861
-0.054024205502
-0.0545637314714
-0.0552961409659
-0.060107556862
-0.0700622466909
-0.0744283310398
-0.0785375057238
-0.0822325040988
-0.0844486985149
0.0
-0.0884070094214
-0.0874668390018
-0.08914390833
-0.0886057894243
-0.0887660526794
-0.0921758526503
-0.0941396492489
-0.096445699682
-0.0950463878431
-0.0938347107952
-0.094844568879
-0.0941518323162
-0.0934457705227
-0.0928668038506
-0.0934035374603
-0.0955374150972
-0.0955665376943
-0.0975715400401
-0.0971975669503
-0.0977402142503
-0.0984572956762
-0.0974359716376
-0.0931612780403
-0.0845111385846
-0.085583876634
-0.0857066949064
-0.0876893513607
-0.0898773438668
-0.0906522684859
-0.0911316479605
-0.0916896245407
-0.0934814417527
-0.0926732487771
-0.0902057570046
-0.0887067443221
-0.0882788472315
-0.0856243605546
-0.086656935942
-0.0861156530094
-0.0829231883604
-0.0762646171222
0.0
-0.0771711239453
-0.0809390089499
-0.0819019912287
-0.0849809014166
-0.0851442089714
-0.0835346452475
-0.0849695963688
-0.0850230937257
-0.0848630861608
-0.0848427365587
-0.0850741541914
-0.0847153031087
-0.0831892896162
-0.0826037429411
-0.0812082124058
-0.0773983617089
-0.0739351542648
-0.0703189598923
-0.0661159567178
-0.0666181315476
-0.0697661452165
-0.0720448223774
-0.0740755005216
-0.0725782778711
-0.0719331923084
-0.0727920788214
-0.0743729027963
-0.0755169866325
-0.0749859511196
-0.073517610971
-0.0772171038194
-0.0789723200024
-0.0796933077002
-0.0781475757558
-0.0820347289347
-0.0840957461947
-0.0825077391699
-0.0819213285768
-0.0814170537669
-0.0806161324789
-0.0821920084681
-0.0706090093423
-0.0806875464768
-0.0822947429153
-0.0805936486764
-0.0781432756061
-0.0777107806027
-0.0773169666387
-0.0805110785272
-0.0823215756798
-0.0803571784586
-0.0765310069695
-0.0795007186214
0.0
-0.0839488999078
-0.0789761714066
-0.0799661045926
-0.0805084319234
-0.0810553291301
-0.0793350848862
-0.0788793438855
-0.0769044733443
-0.0763455881519
-0.0777706950967
-0.074757884107
-0.0722111681574
-0.0723511693931
-0.0730434889067
-0.0708454269695
-0.0684912787966
-0.0654066134193
-0.0633381121794
-0.0604381022033
-0.0595118848916
-0.0585827774535
-0.0576888744197
-0.0574023183741
-0.0542060473462
-0.0599280218346
-0.0525872050747
-0.0524323919563
-0.0504728910677
-0.0527439201199
-0.0532577067362
-0.0488564631471
-0.047500496817
-0.0481102228178
-0.0505560645965
-0.0531844613203
-0.0455622535101
-0.0568846770422
-0.0574934080837
-0.058808544308
-0.0603374127011
-0.058031324006
-0.0578170922819
-0.0571655864209
-0.0557601097275
-0.0560494127423
-0.0576431774527
-0.0600939348278
-0.0637232396258
-0.0630397553012
-0.0614121784614
-0.0626194996054
-0.0610672348636
-0.0582360154144
-0.0570373421259
-0.0556284469696
-0.0517784245966
-0.0529578293139
-0.0547853902091
-0.0552037262037
-0.0548155745377
-0.0556808658859
-0.0569369130199
-0.0586551267805
-0.0579853563606
-0.0602559157886
-0.0581100677598
-0.055251794098
-0.0555070011265
-0.0553302515033
-0.0526400301121
-0.0522502948456
-0.0481662976517
-0.0485944116517
-0.051224319901
-0.0511261891833
-0.0540295660145
-0.0533753702699
-0.0577725238023
-0.0599759629637
-0.0615234707871
-0.0610421521225
-0.0634267077459
-0.0639232764734
-0.0643844215453
-0.064482503112
-0.068171364272
-0.0688967168198
-0.0693500000162
-0.0700912211459
-0.0702994778194
-0.068066553915
-0.0672800559476
-0.066637448807
-0.0674573977617
-0.0678677149922
0.0
0.0
-0.0654230496891
-0.0656197399012
-0.0640885338891
-0.0631028617632
-0.0628173401777
-0.0658975953256
-0.0660551913778
-0.0656012062934
-0.0639643456718
-0.0593220979402
-0.0595246211119
-0.0674500785484
-0.071539234852
-0.0735942041272
-0.0753838933189
-0.0764355885522
-0.0770663433581
-0.0779375013984
-0.0783589785857
-0.0813298944483
-0.0820314793363
-0.0842117511264
-0.0869135563798
-0.0845629572911
-0.0841524631718
-0.0841280578583
-0.0845109326613
-0.0814682341081
-0.07865594543
-0.0773285644127
-0.0751857926595
-0.0759635693854
-0.076749674161
-0.0777002512069
-0.0761629865323
-0.0782508144442
-0.0781352602534
-0.0791007223145
-0.0811050960226
-0.079949718773
-0.0806126192486
-0.0806884600624
-0.0782707752352
-0.0743439579704
-0.0732942591755
-0.0711141478188
-0.0705468093954
-0.0701896870321
-0.0721746833568
-0.0708779991726
-0.0740896751948
-0.0716262562416
-0.0677247310431
-0.0665700834115
-0.0708293366411
-0.0730213161592
-0.0719703984173
-0.0711151069278
-0.0682209869215
-0.0715493348183
-0.065721817255
-0.0642064581189
-0.0702335427025
-0.0741013007985
-0.0727045291319
-0.0725450984707
-0.0802489020157
-0.083956810968
-0.0826957596333
-0.0810331772188
-0.0693186529062
-0.0681606317075
-0.068801702566
-0.0713426400387
-0.0714730662818
-0.0707511291918
-0.0709100410496
-0.0741151749291
-0.0756228591258
-0.0710622517055
-0.0666088787873
-0.0624840621997
-0.06185316837
-0.0614787251148
-0.0604185115677
-0.0552429603807
-0.0537878687493
-0.0506136484626
-0.053573820366
-0.0563500558037
-0.0586347829243
-0.0590356872371
-0.0589931250585
-0.0595291267381
-0.0549184451735
-0.0557194549109
-0.0515614645066
-0.0548586194468
-0.0561692027078
-0.0623581826029
-0.0629805242278
-0.065923332047
-0.0687644324962
-0.0717521655553
-0.0770565935717
