-0.12716258101
-0.140893485453
-0.114999545205
-0.1158962039
-0.116815726553
-0.117735249206
-0.111764038052
-0.126969194869
-0.119147805818
-0.143228965424
-0.102042191635
-0.0956994408472
-0.0738673987422
-0.10553535616
-0.103704613641
-0.122932553635
-0.111417692969
-0.101279478043
-0.104727960806
-0.114624690969
-0.121297166205
-0.115230612926
-0.107727640153
-0.100783185223
-0.104074857493
-0.106103430146
-0.102471324275
-0.10396016401
-0.10661980264
-0.0919373010555
-0.0945556008241
-0.0769738849581
-0.0857924445926
-0.129096641552
-0.0889245972419
-0.0561698835354
-0.0899193292345
-0.0605360027098
-0.102301923678
-0.0891306617327
-0.0573110745218
-0.0601590242393
-0.0776471495493
-0.0708552221798
-0.0742056800163
-0.0667389746138
-0.0624266247613
-0.0584578983467
-0.0587615664865
-0.0604339286834
-0.0670669819614
-0.0355608460988
-0.0595446270271
-0.0666108605262
-0.0663105531842
-0.0407845701742
-0.0596310213166
-0.0531389673319
-0.0605281932298
-0.0356201352759
-0.0446226787053
-0.0228313436874
-0.0265693193966
-0.036787020101
-0.00462432308277
-0.0323401184175
-0.0217419786134
-0.0188959547581
-0.0202300710981
-0.0532580235745
-0.0392098358362
-0.0401987932001
-0.0212077081574
-0.0161045909215
-0.0152416638493
-0.0135120324949
-0.00616512818263
-0.00884469732572
0.00203120723153
-0.0111521457967
0.0204653765282
-0.0107879164466
0.0050503011389
0.00569486038867
-0.0144195250462
0.00358736036077
-0.000942180180345
0.00640121591442
0.00837374707656
-0.00461780411432
0.0152304472054
0.027568697391
0.00635651834626
0.0216508300384
0.0369451417305
0.0119380576971
0.0318645590225
0.0151759040335
0.0431063976516
0.0492668573046
0.0518781560212
0.046838896382
0.0538785966164
0.0579200699687
0.0454082343629
0.0333266806032
0.0744750626665
0.0656865753137
0.0539013015201
0.0691011809893
0.0769936962924
0.0676918250329
0.078568055246
0.0739603707685
0.0840900988084
0.069974276077
0.0789353348425
0.0802620282509
0.0776990542159
0.0602824420177
0.0840253131593
0.0554535869062
0.0834275780322
0.0715918535069
0.0784065474539
0.0916228121867
0.0813558960317
0.0943658662171
0.0945768618011
0.098663372999
0.0823133849977
0.0998442736029
0.101665833324
0.107400873857
0.116381875045
0.107662692588
0.113323848084
0.124035957517
0.123267112171
0.116661531448
0.108591151208
0.115130205871
0.131783642407
0.125794047505
0.12134792869
0.124435428638
0.121084861088
0.12880417446
0.125389696443
0.125630824321
0.116774572169
0.132194894986
0.130149799899
0.127778458959
0.12941852873
0.146662878037
0.112533162816
0.117353321643
0.122173480471
0.132019233343
0.119084445407
0.109500725453
0.102772308252
0.11803582994
0.112017352434
0.0830439636931
0.102497676551
0.093211729874
0.0743733991482
0.0970760687563
0.110948184511
0.0880858334405
0.058998060054
0.0578928393289
0.0712442758754
0.0526753224617
0.0499923758639
0.0380092186164
0.0528630636837
0.044931355353
0.0637288540584
0.0438478339089
0.0548575642984
0.0827413400165
0.0691650585033
0.0630545474562
0.0456546277702
0.0468123756469
0.0484739592943
0.0515717970092
0.0546696347241
0.0756909525576
0.0607764445671
0.0693903511141
0.0649662867825
0.0698884327433
0.0728871986992
0.0746202953384
0.0916287376668
0.0900771363602
0.0702899379443
0.0770146780495
0.0895386071819
0.0875221709162
0.102652044578
0.113117742267
0.108776824468
0.105153072806
0.101575943694
0.104773874993
0.114933250149
0.116875275077
0.121917992379
0.0957589057669
0.113409054033
0.12249946582
0.134740407194
0.132946893806
0.140911565916
0.147156687097
0.15381600309
0.124907738998
0.146723157383
0.142761310576
0.178863478401
0.161006366678
0.168027257271
0.15640136055
0.162454180076
0.16298969692
0.190547977035
0.178241282981
0.197917851283
0.167922846633
0.174161615617
0.160218745105
0.163985963177
0.146642587771
0.153640402519
0.165137006445
0.175660367192
0.175188075323
0.158596876198
0.17067778905
0.174152440046
0.144828887168
0.15872618012
0.136455923426
0.149967814346
0.159756565846
0.15151998603
0.140797036642
0.145804256593
0.154970246371
0.146901798079
0.110364324671
0.134316470161
0.164453331586
0.145626291439
0.108286484125
0.128027777322
0.127077571778
0.109640054543
0.134276218512
0.114759252091
0.118202494987
0.127556816838
0.12856585382
0.153492635736
0.178419417652
0.140477198184
0.127872361497
0.104241937445
0.0985006487536
0.0932912254375
0.10300229669
0.0992931981289
0.119407530969
0.148735503631
0.111392279947
0.107675359078
0.099276505158
0.105513154777
0.0944232615432
0.0963612770085
0.0804154676685
0.0644696583286
0.107286826514
0.0989555384417
0.0874723755592
0.0574534555119
0.0454919106068
0.0415470075805
0.0626007816237
0.0200306585345
0.031363987494
0.0406600441805
0.0282220050384
0.0410138101012
0.0379968249023
0.0362535546133
0.0430304264065
0.0214462990528
0.0211842700177
0.0252618731969
0.00244114994531
-0.0105474166876
0.00138628284282
0.0276327612302
0.00466863210491
0.000743106710172
0.0057232051279
-0.00267524521835
0.00983117721457
0.00331074364285
0.0117667992928
-0.00293623462273
0.016220480048
-0.0109410764591
0.00708271589273
0.00781607629436
-0.00831768764126
0.00418737078994
0.00170620424831
0.00476226569567
-0.00491102132827
0.00495904317474
0.0491220897578
0.00309351176282
-0.00376531144301
0.00433861654049
-0.0125703811977
-0.0151174350249
-0.0198452598002
-0.0263257340537
-0.0133073242412
0.0044325488895
-0.00788440231558
-0.0139094881576
-0.0160506047976
0.0133817491999
-0.00986681204127
-0.00708379344858
0.0039519821062
0.0104332551426
0.00578968286294
-0.00205106656031
0.0144059834
0.0105222071005
0.0111775536578
0.00256459389141
0.00169121932081
-0.00407713222736
0.0201675927968
0.0141781927824
0.0245554315157
0.00843589237235
0.0372431233815
0.0397544301445
0.0267165184692
0.0273484604685
0.0301780560598
0.0324594259316
0.0428886838572
0.0345248469013
0.0381564602771
0.0414044108572
0.0231276590642
0.0282436534191
0.0344637600883
0.0434690550429
0.0184997695466
0.0337181954293
0.0412973397209
0.0474339709658
0.0367733048315
0.0495430730066
0.058676106083
0.0357885668485
0.05391823401
0.0408117542799
0.0473637574113
0.0539157605427
0.0689856914968
0.0606045637653
0.0516135742605
0.082527494313
0.0743026323872
0.0682262519773
0.0835563458661
0.0646246531533
0.0981687585705
0.0916270944228
0.0777086251165
0.0784073890714
0.0812513225981
0.0785350827543
0.0685780349433
0.107985812529
0.0934785344671
0.106500551302
0.101826176966
0.0908658739636
0.099690552859
0.116735774476
0.0916652506137
0.0887398412106
0.106526288192
0.117978280665
0.116883841725
0.111920808805
0.115691055419
0.122932394103
0.129131206274
0.144915558195
0.149753532143
0.142121643969
0.152731385103
0.153141894311
0.146214387863
0.141078768466
0.134881227195
0.147436760269
0.15219176381
0.142871982226
0.127899628833
0.152504598922
0.147340184717
0.155899634959
0.149496524838
0.147665035493
0.143620594366
0.162715226479
0.161114998377
0.160070767706
0.155475469532
0.148584482211
0.174257647595
0.146075518323
0.166222318562
0.162624595556
0.180604390915
0.177353237058
0.165408634471
0.1679005442
0.179905362467
0.174354405017
0.185292276977
0.196556995956
0.169544562589
0.174148733613
0.202807964566
0.180278687306
0.1844931132
0.208423618567
0.184135375397
0.19229543565
0.188370062714
0.189344320231
0.196795891568
0.189036174939
0.194415740043
0.191091778024
0.193611549004
0.188014354226
0.189163264315
0.195761150671
0.199810545477
0.200526850905
0.194452965209
0.202963022085
0.204370468975
0.220593984579
0.192209999989
0.214125104086
0.209496677984
0.205155151818
0.206620835579
0.208086519339
0.21459081879
0.211859744802
0.189223782076
0.230922166183
0.203726511906
0.222982802816
0.201898945224
0.205921655129
0.220084794973
0.228808619615
0.237638872725
0.231756863033
0.228012828174
0.236290317009
0.228496328177
0.231383131566
0.224785507348
0.217650136843
0.222401987669
0.233697711847
0.259134764841
0.236293513476
0.244333178238
0.238149774461
0.237320241905
0.259068840062
0.244531627258
0.23896654469
0.24375423028
0.232346377301
0.245276850466
0.253670235441
0.248094596384
0.243020428583
0.246407810025
0.237809235193
0.236206191925
0.257743531365
0.236661785578
0.246084011543
0.243243266072
0.229150800527
0.240486193305
0.242863407416
0.229622460472
0.240884500102
0.228893274079
0.227591754139
0.215413263477
0.232598332233
0.233923180274
0.238850333805
0.260934673799
0.234849077146
0.229846120734
0.233259928192
0.223456648532
0.256098302735
0.241204326318
0.228581071118
0.237429927923
0.22979121692
0.232208417097
0.229787896053
0.232386983206
0.22275497246
0.249959914302
0.223441845378
0.211440358768
0.247765789934
0.23343612122
0.216433635327
0.220271961851
0.218383867713
0.228244482825
0.223231332453
0.211656040141
0.21570589505
0.220924826025
0.20972432266
0.217509677376
0.214070834215
0.220405877367
0.211479885509
0.222141076533
0.219041229683
0.231110517781
0.223177476536
0.217653842185
0.244256569296
0.225217676119
0.229689517667
0.240383584633
0.239601983547
0.249218484132
0.258834984717
0.231697462377
0.238281746984
0.22131432864
0.220211604041
0.236011922832
0.238392817834
0.226888298693
0.220107349906
0.229472467415
0.206007947931
0.208711420508
0.209288221585
0.201409550859
0.229071400136
0.191575039208
0.201423697357
0.202555094016
0.185819426855
0.179291954441
0.185448500454
0.166810101098
0.185493030816
0.162771684711
0.174578195219
0.168882936381
0.163187677542
0.157492418704
0.151797159865
0.150766902213
0.149346987529
0.148492766041
0.16864680993
0.163996108772
0.159359152788
0.161558357069
0.153029698038
0.149956463634
0.155586300759
0.152186337482
0.148659369511
0.161136002843
0.151899617949
0.156338426381
0.149568325344
0.134174474257
0.143483027573
0.144225156003
0.149901513077
0.134673376607
0.138296115647
0.122577036394
0.109810053728
0.113726874751
0.100442480719
0.0940934442614
0.0966797298983
0.0932156745981
0.0960241762531
0.107552260096
0.119080343939
0.0929665859529
0.105863598029
0.129271502393
0.0937388113042
0.0784465938886
0.0739916360736
0.0888527678884
0.0879834778052
0.0790718212063
0.0879182270551
0.0668293852596
0.0685425854587
0.0653162583684
0.0772712594194
0.0780816662691
0.0812290010956
0.0785521047421
0.077976722954
0.083598964216
0.0823636699852
0.0798272798419
0.0792197096531
0.0686308479639
0.0941169140186
0.0770733425854
0.0570362668604
0.0820613300069
0.0808361382129
0.0843178956053
0.0743141558616
0.093769031731
0.0942120125219
0.0834997894545
0.0785949655273
0.0677271276857
0.0568592898442
0.0497642991843
0.0577335912548
0.0487211914891
0.0751010900866
0.0633309873894
0.0541698554777
0.0718519525263
0.0594606409018
0.0462504557714
0.031388706875
0.0125121203126
0.048661300491
0.0372571240314
0.0339652060702
0.0297848766602
0.0216047104828
0.0256983329937
0.0371566790866
0.0204167375486
0.0055099309009
0.0244859245934
0.0283447696765
0.0287527216191
-0.00383301717178
-0.005530576547
-0.000601255815023
-0.0145868998439
-0.00717206490907
-4.13415643274e-06
-0.00566393524369
-0.00750705198574
-0.0245773618237
-0.0348256700804
-0.0184562089734
-0.0360259379024
0.00153775225944
-0.0234755358569
-0.0324865905946
-0.0234171004759
-0.019018844106
-0.00217176658003
-0.0252618577087
-0.0168887359245
-0.0212692374212
-0.0148539943901
-0.0159072478829
0.000252547212514
-0.0411469471195
-0.0198406219218
-0.0113483032816
-0.0240715946028
-0.0437920224196
-0.0436369685653
-0.0282924559966
-0.0398354672234
-0.0395329444399
-0.025730168609
-0.0244667875701
-0.0272005097538
-0.0518279182523
-0.0226479044759
-0.0189403244493
-0.0143224500471
-0.0163257407436
-0.0106278083748
0.00874416169701
-0.0169360719645
-0.0121194450789
-0.0291961028515
-0.0118791394848
0.00986538282592
0.0140170217631
0.00570632849346
-0.00895630335337
0.00430903380002
0.0123570567091
-0.00665862753319
0.00883322599698
0.0158875299826
0.0229418339681
0.0299961379537
0.0364977238739
0.0343242479176
0.0396548212233
0.0359339671161
0.0634198409571
0.0424139307389
0.0416974007006
0.0326455906307
0.0355490516195
0.0570353461899
0.0647832157386
0.0396005493173
0.0473083314109
0.0487728932915
0.0502374551721
0.0438415589015
0.0598084653658
0.0557502335713
0.0406875097983
0.0468990859404
0.0755769599999
0.0637474400591
0.0475258943686
0.0567300876563
0.0638473351151
0.0788950579013
0.0652399187022
0.0620420456032
0.0926214263136
0.0671524470726
0.0864792018106
0.0809425399884
0.0569262475425
0.0586746832342
0.0548205696785
0.0536748417897
0.0845074085024
0.0633547981231
0.0488850333093
0.0559715160402
0.0556069373113
0.0562083479165
0.057472142036
0.0419747997185
0.0449870243585
0.0431532565906
0.0502775477051
0.0602907838387
0.0704678117944
0.0851453421553
0.0561101524508
0.0513112976262
0.0382616217956
0.061003460196
0.0563312587002
0.0616295314548
0.0645918663819
0.0705110680602
0.0629228765299
0.0484069609332
0.0596346456609
0.0399973388219
0.0441777365742
0.0512372887842
0.0744510669404
0.0666593875849
0.071664336681
0.0476756474843
0.0284603474632
0.0232711654509
0.0238640508656
0.0209077916242
0.00701184557911
0.00664453325392
0.035334008849
0.0539101422636
0.0471688368416
0.0572143527137
0.0195885635403
0.020403151603
0.00294897047562
0.0035894691757
-0.0080733756328
-0.00268951196721
-0.0122696322609
-0.0297183395123
-0.016719774142
-0.0263756838446
-0.0431151479738
-0.0317711955155
-0.0203945793564
-0.0419512471351
-0.0454175453202
-0.0304936514264
-0.0477304684436
-0.040462486917
-0.0445376153876
-0.0471495776841
-0.0426883332553
-0.060407229119
-0.0466970658329
-0.06478165503
-0.0493951623404
-0.0579768306192
-0.0586979311082
-0.0366900299102
-0.0558600813093
-0.0517968932897
-0.0468541054865
-0.051584932588
-0.0563157596895
-0.0281210051959
-0.0392688698993
-0.0362283134094
-0.0320611922678
-0.00786857158312
-0.0467104310064
-0.0370729828553
-0.015939743859
-0.0269152513378
-0.016283521235
-0.0164037426584
-0.0142003381667
-0.00802309169836
-0.00297945420012
0.00640683305472
-0.00349054686511
-0.000158521505982
0.00573265407969
-0.00733470810718
0.0326336588985
0.0160138906592
0.0275735868085
0.0173384500475
0.0480981918599
0.0467143624217
0.0607082977212
0.0584666265641
0.0536013072884
0.0583828880672
0.0767298016897
0.0617475095137
0.0490141945379
0.079112159315
0.111627712693
0.0858326604757
0.0996249037171
0.0903381493323
0.0998647676134
0.0881082583543
0.104235143986
0.102955686313
0.0931541894987
0.081845971074
0.088314648625
0.120405090606
0.110721529214
0.0958684305346
0.0828734630233
0.0703334041326
0.0989104702928
0.0818670643646
0.0842390519411
0.0958319765524
0.0762406213965
0.0918360951748
0.0852028920023
0.0795583517688
0.0874538249571
0.0914552953176
0.072833118089
0.0626882535805
0.101345849859
0.0957462452062
0.0925630495502
0.0836444488686
0.105243955512
0.0900955464136
0.114931413298
0.0951351559342
0.103127777366
0.100147516415
0.113725718162
0.106836199023
0.0816253803473
0.118198604779
0.0816957286584
0.0739945772486
0.0542805992079
0.0739174561925
0.0629438646572
0.0568869996884
0.0594002247661
0.0365525138691
0.0633740373873
0.055829466604
0.0721677264114
0.0386144292653
0.0600609699069
0.0583243872032
0.0351176792995
0.0316264762385
0.0426902477063
0.0404569341244
-0.00490581363977
0.00817143631272
0.0212486862652
0.0341252494044
0.00338182216573
0.015388812887
-0.00676436177057
0.00545440376775
-0.0142992646589
0.000655489320591
-0.00323285973483
0.0050166175644
0.000116725148858
0.00496258624681
0.03537662217
0.0156525959471
0.0207472818425
0.0440552683094
0.0265258451033
0.0451448064501
0.0586336658372
0.0622863925322
0.0813413037951
0.0706836099807
0.061336818349
0.0524321939888
0.0390426779216
0.0575981745769
0.0283735652015
0.0238770762828
0.0112874975647
-0.000832404789884
0.00553451954791
0.0126560048378
-0.0140330279636
-0.00601958186378
-0.00482740896646
-0.015692817838
-0.0245704343305
-0.0179080182228
-0.034028890394
-0.0406664919731
-0.0331993724346
-0.0534474868416
-0.0305537261768
-0.0521410203682
-0.0573776197671
-0.0640157685456
-0.0410431343431
-0.0538824518402
-0.0121347897741
-0.0270349147765
-0.044342092761
-0.0211094705464
-0.0348670334186
-0.0233715227462
-0.0120410434832
0.00660891297302
0.00990990157607
-0.00374615729313
-0.00286717572224
0.0244844155527
0.00484563049956
0.00570701910816
0.0295883596533
0.0515180785709
0.0496657119849
0.0317947111035
0.0462815471515
0.0894766274539
0.12153551998
0.125825952584
0.130116385188
0.134406817791
0.138697250395
0.0885534820606
0.120742182438
0.0909458334415
0.0591258291699
0.0403791381762
0.0579536245818
0.0529410571198
0.0624194999776
0.0550599230161
0.0642732267058
0.0788868621445
0.0970857217631
0.0500790516757
0.0429726184461
0.0413431267452
0.0386871900524
0.059638299636
0.0471935074985
0.0454067022157
0.0783448178298
0.0584043307997
0.0617321722656
0.0623287437882
0.0629253153107
0.0567811829521
0.0648124307993
0.0499947355887
0.0381077314055
0.08903414858
0.0654326255736
0.0556259914081
0.0627644701048
0.0704656837542
0.0855190130573
0.0715854690123
0.0632146087429
0.0675475727911
0.0734720993533
0.0783577316984
0.0735344884487
0.0694465784358
0.057000496812
0.0525397993945
0.0429027882077
0.0615755549012
0.0628272846374
0.0587261886965
0.0427067118177
0.0259305685789
0.0428258963998
0.0659146672235
0.0716042099732
0.0766679672459
0.101779335083
0.0653669695092
0.0449873289446
0.0546554531983
0.0476154901561
0.0528361377716
0.058430926226
0.0684969460159
0.0558757441061
0.0607574282906
0.058710715015
0.0733709518771
0.0602792461801
0.079116668626
0.0844520601924
0.126123696013
0.0863479034081
0.0842391193062
0.0715921786021
0.0557295509841
0.0743717824938
0.0802711690677
0.0856694308063
0.0771912024643
0.0698078057975
0.0664392722611
0.0758621337764
0.063171506178
0.0679895704448
0.0706513934544
0.0690104399167
0.053627601293
0.0678331598495
0.0594154564199
0.0569167177324
0.0609657694747
0.0963206592385
0.0453197484801
0.0454268191141
0.0815236915566
0.0480962866538
0.0600957743172
0.0708742770463
0.0610284844009
0.0517410579862
0.0724471565364
0.0610680198277
0.0797639621344
0.066034130834
0.0371843659104
0.0365925377636
0.0364745938732
0.0422848179256
0.0236777199644
0.0505555530405
0.0417112012203
0.0317776363605
0.0298812975998
0.0420786779215
0.0150325891726
0.033138643602
0.00946862122617
0.0181296222471
0.0261051075973
0.0233909289491
0.0248603660021
0.026329803055
0.0156594762072
0.00793309304673
0.0151054753941
-0.0150118099592
-0.0240678797735
-0.0183589732294
-0.010645333419
-0.0152506508151
-0.0186883860874
-0.0486913841771
-0.0366353408144
-0.0377015880632
-0.0388275450658
-0.0407273357461
-0.0376931977131
-0.0508947079432
-0.034625610924
0.0162554896131
-0.0610260289856
-0.0426763045277
-0.0589293704306
-0.0753186655922
-0.0770817906267
-0.0595940177487
-0.054246248932
-0.0609031022387
-0.0675599555453
-0.066128113695
-0.0530996177134
-0.0705094155558
-0.0508179737919
-0.0189993007288
-0.0564183043723
-0.0709111249808
-0.0611418907634
-0.0735473997939
-0.0578316501663
-0.0608576893041
-0.0608470924759
-0.0573696562179
-0.0821005172927
-0.0800237375044
-0.0772166821144
-0.0784756316307
-0.0678469307164
-0.0906638392879
-0.0749730813297
-0.0762976227895
-0.0659350390873
-0.0552994677239
-0.0766654262945
-0.0421252858128
-0.0534235687156
-0.0519821975919
-0.0497134910446
-0.0295731971506
-0.038619476826
-0.0108138478445
-0.0192427920533
-0.0247997669318
-0.00837751089793
-0.0223246638558
0.00608483773001
0.00908458040511
0.00779869378016
0.0150545774606
0.0155450861414
0.0294119021659
0.0198989498591
0.0410026104442
0.0128936059838
0.039606670491
0.0502620944795
0.0596933116848
0.0651243217251
0.0573450428947
0.0499926383045
0.0501670865341
0.0536236784567
0.075130923943
0.0644341231222
0.0651395292477
0.0908082540801
0.0758547621492
0.0852353371915
0.0581258341158
0.0857082620437
0.086796942466
0.0774911682207
0.0737481289848
0.0711649098812
0.0886548845746
0.0702106988143
0.078017858767
0.0655086156764
0.0529993725858
0.070087061103
0.0740779127966
0.0873657004849
0.0574746799447
0.0795120993138
0.0546173432727
0.0691608199922
0.0554122272288
0.0524498813868
0.0341417928189
0.0431712210165
0.000317120216593
0.015634362674
0.0189430786629
0.00322810318912
-0.0134205114032
-0.0252028946351
-0.0159466612113
-0.0302914550565
-0.00972442351353
-0.0414150190661
-0.0181854712584
-0.0351993136049
-0.0321754466351
-0.0186829795188
-0.0455453122573
-0.0529822615236
-0.0378471354634
-0.0631411641436
-0.0784020926258
-0.0666124736165
-0.0618025380066
-0.087269826955
-0.0943584067602
-0.0786127984785
-0.0985132016705
-0.0995092273873
-0.0956306034372
-0.10234656373
-0.0836997048032
-0.0757578548591
-0.125015407756
-0.100615217595
-0.100417031389
-0.121194857247
-0.115515091764
-0.111956795971
-0.117805142878
-0.12468310998
-0.120524301466
-0.116365492951
-0.109436791951
-0.131750542833
-0.122327748847
-0.13615387023
-0.124489410563
-0.118726570285
-0.142281949738
-0.107843898462
-0.10112727429
-0.13029424172
-0.0898754576133
-0.110551686292
-0.118937408055
-0.126557181425
-0.133530813699
-0.132331671586
-0.118457154098
-0.127872704152
-0.122035805819
-0.123794942191
-0.115347926599
-0.119499109196
-0.132176262328
-0.126111588937
-0.151607925955
-0.134887080303
-0.152194127729
-0.141902665475
-0.163724034037
-0.139774644938
-0.156882997997
-0.146623498185
-0.135990301678
-0.175903873098
-0.148432633993
-0.153288781625
-0.166496670275
-0.142231515933
-0.152609168832
-0.160704518519
-0.1474848315
-0.164539096359
-0.152177165348
-0.15940238184
-0.166627598331
-0.166353091078
-0.170100105363
-0.174251274544
-0.147675344601
-0.142915540679
-0.149654452947
-0.157343462357
-0.154652274607
-0.159116514525
-0.167408235366
-0.180332748003
-0.170329993089
-0.1634385311
-0.14344446494
-0.168789898693
-0.163139039776
-0.156286728457
-0.153662448675
-0.144590729745
-0.168613850165
-0.15577983409
-0.155649575694
-0.161359097937
-0.161467464903
-0.151650086234
-0.137136463246
-0.148066799707
-0.137479692075
-0.150625486739
-0.127508671116
-0.128010694158
-0.112894875342
-0.109243012447
-0.126054674035
-0.115401149845
-0.115777725418
-0.116261738696
-0.0997477460836
-0.109468219251
-0.106552104689
-0.110337450306
-0.106129083367
-0.116984711181
-0.098492032015
-0.108271505494
-0.0825959939293
-0.0968903541129
-0.10575853254
-0.104505351774
-0.10057608258
-0.0943926223177
-0.0977100639385
-0.07809506431
-0.0871285917912
-0.0731260636153
-0.0743252001526
-0.100827343532
-0.0634259313142
-0.0606541457381
-0.0536832138539
-0.0599581487643
-0.0723107501351
-0.0605989549722
-0.0714498501775
-0.0659156703867
-0.046573671957
-0.0108320993617
-0.0641036051561
-0.0522046246526
-0.0561473444807
-0.0494330213674
-0.0440505771062
-0.0649539903916
-0.0286171701767
-0.0186042671999
-0.0462646159283
-0.0256417436414
-0.0302158463374
0.0401533357635
0.0561975895869
0.0722418434103
0.0317517451067
0.056110202279
0.0468702634199
0.0199425131404
0.024549939013
0.026346538541
0.0301080293695
0.0143486161562
0.0185779653799
0.00470918983621
0.00661364535876
0.0150418776645
0.00450622583537
0.0198495063776
0.0351927869199
0.007871322603
0.0267282186657
0.00226634695801
0.0278404481151
0.0294280710751
0.0260222326868
0.0365455718405
0.0317845072523
0.0207431896623
0.0437633015925
0.0365362205941
0.0348089847549
0.0124818753455
0.0318297684925
0.0315007651022
0.0195271611147
0.034292234166
0.0323834698747
0.0536165040122
0.0367943935091
0.0331610835976
0.0447532069741
0.0490104012777
0.0629235259394
0.0441749311334
0.0418777074771
0.0532990022828
0.042241373517
0.0491494625258
0.0590286254649
0.0586577370079
0.0570760909089
0.0706660014133
0.0804428461602
0.0632821420478
0.105503602792
0.0837566006007
0.0623725006385
0.0637956680306
0.0619401121348
0.0674854691491
0.0811516583133
0.068020090515
0.0723807721652
0.0788442391508
0.0864301727665
0.0804373935421
0.111210274706
0.109516819238
0.0880704069879
0.073411132539
0.0823023655938
0.0854659927816
0.092504803992
0.0755264817691
0.0805109718533
0.0864994467555
0.0725619774712
0.0670894019089
0.0864687968147
0.0829026512557
0.0714418572605
0.094045272299
0.0879503513575
0.0963689862202
0.07503215399
0.0865610477976
0.0830654858566
0.0640767057275
0.0852613144669
0.0765860621537
0.082750303758
0.063067334339
0.0638328712266
0.0604704104349
0.0887890749309
0.0719164536071
0.061141844757
0.0685212660476
0.0500774260763
0.0343145457723
0.0630378694004
0.0490921689611
0.0218280676621
0.0513809173418
0.0231576732018
0.0333553934906
0.0210571393191
0.0210885562979
0.0153741427536
0.0299018973782
0.0395132784533
0.00223669612395
0.0147029564375
0.0211140571658
0.0275251578941
0.0174474051958
0.0138409528167
0.0305025819839
0.0147998238697
-0.00174114568831
0.017756569258
0.034878896491
0.00735447605349
0.0204671430974
-0.00106869228839
0.0263911222613
0.00753875483257
-0.0102324049775
-0.00574559085007
-0.00639617662322
0.00202261355256
-0.00962474622601
-0.0286451952528
-0.00304793378349
-0.00758760475849
-0.0208793519236
0.00487180230166
-0.0170282682275
-0.0197773778737
-0.0289188265525
-0.044172995814
-0.0402391335136
-0.0318187423843
-0.0337022257796
-0.0411164462886
-0.0605580637571
-0.045628181722
-0.0660272679257
-0.0539859600437
-0.0370338279213
-0.0569161917642
-0.0668419099135
-0.039062245513
-0.0599220640304
-0.0557029319616
-0.0565917454656
-0.0607671477746
-0.0249376672772
-0.0903899393912
-0.0845960036254
-0.0827227972693
-0.0903339367682
-0.0829172236059
-0.0899060529232
-0.0877407664235
-0.0874192384086
-0.0799231488636
-0.0901405228924
-0.0589981392746
-0.0970071685442
-0.0817695618835
-0.0853850815919
-0.095745805323
-0.0766147618418
-0.102118800003
-0.0723683195347
-0.0346788721891
-0.0739339675032
-0.0932420960509
-0.0646929982947
-0.0621646651905
-0.0710615624824
-0.0827681780429
-0.0943803342536
-0.0815810542838
-0.106568114185
-0.0731530289635
-0.086977331158
-0.0851684874936
-0.0994720156383
-0.0912527318717
-0.0982449884316
-0.109329392901
-0.119374545944
-0.129419698987
-0.111278631366
-0.116244783388
-0.113402861146
-0.0900277674029
-0.114667611696
-0.124177958957
-0.110705866255
-0.107966291327
-0.101473329776
-0.126239747865
-0.101002379434
-0.112031872525
-0.109657917804
-0.114692891419
-0.11572514543
-0.116757399441
-0.117021646869
-0.127724061108
-0.122399247876
-0.133433025827
-0.153625366768
-0.143993185835
-0.152661788278
-0.135230695356
-0.143789403704
-0.131424628302
-0.132220547293
-0.144918488635
-0.146557566187
-0.148947569438
-0.170576321848
-0.174778994914
-0.173985522115
-0.163575911207
-0.161095495661
-0.177137060153
-0.163495916931
-0.164781501179
-0.175634477659
-0.156963090715
-0.16585858716
-0.166126181083
-0.150054878298
-0.149470058227
-0.137737047588
-0.147671187584
-0.149222382642
-0.131622135754
-0.151399376598
-0.114066091186
-0.12962059038
-0.150740761602
-0.13229925615
-0.146766303896
-0.163988275762
-0.153815234756
-0.159441619998
-0.125520728236
-0.129996006856
-0.128618916479
-0.124947113632
-0.122225227861
-0.126461643517
-0.112184566901
-0.103404283908
-0.0951326059821
-0.0902426340524
-0.118451207659
-0.132740243258
-0.102325645507
-0.095594142345
-0.122224231854
-0.124373094424
-0.132064175827
-0.126798377426
-0.123444577323
-0.134277295812
-0.14607530665
-0.11364241515
-0.121532145624
-0.0916516210652
-0.110631981173
-0.116152202696
-0.110639956736
-0.121083121528
-0.108783317218
-0.103563655542
-0.0983439938653
-0.0940428070581
-0.0988473392336
-0.110232597334
-0.10781462509
-0.0949363861304
-0.0721922690016
-0.0829983338065
-0.0761683864657
-0.0814459237499
-0.0383366139061
-0.0670698492009
-0.0748265480599
-0.0625398121159
-0.070809531714
-0.0728341564943
-0.0520912024169
-0.0656867534334
-0.0509655752833
-0.067980659848
-0.0708497099946
-0.0797175253747
-0.0678480042865
-0.0765760027279
-0.0853040011694
-0.0855932783497
-0.0781047577021
-0.0802023939828
-0.0818935576672
-0.0611102576613
-0.0640754747902
-0.0559501873098
-0.0638191852429
-0.0621349568439
-0.0652935945403
-0.0532779079543
-0.0703181468434
-0.077653560718
-0.0849889745927
-0.088102910347
-0.0771153274881
-0.0567253527555
-0.0811127335029
-0.0788725987603
-0.0659426670062
-0.0781720508118
-0.0547667302345
-0.0923039575891
-0.0775075974154
-0.0933102431782
-0.0783163352015
-0.101443503277
-0.079632970789
-0.0910942400181
-0.0817202186043
-0.0904532916622
-0.0966495162912
-0.0862447639741
-0.0971764471324
-0.0876624716417
-0.0740885596693
-0.0835709705867
-0.0814143337316
-0.0700962117825
-0.0792616049804
-0.0859265604487
-0.0648228480525
-0.0896187954032
-0.0593846693005
-0.0584255260766
-0.069683238813
-0.0518058916631
-0.0578621620706
-0.0393255307797
-0.0267916840303
-0.0528250806614
0.0144794039396
-0.0527216736736
-0.0338487168819
-0.0225425641952
-0.0107609376001
-0.00825226782095
-0.0252402215922
-0.0328454843778
-0.0283591923208
-0.0454109589536
-0.0704444884995
-0.0468446479506
-0.0327551775635
-0.0538784390756
-0.0451968166677
-0.0224423266153
-0.0174314412255
-0.0414491287505
-0.0246418008557
-0.0267111625754
-0.0271860395878
-0.0464065844697
-0.0201331281828
-0.0161824974975
-0.0231788777434
-0.0300634005377
-0.034101322731
-0.018843165741
-0.0199069104539
-0.0229978429581
-0.0132159378229
-0.0199857494279
-0.0229030184287
-0.0266280077172
-0.0397838193021
-0.0340574516929
-0.0499030625954
-0.0436127199192
-0.0377822719221
-0.0238922026255
-0.0246959548905
-0.0565837897876
-0.046134447786
-0.0508267445566
-0.0555190413272
-0.0463870514221
-0.0293061656207
-0.0424209944247
-0.0497131041774
-0.0519908546742
-0.0535498164352
-0.0367355312074
-0.0511194835481
-0.0532524254635
-0.0346058106828
-0.0245417414979
-0.0103567923269
-0.00620663017443
0.0433736315611
0.00864313402715
0.00525597626821
-0.00857215103287
0.00896176318467
-0.0340661448457
-0.0288962483775
-0.0144835007838
-0.0148643379797
-0.0174855170035
-0.00060469349021
-0.00896962486161
-0.00671108021145
-0.0200716244712
-0.0334321687309
-0.0497651683789
-0.0413464891021
-0.0457717872824
-0.0493129638896
-0.0557821870364
-0.0495091187624
-0.048811830256
-0.0392351423328
-0.0528306077384
-0.0582249373362
-0.0375634509879
-0.0530408072305
-0.055741286541
-0.0644208863193
-0.05360914274
-0.0580280591257
-0.0559690742106
-0.0581534719097
-0.0321838449506
-0.0365039967908
-0.0282526677903
-0.0545914561305
-0.0816378527389
-0.0638117297087
-0.0638721261243
-0.0732285501696
-0.0857580855696
-0.0777811614957
-0.101001026386
-0.111804538939
-0.105851057259
-0.0923980492713
-0.122691564569
-0.11502525291
-0.12916456586
-0.114889435269
-0.117815158166
-0.107521315043
-0.121789461157
-0.131519005218
-0.131981610904
-0.15005687034
-0.146862007503
-0.140409949143
-0.131842908854
-0.129043765367
-0.118817828927
-0.168625902888
-0.15024997715
-0.155513855666
-0.169700333536
-0.165582500583
-0.189114109318
-0.182785942555
-0.166153226085
-0.182182598211
-0.196172791905
-0.190269577821
-0.176538025844
-0.187309585814
-0.197689547408
-0.170795238709
-0.178401734958
-0.187327224557
-0.189460016305
-0.186376822704
-0.177575158674
-0.168773494644
-0.160760525959
-0.146428915263
-0.149677814878
-0.148300216721
-0.172600696531
-0.159841968244
-0.153691455827
-0.150653289303
-0.158555791562
-0.151488230778
-0.140587103138
-0.143841871074
-0.15398746283
-0.139650498403
-0.148276079368
-0.143227809502
-0.131586482368
-0.133828567283
-0.132928428817
-0.109208773631
-0.120071518818
-0.119436218555
-0.117718541284
-0.105442399406
-0.122392234942
-0.114647160757
-0.125556284732
-0.118109462778
-0.139203091231
-0.123168268372
-0.125025546323
-0.113657314917
-0.126496542967
-0.144249558631
-0.118772051314
-0.127540267455
-0.120469232313
-0.118429438428
-0.124690339686
-0.117033635813
-0.109776272027
-0.112761762441
-0.109930897165
-0.117980259404
-0.128468739102
-0.110101055293
-0.101348598571
-0.106273260612
-0.111211880095
-0.116251178264
-0.135384897361
-0.131773981623
-0.105546728141
-0.113273506558
-0.11016439199
-0.123761711746
-0.125018753691
-0.12229201851
-0.135506208251
-0.138150309958
-0.153185383826
-0.120364618938
-0.119214636482
-0.132531791797
-0.114719233446
-0.115261616656
-0.131180656827
-0.110820714671
-0.123814678361
-0.110794028636
-0.134149455371
-0.114250699996
-0.110991687365
-0.11640973002
-0.133259549476
-0.139866488555
-0.125713261613
-0.131576199051
-0.109364974746
-0.129458879209
-0.107305353356
-0.101582438395
-0.119685102058
-0.115578362833
-0.106136841907
-0.107900112981
-0.103883771633
-0.121990792566
-0.103530755146
-0.0997295087419
-0.0914342233857
-0.0871281210737
-0.102603717854
-0.0971627304699
-0.0952210724992
-0.0932794145285
-0.0829724831422
-0.0667706148099
-0.0474295283413
-0.0405761978272
-0.0225196628224
-0.0219628707034
-0.00736138804385
-0.0369088024706
-0.0467764967754
-0.0374917955529
-0.0198965232867
0.000269845708823
-0.00694311378258
-0.0168389798624
-0.0230164554494
0.00513672289405
-0.0250158088134
-0.0287214560406
-0.0159570031639
-0.0301833166087
-0.029909429446
-0.0174497145802
0.0180804619452
0.0804398682413
0.0919022804536
0.049262195087
0.0423914476614
0.0374273756914
0.0131010422525
0.0129897576045
0.0196901443426
0.0214873606299
0.0418522133143
0.0404649291164
0.0331797088612
0.0299847967684
0.0339254980421
0.0316105918463
0.039003850827
0.0335234780267
0.0383903299447
0.0553200397729
0.043896052431
0.0433078099094
0.00874957493474
0.00292901392769
0.0281630729072
0.0363084530363
0.011548239441
-0.00169464859261
-0.00912535384428
-0.0017202307526
-0.0266391505232
-0.00975938556998
-0.00720864063656
-0.0238373304228
0.00667675449705
-0.0153301743266
0.00564386496319
-0.00107632178173
-0.0399077437571
-0.0340472738796
-0.0273154350754
-0.0422304516869
-0.0345368341616
-0.0337277036527
0.0323989442807
-0.0285938925857
-0.0196917043352
0.0169870967224
0.0136345732623
-0.00395199174837
-0.0394420645168
-0.0317339286388
-0.0151999947959
-0.0287294044768
-0.0434647842919
-0.034478923827
-0.0496023865188
-0.0409361507772
-0.0230382086776
-0.0173668295128
-0.0349526361569
-0.0334132727243
-0.0212590358517
-0.0263601599779
-0.0259518871703
-0.0228595688613
-0.0197672505523
-0.0058283894041
-0.0159450585934
-0.0313255559368
-0.0104717015389
-0.00947373736532
0.00100742686639
0.0114885910981
0.00935429060199
0.0314115192265
0.0240382853889
0.0270217092389
0.029707074127
0.063585855459
0.0501265340408
0.039251532327
0.0259453014895
0.0342854253108
0.0289802716831
0.0449172405692
0.0537675104478
0.0464255137429
0.06718201819
0.0709037851989
0.062976652819
0.0833408405031
0.0560873078518
0.0531828042186
0.0303423473498
0.0382439357809
0.0370967514745
0.025331350713
0.0201685445464
0.0133706561751
-0.0149183710966
0.0189404035052
-0.000511036460173
-0.00970138439416
-0.0331057212104
-0.0110264403802
-0.0192346283012
-0.030696955204
-0.0159007142009
-0.0502217548997
-0.0466421040447
-0.0452244693468
-0.0438068346488
-0.0880250716425
-0.107403125376
-0.10724869247
-0.103559978895
-0.117416553521
-0.12326033178
-0.129193789085
-0.128790355733
-0.154856061539
-0.147165370972
-0.140705890286
-0.166871879097
-0.153837528995
-0.130935722024
-0.119860202818
-0.12807199918
-0.141385132359
-0.147699368622
-0.138401775978
-0.136701769619
-0.13500176326
-0.133301756901
-0.133384132992
-0.131897122308
-0.171786056951
-0.198093969422
-0.201203151004
-0.217178338935
-0.222043726544
-0.25252341303
-0.236441638037
-0.231050230326
-0.22917627021
-0.252829862441
-0.250158065215
-0.267708213236
-0.265004482622
-0.247322134906
-0.274152861467
-0.244092362693
-0.21601877743
-0.208770797473
-0.216090222337
-0.21643938692
-0.20999369526
-0.222770938088
-0.190117966375
-0.198619893704
-0.189722674384
-0.183579754566
-0.205895501326
-0.215775318107
-0.225647361117
-0.224256582977
-0.24629304564
-0.254582951932
-0.262872858224
-0.250288808831
-0.249595755853
-0.207757357166
-0.253417564702
-0.264806530507
-0.265837688831
-0.25228787114
-0.263254549051
-0.28921996374
-0.330104443079
-0.303206533013
-0.288712419352
-0.281534553609
-0.306516529625
-0.291480012183
-0.317414207143
-0.302458173635
-0.296472412495
-0.297162156231
-0.275194966212
-0.264721516621
-0.258122212109
-0.268809610013
-0.2673594564
-0.285239579426
-0.272391146382
-0.267528122501
-0.276890478794
-0.27512323773
-0.27292989061
-0.286267451179
-0.261537958595
-0.242301283863
-0.241098127748
-0.230380388568
-0.184747167104
-0.159800160498
-0.159427788491
-0.1453975687
-0.156841681064
-0.158941488981
-0.132384610571
-0.121349848576
-0.104418132575
-0.118856631808
-0.125164074472
-0.0482983293169
-0.0803668297546
-0.09372550819
-0.0870449756956
-0.0695206592754
-0.0678797418164
-0.0496646291888
-0.0564474177531
-0.0708265413566
-0.052430300057
-0.0518661277972
-0.0212180749149
-0.00521832524781
-0.0230421894093
-0.0114426025928
0.0241983596445
0.0110522980899
0.0208824096767
0.0119622579178
-0.0140094385083
0.00891421733432
0.0221117721293
0.0179566122354
0.0483055925477
0.0469960081167
0.0744495804739
0.0989380294175
0.10712192827
0.0983054123138
0.100180732703
0.102056053091
0.10393137348
0.115772859756
0.0990264179718
0.0802297354334
0.109010414778
0.137728851054
0.129350578571
0.120972306088
0.112594033604
0.104215761121
0.0856699938016
0.0878666951819
0.0739897621828
0.0659155364309
0.0893866172111
0.0705576086515
0.0517286000919
0.0392671616007
0.0268057231095
0.00322324954319
-0.0210845668317
-0.0193333614401
-0.0320103970624
-0.0462746318902
-0.0588066157919
-0.0800729460761
-0.0804920215513
-0.0804366490051
-0.0955612401647
-0.0981595080902
-0.0893088129197
-0.122523657642
-0.102208610874
-0.122882023915
-0.121335093191
-0.111895646727
-0.114688024351
-0.120608528691
-0.130347782061
-0.102854363827
-0.125267164505
-0.123245767195
-0.121224369884
-0.135551795257
-0.119615674916
-0.130411143485
-0.142839961864
-0.138973567961
-0.139667409961
-0.147024732513
-0.149679651743
-0.134263787235
-0.169773741043
-0.169992318312
-0.15409901679
-0.173829070657
-0.181146985757
-0.179375949217
-0.158506021346
-0.185856948507
-0.182105557288
-0.147965273805
-0.143018105946
-0.163734712225
-0.139973780362
-0.163147726667
-0.153167325729
-0.153520424228
-0.155582952546
-0.123853188122
-0.0837910246541
-0.0987010597482
-0.112805232058
-0.106935480174
-0.108122684842
-0.107213842127
-0.100042805752
-0.0826190245486
-0.0875485199286
-0.0975575309048
-0.0896281765169
-0.0913771463765
-0.072921040871
-0.0748121804167
-0.0901523236142
-0.0695506744696
-0.0475229298296
-0.0756959901045
-0.047690856274
-0.00874188878496
-0.0208031845234
-0.0204960316237
-0.00122106886988
-0.00654052185009
-0.00391885271637
-0.00174193157753
0.0283637441849
0.0142324937323
0.0263307658707
0.0283400487826
0.0384097229921
0.0593301200366
0.0144041179888
0.0452595778211
0.0329702763806
0.0383823352065
0.0403032293763
0.0501232366846
0.0563803101311
0.0470905470232
0.0367696997822
0.044509004502
0.0585499757006
0.0509617160629
0.0433734564253
0.0477201578946
0.0621932761687
0.0787157187885
0.0654020999954
0.0758841330309
0.0813475511525
0.0940688044202
0.0943398751828
0.0832106230922
0.0918137860947
0.108504226003
0.0959896486607
0.0981289145364
0.105197549739
0.0994739741511
0.112163058333
0.129876631586
0.118817824452
0.106220427082
0.146399728978
0.147433603111
0.132492290511
0.141054433953
0.153616901287
0.150820167845
0.152149433799
0.157286879158
0.183836038631
0.160287373695
0.176828312633
0.159174923493
0.178207096999
0.17886005756
0.167686973433
0.168115927124
0.174719271248
0.174139805667
0.176929163267
0.188664140275
0.200399117284
0.200585329168
0.177396279416
0.172765662438
0.198425446162
0.213139235173
0.188338153244
0.208756773484
0.225584725407
0.187683276886
0.210634842275
0.211148059454
0.207398157122
0.222116427304
0.208106075682
0.221980138564
0.222162899211
0.223308162593
0.229106394704
0.218021885421
0.231986984975
0.26989478401
0.231942276296
0.246790029291
0.231089910416
0.242775314156
0.253533944113
0.245207999441
0.245710469219
0.241971183153
0.257268624853
0.283720766267
0.26011992656
0.26625969371
0.280148198575
0.26736954726
0.282242536047
0.270050483366
0.279172869704
0.271272831562
0.257139648991
0.259692738972
0.265459563798
0.25370585787
0.242159346834
0.267602104267
0.26516545366
0.246543175993
0.241827485159
0.258371232452
0.272793956125
0.240280289636
0.230815354533
0.255822693689
0.23624956999
0.229399496218
0.222549422446
0.209828850382
0.200306705617
0.236334072093
0.220911896565
0.202757130829
0.20523525313
0.221156597086
0.211178517793
0.21792270198
0.232219137971
0.250675410597
0.256720874604
0.259380717284
0.240680340648
0.225788771826
0.262955013491
0.227190505435
0.219281864093
0.198914707864
0.196106708545
0.199261358699
0.18834012561
0.195449942356
0.180164871069
0.186790077107
0.181717635287
0.16171077828
0.160086392543
0.165325830616
0.157468104345
0.172329594368
0.161756563093
0.157666676304
0.168936408974
0.166102370432
0.186569015466
0.187912602266
0.188872796275
0.182498929134
0.162040113386
0.198222622497
0.191401941449
0.18274199216
0.167204901128
0.180477397705
0.148874739258
0.165327156408
0.164646307223
0.149907579308
0.167951375912
0.163927802053
0.16816694979
0.154581521913
0.142010631102
0.131349276942
0.117043648402
0.115776916731
0.111450546223
0.117242542966
0.0873553067704
0.0891578677182
0.0923729595121
0.1014536427
0.114020524538
0.0879906308746
0.0777298871088
0.0855485261802
0.0761947123421
0.0878901074374
0.0714399799474
0.0575390339306
0.0598779189436
0.0644420370312
0.0394798894733
0.0325526011818
0.0315238055839
0.0202529221441
0.0173612403477
0.0299614602826
0.020267833712
0.0752611066626
0.0677984054842
0.0603357043059
0.0376630915339
0.0299178627908
0.0140189814989
-0.0107120091681
0.00364621490084
-0.0347015409502
-0.0174238613013
-0.0433497097883
-0.0506260310967
-0.0517052099691
-0.0667947804745
-0.0697041024617
-0.0726134244488
-0.0614656205813
-0.0837885069365
-0.0685807316094
-0.0733627483128
-0.0848358767978
-0.0720223140472
-0.0834774839916
-0.0850962672687
-0.0820566814041
-0.0826776716197
-0.095770403549
-0.103553871933
-0.0906376256189
-0.0859916670439
-0.0686943378913
-0.08163421426
-0.0921760815832
-0.0841729153179
-0.100895666021
-0.0595530813219
-0.0813168585991
-0.0816717362897
-0.118209734283
-0.0911222559112
-0.0918300801064
-0.0673498401329
-0.0551444870004
-0.0690394566643
-0.0707005963281
-0.0669314943702
-0.0720710344812
-0.0606452327041
-0.0492694629656
-0.026435683377
-0.0497031524243
-0.0495809073534
-0.0482409602762
-0.0515464674878
-0.0639709915472
-0.0657938305732
-0.0917611108268
-0.0707853014785
-0.0863066357806
-0.0985166013763
-0.0583588522734
-0.0905663563359
-0.0849211332048
-0.0971888084078
-0.11816153975
-0.115842504311
-0.0966129048853
-0.105770230471
-0.110985835359
-0.109205171733
-0.101895938311
-0.0905343997585
-0.110236185919
-0.105254297823
-0.0778365392215
-0.0733918219891
-0.0817352714263
-0.0838999677887
-0.0922471281126
-0.0822039188603
-0.081090278058
-0.079192071278
-0.116954044698
-0.126399902195
-0.131810918962
-0.161049041412
-0.122508274427
-0.135324422601
-0.150241832619
-0.138937492511
-0.134247188216
-0.135213788886
-0.1114668841
-0.108102931068
-0.0941137692375
-0.0775283174618
-0.0863496010354
-0.0796901769621
-0.0847416630979
-0.0775712657895
-0.0812907716084
-0.0639467175678
-0.0369841114378
-0.0691099824376
-0.0615998519183
-0.0729759979036
-0.0619293165562
-0.0739797572585
-0.0481590195496
-0.0693956685445
-0.0651356543471
-0.0608756401498
-0.0355943982156
-0.0522314932423
-0.0716734419753
-0.0317446057144
-0.0626807685981
-0.0503478901107
-0.0262174977621
-0.0504410891662
-0.0222665064665
-0.031882860941
-0.0233181473186
-0.0285235428572
-0.0231014189661
-0.0117903254343
-0.0336563432583
-0.0149431198594
-0.0208299451312
-0.03721360206
-0.0410581868833
-0.0288099182912
-0.0128919713219
-0.0133721257043
-0.0229827543522
-0.0200377372469
0.00748562944426
0.00613471683716
-0.0104441534107
0.00849756702141
0.0159519665864
0.0157018833026
0.0144413330162
0.0216862358755
0.0111587755856
0.00961335295252
-0.00863574044985
0.00457320654519
-0.00563142606881
0.0282308865307
0.00868264915779
0.00925549486801
0.00151252388815
0.0130540099029
0.0439373595191
0.0136330377942
0.0219434269504
0.0453084241347
0.0233685119398
0.0282839102187
-0.00614423456427
0.00147205397008
0.0249262048344
0.00317861416126
0.0213115305919
0.0295601641073
0.00454659298532
0.0173762824042
-0.00228330325599
0.0128216809448
0.00029225961486
0.0276002739941
0.0105326821574
0.00581047641792
0.0246162957765
-0.00366512671862
0.00784251881326
0.0216778708079
0.0163311598547
0.0332954294817
0.0131854502307
0.00495246030132
0.025106487073
0.0328785476331
0.0296278708406
0.0113630212579
0.0236314342092
0.0200462185503
0.0169921289427
0.0258734985861
0.029611223635
0.0298540378163
0.0147349109435
0.0251547164804
0.0192510183927
0.0316854101425
0.0268912428397
0.0377328268042
0.0431514519341
0.0390405682986
0.0312027902305
0.0340041796957
0.0418737272795
0.02105599348
0.0367304646791
0.0587769890178
0.0477098483377
0.0366427076575
0.0241654605639
0.0329091877816
0.0332945806281
0.0418174992202
0.0335706326606
0.0455410748832
0.0521197345938
0.0370600243257
0.0315798364631
0.0545230273773
0.028535857342
0.0381929860122
0.0406625761677
0.0401238364991
0.0220645336955
0.0336726710644
0.0455588073033
0.043881836594
0.0371830832075
0.0580308584583
0.0428436264089
0.0423302913318
0.041546665633
0.0284971954617
0.0343440047056
0.0123833342228
0.0380603536029
0.0183423434666
0.022700808482
0.0270592734973
0.0105967190795
0.0177037669235
0.0182511961015
-0.027484702987
-0.046903948065
-0.0409647713956
-0.0338400623365
-0.0620649276605
-0.0556362148435
-0.0492567303453
-0.0657252615296
-0.0772896315118
-0.111805645086
-0.098318058443
-0.0881942641673
-0.100962523436
-0.111285790079
-0.0972483770169
-0.11057516089
-0.0958553628708
-0.107615350103
-0.119555779724
-0.10671538411
-0.117343361307
-0.10380554333
-0.0986830965894
-0.0976372278856
-0.100201497672
-0.102765767458
-0.121758916964
-0.105910666655
-0.09165739847
-0.123246584389
-0.117006308854
-0.0722006031821
-0.0800109455884
-0.0934435382027
-0.0711971662515
-0.0804280145643
-0.0523311269771
-0.0557229580323
-0.047425021589
-0.053261823976
-0.031954822859
-0.045102368532
-0.0489639434004
-0.0676663062498
-0.0629188314149
-0.0472705584297
-0.0421549264799
-0.0601801061951
-0.0526310611437
-0.0446450350869
-0.0469180430892
-0.0213297323398
0.0118468325912
-0.00857556394629
0.00589164030998
-0.00381534753915
0.00527773515335
0.00346514181327
0.0389476533371
0.039347915061
0.039748176785
0.040148438509
0.0405487002329
0.0547666973927
0.0236242516833
0.0317975615629
0.0437876909688
0.0174986195487
0.0272555564234
0.00881000353464
0.0180580392447
0.0510660742215
0.00203927028544
-0.0198143186811
-0.0289454582759
0.00100631666015
0.022745423833
0.0229167814387
-0.00836120468435
-0.0114375867778
-0.0343917582965
-0.00340041724274
-0.0324274044662
-0.0380696056881
-0.0266881516199
-0.0504860669642
-0.0551773176215
-0.0592704119714
-0.0610005506712
-0.0532905464703
-0.0554127900909
-0.0550392969772
-0.0708744410088
-0.0219991628753
-0.0370221051005
-0.0368243051514
-0.0564848247027
-0.0752896308143
-0.0407322090921
0.00351824216126
-0.0630676840624
-0.0678786660124
-0.0481076210246
-0.0689566988055
-0.00149711566095
-0.0610222272159
-0.0284791384946
-0.031458333682
-0.0353860530129
-0.0449735237377
-0.0244259139605
-0.0275145016334
-0.0230596094945
-0.0157932318022
-0.00492804428324
-0.0146768454492
0.00158377233749
0.00635703046673
0.000552353196376
0.0296838916963
0.0138823215078
0.0109451521598
0.0181543079971
0.00227780855903
3.72564614353e-05
0.0110398195086
-7.91250973008e-05
0.036817600087
0.0168941389809
0.0446262603334
0.0549492726272
0.0501892909682
0.0330922751377
0.0652972375077
0.0416811494601
0.0391194496503
0.0317161359084
0.0374153036453
0.0158219506466
0.0363340610939
0.0405643048086
0.0451405597025
0.0329522279229
0.0304231968594
0.0508202522119
0.0224228555189
0.0120365654285
0.0165739388922
0.0284106618458
0.000702142825269
-0.0105349643826
0.0319510756123
0.0237237354259
0.0183322381165
0.0213463344064
-0.0150962978144
-0.0165684866732
-0.0180406755321
-0.0195128643909
-0.0203727635929
-0.0147860123208
-0.02402159483
-0.0389334239988
-0.0476237804781
-0.0584202780997
-0.0599463755154
-0.047793790774
-0.0676616465714
-0.0644143520568
-0.0697564229231
-0.0664465627188
-0.0779594940923
-0.0514966914286
-0.0645623603365
-0.0649922886498
-0.0871657869255
-0.0658600130806
-0.0699980679359
-0.0595817777841
-0.0802883627594
-0.0931716822253
-0.0880917460389
-0.0952359988256
-0.081183987425
-0.0773321069141
-0.0800904215117
-0.0824163787991
-0.0797652605327
-0.0919722119524
-0.0847266075705
-0.0896455887032
-0.0926519582087
-0.0795105687173
-0.105017374213
-0.0660496940902
-0.0904237225203
-0.0948321108009
-0.0750732789452
-0.0722293524351
-0.0643249755392
-0.0749633597828
-0.0856017440264
-0.0712677388934
-0.066772704193
-0.0876335425394
-0.0814458330853
-0.0604467272752
-0.0846141375834
-0.0861148837364
-0.0666015880438
-0.0795841562475
-0.0568344363047
-0.0709985579575
-0.0646834602253
-0.0680475070643
-0.0660050968018
-0.0568738309534
-0.0577233505345
-0.0584072074379
-0.0632807747674
-0.0466941555669
-0.0635665368198
-0.0371323599184
-0.069722015535
-0.0400760251588
-0.0480402447627
-0.0404840030014
-0.0658170345293
-0.0368157369571
-0.0498901088963
-0.0557222108597
-0.0616239070175
-0.0558403378641
-0.0467441919025
-0.0390818608636
-0.0466474906644
-0.0536841376935
-0.0714081347476
-0.0498293501394
-0.0235023624915
-0.0380630845583
-0.0305518715888
-0.0519977052973
-0.0321244449036
-0.0189095837307
-0.0293208976396
-0.0114654239502
-0.0198544560718
-0.0254157825404
-0.0216196220263
-0.0132356301463
-0.0135787658243
-0.0135405986353
-0.0135024314462
-0.0134642642572
-0.019952996916
0.00428706028407
-0.0291437720645
-0.0186617316858
-0.021846457611
0.00962722120681
-0.00429110217809
-0.00308451788922
0.00996875542278
0.0229050882716
-0.00765494548924
0.029447984684
0.0169045009737
-0.00456829921449
0.00540351062345
0.0153753204614
0.0274015491729
0.0133057617531
0.010668585552
0.00839341346679
0.00504704679153
-0.00481305451015
0.0339495519735
0.000231948918931
0.0160269137015
0.0146309139621
0.0208108976695
0.022353334695
0.0350751674864
0.012688718646
0.022963702062
0.0204524968335
0.0318524492899
0.0152893677231
0.00275316542039
0.0674568515887
0.0361379836303
0.0172985491892
0.0167042545841
0.0197479946461
0.027070740587
0.016644351902
0.0233317059748
0.039220876497
0.054962459672
0.0244577224538
0.0116884762091
0.0411879879753
0.0480116781074
0.0582575316825
0.0638099355091
0.0662662462746
0.0667911614373
0.0700387704007
0.0482597158217
0.0521099396454
0.0466391064959
0.0444320806989
0.0422250549019
0.0371604027029
0.0567414147316
0.0376307776903
0.0455214218116
0.0492999955162
0.0578341358589
0.0397095239291
0.0386255542746
0.0479925421509
0.0579941188397
0.06771008377
0.0321263367766
0.0260118483708
0.0444247991006
0.0475101677199
0.0492283175616
0.0485152835516
0.0475663817708
0.0567774730189
0.0639230282173
0.0549112473094
0.0703434873512
0.0556198184204
0.0509484241376
0.0339764224651
0.0612460868137
0.0597389241298
0.0715719674983
0.0510131977448
0.0358767009376
0.0594607174305
0.0547584821709
0.0199903696181
0.0499343537424
0.0429268107024
0.0394214175817
0.0359160244609
0.0282825446732
0.0395960855625
0.0212190778611
0.015671694685
0.0115125482304
0.0115930255823
-0.0160930524945
-0.0155990647158
-0.0174800452398
-0.0161647745647
-0.0252768947813
-0.0110760596438
-0.0271261233874
-0.0374000539159
-0.0493161465021
-0.0510665399834
-0.0432313564224
-0.0739321463744
-0.0567288387826
-0.0763081521502
-0.083668882675
-0.05398278847
-0.108172834547
-0.100335799831
-0.119492741119
-0.117548609708
-0.102885363646
-0.109776215571
-0.118924843071
-0.131088620358
-0.109659640314
-0.142016228936
-0.122030305551
-0.126648567997
-0.157429251545
-0.165649072198
-0.14076525835
-0.137571874638
-0.122257260651
-0.12633289994
-0.15638000986
-0.150025442578
-0.146797728056
-0.143034231264
-0.13229878073
-0.148826018112
-0.141686815779
-0.122606142371
-0.133599758001
-0.117905108531
-0.0827803825388
-0.0885706178637
-0.0975700567613
-0.11854949223
-0.108016905358
-0.112611366027
-0.120881169749
-0.109022468516
-0.109873677739
-0.0919479625621
-0.103544154618
-0.0737587176026
-0.0796158143314
-0.0941933464601
-0.0880888712408
-0.085224812331
-0.0891101067449
-0.09732720356
-0.0949254478598
-0.0813793994275
-0.0827334686729
-0.0671446145478
-0.0835383055794
-0.0614709975478
-0.0807460841771
-0.0728398330246
-0.0532528683037
-0.056486591086
-0.0571622103538
-0.0651538452749
-0.0443617284082
-0.0778555293881
-0.0787692402241
-0.0453257605355
-0.0481161214664
-0.0749617245609
-0.064789882906
-0.0643157111977
-0.0243746595553
-0.0632737590289
-0.0785404583214
-0.0848070156134
-0.0832991532464
-0.0914974164961
-0.0907483102971
-0.0899992040981
-0.0846547638969
-0.0778062045957
-0.0746318759871
-0.072034009008
-0.0698550050741
-0.0775871447894
-0.0870470975877
-0.0802703540223
-0.0732832933283
-0.0752221821507
-0.0926849561707
-0.0826958066324
-0.0805182229839
-0.0792079492185
-0.0733097806707
-0.110103796491
-0.113365821666
-0.0779061770461
-0.0593254648106
-0.0795356189987
-0.101893173312
-0.0864730442547
-0.120159474266
-0.0842159349771
-0.0946005971755
-0.0985143702753
-0.0976904256027
-0.0903072348785
-0.0795918004061
-0.0901722279126
-0.0957779366016
-0.127891394206
-0.10993060375
-0.0824064224971
-0.0999587541192
-0.0949615388995
-0.111588262847
-0.117419070782
-0.08809631273
-0.116998067802
-0.112161114975
-0.0882487987074
-0.102995323961
-0.103385959381
-0.145106673381
-0.10949186543
-0.0915312283235
-0.113056428583
-0.101842162167
-0.076289899067
-0.0510085937265
-0.0257272883859
-0.000445983045357
-0.0146416892755
-0.0240775169799
-0.0119774223841
-0.0275239534543
-0.0531215754372
-0.049010701127
-0.0444301603022
-0.0638360015658
-0.0679862578767
-0.0708782848456
-0.0900713929274
-0.0933418459109
-0.0905704991587
-0.0589039951711
-0.100077767291
-0.102297614338
-0.0828022878302
-0.107297622061
-0.10013582555
-0.0996572387722
-0.106561098258
-0.1197665567
-0.0977440071594
-0.115253373331
-0.132415123442
-0.110874614238
-0.101484179602
-0.12242088743
-0.101406894722
-0.0940718402136
-0.0867367857052
-0.08119083823
-0.090271473428
-0.096036923118
-0.101802372808
-0.104457490869
-0.0833872645329
-0.0823279421746
-0.0976560061765
-0.0721471223462
-0.101250523863
-0.102188891751
-0.103127259639
-0.0939074681357
-0.109946268752
-0.0865875731534
-0.0890799362392
-0.0885401794204
-0.0692412368291
-0.051412113647
-0.0597182160065
-0.0638744244469
-0.0566481632068
-0.0641955832524
-0.0563282176891
-0.0563664936079
-0.019876770119
-0.059010988979
-0.025587151274
-0.0466485819789
-0.0668559193185
-0.0453467382366
-0.0464379244964
-0.0560373610053
-0.0521685604113
-0.0449218180922
-0.0522103730704
-0.033853963464
-0.0325469832659
-0.036194853021
-0.0392636327812
-0.0439691544806
-0.0386586833536
-0.030808980211
-0.0288845858031
-0.0433667863319
-0.0346616906507
-0.0324040295112
-0.0198288569241
-0.0127030682308
-0.0148554487043
-0.00128076293861
-0.0172746409309
-0.0270925811891
0.00737344204986
0.0112853549009
0.0144562988848
-0.00642591440543
0.00744013259383
-0.000783368758329
0.0056376806562
-0.0142614539633
0.0105496366785
0.0125166395309
0.0152902895628
0.00953056339521
0.0264994691811
0.0065706014617
0.0135092062415
0.0103719277374
0.0160235987245
0.0327753983037
0.0377132447458
0.0431856458563
0.0541149563763
0.0536404586093
0.0364747540584
0.0318791749668
0.039915555341
0.0479519357152
0.0151653319579
0.0227282202493
0.00758350359937
0.0262943692157
0.0374305207292
0.032714689937
0.032047497632
0.016908740802
0.0571027841514
0.0395729188256
0.0303217294277
0.0364711700993
0.0488299959882
0.0495512654678
0.0422580695286
0.047917446767
0.0701070914089
0.0628212681566
0.0645529340637
0.0334279013349
0.0440460552051
0.044659240461
0.0573735315799
0.0683935652696
0.0715531723058
0.0421869225121
0.0518376240948
0.056124166023
0.0604107079512
0.0754893287759
0.0719519637836
0.0598137586122
0.0360664908612
0.0563192713031
0.0718819917574
0.0697136087317
0.0285376945436
0.016078144783
0.043443463593
0.0174804941472
0.0273173022563
0.023683750789
0.0228356188092
0.0152756742123
0.0108038915314
0.0264087980758
0.0167521457059
0.033456309539
0.0385753612141
0.00637202264433
0.02833264344
0.0284543607934
0.0291897932454
0.0213078420737
0.0419794134507
0.0234657850039
0.0406834763357
0.0310555607005
0.0221343878543
0.0254261467808
0.0246112818198
0.0185073627108
0.0317248024454
0.0759089354904
0.0818911462835
0.0394637843883
0.05264046143
0.0384562165112
0.0228015376449
0.0430516078528
0.0464250076236
0.0339949849822
0.0399393443027
0.0189341087801
0.0473541670959
0.0564632074536
0.0397745256082
0.0314340175771
0.0405967882696
0.0563869739988
0.0622184283933
0.0492400195814
0.0657972288494
0.0468293649419
0.0591470539698
0.0443250996253
0.0423966306056
0.0422863705407
0.046083812311
0.0287465438864
0.0753335205724
0.070884370711
0.0430865257587
0.0674451220968
0.0405495157365
0.0677036287174
0.0551278343739
0.0464332802565
0.05140700527
0.0572968213541
0.0439867042524
0.0486636187424
0.0582697753637
0.0651203508402
0.054825364437
0.0664279654385
0.0627556484579
0.0411244785705
0.0594819902024
0.0575247732019
0.0426768795822
0.0505586613195
0.0706565012264
0.0457530897696
0.0288766172173
0.0535824818388
0.0371080739368
0.0422898675563
0.0338724525678
0.02654098713
0.0138615013908
0.0419180607835
0.0357256755026
0.0404395221892
0.0451533688758
0.0303250156678
0.0408663357856
0.0439981691455
0.0385778832846
0.0442970560441
0.0416949315201
0.0192430932913
0.0398532398731
0.0113897283772
0.0294171888681
0.0227169118135
0.0239314209591
0.0188165804029
0.0299792387001
-0.00428691485166
-0.00961705555586
-0.000629890562269
-0.00183009986139
0.00354289609927
0.0192789534571
-0.0138814980599
-0.0268203765386
-0.0173690521463
-0.0193762017248
-0.018447595359
-0.00934610008427
-0.00669755639852
0.00123729013157
-0.0173295527968
-0.00637453155756
0.00314078107014
-0.0316080105546
-0.00062395281968
-0.0162004955716
-0.0203603853732
-0.00218168381869
-0.0212647218288
-0.0542204633913
-0.0362522045275
-0.0272055263632
-0.0229504664538
-0.0559280932037
-0.051532339437
-0.018114670453
-0.0158510466603
-0.0137330382833
0.00455289323267
-0.00695046611222
-0.0258698540388
-0.0498616782858
-0.041276273089
-0.0402148372973
-0.0550615237184
-0.0575922091565
-0.0323807096668
-0.059496618123
-0.0772977471994
-0.053091912709
-0.0454540794209
-0.0535993418824
-0.045814436798
-0.0522778066446
-0.055493799639
-0.0544147947152
-0.0707440192494
-0.0564539832695
-0.0799080025827
-0.0519663266978
-0.0657741344222
-0.0598350839876
-0.054127745708
-0.0710972864792
-0.0855620988719
-0.0892810878486
-0.0822983287499
-0.0802181066645
-0.0892864788577
-0.0763761569155
-0.0860075645269
-0.0911358545232
-0.0623984598425
-0.0948457285855
-0.0972080003331
-0.105770394459
-0.064867031746
-0.106785093396
-0.0803832573389
-0.0916619507056
-0.07619847567
-0.100442203111
-0.0736976993475
-0.101063526518
-0.0993178284815
-0.106432630079
-0.10679301169
-0.107153393302
-0.0728245093434
-0.0962592520598
-0.0861627411182
-0.0826884802192
-0.0864393094164
-0.107168182689
-0.120915571528
-0.097747770795
-0.095964882017
-0.0759038307475
-0.0809766785026
-0.0867252609284
-0.0903837909733
-0.0954762149613
-0.0724750126992
-0.0906929755424
-0.0811637744587
-0.0674145674686
-0.0957654243862
-0.11781718905
-0.114481203746
-0.0804879464317
-0.0996969644363
-0.0664835817172
-0.0727744703684
-0.0714349195544
-0.0832036613751
-0.077440285134
-0.0711651889131
-0.0881383099425
-0.0811581003444
-0.0734149195457
-0.0538093441447
-0.0560741223409
-0.0761538678601
-0.0435067083705
-0.0695025359062
-0.0496034077558
-0.0566536093418
-0.0707464187497
-0.0340628197061
-0.0416586138701
-0.0191544169385
-0.0437499693294
-0.0429456640834
-0.0557663798563
-0.0122882445361
-0.0439500106428
-0.00830769976165
-0.033030575629
-0.00705445687748
-0.0306408157267
-0.0406950722462
-0.0320058521528
-0.0186306221858
-0.0247292856795
-0.00679809845666
-0.00409834813926
-0.0160810007668
0.00333741749481
-0.00508443711997
0.0343608613041
0.0315660452494
0.00614983600268
0.00590152047008
0.0252883786176
0.0413501895251
0.0129525819048
0.0311427192267
0.0349212217124
0.0339514198769
0.0323029826459
0.0190325207579
0.029605095433
0.0332570068094
0.0496763676512
0.0408738431789
0.0313448715508
0.0459727617564
0.0486312006472
0.0462063257713
0.0614502500188
0.0505374673832
0.0209981468554
0.063152679607
0.0584664181342
0.0712341504806
0.0550619238338
0.0280897608917
0.0670987679872
0.0753188949444
0.0613514129182
0.0832940898509
0.0791072731473
0.0792214876358
0.0793357021243
0.0712769575534
0.0674855886694
0.0819338210289
0.0757403966838
0.0627925363564
0.0822704289259
0.0951393899545
0.080967036724
0.122818348953
0.102309010048
0.10102858112
0.107253877925
0.109049423634
0.102591241596
0.115369353945
0.128815226511
0.132209729633
0.111238893755
0.113379660517
0.0991274769599
0.120488398771
0.122327651765
0.129201725661
0.122822699144
0.128830326601
0.14297765101
0.135544513292
0.12677343977
0.149976324181
0.136834316968
0.130875797318
0.142067438502
0.130110625792
0.147593223865
0.123703891504
0.137814689812
0.116371953264
0.133610743131
0.12300421468
0.133987884258
0.124187876163
0.13394466114
0.122847855474
0.125911020596
0.112059107055
0.119511874734
0.134579366551
0.124821799867
0.127217307528
0.119864753834
0.152256167578
0.110316597462
0.123004041914
0.121514978166
0.131410988541
0.116929570406
0.14624736055
0.120583117786
0.13175707452
0.131326676484
0.134577136563
0.161045044584
0.163247632312
0.17030454384
0.185712784881
0.182626499221
0.219806735497
0.189840705909
0.177924033863
0.160950870868
0.182569955826
0.167570912057
0.192508020001
0.151255656175
0.162010757125
0.12313910706
0.121558451963
0.116081778915
0.116897102145
0.112451277776
0.101582013369
0.105154848486
0.0777314404711
0.068410804358
0.0676098358079
0.0711920124782
0.0707517959312
0.0833464441587
0.0943934153206
0.0576727196121
0.0534694325363
0.0790500593846
0.0656388558847
0.0419525375762
0.0374637671465
0.0329749967167
0.028486226287
0.0145013313641
0.0127984166542
-0.00480224155019
-0.00521826478911
-8.48986999478e-05
-0.00902058765506
-0.0115142799208
-0.00549831783536
-0.0254781957975
-0.0550166211795
0.00658949908599
-0.0188622780617
0.00664436163303
-0.0316633512534
-0.01338216955
-0.0297194964975
-0.013472972803
-0.019738740727
-0.0404064030071
-0.0174377601986
-0.0139086316621
-0.00218545201328
-0.0234236536084
-0.0237804584088
-0.0310799914637
0.00571219748076
-0.015467897446
-0.0262308854698
-0.0448203642054
-0.023466851594
-0.00806600406006
-0.0152878644065
-0.0103702868701
-0.0188183762674
-0.0261008805885
-0.0258672380516
-0.0174998841342
0.0320031601523
0.00391451601259
-0.0217534385885
0.00104301756733
0.00613641955317
0.0233624518757
0.00817300756992
-0.0156583784178
-0.00590545522533
-0.00656722826108
-0.00587542845511
0.00676449712811
-0.00762331073758
0.0151705237301
-0.0134017576419
-0.00176389612612
-0.0272634514314
-0.0195805320542
-0.0467345641474
-0.0405912645404
-0.0611609422748
-0.0674478282968
-0.0626216282623
-0.0229131719385
-0.0373071376497
-0.0338248320185
-0.0376345969273
-0.0512821678631
-0.0454835984567
-0.0376018769422
-0.0593387832163
-0.0612152610763
-0.0433529655563
-0.0537773501925
-0.0553949405792
-0.0684807275242
-0.0636283538733
-0.047841126269
-0.0596260040367
-0.0586240803773
-0.0610347075245
-0.0474911358122
-0.0520930748143
-0.0366767667137
-0.0418501405271
-0.00727620688393
-0.0229919472605
-0.0245578677552
-0.0408764131539
-0.0290306585127
-0.0265317118365
-0.0240327651603
-0.0297924925063
-0.0393920125774
-0.0303751369749
-0.0582504769037
-0.0387463240468
-0.0137779279107
-0.0311118116587
-0.011049491191
0.00493952210377
-0.000592237039778
-0.00866773344027
-0.0109174634324
0.0513428989508
0.0301721713941
0.0443587365476
