0.02887770224
0.0285644708347
0.0278558328838
0.0284519320762
0.0281377600958
0.0280266691517
0.0296704496792
0.0325024564964
0.0313116564943
0.02639745402
0.0308030903917
0.0301374938188
0.0266021512684
0.027854243424
0.0261916844064
0.024127312603
0.0240009732288
0.0216467150828
0.0202691997988
0.0181453993176
0.0165208833174
0.0120070110357
0.0121898646656
0.013326617454
0.0156678402294
0.010928149335
0.00654273855135
0.00444851330134
0.00476104933301
0.00422869577968
0.00231772296836
0.000229383113908
-0.00208999316372
-0.0129171481536
-0.00860489201725
-0.00814485381998
-0.0100908078572
-0.0110554278694
-0.010813729769
-0.00910305185356
-0.00737639730249
-0.00748509502352
-0.00545966918899
-0.00361507193086
-0.00157803154973
-0.00483675586882
0.00609119761532
0.00808246329704
0.0109464267753
0.011917054869
0.0122222846576
0.0182081126673
0.0193761667271
0.0192237123571
0.0221991578029
0.0239458146555
0.025938529227
0.027103096924
0.0310629360193
0.0342063889057
0.0362676501566
0.0386797525606
0.0366128819599
0.0354486808169
0.0366145693892
0.0387123387075
0.0428971464767
0.0435988855702
0.0439440255825
0.0442734375706
0.0466421086795
0.0438028788946
0.0424517344114
0.0423111883703
0.0406769950101
0.0386231560971
0.0383737798578
0.0386920970535
0.0386666848093
0.0403791465001
0.0412355196685
0.0396149721681
0.0399841257521
0.036516655989
0.0349931278286
0.0356643280864
0.0358597166685
0.0319854107762
0.0280135317197
0.022473286944
0.0178029231291
0.00993298886472
0.00455150349933
0.00257395916565
0.000596414831963
-0.0015855697396
-0.00277805212217
-0.00576495642559
-0.00936589861638
-0.012692079606
-0.0147002892945
-0.0179865194487
-0.0186582324338
-0.0219392754155
-0.0230987022928
-0.0267801092607
-0.0243430973421
-0.0274910375964
-0.0294690157575
-0.0282361209271
-0.0279386560254
-0.0278962553563
-0.0277367584655
-0.0275079472195
-0.0261244077196
-0.0236599738286
-0.0239715708247
-0.022289135527
-0.0219839756337
-0.0216143954687
-0.0208825113371
-0.0191260888268
-0.0127178088717
-0.00457765287815
-0.00386380541799
-0.00314995795784
-0.00243611049768
-0.00172226303752
-0.00368670869245
-0.00470164150291
-0.00501907581748
-0.00956562266886
-0.00964363963921
-0.0107072163594
-0.0111004635521
-0.0111660243297
-0.0106682547527
-0.0109686194817
-0.0119290495637
-0.0130587248409
-0.0137016596639
-0.0138099243091
-0.0135301902947
-0.0146185037189
-0.0158864991934
-0.0171649768843
-0.018303522863
-0.0195654062414
-0.0203940086526
-0.0213377924777
-0.0233837060487
-0.025402312458
-0.0265534249463
-0.0272886154194
-0.0246138178442
-0.0260084311682
-0.0265262112105
-0.0285366356099
-0.0315018797179
-0.0330651673221
-0.0317317496218
-0.0310842730085
-0.0319422159713
-0.0328147087573
-0.0322416875451
-0.0300932899672
-0.0287902391242
-0.028560556658
-0.0302157932017
-0.0310267956498
-0.0305689633322
-0.0330239726539
-0.0334742685803
-0.0325536287247
-0.0310468933461
-0.0290085502837
-0.0288129696678
-0.0243916817698
-0.0215866520324
-0.0190849420607
-0.0161122329429
-0.0128210722947
-0.0132609597624
-0.0110956203529
-0.00856642991647
-0.0029402190677
0.00302283345471
0.00730916349073
0.00895411711403
0.010450843415
0.011947569716
0.0131006488934
0.0157256878837
0.018161663102
0.0225293992198
0.0212474040568
0.0214265330116
0.0240431706247
0.0293703263926
0.0318802429503
0.0317880093539
0.0329206860145
0.0342896923778
0.0358174102098
0.0365731068064
0.032637077259
0.0314441803703
0.031634659636
0.0317395513238
0.0322892787634
0.0313905044371
0.0308544896188
0.028364368531
0.0256328874524
0.0261850497941
0.02846253916
0.0293670302157
0.0296264748288
0.0287437349178
0.0269572633868
0.0275127901619
0.0249540053901
0.0227974856265
0.0193157885836
0.0164355141855
0.0144497999006
0.0127346480306
0.0094562809026
0.00429803850153
0.00143391642251
0.000193812644695
-0.0014311820823
-0.0034162430557
-0.00818477269684
-0.0100601316913
-0.0124227446804
-0.0150022432117
-0.0180565988405
-0.0196878208644
-0.0204588964061
-0.0216303568064
-0.0242020501209
-0.0266508040822
-0.0281427736737
-0.02824818863
-0.0278596969287
-0.0276731105776
-0.0279891731224
-0.0314374187361
-0.0318027602191
-0.0316666084338
-0.031853904726
-0.0305718494528
-0.0304108020327
-0.030973219718
-0.0321929563037
-0.03334086522
-0.0346797213515
-0.0358499300648
-0.0339580918855
-0.0336457490126
-0.0283772331873
-0.0247704668429
-0.0220805615942
-0.0208945003264
-0.0208754026195
-0.0186061104915
-0.0143576253741
-0.0140040208071
-0.0118915458589
-0.0103331649498
-0.00953434906938
-0.00843592213949
-0.00657903873796
-0.0088803598857
-0.00973365061388
-0.00958543171255
-0.00954005333404
-0.0101914943985
-0.0116141380215
-0.0135506008466
-0.0108914442005
-0.0137764435793
-0.0159788255337
-0.0154356895932
-0.0185002447582
-0.0215647999231
-0.0242732211713
-0.0279376691527
-0.0304605992237
-0.0337576926247
-0.0362286397724
-0.0392651133535
-0.0416398243727
-0.0449403231582
-0.0480999074856
-0.0504474431546
-0.0494227253393
-0.0499086616346
-0.0512731003127
-0.0470794716192
-0.0482193237365
-0.0498790897716
-0.0497909501815
-0.0488636387756
-0.0493895671116
-0.0503959745028
-0.0508919697713
-0.0489829571767
-0.0466580168505
-0.0429126042442
-0.0395258751705
-0.0356547382822
-0.0322215098786
-0.0282037438444
-0.0258316201711
-0.0251318547439
-0.0213907351697
-0.0165032203954
-0.0138564464676
-0.0126780563665
-0.0115821260896
-0.0108005427275
-0.00803221737557
-0.00452405980312
-0.000908948945675
0.00192922981057
0.00486175396572
0.0095025031733
0.0121655231588
0.0137330041557
0.0132814126762
0.0145085303911
0.0164016757871
0.0241273116077
0.0324642433652
0.0345112772021
0.036909514294
0.0373691260478
0.0410920419106
0.0390394226146
0.0362665780203
0.0326683130509
0.0312085776521
0.0319700865616
0.0304952147674
0.0285166084402
0.0322116423477
0.0309230680672
0.029656248732
0.0265896505094
0.025961107279
0.0284923115971
0.0285882681549
0.0270870679236
0.0298915184576
0.0322571831953
0.0342905043325
0.0294029964008
0.0239747717622
0.0215372710649
0.01814165006
0.0164049584071
0.0125008674087
0.0110109941059
0.00889185729225
0.00862412143844
0.00712176148095
0.00432831472849
0.0019139992313
0.00187097948032
0.00428267676753
0.00605900561737
0.00747836118374
0.00347258778248
0.00220374761343
0.00648405307597
0.00555499325454
0.00221840659449
0.000363030993741
0.00252450880676
0.00279645613552
0.00306840346428
0.00632289250355
0.0139700626375
0.0116549142051
0.0084124234556
0.00835118329804
0.00668927881752
0.00768250026612
0.00994535454078
0.0109631080309
0.00872573703336
0.00415297433654
-0.000194644044511
-0.00483817880301
-0.00721015265952
-0.00669602125467
-0.0149739853076
-0.0182413140539
-0.0197088623498
-0.0203950564808
-0.029421040906
-0.0318339619002
-0.0363570437585
-0.0358060044666
-0.0352549651747
-0.027857211064
-0.0234818999498
-0.0235400633889
-0.0187652124143
-0.0100980053388
-0.00779817392323
-0.000412177992222
0.00656403664498
0.0101069843553
0.0158167785708
0.0221390272748
0.028344637585
0.0286819822814
0.0311753447451
0.0326227830135
0.0339753244731
0.0349263914598
0.0334605648788
0.0312203588217
0.0268453487736
0.0229132027295
0.0197542755523
0.0209749100371
0.0156339932995
0.0131135460846
0.0108813238593
0.00571145863289
0.00303010007545
-0.000268617048879
-0.00225072473408
-0.00310020480366
-0.00503628398813
-0.00582804411765
-0.0105732193135
-0.0132574386424
-0.0133795735604
-0.0131328190819
-0.00895802313528
-0.00868603399119
-0.0122839821695
-0.0124914881925
-0.0108451397802
-0.00659039432088
-0.00655605027566
-0.006279059176
-0.00512563913461
-0.00517541808276
-0.00169562551344
-0.000470358828169
0.0012241729477
0.0039217704799
0.00536113237934
0.00484912654651
0.00554906077744
0.00851718127096
0.0115243022083
0.0135108095697
0.0145593941504
0.0160012376728
0.0191330741734
0.0219781800628
0.0244372571725
0.0264360108099
0.0256581402295
0.0259517855698
0.0259908482635
0.0270773895166
0.0270769643429
0.0277274572892
0.0254102022603
0.0248480451123
0.0242858879642
0.0235659367073
0.0227207203308
0.0220345697261
0.0228208296736
0.0212797172681
0.021413231579
0.0196394463981
0.0186871303599
0.0161637350786
0.0153726725967
0.0152531278305
0.0130727854377
0.0114659521421
0.00847505915431
0.00486457277331
0.00293404081027
0.00272467084754
0.000561275033409
-0.00233940336092
-0.00646601591478
-0.00823690084935
-0.00696225736559
-0.00655898985221
-0.0114749312559
-0.0137898751718
-0.0176828536366
-0.017885947785
-0.0206045889253
-0.0249562528911
-0.0245887157263
-0.023532531316
-0.0251361925214
-0.0262468314737
-0.0274352122858
-0.0244787386229
-0.0170790506047
-0.0186610970722
-0.0232866333001
-0.0262297352651
-0.0260465456556
-0.0240691045201
-0.0248683175208
-0.0262468734956
-0.0251518555359
-0.0236212861371
-0.0222884359503
-0.0208914780274
-0.0216145486181
-0.0196608637526
-0.0159166124889
-0.0126962440613
-0.00976744847705
-0.00951512963672
-0.0110333078431
-0.0122474260522
-0.0119482284497
-0.0106659805886
-0.00866019203519
-0.00747325087523
-0.00629561352062
-0.00399657709833
-0.001727972153
0.00221598335438
0.00350330730319
0.00539070126246
0.0104161125237
0.0160547236712
0.0133760948695
0.0136572271812
0.0147229248721
0.0138165935492
0.0193937032899
0.0177551316235
0.0215509900506
0.0189416881595
0.0185115941796
0.0194446113603
0.0166820591707
0.0148709117457
0.0167535727752
0.0114565582209
0.00676707621705
0.0069623671423
0.00752612137032
-0.0001402413054
-0.0021062101873
-0.00186408887605
-0.00228877928291
-0.0078832064858
-0.0102128710633
-0.0117854793302
-0.0122837319492
-0.0127257447731
-0.0144249220114
-0.0151260540487
-0.0158271860859
-0.016589383108
-0.0177693114242
-0.0177327664429
-0.0172014505887
-0.0179069192555
-0.0179660508641
-0.0185289747269
-0.0176339972691
-0.0168771104555
-0.0143816266421
-0.0115034192416
-0.00635348806901
-0.00151343519274
0.000588140775048
0.00603644403477
0.00876985540084
0.00579933039864
0.0067707992974
0.00970419748292
0.0117810785102
0.0141188979961
0.0180664278845
0.0179975966432
0.0157753876609
0.0171054350041
0.0184354823472
0.0197655296904
0.0210955770336
0.0221684407114
0.0251162705652
0.0263852452493
0.0288234930247
0.0287626613006
0.0251368166506
0.0210014875084
0.0202475474368
0.023145535461
0.0208056323041
0.0172585243977
0.020095137158
0.0186967815194
0.0125710561123
0.0101603710317
0.00960728998546
0.00698345146383
0.00542944674131
0.00202978405117
0.00110191053366
0.000174037016142
-0.00116998333728
-0.00356953744077
-0.00752794377918
-0.0108157398199
-0.0122254363529
-0.011029366392
-0.0100852178774
-0.0152994612579
-0.0202041610095
-0.0233946894316
-0.0266408925276
-0.0282166913378
-0.0296770508975
-0.027515030787
-0.0290642590361
-0.029417658265
-0.0278815201641
-0.032809967152
-0.0346824016011
-0.0346691764635
-0.0327756358628
-0.0386309865432
-0.0414175376695
-0.0440183836521
-0.0481091966309
-0.047418109606
-0.0489356247631
-0.0509903141593
-0.0503183115214
-0.0495404313985
-0.0469719251003
-0.0452998212091
-0.039786081022
-0.0410985210268
-0.0433988783805
-0.0447778311362
-0.0428137603735
-0.0463852778765
-0.0465201504421
-0.0433819169126
-0.0365751367404
-0.0383793630827
-0.0389291156677
-0.0359837696987
-0.0368731097263
-0.0365395638682
-0.03620601801
-0.035629584879
-0.0275010061451
-0.0209818706233
-0.00790402247859
-0.00889860099783
-0.00969169061982
-0.0103082023051
-0.0095107207085
-0.00522893595818
-0.00429521466534
-0.0048446441832
-0.00350364097584
-0.00548191580614
-0.00644235991354
-0.00259627765941
-0.00278603618761
-0.00527584414298
-0.00617632769682
-0.00441664951395
0.00188528685858
0.000183514640214
0.000751183627447
6.35532764384e-05
2.9921156357e-05
-0.000962172592573
0.00706674433655
0.00433416863726
-0.00103801259807
-0.0020201695507
-0.00168930806342
0.00102155787829
0.00046123199045
-0.00637254985188
-0.00668167146207
-0.00712261328725
-0.00756355511242
-0.00696539093622
-0.00677501878934
-0.00588554387743
-0.0066583714443
-0.00931868316074
-0.00830208961483
-0.00329491749746
-0.00467662752814
-0.0064752767059
-0.00415599457196
-0.00727931411837
-0.00863438380979
-0.00771691412759
-0.00495768110708
-0.00516398533816
0.000107546750717
0.00477293695349
0.00523195881384
0.00835481882629
0.00854721489065
0.00728782724578
0.00871471325356
0.0104656397755
0.0128973808195
0.0166765459478
0.0182066686062
0.0210510658038
0.0213863860009
0.0225818732843
0.0235649681154
0.0318294809658
0.037405021574
0.0425639144196
0.0442830778948
0.043285534572
0.0462052015813
0.0452038160699
0.0475190603676
0.04481458887
0.0437635056434
0.0414712085921
0.0386343646737
0.0380347547576
0.0383531141278
0.0374041396573
0.0354342989088
0.0325328917266
0.0300744135617
0.031812418109
0.036299471217
0.0324765063149
0.0287944220532
0.0245363770735
0.0234488357449
0.0195438971442
0.0154463854514
0.0142235576237
0.0109397649974
0.010208511784
0.00947725857064
0.00600468863571
0.00485333771845
0.00507323420298
0.00837233595836
0.00513390215803
0.00181039141724
-0.000439181999425
-0.000496650018425
-0.00673262884651
-0.0112805174696
-0.012604008446
-0.0111639654669
-0.0114630904254
-0.0129662556641
-0.0112320968232
-0.00712048481773
-0.00703781204916
-0.00403414489001
-0.00203996149349
-0.00584767583508
-0.00818857858584
-0.011232367711
-0.0156473780677
-0.0148658637738
-0.0133863957843
-0.0121549433495
-0.0126593941612
-0.0114253019881
-0.0102825770244
-0.00939485520844
-0.00763074368378
-0.0100683618713
-0.00937674285003
-0.00795448548744
-0.006595764434
-0.00230041987102
-0.000190554231434
0.00210992193826
0.00844967544159
0.0174975834243
0.0187819862724
0.0149076450848
0.0153241579918
0.0188345621201
0.0196555373044
0.0185621549667
0.0154423019268
0.0123481711804
0.0117942122371
0.0117675934498
0.0111945232625
0.0126420031952
0.014396756788
0.0129258111908
0.0150436435828
0.0164003495717
0.0154310464321
0.0146271613544
0.0134165841405
0.015153238569
0.0135586056934
0.0101407178476
0.00676760487224
0.00375684814325
0.00122936015449
-0.00115730924097
-0.00212407876255
-0.00436667618625
-0.00461555445966
-0.00402877026385
-0.0088552570892
-0.00717606645784
-0.00827576188212
-0.00885955825098
-0.00803531828723
-0.00873522864413
-0.0107349366285
-0.0108061346951
-0.0110738710925
-0.0122994025688
-0.0129382999371
-0.0126399687856
-0.0119845576814
-0.00943041454962
-0.00855059711489
-0.00690408130441
-0.00433965719381
-0.00112553617546
0.000446075657365
0.00308024941881
0.00560296446167
0.00762910634192
0.00755614899174
0.00899234764304
0.00828537877026
0.00757840989748
0.0106252636351
0.0125937527786
0.0153635466248
0.0153677239403
0.0177068799595
0.0177880524977
0.0186278431822
0.0189985366136
0.0201933182925
0.0214236161662
0.0215139675925
0.0218786933757
0.0240277818009
0.025979046678
0.0274296657832
0.0285706700885
0.0282294879554
0.0289720040767
0.029364113083
0.028847634689
0.0282705906362
0.0323577698408
0.0316280946639
0.0327558068436
0.0297048340081
0.0338039438181
0.0314185152575
0.0255707943783
0.0228482771765
0.0214099660621
0.0228814407483
0.0261753629005
0.0301006013052
0.0256555107968
0.0222268043523
0.0249115595409
0.0267701213836
0.025171537632
0.0219926745306
0.0170444502132
0.0169644302203
0.0128891571092
0.0141758455494
0.0129042691091
0.0134754182059
0.0130821197904
0.010230657417
0.013504010787
0.016280695359
0.0192933234726
0.0148860999718
0.0133039020512
0.0110183069639
0.0087327118767
0.00644711678945
0.00830401416067
0.0101609115319
0.00507190291513
0.0057848053465
0.00142681413219
-0.00686355186675
-0.00846791355539
-0.0110771852147
-0.0142807022749
-0.0145463144626
-0.0154933210603
-0.0183820659033
-0.02230526863
-0.0270653774234
-0.0292439091326
-0.0303562436104
-0.032634869838
-0.0354076839941
-0.0396933101533
-0.0418287143369
-0.0405610570496
-0.0388705720909
-0.0362286318357
-0.0342473300168
-0.0312886848046
-0.0272304593421
-0.0234384982036
-0.0218713815257
-0.0166122217514
-0.014740389839
-0.0152410642585
-0.0159131314316
-0.0151806087712
-0.0106329645824
-0.00654135246686
-0.00436722928999
0.0072505111237
0.01232388957
0.0139355875573
0.0136037952293
0.0132720029013
0.0148710824028
0.0144850554648
0.0140708688509
0.0133665995799
0.0121756017031
0.0127266886522
0.0106059972758
0.0103977138191
0.011423924053
0.0132316641392
0.0125860636311
0.0140947617617
0.011524795245
0.0117100840992
0.0113186690408
0.0120035764847
0.0155898607819
0.0129758552496
0.0123935389519
0.00885413010296
0.00484294729236
0.00191575242206
0.00149350634693
0.000291178429826
9.35241759614e-06
6.97374118213e-05
4.30204379311e-05
-0.00114973246217
-0.00100975917147
0.00343140658575
0.00428608781026
0.0053557925431
0.0130656253467
0.0183924848398
0.018457296764
0.0203260237398
0.0222221708063
0.0233119362414
0.025633727907
0.0331160065371
0.0360410180941
0.0342766023077
0.0326021209822
0.0311961907584
0.0329020528389
0.0322707675973
0.0355993341989
0.0389279008006
0.0425067691238
0.046993887741
0.0477184006627
0.0525055132344
0.0570665163002
0.0591256027776
0.0611356177462
0.0602365345591
0.0603426315985
0.0586990883587
0.0581571736441
0.0599489440165
0.0567556440405
0.0523949879805
0.0525684256538
0.0526444191993
0.0523666608542
0.0516758424634
0.0529535603762
0.0549260833687
0.0544041479716
0.0521658006067
0.0499274532419
0.047689105877
0.0399752477262
0.0355759575012
0.0320958957204
0.0319782897759
0.0248881167299
0.017652337738
0.0138448664661
0.00768947542335
0.000426253203635
-0.00400809966391
-0.00694705600421
-0.00602390551735
-0.00752333884227
-0.00923391385355
-0.0162151053856
-0.021552939197
-0.0251177454402
-0.0294743473038
-0.0328200254656
-0.0370385497887
-0.037175471305
-0.0395965649138
-0.0410434409675
-0.0424903170211
-0.046938440205
-0.0537197014201
-0.0585765246609
-0.0644781993999
-0.0695234157321
-0.0721862010622
-0.0768691103992
-0.0834049736382
-0.0872401360192
-0.0905602225461
-0.0908272086814
-0.0942019464579
-0.0943496570985
-0.0916449168807
-0.0899955527678
-0.0851970058197
-0.0813282700297
-0.0780393490199
-0.071434882054
-0.0617614733465
-0.0523326852734
-0.0434923745652
-0.0387858375287
-0.0413454902479
-0.0338781809732
-0.033090407193
-0.0325643980645
-0.0281748233526
-0.0237296806041
-0.0237475285899
-0.0242988979091
-0.0186770960295
-0.0160105654537
-0.000539162693724
4.44030501573e-05
0.000627968794039
0.00121153453792
-0.00398297188723
-0.00413833314887
-0.00204385727401
0.0018303241792
0.00909138109172
0.0145719145002
0.0162906268709
0.0106148913736
0.0113082487728
0.00554763593407
0.00460004571777
0.00130598579087
0.00904253580106
0.00824330103111
0.00744406626116
0.00664483149121
-0.00051047327419
-0.00116160830107
-0.00347902194482
-0.00486762814398
0.00323667980701
0.00445814695317
0.00128053112092
0.00904404454454
0.0136868812727
0.0142066746037
0.00855180562228
0.00812665427532
0.0119368995626
-0.0017054345611
-0.00530327365629
-0.00442345070859
0.00148631402963
-0.000164550849529
-0.00211393575314
-0.00235736538674
-0.0019365699096
5.36622398906e-05
0.000284197266117
0.00950892701008
0.00869571156419
0.0100724428726
0.0155665580474
0.0174661282175
0.0232695485641
0.0235570888004
0.0242875060125
0.0218862614017
0.0219410909099
0.025738594516
0.0243373786708
0.0238822065201
0.0219845564353
0.0192218729662
0.0190342680571
0.0181170623365
0.0180663530352
0.017126112927
0.0161858728188
0.0149251215164
0.0118038895894
0.0101245782376
0.00864396618381
0.00623246755301
0.00815993575987
0.00952182239056
0.00640637244075
0.00270747450282
2.67732003101e-06
-0.000736348362966
-0.00404420997727
-0.00359176644959
-0.000217875795462
0.00198444848768
0.00372601609093
0.00432756733001
-0.00446624816171
-0.00580561854829
-0.00696630100505
-0.0105772476816
-0.0124505712492
-0.0133199262975
-0.0079532709191
-0.00734966675671
-0.00464202835392
-0.00327465432693
-0.00528355751702
-0.0109719571878
-0.0133263854822
-0.0119665527282
-0.0106067199741
0.00395755532127
0.00645618866007
0.00895482199887
0.00941368821221
0.00987255442555
0.00682591245727
0.0026786296469
-8.11122906474e-05
0.00138183162619
0.0029810548163
0.000951227871125
0.00444536334858
0.00636722255696
0.00535649685711
0.00898664500254
0.0113484992107
0.0178827244869
0.0211699031523
0.0281172402943
0.0347723842493
0.0329436013886
0.03003939465
0.0298581655751
0.0302716229423
0.0214221315664
0.0145883476731
0.0116085619952
0.0156001017252
0.0135727280548
0.0119759967871
0.00360566739017
0.0041960073902
0.00470508699054
0.00461457083973
0.00920828559606
0.0185228598236
0.0182493889989
0.0186161670948
0.0207252577932
0.0270939222583
0.0332004633075
0.037433742055
0.036391418104
0.0380526899181
0.0425318747854
0.0437480109976
0.0479693251133
0.0515216456186
0.0505904177625
0.0496591899063
0.0435435697947
0.0433815638434
0.0422270028212
0.0418425006596
0.0395910032698
0.0388386467855
0.0445875251079
0.0406568455154
0.0367261659229
0.0358313878233
0.0325718544485
0.0264393095797
0.0252330021209
0.024026694662
0.0210793565
0.0183826546564
0.020891460582
0.0208833728427
0.0190649434114
0.0128969016985
0.0137010493886
0.0145051970786
0.0185180238601
0.0216072006815
0.0215660464087
0.0227719442749
0.0225022881103
0.0274733427929
0.0289809256478
0.0283036888292
0.0313148067632
0.0336558095685
0.0342792618275
0.0439563864941
0.0553212822518
0.0539698329464
0.0548325653248
0.0575217427427
0.0586512404394
0.0525341060999
0.0469270488305
0.0454747951513
0.046414829636
0.0444709633148
0.0500527391013
0.0518203300064
0.0527424589675
0.0572651671647
0.0584219365391
0.0561313028222
0.0538924675685
0.050755450149
0.0486076170847
0.0480482242439
0.0395701984032
0.0346764195121
0.0322743464655
0.0307992409738
0.0309078738067
0.0325260374786
0.0279825044467
0.0261845027358
0.0231741948078
0.0224239116553
0.019591911022
0.0168545301628
0.0156067822982
0.015685510172
0.0168346334698
0.0151578029862
0.0144968367662
0.011851040316
0.00885106798343
0.0104165587842
0.00542984079307
0.000294163548978
-0.00265470787461
-0.00739224543602
-0.010468647544
-0.0132126064027
-0.0164934032991
-0.0195600860756
-0.0210959257576
-0.021653560324
-0.0200943291921
-0.021107645379
-0.02173337729
-0.0234887620416
-0.0238714354977
-0.0251470047797
-0.0263158725934
-0.0247130130937
-0.0241592223213
-0.023810121936
-0.0255331965796
-0.0281683619206
-0.0300300619461
-0.0274832985452
-0.0159079618883
-0.0212646194046
-0.0129508130574
-0.0109862460479
-0.00902167903847
-0.00966343575098
-0.0126284775639
-0.0150831409396
-0.0170095185067
-0.0182498311038
-0.0156538907845
-0.0130579504651
-0.0116879134866
-0.00597162418592
-0.00760545050926
-0.00658248437331
-0.0018649448744
-0.000654878241054
2.27970801348e-05
0.00343902926477
0.00476499306938
0.00799558585466
0.00829121085278
0.00692734481988
0.00983944194185
0.0125050744299
0.0137645147805
0.013342910453
0.0135459152697
0.0129455172633
0.0149476208157
0.0213706148561
0.02649090139
0.0251564134823
0.0214999087794
0.0191940131218
0.0155722323638
0.0230818860296
0.0230957468185
0.0198161555541
0.019056669445
0.0182971833359
0.0175376972268
0.0167782111177
0.00721754662451
0.00301380248851
8.54517102531e-05
-0.0050351976036
-0.00777781280663
-0.0107120379354
-0.0126740070073
-0.00886319597853
-0.0170497099767
-0.0165747956417
-0.0133875167611
-0.0148053460385
-0.0177570826757
-0.0169296549797
-0.0122488781184
-0.00805215998077
-0.00632702098997
-0.00574511039257
-0.00478246650493
-0.0032957985947
-0.00269229763409
-0.000581747168167
0.00280625032463
0.00630166107671
0.0119903288641
0.0161389178091
0.0120626777756
0.0137366331971
0.0137879149358
0.0124338559341
0.0122258549292
0.0143606424439
0.0210578730696
0.0223682163119
0.0231040618198
0.022681474607
0.0219750271132
0.0214565036994
0.0226625926326
0.0252989294449
0.0260548130163
0.0254602602905
0.0257309051942
0.0246416257064
0.0221083226762
0.0199899772824
0.0153965162249
0.0145609984132
0.0151577181928
0.0140792663323
0.0121669850214
0.0136612740757
0.0117264648878
0.0115211661623
0.0102060633968
0.0106273984049
0.00939979876953
0.00620319602147
0.00390711150807
9.47647438088e-05
-0.00358157324071
-0.00877834211684
-0.0143488433802
-0.0199193446436
-0.0229480460667
-0.0253031695917
-0.0280308837091
-0.0291560342112
-0.0341527292028
-0.0404393153065
-0.0447566722459
-0.0465250180607
-0.0520705126024
-0.0549456782442
-0.0554225855398
-0.0535123220551
-0.052256181464
-0.0514530424917
-0.0508383830625
-0.0524304191804
-0.0533129863948
-0.0532334322352
-0.0544248868916
-0.056379612919
-0.058116154594
-0.0573258412529
-0.0635680110492
-0.0651939366083
-0.0657027578502
-0.0668634967057
-0.0688280701893
-0.0703668040999
-0.0721613324725
-0.073796516461
-0.0758766512551
-0.0763811603718
-0.0749586482509
-0.0732181402396
-0.0711049376074
-0.0673091019909
-0.0635050544708
-0.0588004378687
-0.054355421808
-0.0500725272251
-0.0513124286509
-0.0499475118722
-0.0474002058542
-0.043848099236
-0.0407617505402
-0.0355757749238
-0.0321555125949
-0.0297525923956
-0.0272208822458
-0.0258501911636
-0.0262564932805
-0.025271551844
-0.0213719120044
-0.023167291377
-0.0244061802092
-0.0232537712222
-0.0251209552458
-0.0261156850386
-0.0240038778253
-0.0212150631344
-0.0184262484436
-0.023313871532
-0.0243622704551
-0.0268845973837
-0.0292143511106
-0.0270269066706
-0.0308978855672
-0.0293432879078
-0.035597202311
-0.0360795160345
-0.0387579380483
-0.0439150096054
-0.0448431242819
-0.0401116920347
-0.0349247094908
-0.0408358511332
-0.0434680691719
-0.0453781842377
-0.0440186394004
-0.0458675154785
-0.0438789882316
-0.044077037538
-0.0426697079592
-0.0366672673642
-0.0360932878168
-0.0353283938454
-0.0339670269811
-0.0315352058115
-0.0307301680846
-0.0272629904687
-0.0214240070863
-0.0163849583415
-0.0149424861234
-0.0112438499694
-0.00954433447424
-0.00784481897908
-0.00104777807476
0.000684616528723
0.00367465206453
0.00490565858609
0.00551323948979
0.00608619922832
0.00990882459517
0.0117520953944
0.0125356697867
0.0170721132244
0.0163528783172
0.0201208422628
0.0259882831872
0.0261975353607
0.0259535646409
0.0281722295607
0.029186210947
0.0303198712787
0.0314588028884
0.0330926261632
0.0374587828438
0.0418249395245
0.0461910962051
0.0505572528857
0.0475465560684
0.0432275307564
0.0418970468321
0.0409651375004
0.0376720572968
0.0347526400935
0.0313021810438
0.0276606723595
0.0249226158602
0.0218727198814
0.0197514766495
0.0160916073796
0.0121673177263
0.00957702191717
0.00684329442629
0.00548146913247
0.00300171167067
0.0030587574567
0.00592589218197
0.00657770440809
0.00467652826639
0.00500190370238
0.00229922058339
-0.00168187415116
-0.00162515963264
-0.00729579653358
-0.0129796209665
-0.0165879210411
-0.0181480980693
-0.0113608612644
-0.00726736376945
-0.0117174952372
-0.0137384689087
-0.0144921838696
-0.0181142913644
-0.0207423795093
-0.0210447927617
-0.0181655912503
-0.0182065467173
-0.020852439191
-0.0216771804123
-0.0195095772258
-0.0169906836446
-0.0156710926423
-0.0135737985205
-0.00599448103483
-0.00362716673851
-0.00125985244218
0.00110746185414
-0.00457428736652
-0.00526600334687
-0.00595558407042
-0.00553648724781
0.0040402541034
0.00598152191499
0.0066144292463
0.0072473365776
0.00788024390891
0.00297381789896
-0.00214655962822
-0.00351442845281
-0.00247311026646
-0.0019626315254
0.000753492182048
0.00173356765013
-0.00338879073234
-0.00926298235952
-0.0104245055853
-0.00941494500482
-0.00110961639761
-0.00208276119788
-0.00305590599815
-0.00246598312515
-0.00552034912784
-0.00752747274993
-0.00801893926624
-0.00431587199993
-0.000850425753588
-0.00415335989819
-0.00268674190182
-0.00163735362629
-0.00532540813631
-0.00986886662139
-0.013657613531
-0.0184087461198
-0.0220721855279
-0.022427766908
-0.0210244533392
-0.0178519029596
-0.0182448718997
-0.0188991613188
-0.0194078870915
-0.0248744790008
-0.0266994277589
-0.0279744725759
-0.0288621220833
-0.0345123882231
-0.0365243685005
-0.037178658251
-0.0369573632007
-0.0363280787494
-0.0345913989766
-0.0326688391893
-0.0298865616604
-0.0274992315914
-0.0281378673108
-0.0292860197964
-0.0257324784234
-0.0255622284013
-0.0253244842927
-0.0250098719054
-0.0249643061739
-0.0243161934763
-0.0206183470695
-0.0194137765769
-0.0185311903291
-0.0154594019351
-0.0163393881692
-0.0168839928302
-0.0179314843207
-0.0180352437794
-0.0185165885036
-0.0186773473526
-0.0199987795907
-0.0204959903056
-0.0198476696596
-0.0195951423273
-0.0200090468516
-0.0207904651976
-0.0228404912313
-0.0257456059092
-0.0276078371619
-0.0299883558841
-0.0321803789184
-0.0322371376952
-0.0320515432024
-0.0321586092789
-0.0321240404211
-0.0338419824185
-0.0367508173673
-0.0396216483711
-0.0434224490942
-0.0501140537993
-0.0486169280711
-0.0497790784288
-0.0528291226115
-0.0539751180219
-0.0552287744788
-0.0554729986467
-0.0568848038465
-0.0586576979851
-0.0639701775117
-0.0678760905332
-0.0705187516852
-0.0727387990685
-0.0738624636207
-0.0783028963302
-0.0797126188658
-0.0816776800115
-0.0821506050298
-0.0817961356488
-0.0769628372341
-0.0793686667823
-0.0792547943844
-0.076382145799
-0.075855808888
-0.0758872982931
-0.0759187876982
-0.0735259026198
-0.0696337633467
-0.0683817108145
-0.067681377587
-0.0657847109733
-0.0640473638008
-0.0611615487983
-0.0581178047298
-0.0564033232171
-0.0529293184115
-0.0495976140693
-0.0458774604016
-0.0412030380683
-0.0382549792323
-0.0374649312581
-0.0314119341493
-0.0316853399482
-0.0295798031273
-0.0298423321231
-0.0265263614045
-0.022101317751
-0.0170292783114
-0.010534062333
-0.00417347070855
-0.00108837649394
0.00360911804861
0.00593212133704
0.00603015062048
0.00553153311974
0.00630993046292
0.00588523619983
0.00336915144247
0.00142390450708
0.000808377085006
0.000715997883131
0.00251122493218
4.27048546585e-05
-0.00165249593522
-0.00142248249163
-0.0011310066863
-4.1807396692e-05
-0.000807359071123
-0.00370704758081
-0.0059774033747
-0.00678225457455
-0.00871763914993
-0.0111698154847
-0.0114959936158
-0.0114475372052
-0.0115610843207
-0.00755058634513
-0.00568425649768
-0.00804022409128
-0.0111187339718
-0.0121157742441
-0.0145831231703
-0.0139095623914
-0.0162578450849
-0.0174229835135
-0.0169720285332
-0.0151375816557
-0.00591824140796
-0.00681241091891
-0.00870942842958
-0.00807512340107
-0.00703277353353
-0.00306496482236
-0.000838439541508
-0.00165672004458
0.000406337633503
-0.000906628094469
0.00563092330824
0.00946396744659
0.0159190025919
0.0166291036754
0.0174065485514
0.0189825435281
0.0203496972384
0.0212823917572
0.0254142667642
0.0266792486162
0.0295362923354
0.0286935802369
0.0276276842531
0.0292639218415
0.0344186891504
0.0335362381259
0.0331235559912
0.0320121691343
0.0308482342662
0.0277396620485
0.0284308854966
0.0285114642308
0.0277879562226
0.0266342548473
0.025480553472
0.0265052992151
0.0256495998496
0.0254550164457
0.024747259296
0.0226847811425
0.022331546931
0.0202070611834
0.0188597685519
0.0178574168707
0.0152196734754
0.0110882845511
0.010325626471
0.00737174098271
0.0052118616358
0.00345066490856
0.00151737361037
0.000170281621359
-0.00286534431449
-0.00660175683968
-0.00766209746562
-0.00958299794848
-0.0130770512923
-0.0173692615243
-0.01749190316
-0.0195438639341
-0.0212148517021
-0.024779534246
-0.0242865625523
-0.028164207833
-0.0319953061327
-0.0344597009805
-0.0348429252224
-0.0358886926459
-0.0267273831259
-0.0281300383433
-0.0349962018777
-0.0388206681486
-0.040568992905
-0.0433821851245
-0.0456110454272
-0.0438968491372
-0.0374569206654
-0.0326788369034
-0.0371694617147
-0.0370640315146
-0.0366652884571
-0.0356800603544
-0.0330806369936
-0.0318731319814
-0.0316951127906
-0.0312868592207
-0.031818716364
-0.0291454455542
-0.0268440048066
-0.0262499918411
-0.0266016744082
-0.0291677475395
-0.0288426956172
-0.0268176782108
-0.022345633118
-0.0210446843205
-0.0193407885861
-0.0183978956511
-0.0199046930105
-0.0198831848127
-0.0196320632953
-0.0205960461097
-0.0214295179174
-0.0200141208241
-0.0192432566378
-0.0183403649417
-0.01694859913
-0.0164890067137
-0.0158465677173
-0.0150357184361
-0.0145194441347
-0.0135157150647
-0.0129314794709
-0.011784511153
-0.0117829934162
-0.0103000246826
-0.0107109054667
-0.0119028432688
-0.015192531235
-0.0188663500795
-0.0220130411313
-0.0237045724555
-0.0235867794781
-0.0244158601194
-0.0257209672569
-0.0274451513067
-0.0285710470699
-0.0296216030641
-0.0275573151641
-0.0264474384067
-0.0253375616493
-0.0255623667958
-0.0235636284534
-0.0190689039467
-0.0166500896383
-0.0159074413762
-0.0141603100197
-0.00956154277151
-0.00511292238273
-0.00112648745864
-0.00048226168482
0.000817967818244
0.00418885217347
0.00422639519458
0.00505107525172
0.00847785111667
0.0145955247565
0.0226039114475
0.027815000747
0.0318612830989
0.0375267587573
0.043516946231
0.04630810224
0.0485272867345
0.0502412582114
0.0493781392657
0.0492549504634
0.0454872939746
0.045147971713
0.0446026539726
0.0438701162986
0.0416735828889
0.0409528729378
0.0414143427102
0.0465316248194
0.0471267760287
0.0441716751496
0.0420840417404
0.0410580957009
0.0405565288353
0.038492198769
0.03637291246
0.0338858045928
0.0331206649044
0.0367809417913
0.0391782668587
0.0374648065323
0.0356526063589
0.0345486836842
0.0290318763534
0.0257056860917
0.0235476624203
0.0211216045028
0.0193152839684
0.0163861146627
0.0152224031327
0.0125725213627
0.0136194452303
0.0103077660089
0.007109692465
0.00498110297521
0.00329180455759
-0.00187234213287
-0.00372772595859
-0.00578950408883
-0.00940775695771
-0.0111903277902
-0.0100657729718
-0.0139411160757
-0.0177789302613
-0.0191119104134
-0.0186181066036
-0.019966984633
-0.018678686985
-0.0221824789603
-0.0247559428842
-0.0231727951957
-0.0236988710058
-0.0265747615459
-0.0293258210931
-0.0294823574275
-0.0286925471743
-0.0280302639152
-0.033881856895
-0.0294530777528
-0.0313861497901
-0.0325285760252
-0.0325809510452
-0.0308726462186
-0.0279666513252
-0.0279513153189
-0.0268941176584
-0.025944846178
-0.0255147584197
-0.0255643876092
-0.0256904794373
-0.0258165712655
-0.0221884334168
-0.0197887412667
-0.0153056724965
-0.014496139895
-0.0149996988045
-0.0145174587912
-0.012500840929
-0.0147380982735
-0.0147503449858
-0.0155103992125
-0.0145027794425
-0.0151243305572
-0.0142801541632
-0.012815264852
-0.0122378584636
-0.011505392658
-0.0123676993923
-0.0115696820545
-0.0108774205612
-0.0121219078609
-0.012468468663
-0.0128202427635
-0.0134529958476
-0.013710766626
-0.0143304677552
-0.0134917146743
-0.0157158764059
-0.0162009783081
-0.0181426234973
-0.0209659923006
-0.023417411417
-0.0252444896068
-0.0277038657676
-0.028939658827
-0.0320048043524
-0.0310806646954
-0.0314957076906
-0.0319739783243
-0.0320133688044
-0.0301964194229
-0.0315103585534
-0.0319322624384
-0.0331146191238
-0.0352070589755
-0.0362008673624
-0.035758175575
-0.034986244252
-0.0345920343593
-0.0353632062001
-0.0346840935133
-0.0317865550001
-0.0306311988032
-0.0284884978985
-0.0260551484092
-0.0234318662939
-0.0184837554712
-0.0147572067455
-0.0106264172607
-0.00747436463984
-0.00450013222165
-0.0021164866681
0.000487814833178
0.00276647479449
0.00633490380387
0.00783380114924
0.00884094156887
0.0090289287633
0.0105792656281
0.0163081887757
0.0171746041076
0.020860386764
0.0186376998101
0.0179195023184
0.0182632453928
0.0188247589865
0.0174761970343
0.0179034166006
0.0176505753666
0.0187282204459
0.019636856284
0.0207578064306
0.0212432385485
0.0225476322622
0.0225941985391
0.0219086426515
0.0200878236466
0.0192869049415
0.019995241496
0.0216358150426
0.0216687041359
0.0190377579334
0.0213602477019
0.0261460397972
0.0209956248402
0.0176378699696
0.014280115099
0.00678777842632
-0.000123486243215
-0.00201310643568
-0.00150490161367
0.00220994507682
-0.00108921425191
-0.00286335534371
-0.00736103421631
-0.0144347517506
-0.0207334440312
-0.0225739911248
-0.0261608614782
-0.0287141445028
-0.0292183925848
-0.0301023835138
-0.0318672816353
-0.0351105801421
-0.0376977811143
-0.0374838062487
-0.0414404181421
-0.0433302404938
-0.0458315978131
-0.0447278552314
-0.045159043896
-0.0473921281496
-0.0480050529452
-0.0471308360539
-0.0458837287678
-0.0455379371827
-0.0468431879005
-0.0475452742245
-0.0474388074912
-0.046869084596
-0.0461214374251
-0.0446727073345
-0.0436040859709
-0.0434008346107
-0.0436903159911
-0.0426200871269
-0.0410511067008
-0.0402994780736
-0.0376201693766
-0.0358716412163
-0.0314530897074
-0.0262862388818
-0.0247633447818
-0.0221100154326
-0.0184398100456
-0.0109147930084
-0.00800118187597
-0.010952645732
-0.0132092154457
-0.0142120218314
-0.0150947788717
-0.0144110165802
-0.0136675047856
-0.0154465000943
-0.0148284289261
-0.0128352487488
-0.0104600699909
-0.00914092101718
-0.012853619563
-0.0173859407876
-0.0171889095374
-0.00990065032067
-0.00966086301506
-0.00942107570944
-0.0168102549946
-0.0203246697407
-0.0208728689853
-0.0189506151002
-0.0172159403891
-0.0167725611775
-0.02211993485
-0.0261627849717
-0.0278338003872
-0.0267148650463
-0.0254651657296
-0.0218854731066
-0.0219144661577
-0.0222699448345
-0.0217389287546
-0.0182439345767
-0.0141665296718
-0.0128263707718
-0.0106448168438
-0.0115836267348
-0.0112581300214
-0.00994606442099
-0.00708534976352
-0.00644842136642
-0.00332649703167
0.000780624599566
0.00262193076344
0.00428176504493
0.00594159932642
0.0112226957614
0.0114264716408
0.0121898808049
0.014550855142
0.0168213832219
0.0192556704657
0.0230475021349
0.0270332038419
0.0290658832982
0.0316107848978
0.0290255053563
0.0315696875654
0.0309285916795
0.0324673486655
0.0339473245729
0.0346148354003
0.0364192332972
0.036836928502
0.0361454072679
0.033977944488
0.029653114838
0.0267743526685
0.0242937311253
0.0224149096075
0.0208134596259
0.0174990045428
0.014923411671
0.0123237328981
0.00945361641089
0.00778550887426
0.00531077048677
0.00505979341967
0.00453796967735
0.00218572289139
-0.00403075307079
-0.00254229808707
-0.00509586822232
-0.00866037995298
-0.013500178386
-0.0194102336742
-0.0243675271945
-0.0282591770793
-0.0317706076364
-0.0347179327173
-0.0374245219831
-0.0364711369532
-0.0366798074699
-0.0412556796342
-0.0437696300193
-0.0468744565096
-0.049077735007
-0.048168437354
-0.0450825835253
-0.0529852555195
-0.0590935473644
-0.0624374516673
-0.0661716819455
-0.069321503503
-0.0710184182578
-0.0694421387445
-0.0714278001101
-0.0728746361839
-0.0740099539375
-0.0731590621739
-0.073736266063
-0.0705568174827
-0.0697968542922
-0.0702009596595
-0.0698163384795
-0.0678421451542
-0.0663254439339
-0.0670781529622
-0.0645867658676
-0.0629668294487
-0.0614521357445
-0.0589793688299
-0.0565691590707
-0.0539828060636
-0.0529074920355
-0.0500130384377
-0.0491765856582
-0.0467397536123
-0.0446150360727
-0.0399745566626
-0.0391412820544
-0.039572919187
-0.0397964689171
-0.0400467918028
-0.0383454187486
-0.0353043358476
-0.0354867693749
-0.0322528731502
-0.019677234675
-0.0201266713835
-0.0177568773124
-0.0153870832412
-0.00893934976653
-0.00712207200255
-0.00383743622225
-0.00120410067644
0.00969453784222
0.00860085799434
0.00530346761114
0.00386744423704
0.00656141041009
0.00254030089723
-0.00451029464381
-0.00578058599554
-0.00881838033173
-0.0109333332236
-0.0128876766272
-0.0117574020124
-0.00946648613874
-0.0113881187796
-0.0140818210466
-0.0166929104491
-0.0145405691063
-0.0119137392146
-0.0136900980109
-0.0148171669932
-0.0162483174553
-0.0160148784539
-0.0120701012173
-0.00897931364286
-0.00452791436626
-0.00424812656608
-0.000603105980482
-0.000909680761733
-0.00205241995309
-0.00299113446718
0.000403405631701
0.00140558290598
0.00481173988847
0.00717628373019
0.0109316307822
0.014694237632
0.0140962153127
0.0171622329576
0.0210963097089
0.0261183433299
0.0300693847111
0.03311103279
0.0377826271185
0.03886160147
0.0365845970373
0.0374535647549
0.0407886850424
0.0411783778763
0.0375978528814
0.0359201703023
0.0329634709968
0.0289251052743
0.0252280268104
0.0217362362817
0.0210977637215
0.0186306899043
0.0171304757355
0.0163639396803
0.0178121822408
0.0201149365551
0.022778667283
0.021870416951
0.0222815466273
0.0237293960162
0.0261933167238
0.0268809886165
0.0224906513448
0.0210589713503
0.0209945859316
0.0208900032375
0.0196133195607
0.0149221245348
0.0103113832688
0.00810689998668
0.00403958835276
-0.00178903550287
-0.00316620405521
-0.0151319432592
-0.0223085853835
-0.0233821987595
-0.0319956136373
-0.0382116714676
-0.0408054791153
-0.0454187012033
-0.0473828933421
-0.0491133221384
-0.050318207821
-0.0543498368488
-0.056922298983
-0.0560643320041
-0.0566261521648
-0.0571879723254
-0.0552973902528
-0.0558470589858
-0.0528715502343
-0.0317760787621
-0.0273803220493
-0.0279391572926
-0.0286068099287
-0.0292744625649
-0.0311252312271
-0.0314380060624
-0.0303519931097
-0.028680360057
-0.0279424247896
-0.0264875992221
-0.023033908984
-0.0200839230121
-0.0175785480632
-0.0167389552434
-0.0134763943697
-0.00706396470001
0.000485329281523
0.0126091270067
0.0171130457456
0.017512370573
0.017207754321
0.0173635374297
0.0168084582128
0.0192038549208
0.0237309635888
0.0275785202999
0.0295782145076
0.0299841705512
0.0392528890361
0.0389070758224
0.041636431367
0.0425637648978
0.0487412357847
0.0501020317959
0.0497466634868
0.0526228313789
0.0544909844325
0.0562550580633
0.0580191316941
0.0493550948951
0.0449744651955
0.0425974138609
0.0393425939852
0.040173979341
0.0372645542836
0.0359046147745
0.0346639963759
0.0296386594635
0.0286439882793
0.0274614671508
0.0250624462057
0.020506487565
0.0136135800222
0.0104091104547
0.00859787976054
0.0107853812443
0.00725902386392
0.00504841238501
0.00433073177281
0.00355202066453
0.00348007327469
0.00398003121859
0.00529022263064
0.00493652701649
0.00861864328377
0.0056769866477
0.0107019097382
0.0152379722015
0.0211689196852
0.0264958813808
0.0304171892499
0.0356815890081
0.0383401723568
0.041115162228
0.0453280184561
0.0472375766974
0.0505280952804
0.0510753013703
0.0535814574346
0.0528092653233
0.0539321878093
0.0520463848651
0.0507655755561
0.0501428025108
0.049342592031
0.0481248002824
0.0504964436997
0.0516285727711
0.0524283046229
0.0490391693619
0.0495595778902
0.0500799864185
0.0525931420888
0.0525053186902
0.0527000210424
0.0509488195964
0.0497835254778
0.0493971069855
0.0488591023469
0.0475733566874
0.044649256766
0.0411069665453
0.0379680716144
0.0371841698926
0.0364328052853
0.0330931515581
0.0323307932837
0.0310282434605
0.0307322662945
0.0312830412127
0.0278256392957
0.0271571611155
0.0261740723954
0.0234283746626
0.0215626319213
0.0225147503001
0.0159979942688
0.0132768378945
0.00989133497783
0.00937212973609
0.00310258653612
0.000113266842498
-0.00311966961858
-0.00471232040799
-0.00563574571711
-0.0126252170033
-0.0153387929164
-0.0169061639101
-0.0200604357948
-0.0207804617178
-0.0222410069953
-0.0227470041026
-0.0140060843461
-0.00526516458953
-0.00277035120442
-0.000275537819317
0.00221927556579
-0.00616412646998
-0.00648706275043
-0.00839774862525
-0.0104865755468
-0.0115160889197
-0.0124102247118
-0.0141663063047
-0.0131556865314
-0.00773456535266
-0.00534807450815
-0.00585869402446
-0.00799704035927
-0.00908469544923
-0.0079075211706
0.00248281349494
0.0150429650882
0.0221262803584
0.0194895689468
0.0192400686794
0.0248869222485
0.0334014975922
0.0365181851992
0.0420865516383
0.0458606823459
0.0412902903068
0.0401146591026
0.0449285370703
0.0457813041424
0.0468795725433
0.0479778409442
0.0490761093451
0.050174377746
0.0512726461469
0.0523709145478
0.0534691829487
0.0545674513496
0.0453679274099
0.0492220155678
0.0444619996865
0.0397019838053
0.0384993034384
0.0355707254832
0.0300470897761
0.0300900064231
0.03013292307
0.0435197638028
0.0441351693109
0.0447505748191
0.0453659803272
0.0459813858353
0.0465967913434
0.0472121968516
0.0478276023597
0.0406964639741
0.0278444915966
0.0262344952744
0.0246244989521
0.0232785853212
0.0234573527867
0.024248382487
0.0277218453295
0.027307501637
0.030332516625
0.0235408574723
0.0276227625252
0.0317967931457
0.0307385012191
0.0244593660382
0.0253507932168
0.0246984388457
0.0286728586188
0.0263883983797
0.0253494887617
0.030633051476
0.0367666976047
0.0424803468675
0.0423401133176
0.0448814453565
0.0451072237551
0.0439418834392
0.0428367179511
0.0448227930994
0.0417571176768
0.0407377582394
0.0378754849231
0.0385309673848
0.0423272184016
0.0452937946573
0.0428072466764
0.0399867001854
0.0379705528175
0.037384475912
0.0386394779268
0.0371720144035
0.0362966069548
0.0364070377922
0.0351209636308
0.0319239429483
0.0304779691766
0.0297587202655
0.0275934845764
0.0260970559316
0.0226376040216
0.0205797320115
0.0186166287494
0.0173930242863
0.0146040413199
0.0120764610918
0.0101584037273
0.00675611905367
0.00527638320872
0.00237082074061
0.000557221209035
-0.00127744445621
-0.00494170450442
-0.00591248657506
-0.00862905929301
-0.011307533754
-0.0133115387767
-0.0164151536615
-0.0188880955001
-0.0209599967034
-0.0210291278212
-0.0226501539672
-0.0255313089067
-0.0265690999155
-0.0293547393657
-0.0290129278931
-0.0287976339737
-0.0298773245988
-0.0305357232354
-0.0310314017838
-0.0325387156805
-0.0325203866044
-0.0264184234235
-0.0217773440391
-0.0224192890178
-0.0223154388709
-0.0221222129834
-0.0215134338208
-0.0210571420603
-0.0195131160476
-0.0142988443636
-0.0137337293953
-0.0117265847062
-0.00947607141693
-0.00722555812767
-0.00479228678728
-0.000253250263158
0.00117118853875
0.0030637532148
0.0053019065756
0.0136447106669
0.00631116999846
0.00801901855328
0.012284515193
0.0140980355664
0.0149196861012
0.0125081147092
0.0122518223231
0.0120172826087
0.0113074470057
0.0140414178463
0.0177709935257
0.0183844960054
0.0157911905761
0.0148227474225
0.0151393365838
0.0147913518905
0.0135045268956
0.0184364032272
0.0206637570538
0.0218603191896
0.0216767920179
0.0238638127646
0.0252336541668
0.0257366784617
0.0256051246472
0.0210875707666
0.0213640372279
0.0212751573734
0.019070375095
0.0191429700549
0.016308493087
0.0163090424406
0.0163009845063
0.0163845104948
0.0207052968721
0.0252137147572
0.0250165373623
0.0248193599675
0.0246731095941
0.0228488570501
0.0218051625476
0.0196049867779
0.0207254818519
0.0257488841677
0.0308127140736
0.0324084265515
0.0339924386375
0.0327239174245
0.0346254531709
0.036139360362
0.035870406879
0.0344018885004
0.0298833793083
0.0286207772892
0.0288269729344
0.0292602418864
0.0308271285396
0.0302110854959
0.0300709730296
0.0321034034385
0.0333468558146
0.0380268606165
0.0432678321168
0.0498779661148
0.051147898557
0.0616499595536
0.0641988128465
0.064118133402
0.0672459856856
0.0671209652174
0.0660402121123
0.0707432634433
0.0688344719048
0.0700019472108
0.0710261668708
0.0729865341642
0.0725140474457
0.0707941584312
0.0676141450814
0.0665395347651
0.06669716323
0.064958625186
0.0617200903322
0.0593025160239
0.0588596743655
0.0534608328686
0.0500602974432
0.0464694049884
0.0429384764206
0.0394075478528
0.0377380189361
0.0351855558778
0.032021995802
0.0297340624526
0.0281453593774
0.0263624404077
0.0233489297095
0.0190738279586
0.0212100634316
0.0125913627475
0.0101374246274
0.00833264883179
0.00546316651861
0.0028110722684
0.000903940879289
-0.002217549645
-0.00344357848535
-0.00234466352546
-0.00274851791915
-0.00587319937066
-0.00717422279073
-0.0093371395503
-0.0141382719649
-0.0132012709435
-0.0144419897817
-0.015487851328
-0.0150111519943
-0.0150641148068
-0.0133947703177
-0.0124927589594
-0.01107391951
-0.010480725694
-0.0107104105696
-0.0123203802636
-0.0121895626534
-0.0110190965343
-0.0103574976044
-0.0080749249322
-0.00693243081941
-0.00835849878413
-0.00947537864893
-0.00981989613195
-0.010430227269
-0.00846231111715
-0.00642002332409
-0.00549621532069
-0.00186580217866
0.0065355258959
0.0144732707768
0.0201877507561
0.015440417915
0.0189613495327
0.0181148556367
0.01570661636
0.0135844259715
0.0146718578994
0.0184142020707
0.0225526068785
0.0181610136432
0.0249489073166
0.0253674189426
0.02564230028
0.0234716082928
0.0215035419037
0.0193348351956
0.0152308230565
0.0141095557266
0.0129268480297
0.0137778758345
0.0135302857489
0.0134359413272
0.0133398339314
0.00895985082494
0.0080552658753
0.00656864344691
0.00355945102785
0.00113212087561
-0.00447517754636
-0.00683779353672
-0.00591591518649
-0.00803329129717
-0.0128341663839
-0.01425251786
-0.009234124277
-0.010258513226
-0.0117342354943
-0.0113986946602
-0.0118205154903
-0.0132194522939
-0.0139464601148
-0.0112854724466
-0.011326174444
-0.0121266163181
-0.0131636271999
-0.0115330573867
-0.00990248757349
-0.0073037500187
-0.00702082909076
-0.00683238700759
-0.0066070353744
-0.00486401568243
-0.00521423693568
-0.00424430075939
-0.00187049175823
-0.000483927858448
-0.000706847035032
-0.00463207132445
-0.00145376837622
-0.00466827982891
-0.00463322420578
-0.00521250693145
-0.00477868478423
-0.00213782992385
0.00214685962198
0.00547181841861
0.00827759811587
0.00898987060261
0.0086346092644
0.00733849859191
0.00796669358178
0.0104558126042
0.0115353403982
0.0112050823009
0.010003156089
0.00852213118948
0.00638747521158
0.00566991581895
0.00596195144043
0.00586101386688
0.00465603682007
-0.000794874207803
0.00197884503016
0.00110789183336
0.00161599774192
0.000934995849684
-0.000119463764418
-0.0030777119954
-0.00526619339976
-0.00761930936271
-0.0110925793538
-0.0132447000509
-0.0147804433232
-0.0155269506796
-0.017892079693
-0.0187926314146
-0.0199386089856
-0.0221507969016
-0.0241549619306
-0.0258174943663
-0.0272987259677
-0.0283170479618
-0.0293576181764
-0.0303130435468
-0.0295513352283
-0.0318757008214
-0.027202615019
-0.0245665375675
-0.0196614695447
-0.0237781226688
-0.0257676501225
-0.0257828211819
-0.0256812014478
-0.0249153387412
-0.023505254412
-0.0209709938456
-0.0184368866852
-0.0163836995706
-0.00935199094477
-0.00897337432338
-0.00895823283892
-0.00869062770234
-0.00490835138282
-0.00167948194406
-0.000104990059186
0.00157400443983
0.00452900721569
0.0109098061364
0.013553107308
0.0112128697041
0.0154818732486
0.0190101543579
0.0223639557709
0.0231539794392
0.0225150375436
0.0247842346804
0.0271964305825
0.027495288265
0.0268850833397
0.0306238874964
0.033000116906
0.0341685670814
0.0353370172569
0.0408272249244
0.0440315257794
0.0465841193037
0.051204315306
0.0520216695266
0.0516986775035
0.0549073042852
0.060362265491
0.0612546944256
0.0566208180967
0.0529402226544
0.0504903138061
0.0485862417344
0.0477426682068
0.0457595704756
0.0445057536073
0.0407454797708
0.039271164173
0.0382641699497
0.0355822383127
0.0298281451441
0.0238433568894
0.0170329801086
0.0124544573438
0.00865890904554
0.00471509090734
0.00097701133633
-0.00123708533816
-0.00415381085768
-0.00711510006318
-0.00837477470501
-0.00785347693579
-0.00791526911123
-0.00944502197012
-0.00854012297644
-0.00420247895533
-0.00315481646373
-0.00185708794095
-3.3356023641e-06
0.00333020654185
0.00483497755647
0.00916545587907
0.0120862108781
0.0143193143491
0.015979262435
0.0180559779936
0.0203789336001
0.0235486181088
0.0247174528285
0.0255605014181
0.0279134572952
0.0301943062623
0.0320723739254
0.0330162835563
0.0334348386756
0.0318162295638
0.0316833003545
0.0321909769542
0.0308569153785
0.0303230736564
0.0296288918574
0.0290748590913
0.0277244446088
0.0255717475757
0.0239024002333
0.0231908851991
0.0227321264259
0.0219270702092
0.0216754174717
0.022310779086
0.021149580855
0.0216662613197
0.0215079795125
0.0191179113852
0.0159230163697
0.0129593880155
0.0110102636343
0.00961047952012
0.00911777844633
0.00718360464055
0.00554245685844
0.00465775885957
0.00389161972304
0.00412025972178
0.00311484119916
-8.41847063932e-05
-0.00353028774671
-0.00645291159611
-0.00895016607311
-0.0100912462126
-0.00975784419425
-0.0106061018268
-0.0103799980684
-0.013088048967
-0.0135870607428
-0.0140860725185
-0.0143008978102
-0.0142169251593
-0.0139715746868
-0.0112435713745
-0.00967749351774
-0.00732806008342
-0.00330991888744
0.000313271909566
-0.00343863490446
-0.00552087722136
-0.00854246636403
-0.00668505169797
-0.00710423848442
-0.00641879838079
-0.00561306165984
-0.00551137237641
-0.00519797675593
-0.00483372042877
-0.00288287402779
-0.000638775261688
0.00128167489544
0.00218696407215
0.00213804306133
0.00422482739357
0.00622035916757
0.00883724908204
0.0115196748461
0.016987077543
0.0204910689784
0.0149713757933
0.0121076556294
0.0140371471304
0.0147450445172
0.0145580434309
0.0122958047954
0.0169546674301
0.0198200911588
0.0220333952811
0.0267992452704
0.0301424861197
0.0320846238731
0.0335110314239
0.0349705890911
0.0344640549691
0.033957520847
0.033450986725
0.0291385048271
0.0291135877871
0.0271513985891
0.0249643827586
0.0211384795903
0.019934194798
0.0189718521347
0.0166209177186
0.014065660663
0.0121361567544
0.0102194276595
0.0108713629792
0.0108454969621
0.0116013381254
0.00987084383024
0.00793641907597
0.00982247424497
0.00725761275391
0.00694335928676
0.00515419675135
0.00375147361975
0.0033958219204
0.00172675972121
0.00115944825199
-0.000142524897055
0.00618924171505
0.00636278186253
0.00672649072711
0.00863394967231
0.0112727457762
0.0146186705308
0.0149115010403
0.0131712511739
0.0126479583295
0.0143473058886
0.0166788638353
0.0177291588802
0.0212384400391
0.0228794463107
0.026116831294
0.031662794369
0.0369367972382
0.0387097739514
0.0417116169432
0.0421187561108
0.0445467901181
0.0464730017959
0.0482184820013
0.0478598498978
0.0475012177944
0.0458135653002
0.0449154835795
0.0429533537785
0.0405243958744
0.0404608976626
0.0388602426595
0.0383243489575
0.0374203209828
0.036340222487
0.0343702745319
0.0350014901518
0.0335925146475
0.0310452627258
0.031222760109
0.0292073731417
0.0268051482072
0.0229220329613
0.0208644703549
0.0186596417391
0.0168027028991
0.0111964630653
0.00820546837887
0.00215975643089
0.00393942202762
0.00236081174755
-0.00350826743623
-0.00767904896374
-0.0112848740851
-0.0146440280579
-0.0175753709263
-0.0207988517439
-0.0250011383564
-0.0264435261535
-0.0278587370291
-0.0323372044279
-0.0316979469021
-0.0300156495005
-0.0285614454976
-0.0288534819655
-0.0275996484543
-0.0279897296844
-0.0247578662059
-0.0262616701366
-0.0270223879334
-0.0319135060282
-0.0357634511324
-0.0386454986429
-0.0388763836624
-0.0385062832916
-0.0361696930343
-0.0336075241269
-0.0288383484573
-0.0285046466574
-0.0281709448576
-0.0312191182851
-0.0329413391586
-0.0326945684595
-0.0331907917333
-0.0317272670409
-0.0297577429045
-0.0290536186093
-0.0278039682497
-0.0265545735341
-0.0267023713756
-0.0275664851794
-0.0282427215665
-0.027092939841
-0.0267738039865
-0.0265177712739
-0.026626693538
-0.0257944681006
-0.0245446587802
-0.0249668440061
-0.0243166106559
-0.0230827051072
-0.0204138081727
-0.018336992822
-0.0164119189842
-0.0130809776464
-0.0112545252405
-0.0113087686919
-0.0105764371335
-0.0125763078893
-0.0127741848345
-0.0136414552874
-0.0142485966754
-0.0151326053816
-0.0159934374214
-0.0163838120608
-0.0170611627399
-0.0183569534846
-0.0196960940103
-0.0209025829325
-0.0228353048735
-0.0218416590893
-0.0208480133051
-0.00668862831415
-0.00560085200155
-0.00600721191262
-0.00738330541318
-0.0119970827379
-0.0145368284555
-0.016315236324
-0.0182132718507
-0.0203546472486
-0.0213176162194
-0.023996318695
-0.0203193207754
-0.0191497652769
-0.0163159708587
-0.00834018594491
-0.00778066085112
-0.0117177615427
-0.00915115196736
-0.0079147802175
-0.00507985029803
-0.00361488885664
-0.00208004859856
-0.000670818056829
0.00297160974726
0.00705219481468
0.0114103946422
0.0130711749079
0.0157870573943
0.017554509079
0.0204515379891
0.022274311013
0.0244377019029
0.0264976112162
0.028382709863
0.0278133602345
0.0305870419905
0.0325722659634
0.034080113796
0.0356791977423
0.0364761277555
0.0369881982149
0.0381822025988
0.0393315014273
0.0399947243379
0.0398248712503
0.0361910985613
0.0367288448684
0.0364347062528
0.0364862493776
0.0368946904209
0.0384231456098
0.0405202679356
0.0405907061822
0.0379983558197
0.0368740727306
0.0361890034321
0.0339353989668
0.0278377054644
0.0219814235727
0.0235368548912
0.0244930202908
0.0215866025773
0.0180472158597
0.0147127783151
0.0122676362119
0.00612812053918
0.00256457544263
-0.00107915024911
-0.00497188776801
-0.0098679835383
-0.0104091743935
-0.0133999335571
-0.0144681148309
-0.0140412620293
-0.013171202898
-0.0151114058152
-0.0172054476494
-0.0173041482282
-0.0181930222872
-0.0169987390888
-0.0132749363357
-0.0130324733508
-0.0198815254705
-0.00943360027224
-0.00497178909108
-0.00472413660922
-0.00729345877183
-0.00570304584263
-0.00714249981861
-0.00682132697891
-0.00484780683276
-0.00317806867206
-0.00288708583451
-0.00174200335726
-0.00433033166766
-0.00691865997807
-0.0069431103032
-0.00479181411801
-0.00299702939805
-0.000246092069433
0.00446046462441
0.0024337606486
0.00192241581075
0.00194778574491
0.00253277511245
0.00324121820789
0.00327551064372
0.00486179668341
0.00628627521322
0.00799252227767
0.00780082316985
0.00927823000026
0.015922539019
0.0155533218446
0.0139743596502
0.0116274730278
0.0096633430319
0.00712883672367
0.00633393929348
0.00755932229448
0.00554304288381
0.00401199713503
0.0029589742778
0.00180563718603
0.00103430775759
1.52509152549e-05
0.00102009921852
0.000255604911541
-0.0014083402502
-0.00313574581101
-0.00569885910013
-0.00460238701307
-0.00477095751654
-0.00404909449186
-0.00423492111485
-0.00530601572158
-0.00796397363647
-0.00852822750134
-0.00544878354444
-0.00324720040367
-0.00282340815244
-0.00462891932451
-0.00888737415798
-0.00991773032581
-0.0101785753704
-0.00868608645863
-0.00878234535662
-0.00910874506687
-0.00789261498775
-0.0055091508122
-0.00486028832664
-0.00494490541078
-0.0052699268053
-0.00361415573739
-0.00182092886875
0.00248493746739
0.0055613310597
0.00980757919104
0.0135695753104
0.0162493895714
0.0206462567392
0.0244160285121
0.0278763245799
0.0325512092595
0.0351235054541
0.0393968037686
0.0397898644684
0.0446833744283
0.0470374745587
0.0491108207955
0.0463529255644
0.046163980017
0.04827154435
0.047743220146
0.0464854508429
0.0440493755595
0.0425973729808
0.0412234400751
0.0344444197719
0.0413300509092
0.0403742099418
0.0392768337714
0.0377684251507
0.036177926398
0.0346912443021
0.0343067771485
0.0311167012822
0.028604126952
0.0277081416443
0.0249418564004
0.0240558971459
0.0231699378914
0.0217882144571
0.0197874893953
0.0167307305683
0.0138380432212
0.0107191458428
0.00997385058941
0.0090242879149
0.00719332172683
0.002475914261
0.000578884658989
0.000657912368575
-0.00199528400631
-0.00659349942941
-0.00900419267705
-0.0106343507562
-0.0126921288685
-0.0153561160356
-0.0172473535639
-0.0190459769216
-0.0203362140898
-0.0194162073852
-0.0196871805821
-0.0217840469596
-0.0212212708547
-0.0207839914963
-0.0186275877608
-0.0196894952207
-0.0215421501997
-0.0209247864955
-0.0201378929977
-0.0187387733186
-0.0193117904749
-0.0198037586239
-0.0195996328612
-0.0190590217578
-0.0190792700741
-0.0190751837081
-0.0195805254508
-0.019130450852
-0.0172336718688
-0.0146216104693
-0.0128236781605
-0.012310548245
-0.012162235545
-0.0108411578276
-0.0106199741511
-0.0154983057023
-0.0124877122598
-0.0119039805914
-0.0122091896277
-0.0133546165097
-0.00958115428616
-0.00481487068948
-0.00724970014729
-0.00730728734761
-0.00703278916814
-0.00508860587648
-0.00519063824664
-0.00345455904702
-0.00207778088681
0.000339448994264
0.00200156094398
0.00516888011324
0.005083355536
0.00227662620754
0.00204205409269
0.00117690672213
-0.000502177986762
-0.00125331351017
0.0011479665444
0.0071695212518
0.00409532884802
-0.00349593029808
-0.0071356079598
-0.00614869186971
-0.00509105474895
-0.00785598714769
-0.00966963731407
-0.00589197121987
-0.00524500418663
-0.00459803715338
-0.00395107012014
-0.00753381836541
-0.00231295780929
-0.00136184558054
0.00178013895469
0.00207959215035
0.000778482560723
0.00280154876575
0.00504110513524
0.00485442869679
0.00649932139115
0.00813231811522
0.00984606063877
0.0129122858128
0.0159785109868
0.0193751074274
0.0205731565009
0.0225040527114
0.0246936924248
0.0283460658524
0.029067799891
0.0312375812091
0.0341296340785
0.0373612963219
0.043068683262
0.0467751055958
0.0471113962945
0.0487402074082
0.0485082707603
0.0532856205232
0.0539954079195
0.0521999061441
0.0526109690307
0.0514441424946
0.049522463147
0.0501952023304
0.0499411995813
0.0499689351018
0.0565796064937
0.0585655789562
0.0554569677174
0.049522329693
0.0466296994137
0.0445623928248
0.0462693099835
0.0448339247571
0.0433438140213
0.0422175508331
0.0400263399634
0.0405703059585
0.0395093699302
0.0368421309811
0.0374564341842
0.0313263339038
0.0288005400876
0.0274093042459
0.0269560222467
0.0234727952179
0.0216430525954
0.0203149597011
0.0149274005771
0.0102472311363
0.0103532034748
0.00818401395262
0.00619056873974
0.00421420419511
0.00201887857207
-0.0038075014766
-0.0106607555999
-0.0134261977841
-0.0132601213514
-0.0177609962038
-0.0220617045327
-0.0240499750064
-0.0244236991514
-0.0255923366231
-0.0270186434053
-0.0253039442963
-0.0244503820388
-0.0234465974596
-0.0256533368849
-0.0243794381722
-0.0220701742861
-0.0216766862682
-0.0216972205157
-0.024437476689
-0.0240562354068
-0.0245510191198
-0.0247132498183
-0.0255962268773
-0.0232545125509
-0.0230551898442
-0.0216330430405
-0.0213213389508
-0.0210206750245
-0.0196302166941
-0.017602124751
-0.0221689925814
-0.0102414204055
-0.00547702184827
-0.0115869429075
-0.0132604134306
-0.0135702301351
-0.0134364119112
-0.0136316379815
-0.0124422323026
-0.0112528266236
-0.0100634209447
-0.00887401526575
-0.00768460958682
-0.00649520390788
-0.00635748274849
-0.00839726915332
-0.00786555323768
-0.00647641924912
-0.00510241327917
-0.005575351198
-0.00733527251079
-0.00824888153912
-0.0104478260643
-0.0127130255145
-0.0126935294668
-0.0140945798035
-0.0156019462434
-0.0163678633581
-0.0168232053851
-0.0177160115451
-0.0184707221292
-0.0182644890889
-0.0172473054087
-0.0194877766662
-0.0205203008499
-0.0219913907819
-0.0280246775639
-0.0258847110198
-0.0265840993677
-0.0260870487845
-0.0251335685674
-0.0223047847358
-0.0230546951402
-0.0238836049119
-0.0231960844715
-0.022156446275
-0.0219975339882
-0.0207841374928
-0.0180928311989
-0.0139949333087
-0.0111887246003
-0.00810908699562
-0.0036124050248
0.00035025287564
0.0033102366155
0.00761204157171
0.0104365900096
0.0114142377988
0.0125949107935
0.0158973919847
0.0133034891298
0.0183162314873
0.0204823759123
0.0222112846733
0.0229321142725
0.0238015979655
0.0243977313918
0.0328136750564
0.0362665234594
0.0343218778474
0.0331460279616
0.029429222714
0.0265276902371
0.0279042057164
0.0290460426159
0.0252338517221
0.0222195429703
0.0195484782825
0.0219613128789
0.0217556245449
0.0208351915281
0.0203367963036
0.018193915735
0.0168166957872
0.0144608221911
0.013705309752
0.00915760688021
0.00636244240324
0.00290013179616
0.00197527395802
0.00172195290957
0.00137320526471
0.0010328023028
0.000864522010234
-0.000598311393143
-0.0017916991932
-0.00252143010479
-0.00325116101638
-0.00438286081029
-0.00506366952172
-0.0103422494666
-0.0124041864131
-0.0146731738504
-0.0150299038596
-0.0153256523289
-0.0182559878505
-0.0192447235839
-0.0202334593172
-0.0212221950506
-0.0222109307839
-0.0211509941691
-0.0214919692314
-0.0257295469376
-0.0280152475675
-0.0295885532184
-0.0301797465499
-0.0306678883866
-0.0339172966883
-0.0338842948715
-0.0357357395738
-0.0383458372542
-0.0409559349345
-0.041989553532
-0.0388486581576
-0.0386232895221
-0.0326712475887
-0.03071920094
-0.0316860529799
-0.0289513406708
-0.0290999072743
-0.0289084789139
-0.025804969475
-0.0250125208278
-0.0146076841039
-0.01211072862
-0.0103606425219
-0.00834873833456
-0.00866415627733
-0.00616659750917
-0.00586443433945
-0.011401157192
-0.0166679329983
-0.019499197203
-0.0208317873721
-0.0213004499694
-0.0217691125668
-0.0225288557483
-0.0204763349225
-0.0178172923219
-0.014342784247
-0.00918527981096
-0.00312070201413
0.00414179369688
0.0103479070136
0.0156799813812
0.0185344321022
0.0186358125464
0.0248031878549
0.0269800199876
0.0267727094099
0.0303988747964
0.0342344008499
0.0384110346478
0.0406839282735
0.038865090981
0.0363256138052
0.0330347398493
0.0339837236106
0.0336590272859
0.0351224536358
0.0311364240875
0.0310702533777
0.0301958028723
0.0291934596894
0.0287159772124
0.0263787362043
0.0269931632887
0.0300351823346
0.0286173313614
0.0305281011882
0.0347763847199
0.040832998847
0.0426470091065
0.0485602489413
0.0495149040941
0.0534791508189
0.0604363848094
0.0629091213159
0.0670506938213
0.0682965204821
0.066107435661
0.0665689749944
0.0671660491725
0.0699733498711
0.0664059640937
0.0593797915457
0.0483686935335
0.0360795497631
0.0263572162142
0.0242008194055
0.0232774753783
0.0230365209659
0.01831781544
0.0179629033836
0.0129245700257
0.00788623666781
0.00284790330991
-0.000796762091498
-0.00176938589114
-0.00246204227345
0.00146493481563
0.00265187960797
0.00192513347678
0.00165826227627
0.00127460010426
0.00214829766424
0.00891948720003
0.0156906767358
0.0224618662716
0.0212227135357
0.0198441917635
0.0181776399183
0.01669624495
0.0144228429223
0.0126180528693
0.0125454295302
0.0104574866956
0.00677806727715
0.00342490392408
-0.00156707002722
-0.00594265914725
-0.00965763183713
-0.012892018239
-0.0164769407869
-0.0200180813221
-0.0235559093274
-0.0280360222914
-0.0307860086427
-0.0342734512583
-0.0377007355605
-0.0415954886912
-0.041972661267
-0.0419566630713
-0.0431520677046
-0.0448607807173
-0.0466439551627
-0.0490215679053
-0.0509225190605
-0.0509156975278
-0.050583917025
-0.0511491984652
-0.0512613032317
-0.0505158238923
-0.0487782976081
-0.0478643759938
-0.046583106025
-0.0437092766154
-0.0402364008157
-0.0413077407206
-0.040522879975
-0.038751146929
-0.0360074709074
-0.0329998219309
-0.0329061025969
-0.0384891013874
-0.0332992081924
-0.0311122310478
-0.0293884824965
-0.028084816017
-0.0264750870848
-0.0245143444782
-0.0235437732537
-0.0218405252252
-0.0196679805589
-0.0174283822842
-0.0152895020885
-0.0164422476271
-0.0132715428016
-0.0139190218946
-0.0124787182113
-0.0112083930182
-0.0100695725966
-0.00809850471243
-0.00562930628161
-0.00269077338162
0.000361405208717
0.00255269173914
0.00475843671271
0.00986896897409
0.0125994077691
0.0166214322858
0.024091772265
0.0275724362488
0.0285651861815
0.0301125700775
0.0303773229324
0.0247296412776
0.0201095118712
0.0168855403245
0.0142473691071
0.0106440986153
0.011433141546
0.00967916581375
0.00687758666732
0.00366816272959
0.00170665744107
0.000465815776893
0.000117211110283
-0.00278940550093
-0.004076875202
-0.000961320690844
