-0.40023931471
-0.413692885994
-0.42247259605
-0.398213396526
-0.403021936275
-0.396824306266
-0.385076139046
-0.380519338675
-0.371379793056
-0.39776448089
0.0
-0.424720783379
-0.398062856942
-0.425822257062
-0.40748691176
-0.384957781293
-0.385193016803
-0.388508062501
-0.371804823878
-0.366376953654
-0.351995355526
-0.393828978495
-0.389547794749
-0.381476708208
-0.370464120923
-0.361784263521
-0.380908551154
-0.38518135165
-0.345313208359
-0.351059023444
-0.341778227375
-0.339065890423
-0.332769047434
0.0
0.0
0.0
0.0
0.0
0.0
0.0
0.0
0.0
0.0
0.0
0.0
0.0
-0.32705379436
-0.319200365242
-0.309019316436
-0.295394167845
-0.279061740243
-0.26269472215
-0.264402949969
-0.250903641183
-0.243457458894
-0.223257657011
-0.210084676696
0.0
0.0
0.0
0.0
0.0
0.0
0.0
-0.27666389411
-0.265517826757
-0.25223837827
0.0
0.0
-0.302398042174
-0.302904741441
-0.298203759773
-0.289186938392
-0.284650678648
-0.281066375412
-0.290086187646
-0.29688606627
-0.298737355194
-0.306332012321
-0.298523575251
-0.305701626899
-0.278080137498
-0.280085247244
-0.273119124374
-0.263607832428
-0.252670299289
-0.235125817697
-0.232205185607
-0.228171181947
-0.237261745188
-0.225350663163
-0.21608770145
-0.214900101958
0.0
0.0
0.0
0.0
-0.297417297282
-0.278362591419
-0.272501131506
-0.263436900366
-0.264051617988
-0.254139305481
-0.24564925771
0.0
-0.273436199585
-0.300635969369
-0.287120022144
-0.283221054327
-0.291056664739
-0.277138078922
-0.280519054986
-0.281563773678
-0.279362429302
-0.279707247941
-0.270428667187
-0.270544111157
-0.262905593078
-0.269934208622
-0.26909079799
-0.234414985755
-0.23687677504
-0.244300785606
-0.228777474337
-0.228302877193
-0.222898578994
-0.207367938037
-0.197432399159
-0.191907001324
-0.190199736141
-0.233421480817
-0.22245874404
-0.226532472058
-0.21660492356
-0.201272295584
-0.189884614848
-0.186389380136
-0.18818717418
-0.182169224811
-0.18289176527
-0.190442444016
-0.229181686621
-0.250023330529
-0.251773312905
-0.256207582696
-0.265528264922
-0.252695584806
-0.257782319243
-0.256652081421
-0.248927788606
-0.247468140777
-0.243653767457
-0.242051343332
-0.215499388204
-0.217284750003
-0.210244289936
-0.202362899681
-0.184003962795
-0.189696035031
-0.175878073273
-0.18151528224
-0.183872422633
-0.187735975496
-0.203137834789
-0.204673284839
-0.2050854578
0.0
-0.253922675477
-0.246881257196
-0.242124953484
-0.214382561983
-0.229025619592
-0.207300085527
-0.218387856725
-0.204545789788
0.0
0.0
-0.215968500326
-0.254857804519
-0.252265596751
-0.252960747367
-0.263025978244
-0.252640298758
-0.255473200548
-0.251722360425
-0.251166002881
-0.249723996695
-0.255439215087
-0.253445433355
0.0
-0.231967338817
-0.24089313515
-0.228970130385
-0.245018317932
-0.252898274982
-0.243849313901
-0.233226462647
-0.24032476129
-0.234582244949
-0.243801504002
-0.232883946519
-0.233729067693
-0.235991864793
-0.240753528593
-0.241108635263
-0.235951012982
-0.226341508339
-0.218340249066
-0.19323298936
-0.193330056698
-0.20120933704
-0.195852743796
-0.202136553117
-0.216317397471
-0.233962110958
-0.229005861163
-0.236931993913
-0.229631833154
-0.242150362347
-0.231558072998
-0.232605865165
-0.236070838117
-0.231549529209
-0.222699883511
-0.225887592795
-0.218325784789
-0.223217392221
-0.198654727838
-0.182104243548
-0.187219846808
0.0
-0.177610731203
-0.177948342826
-0.162965267286
-0.158905313018
-0.152029493433
-0.156621994644
-0.185856526691
-0.200647648752
-0.213443939701
-0.216686878802
-0.213556065642
-0.216063163926
-0.208896239768
-0.209743346116
-0.206554020654
-0.206143734375
-0.209762904151
-0.207349567065
-0.200961932596
-0.182063610319
-0.175591762213
-0.170860906698
-0.174836725398
-0.144797023552
-0.151280183274
-0.15881898084
-0.147675033886
-0.146567968309
-0.150505723638
-0.154387088966
-0.179443902568
-0.20310282222
-0.213357941241
-0.198520875852
-0.210055856592
-0.223972864319
-0.219633012926
-0.219471893915
-0.201514021876
-0.200834081279
-0.198741253425
-0.204335995123
-0.189491667158
-0.189040443872
-0.161049093415
-0.156091255574
-0.160186734136
-0.148719568459
-0.137986784178
-0.142210915142
-0.134421943366
-0.122971159134
-0.129495529638
-0.13723389381
0.0
-0.192365978694
-0.183298275881
-0.189579244687
-0.187959382482
-0.18420852736
-0.164708329153
-0.14886947093
-0.157187987291
-0.152575711367
-0.147826320701
-0.147346151917
-0.182698528726
-0.187943380974
-0.183374790938
-0.201821291098
-0.195858660081
-0.19659559801
-0.194520374395
-0.19299525216
-0.203375485485
-0.196739667743
-0.214636882608
-0.189444785089
-0.192816016409
-0.185447860115
-0.185639445119
-0.183724227776
-0.183387789388
-0.172008435434
-0.151215115334
-0.146984583511
-0.147791783625
-0.141230836671
-0.146499151053
-0.146860739658
-0.130471535386
-0.133071819879
-0.126645464837
-0.12226249691
-0.125123601593
-0.124304100105
-0.125936963593
-0.127013537749
-0.119172779612
-0.126041322166
-0.130664670792
-0.130411647349
-0.178718973932
-0.202670827854
-0.194167629974
-0.200041722448
-0.200570844469
-0.200072690236
-0.200410050864
-0.20970427678
-0.212968806279
-0.194249964921
-0.200055374017
-0.1859551779
-0.189864222881
-0.19154905295
-0.187040375386
-0.181809525222
-0.192743510257
-0.178679679803
-0.180780836579
-0.190257374407
-0.187329570168
-0.197935942913
-0.197373008333
-0.194935220452
-0.186655316123
-0.186313092945
-0.187414480423
-0.17285957146
-0.169439452655
-0.168440868265
-0.169825099693
-0.159838440171
-0.163871592833
-0.164637299854
-0.158978907907
-0.155836490554
-0.154265193297
-0.153587097381
-0.156945752344
-0.153946762293
-0.138032348024
-0.146053810448
-0.142334709673
-0.137461535708
-0.115347637491
-0.120130314917
-0.113059766792
-0.105162021498
0.0
-0.148999769997
-0.15690872044
-0.138325799733
-0.144317957243
-0.143991324273
-0.149842211539
-0.157327762368
-0.152541565784
-0.147613881172
-0.159619124668
-0.159904938662
-0.150604112204
-0.138791029265
-0.150753007983
-0.156704411106
-0.153320384156
-0.156478745107
-0.146387020027
-0.15581187009
-0.144944738034
-0.148009823593
-0.154009755935
-0.141958472377
-0.14455494227
-0.150913701252
-0.151997244225
-0.147183558456
-0.150398534478
-0.137434040455
-0.152368652195
-0.150134242882
-0.133787410982
-0.139117900871
-0.155439330036
-0.15426287734
-0.163149768852
-0.159186444142
-0.157454543512
-0.170024010527
-0.162435467123
-0.158099281479
-0.158484645235
-0.157859095311
-0.15510650506
-0.164362932083
-0.167611840686
-0.155497836077
-0.156640208842
-0.15473311069
-0.153765632298
-0.154124739505
-0.152732884283
-0.150983431137
-0.154696975672
-0.1540519588
-0.150413648337
-0.152854141717
-0.149554140637
-0.13064695062
-0.12832512597
-0.120522377964
-0.122903387924
-0.115791140465
-0.112637980228
-0.117680447403
-0.103983670575
-0.112156383485
-0.106588291034
-0.0977546462899
-0.0993502033325
-0.112710666914
-0.110272353526
-0.106690825788
-0.106628515563
-0.10922438694
-0.101261125737
-0.0989423527764
-0.0955609685079
-0.0955673867417
-0.0998424360239
-0.103318592722
-0.0996294328914
-0.101059918518
-0.0819280124741
-0.0986269351533
-0.0967297433533
-0.0942937999016
-0.0873366991221
-0.0893036134745
-0.0952393180173
-0.0897690612916
-0.0881175525705
-0.0930486757117
-0.0945158673857
-0.0919239699951
0.0
-0.135426179488
-0.124268182554
-0.127169030136
-0.140771936252
-0.103601413646
-0.130700419274
-0.131647161159
-0.133766736444
-0.119282616969
-0.114284412875
-0.125328627078
-0.12357540976
-0.12011049168
-0.114965424192
-0.117685348155
-0.124700470756
-0.11969100063
-0.116805852368
-0.114047956477
-0.119042775193
-0.114867725741
-0.10726289713
-0.115522370574
-0.118377478435
-0.112519679162
-0.112689401355
-0.118688565531
-0.1194294687
-0.114062720066
-0.118784831526
-0.118032454142
-0.125834600074
-0.117167476083
-0.119047911296
-0.124831017276
-0.123000710935
-0.116621361819
-0.121340755903
-0.122745173421
-0.115398893405
-0.120663977961
-0.122869335343
-0.118858927957
-0.121555456983
-0.122117782248
-0.121579878505
-0.112121411725
-0.118588593591
-0.120666020438
-0.109961838205
-0.120279725078
-0.125335683125
-0.115498546607
-0.119576951594
-0.119784292621
-0.117518631653
-0.128856828298
-0.124059741417
-0.121372861517
-0.110564870628
-0.113190713699
-0.117410828763
-0.12233728987
-0.113295497092
-0.109991155398
-0.115339152207
-0.114322069468
-0.112159545096
-0.121773996831
-0.120282671368
-0.114636218978
-0.136424677086
-0.11314107148
-0.104989550303
-0.10135208335
-0.108454880198
-0.104581761221
-0.112648090448
-0.111161453867
-0.109584913947
-0.113594409004
-0.094940587436
-0.114510635204
-0.103797329
-0.102387524169
-0.106981203463
-0.104749426207
-0.115148604661
-0.119449046966
-0.120772589815
-0.112816994773
-0.107137000772
-0.112029086156
-0.119190341904
-0.100200913405
0.0
-0.102489234579
-0.108144794003
-0.107161471937
-0.126789631922
-0.118806623539
-0.104629091274
-0.104942995986
0.0
-0.112758603527
-0.116276516612
-0.110158725094
-0.108588861332
-0.0994346248264
-0.105587040114
-0.100299679313
0.0
0.0
-0.0644502620982
-0.0828605639979
-0.100993241199
-0.0998305272164
-0.0942985771068
-0.0960996219831
-0.0981116246112
-0.105805723304
0.0
0.0
0.0
-0.113151745995
-0.105204844839
-0.123093683507
-0.106429877886
-0.109628856867
-0.114713354899
-0.109619913504
-0.131571803346
-0.082122909689
-0.0951139172717
-0.0886367971764
-0.0914286721501
-0.092910061775
-0.0894357757971
-0.0850185851068
-0.0837329910004
-0.0883382934736
-0.079656380139
-0.0654567288689
-0.0872585086422
-0.0866637210348
-0.0808219784256
-0.0761499553661
-0.0757251388706
-0.0792313946083
-0.0809392467285
-0.0797294386384
-0.0815867163667
-0.0832011062712
-0.0826164005675
-0.0880352725413
-0.0802546839192
-0.0786509053129
-0.0828057681822
-0.0747842948228
-0.0711644795004
-0.0765608061045
-0.075750710062
-0.0795161401678
-0.0754510603681
-0.0758541185069
-0.0706343084136
-0.0626963535542
0.0
-0.081882008203
-0.0830836864291
-0.0780292819748
-0.0735927873583
-0.0696852062294
-0.0624565250251
-0.0661581395432
-0.0691789942686
-0.0754403046066
-0.0817828408316
-0.0828443430742
-0.081833468198
-0.088222236057
-0.0904740864689
-0.0842298237045
-0.085661007522
-0.0848359373572
-0.0800204069922
-0.0934367294253
-0.0887150440258
-0.0787685963093
-0.0863015295764
-0.0899822502676
0.0
-0.0949864504689
-0.0965098814611
-0.097723556137
-0.0903320408448
-0.09332678368
-0.0867462796278
-0.093978329316
-0.0929999938614
-0.0814194258118
-0.0814808824785
-0.084099108639
-0.107659320316
-0.098321494911
-0.100043098524
-0.10564641481
-0.0988929271919
-0.0911148737232
-0.0835795884525
-0.0905574750624
-0.087156583999
-0.0869666845727
-0.0898635568483
-0.0840138124879
-0.097905619112
-0.0911060686912
-0.0941628012751
-0.101459936074
-0.10554053486
-0.124413671801
-0.13347288184
-0.139695956981
-0.147142770136
-0.150182219866
-0.142239458618
-0.147665537383
0.0
-0.106146928836
-0.140248833776
-0.130739341635
-0.121168274722
-0.114218398021
-0.110119963316
-0.0953255231434
-0.0812120102302
-0.0881925969937
-0.078348572577
-0.0662482265713
-0.0647604679961
-0.0790669050494
-0.0760875932951
-0.0686105812712
-0.0694686782746
-0.0726282939933
-0.0755990367139
-0.0734867872906
-0.0745105824591
-0.0776413047548
-0.0780571946737
-0.0809714762193
-0.0705511607564
-0.0771174620362
-0.0666175373735
-0.0727343082197
-0.0607888600311
-0.0730489043059
-0.0630375056326
-0.0743828588564
-0.070650153224
-0.0604268943199
-0.0534291010827
-0.0479998906413
-0.0399008352316
-0.0398209790794
-0.0556858318185
-0.0492004966018
-0.0650195983229
-0.0541654331898
-0.0524115301029
-0.055975295707
-0.044867949249
-0.0540144775346
-0.0590945076111
-0.0616829719341
-0.0629086980117
-0.0598058559839
-0.0566587925323
-0.0537749875673
-0.0585256674031
-0.0682390208493
-0.0674948633311
-0.0642556627618
-0.0452981950429
-0.055097990145
-0.0709502851318
-0.0794708958838
0.0
-0.0716150533701
-0.0705541625022
-0.060940829715
-0.0658692944582
-0.069649423438
-0.0635524564985
-0.0777032529144
-0.0736725637352
-0.0798364212295
-0.0732556704484
-0.0755691551507
-0.0670384260041
-0.0515850705306
-0.0579114851828
-0.0585861556465
-0.0560297997557
-0.0550971564432
-0.0669010024952
-0.0570760487436
-0.0558034550203
-0.0600050838185
-0.0536376039929
-0.0533001737352
-0.0534746058993
-0.0613295335395
-0.0575912721016
-0.0410181105993
-0.0414847336974
-0.0479223686195
-0.0548289264525
-0.0641884572423
-0.0457458653757
-0.0529202644517
-0.0485702209203
-0.0487255450215
-0.0295819898093
-0.0404548723356
-0.0471055679344
-0.0466074563597
-0.0471454112086
-0.0396231375054
-0.0418996851614
-0.0483155859226
-0.0484525489222
-0.0610442947553
-0.0495321882574
-0.0518324938895
-0.0400220685681
-0.049437251597
-0.0455661937921
-0.042231836483
-0.0414457332167
-0.0423958429263
-0.0493687376919
-0.0418043539043
-0.0239724875986
-0.0192516101887
-0.0110972261912
-0.0396411003416
-0.0511194010781
-0.0349618918057
-0.0387624013094
-0.0422393265649
-0.0470439085292
-0.0404030391073
-0.0320210344294
-0.0389868298047
-0.0319475600271
-0.0461544054935
-0.0432589351158
-0.0487447368133
0.0
-0.00174641800968
-0.025795873646
-0.0320521043054
-0.0309482645469
-0.0374758834878
-0.0298574478836
-0.0341115591424
-0.0303879743332
-0.0311827432155
-0.0411366529962
-0.050579292308
-0.0457229146896
-0.0591712749089
-0.0645163076683
-0.0683499419797
-0.0582599592069
-0.0460642794252
-0.050951298308
-0.0663788113166
-0.0552801880106
-0.0643580286062
-0.0675335643122
-0.0507006652434
0.0
0.0
-0.0382980380606
-0.0369596878857
-0.0388005709645
-0.0385908043599
-0.0288074558676
-0.0426849482868
-0.041251022204
-0.0549204397338
-0.0422742377935
-0.0494750690074
-0.0415374724136
-0.0374791658516
-0.0280270159301
-0.040807711573
-0.0260860815302
-0.0366305246645
-0.0480487405623
-0.0428651212017
-0.0357119002498
-0.0402095663212
-0.0261973760309
-0.0384271642485
-0.0239782946028
-0.0322434553331
-0.0277650092257
-0.0362612917397
-0.0358531614858
-0.032320627671
-0.0382558507294
-0.0332527370666
-0.0150480407469
-0.0113578420652
-0.0232410165617
-0.024411549132
-0.027861390536
-0.0347865470414
-0.0220844123999
-0.0130784126789
-0.00969309220238
-0.0207712151007
-0.0324166300726
-0.033846611546
-0.0300443807702
-0.0295435330343
-0.0175877962601
-0.0219227002206
0.0145508907389
0.0216094787907
0.0066470274455
-0.00464962921482
-0.0158928337291
0.00564723204048
-0.0202364213278
-0.0096077983183
-0.0133479919563
-0.0200605690273
-0.0182470073258
-0.0260562829201
-0.0223627756033
-0.0262897763746
-0.0215225241746
-0.0199287962298
-0.0100728941047
-0.0195356211457
-0.0162436769732
-0.0318869607329
-0.0297346683095
-0.0265831864194
-0.0135054926728
-0.0260364408389
-0.0240485101724
-0.035626262602
-0.0365024902574
-0.00867368094045
-0.00991049168203
-0.00729990203348
-0.0085809732595
-0.0257560858469
-0.0349896988157
-0.0230990898173
-0.00668971381054
-0.0195019581529
-0.0339268635662
-0.0166024386505
-0.0259831240429
-0.0390891107832
-0.0219707077897
-0.0226828581149
-0.0252907049958
-0.0260004266854
-0.0249877981824
-0.0232018470841
-0.0346351658064
-0.0164137487525
0.0
-0.0313322256682
-0.02948926065
-0.0255091554151
-0.0229207825769
-0.0131284095465
-0.022645734424
-0.0321134604252
-0.0269163662082
-0.0238535049762
-0.0189196108586
-0.0292789208552
-0.0329360038609
-0.0352606468337
-0.0417236858222
-0.0305322282352
-0.0293311051083
-0.0379187915596
-0.0205248006983
-0.0240153216445
-0.0243597497656
-0.031973336802
-0.0392497989008
-0.0321490011474
-0.0304251888243
-0.0240323489524
-0.0377637586623
-0.0364689568706
-0.0305287197398
-0.0314123529019
-0.0288744089418
-0.0311876889988
-0.0351969898523
-0.0163592491824
-0.0211971331868
-0.0204668657675
-0.0189260464472
-0.0168124496776
-0.0259476452171
-0.0168003596069
-0.0140282462196
-0.0152392100802
-0.0202546465265
-0.0286287168842
-0.0172785587572
-0.00704169709775
-0.00529267523162
-0.0199796030726
0.0
-0.0132417669726
-0.0203322856734
-0.0132622736011
-0.0193094596349
-0.022331062928
-0.00946430603526
-0.00494667823268
-0.0269297044062
-0.0252582153529
-0.0135210330783
-0.0178730285563
-0.0103574359575
-0.0217189255325
-0.0102642292556
-0.0138029823228
-0.0215622552332
-0.0228311510028
-0.00859850629228
-0.00239097579518
-0.0245752946986
-0.00751002427812
-0.00824380910256
-0.00587626674653
0.0
-0.0169958249088
0.00753482946165
0.00154858329323
0.0112776137412
-0.00157465542104
-0.00109501607731
0.0209615197155
-0.0132713469978
0.0129497233694
0.0
0.0
0.0131535768448
0.00737476430525
0.000702206456868
-0.0107865838691
0.00681314423281
0.0113833497375
0.00108379372947
0.0108377367584
-0.00347779554383
-0.0014428208124
0.0114143235004
0.0222855029994
0.0
0.00252197644688
-0.0109553048886
-0.00816749725324
-0.00046970460402
-0.0031522738329
-0.00262640619978
-0.010229987652
-0.005845996209
-0.00806557693642
-0.00558096087493
-0.00257336850928
0.0143501389625
0.0166289040711
0.0199330039322
-0.000716314993607
-0.0130936423612
-0.0124094607061
-0.00115053114304
-0.00242145264442
0.014383894513
0.00446820484841
0.00881236710603
-0.0112128631355
0.00571689139285
-0.00272548549238
0.00549846538138
-0.00570808915956
-0.00487380101748
-0.0227261956544
-0.0170282072148
-0.00328026852512
-0.00427406960509
0.00562162253964
-0.00831740100263
-0.0169051626466
0.0283219073293
0.0111274942046
0.0083733769338
-0.000420739102827
-0.00867357994729
-0.0215156689954
-0.0213304177945
-0.0161617059951
-0.0188473091378
-0.00883172473132
-0.00625090811928
-0.0128140141774
-0.0104173512448
-0.0213574849705
-0.018544045973
-0.0193697120418
-0.0212606587114
-0.0231219465372
-0.0160142318879
-0.0272115838486
-0.0318425874421
-0.0111739648162
-0.0246397227451
-0.0191446349496
0.0
-0.0118675184008
0.00385210838028
-0.00165996116524
0.00395899853051
-6.51657234112e-05
-0.000914402882289
0.00462273262601
0.00840545511779
0.00651311613184
0.00359614964248
-0.00418396556993
0.0113346963632
0.0215792292237
0.0162837559119
0.00801786531019
0.0188709721518
0.0129651705815
0.00814969679888
0.0219644811044
0.0263520947961
0.0352281142229
0.0158083583618
0.0107098019481
0.0417344045333
0.023586295166
0.0189966499617
0.0274369883883
0.0147282715164
0.0186603019381
0.0165879575949
0.0147413689944
0.0185027680308
0.0248316318581
0.0279056234738
0.0236720176217
0.0
-0.00318816149519
0.00182829728156
0.00705255696098
0.0130213321422
0.01922984621
0.0249119560685
0.0235354261889
0.0168085770931
0.0207416460842
0.0257904421058
0.0448472774795
0.0366169967056
0.0301850948661
0.0200982675366
0.0210097747247
0.0219456523212
0.0301776471529
0.0
0.056660438413
0.0530020830848
0.0445646004608
0.0341907112668
0.0244916781786
0.0124399253791
0.0283581501749
0.0191595014685
0.00867144955723
0.00947259206386
0.0205493112164
0.0244726581791
0.0209852757829
0.0132852184897
-0.0063266288395
0.0119005919733
0.010659772596
0.0500929218141
0.0189222351808
0.0106315899088
-0.00278247386749
0.0115863271457
0.0160155714193
0.0074315289456
0.0107300121043
0.0112857184307
-0.000404918221746
0.0137314847785
0.00263193579413
-0.00556019602076
0.00204690497564
0.00767046490622
-0.00623471889721
0.00643893943313
-0.00741345861998
-0.00798479881872
0.00322169255909
-0.00466060325566
0.0010033407593
-0.010263728972
-0.0111452996993
-9.5935205993e-05
0.00673114888451
0.0216343775644
0.00628861484491
0.00388793823203
0.0101680307678
0.00224091119651
0.00657815321891
-7.73050978919e-05
-0.00301422878381
0.00787935298558
0.0084681614265
0.0
0.0195906400839
0.0228104016999
0.0162704560375
0.0134682044971
0.00907538086543
0.013474754556
0.00651486708689
0.0122471211158
0.00863481474782
0.0124890498968
0.00277741180749
0.00437534249013
0.0
0.0267315435674
0.0302844840913
0.0211024775944
0.0278575779353
0.0275424149776
0.023612770288
0.026367885328
0.0287432622924
0.0211627217847
0.0247496484823
0.0
0.0637063686618
0.0429305784033
0.0371250657345
0.0500280530037
0.0467485575435
0.0433007377121
0.030852008514
0.0326057450635
0.0360054967205
0.0302581403208
0.0355297468893
0.0260710738051
0.035505582296
0.0355627572742
0.0376604828511
0.0419002934054
0.0506849669152
0.0434898745642
0.0487844672383
0.0461233925392
0.043903346167
0.0467050199563
0.0454658135427
0.0
0.0462546313365
0.0319866242045
0.0410936295251
0.0463564908584
0.0462265131792
0.027265071318
0.0111123401992
0.0375068510773
0.0458877644735
0.0336215507062
0.0267028090642
0.0265898468543
0.0291337424613
0.0371700393566
0.0377559912663
0.034750100975
0.0306800267824
0.0266170293479
0.0447552924476
0.0281782546616
0.0353323609981
0.0326927878648
0.0190118285266
0.0302929792828
0.0364564906763
0.0429401604784
0.02709477026
0.0383515715208
0.0308010759698
0.0256513069856
0.0313249534616
0.042298368597
0.0314023956868
0.0297354000996
0.0313114996137
0.0
0.0383009073202
0.0464886834724
0.0424463185682
0.034878634946
0.0346304503187
0.0274651748106
0.0208814015225
0.0147435974319
0.0262583413998
0.0190563668368
0.0309976150348
0.0247647839336
0.0242902818024
0.0329636161884
0.0266408208019
0.0275374464136
0.0
0.0256413308329
0.0254130507372
0.0179360909601
0.0185756175654
0.0101619784081
0.0124881729058
0.0476596372869
0.0360376918357
0.0228798276357
0.0387572831515
0.0331805853867
0.0377895044087
0.025244159652
0.0241245526733
0.0333745821404
0.0415996796608
0.0288982363366
0.025465397437
0.0
0.0477364084422
0.0355694513693
0.0461063024692
0.0702780150052
0.0365595610862
0.0198447835792
0.0293289511144
0.0135539001974
0.0289802046637
0.0296897401713
0.0322897125548
0.0351543396565
0.0308680549927
0.0391692138551
0.036894602939
0.0314784713052
0.03522455518
0.0204281140124
0.0289285622288
0.0232767151217
0.0178826677779
0.0243588949015
0.0305130866988
0.0
0.0218796384045
0.0433422149782
0.0431719766043
0.0507807622578
0.0495485484548
0.0420160890567
0.0337831888337
0.0356320554666
0.0597245028463
0.0524408226944
0.0589944219316
0.0
0.059467521621
0.0653169123743
0.0703127173723
0.0707501707997
0.0676305328848
0.0564664877954
0.0572181921739
0.0503490305271
0.0607531801114
0.0688827062822
0.0612614877052
0.0560669588816
0.0703279253841
0.0617972947123
0.0633080954622
0.0640717794541
0.0586092292603
0.0643091796197
0.0654367535893
0.0690907253764
0.0629738836986
0.0580709077169
0.0639287706441
0.0928557154825
0.0505027018557
0.0518054306357
0.0600212350633
0.0538548227426
0.0570027734889
0.0551437286928
0.0724765573424
0.042822089795
0.0497804505411
0.0537154636343
0.0669240269657
0.0734055436066
0.0563951876237
0.0533764422474
0.0624816746864
0.0563274401608
0.0608042774152
0.0557663324587
0.0381669430792
0.0418117770449
0.0417390622631
0.0290196610003
0.0397301026659
0.0752502305402
0.0514109583853
0.0423146280985
0.0477739821731
0.0503818935147
0.0407478627022
0.0437571233257
0.0415488208064
0.0331202026676
0.0411973782685
0.0417282429023
0.044390424836
0.0
0.03531767789
0.0382969609029
0.0428568732639
0.0512144781806
0.0380740747196
0.0248684436574
0.0305740273679
0.0107505916475
0.0370650148976
0.0290993247385
0.0294653401895
0.0234469237509
0.037958105185
0.0240630112261
0.0503888968759
0.0488866866443
0.0398181156401
0.0329329472041
0.035122109786
0.0419884873226
0.0397097100783
0.0385854454144
0.0411561695975
0.0505641817045
0.0422829202647
0.0472487921409
0.0419669629274
0.0472959716586
0.0547283725105
0.0588331747399
0.058365478963
0.0346671012174
0.0497562306128
0.056056063487
0.0669128492617
0.0796710996383
0.0589995230595
0.0654916304119
0.064041784479
0.0560047331141
0.0515113063129
0.0509450238509
0.0596177324028
0.067579029569
0.0623113996744
0.065926948879
0.0665954230309
0.0740383768385
0.0683086199943
0.0706998557056
0.0675557655924
0.0691221594179
0.0752731932851
0.0701492787096
0.0807795950841
0.0794856139288
0.0851969213493
0.0824367763734
0.0754687204097
0.105895229315
0.0845905845538
0.0793767282436
0.0774978023901
0.0707353345648
0.074882699789
0.075036139043
0.0799979472651
0.0760454085295
0.0878751486107
0.0873918936416
0.0923616487861
0.0902739693141
0.0886861310622
0.0796256054601
0.0731864358948
0.0930744210207
0.0694322431018
0.0846667222517
0.075532962095
0.0657457825346
0.0747918238432
0.0685515269447
0.0650088050073
0.0
0.0734964841771
0.0622266237774
0.0681266702996
0.0662395673184
0.0507443931173
0.0640961952633
0.0549453978795
0.0505707913571
0.0697444799728
0.060442791951
0.0578536475608
0.0
0.0545250264104
0.0567905492402
0.0420488413482
0.0597490619774
0.0649667391718
0.0619603855092
0.0523437080598
0.0647319652199
0.0647337355551
0.0592484100937
0.0587037936304
0.0537637035638
0.0576541172309
0.0541921762856
0.0486308739024
0.0679932287807
0.0641250497285
0.0634207677953
0.056508363986
0.0680394756545
0.0682096438812
0.0877106096966
0.0707500789251
0.0
0.0494089620337
0.0495163263657
0.0632896311074
0.0465315578547
0.0544434891431
0.041279987884
0.0490722089501
0.0543133776683
0.0556147503894
0.0503013307971
0.053430051098
0.0379527474484
0.0387783168745
0.0602058070587
0.0496258370143
0.0509594576156
0.0618924981555
0.0618911954876
0.0603137245902
0.0436735478834
0.0576599581149
0.0638556060378
0.0587687330472
0.0516850039166
0.056963472139
0.0647933915165
0.0612656542937
0.0690743086618
0.0676190268468
0.0774131999388
0.0752839765647
0.0724902324014
0.0833674589158
0.0846101818295
0.0892861309254
0.0854783892975
0.0869752689383
0.0847013105447
0.0831788721324
0.0806167333229
0.0862515141828
0.0769868107189
0.0772641360475
0.0805492251347
0.0818936186365
0.075743435722
0.0705616225637
0.0
0.0640409475735
0.0557033231119
0.0617041833003
0.0589525037729
0.0332595179508
0.0555376997052
0.050997671971
0.0567188232919
0.0506975724378
0.056545436574
0.0654170940131
0.0641818102342
0.0555463848236
0.066570105465
0.048574801677
0.0642007597085
0.0676875505187
0.0672215166397
0.0845320684179
0.0904651497088
0.0907265780779
0.0904949806164
0.0960129671171
0.0
0.0784712547352
0.0580242226538
0.0625083436148
0.0766149896547
0.0628345800525
0.0795753345556
0.0694939198361
0.0642825407886
0.0680426291315
0.0855885598515
0.0874376610007
0.078146542217
0.0795195735628
0.0590072762552
0.0691214034161
0.0723870910237
0.0
0.0867814518972
0.0865941250244
0.0857172550671
0.0798275257803
0.0715696096039
0.0866948356796
0.063748140278
0.0728788077776
0.0533859131478
0.0513662009723
0.0650614931735
0.0726391122931
0.0816456013243
0.0666927613345
0.0793416615515
0.093707989227
0.0837646377921
0.0938109689692
0.0945215595343
0.0585088129992
0.0423506530238
0.065541281205
0.063890347303
0.0727005364592
0.0689344183921
0.0774221871439
0.0549024511886
0.0589513554879
0.0590606408659
0.0680535309377
0.066327613797
0.0686477484632
0.0656172680207
0.0701474674017
0.087702073354
0.0734538502932
0.0721706579154
0.0798239667345
0.0790898703267
0.0711848873003
0.0782504816207
0.0820010289027
0.0867193926227
0.0790095248428
0.0856566425407
0.0866921102124
0.0811833900068
0.0842062238477
0.0826760464334
0.0750721609009
0.0798319260032
0.0851338826144
0.0960306569743
0.0791908067727
0.0
0.0453942078462
0.0466236288677
0.0368901256161
0.0435963293232
0.0412713983482
0.0513298477303
0.055240936113
0.0414517983603
0.0479095137097
0.0540197687773
0.0477057403805
0.0565606620258
0.0555134555838
0.0718558203864
0.0683902250152
0.0632794711613
0.0654625349308
0.0635279398403
0.0594028729578
0.0505717213004
0.0732953348859
0.0686428742135
0.0819206402642
0.0
0.0550889599359
0.0581904260735
0.0750784763832
0.0793144990201
0.076955392901
0.0840690835498
0.0778108756026
0.0778487223523
0.0876246873484
0.0954846012823
0.0992155179525
0.093246538907
0.0853122162698
0.0924222838896
0.0978993464458
0.100422486687
0.098047475635
0.0946558694512
0.0925117138094
0.0986411439444
0.110803351454
0.111161543626
0.108199895635
0.127041767788
0.062698666753
0.0890759703684
0.0875894207097
0.0631208271733
0.0693002768845
0.070098831509
0.0765428078447
0.0832268999678
0.0773295107849
0.067060250815
0.0764718951325
0.0733668983157
0.0802620127299
0.0729054639655
0.0705854416793
0.0773781187154
0.0738701125812
0.0652715801874
0.065356025196
0.0603759825996
0.0736705255971
0.0699240426331
0.055311180465
0.0788312375206
0.0822902758199
0.0720984842429
0.0797338496173
0.0770599688702
0.0802331728911
0.0880371100583
0.0907498733186
0.0
0.0906207339797
0.0930125510762
0.0905234882598
0.09514524889
0.0866158509784
0.080449560445
0.109447799519
0.0911506135719
0.0951465332928
0.101349074427
0.0965696625237
0.083150527969
0.0997102043851
0.0831431797411
0.0928413708697
0.0
0.0686919684665
0.0655031600567
0.0708873885814
0.074203250529
0.0722560819403
0.0669649627024
0.0844244859085
0.0662120575805
0.0876850593463
0.060396528217
0.0696344616072
0.0789176585505
0.0655456944341
0.0820618515231
0.079601031022
0.0763999784159
0.0772088534773
0.0888488115042
0.0937448396772
0.0870164870545
0.0971060526321
0.10203278527
0.105944818949
0.0
0.104772744
0.0737358869441
0.0839694575433
0.10492214641
0.102049268746
0.102321887512
0.114682399012
0.109272663533
0.107917266468
0.114943775197
0.10532409858
0.0906597594528
0.0841011639629
0.0927967324409
0.081225313317
0.0958061026097
0.100764140443
0.106828801698
0.10421142257
0.111933920247
0.12185869752
0.117511686316
0.12512645459
0.123363885132
0.0667931856671
0.0768673069278
0.0747710005886
0.0696112832326
0.0581103337148
0.063915880208
0.0652022088034
0.0599030781034
0.0559882420454
0.0586387784411
0.0458195848589
0.0583436413036
0.064253481992
0.0569464870589
0.0667416197141
0.0735805914131
0.0637847885677
0.058500528547
0.0594021602364
0.0757948290154
0.0676769554361
0.0741628758209
0.0859972558979
0.0777979788165
0.0903831255612
0.112190824798
0.0989774509019
0.0966231156027
0.10220589402
0.081023241744
0.102344451767
0.110170291054
0.109038874187
0.0947437188415
0.0933225041969
0.0
0.0623400804133
0.0752702443469
0.06943136805
0.0714857559253
0.072040092886
0.0733398517418
0.0842928736864
0.0776885957615
0.075504934719
0.0767253280654
0.0821625685861
0.0779879771016
0.0870186133298
0.0811097048311
0.0739516464331
0.106514611787
0.100278889343
0.108292910722
0.109733172484
0.10861449611
0.121451321655
0.119002099982
0.128864467399
0.119186332741
0.104280401024
0.126975482699
0.135487539446
0.126255958839
0.121539020735
0.125482773696
0.119323116278
0.108556834879
0.110909592223
0.0982472797746
0.128768358366
0.0
0.0934163164453
0.0996033090024
0.110424946352
0.112565902607
0.122277673749
0.123465680115
0.130133262045
0.126947770242
0.136399142196
0.12859854017
0.108317756746
0.0
0.0911333385686
0.0763542983883
0.0946477194467
0.0928900884388
0.105332992416
0.0781996366284
0.0671816886088
0.066488106402
0.069558239371
0.0670362521568
0.0611367311832
0.069120324891
0.0705384298054
0.0727280324038
0.0687258575923
0.0667177529359
0.0730742975454
0.0747989703131
0.0782689241046
0.0704596499586
0.0591466362006
0.0708658805465
0.0707395047135
0.0733646640484
0.0826271648968
0.0888555395885
0.0892876146792
0.083687937984
0.0777967487912
0.0878086076644
0.0956205837528
0.0927965480949
0.106686914183
0.100126202694
0.098786584561
0.119803874504
0.0648338892619
0.0662537776445
0.0577248061223
0.0672292588624
0.0552828669687
0.0685237857232
0.073580672704
0.0791197773809
0.0740497564385
0.0624899628139
0.0822732991574
0.0792953376188
0.0796288375923
0.0695525013599
0.0759886917541
0.0870451697115
0.0863473672336
0.0886253199365
0.076824973205
0.0937959079374
0.0893198234201
0.104419870971
0.0927421584261
0.101800188323
0.10489862159
0.10968394907
0.106067629512
0.104656806202
0.10969454959
0.0976798947085
0.0933438995843
0.116847194595
0.123581237124
0.114991658668
0.104807132678
0.0
0.0754607957488
0.0797158912639
0.0735675307756
0.0657391968136
0.0664793220371
0.0757836977162
0.0805375142957
0.0907709825243
0.0792182025934
0.0613388809545
0.0562818058839
0.0
0.0
0.0658160205514
0.0784512890823
0.0836520197234
0.0806187697716
0.0922714011649
0.105629801588
0.0955425151192
0.0941241826069
0.103654473364
0.097693110131
0.0913903030007
0.0868223874618
0.0752328464172
0.0770246542417
0.0881846103501
0.102720065365
0.101215839931
0.0959995570286
0.091602140501
0.105540852071
0.100325835318
0.109045616313
0.106053246778
0.10394380252
0.10694719459
0.111066586261
0.117295281941
0.116936355639
0.121284821053
0.115580848873
0.102827723116
0.0
0.120998272919
0.120747889873
0.0
0.0485347537068
0.0486153434311
0.042349413761
0.0377964149351
0.0484085976646
0.0416247004688
0.0409946629488
0.0505183070531
0.0616696922629
0.0273205548538
0.0348374667701
0.0334811305962
0.0480340615475
0.0323278603824
0.0218601940511
0.0221034674192
0.0141650795434
0.0218970899411
0.0312286109705
0.0251969753514
0.0335623313454
0.0259372945146
0.0272788482118
0.0316108621237
0.0197807261383
0.0209705034884
0.0344844978007
0.031092371934
0.0294328366461
0.0294113373752
0.0395525928294
0.0390715498812
0.0358628977773
0.0416457737961
0.0436623270321
0.041825205838
0.0397557280521
0.0413797728051
0.0469702291902
0.0433638396785
0.0516931450665
0.0501774566681
0.0516747206256
0.0508194237462
0.0512722866386
0.0610563195721
0.061053693545
0.0640791131655
0.0713991794511
0.0786113953975
0.0813736423458
0.0873080344666
0.0862705607209
0.0884593958742
0.089071755819
0.0879175304884
0.105391819586
0.0930797213404
0.0873416863335
0.0
0.0432128609719
0.01577436288
0.0
0.0384987773338
0.0368324240812
0.0529819327175
0.0452361082154
0.0134272587441
0.0205577061953
0.0260483860361
0.0203887127215
0.0267747196384
0.0109327901425
0.017007529007
0.0111891806002
0.0169010405879
0.0214230569932
0.0251030423654
0.0355212943357
0.0388039753872
0.0370849447718
0.036847867231
0.0389426660926
0.0384343306996
0.0497721825804
0.04477487421
0.0534513260019
0.055824308675
0.0507656106473
0.0552731661507
0.0537354867667
0.065559087137
0.061674126181
0.0637371369795
0.059246041709
0.0556827022105
0.0606523922625
0.0745785371837
0.0723694747828
0.0636981000071
0.0589913827299
0.0635713991839
0.0612250356421
0.0587284581439
0.0535060433919
0.0567359072712
0.0617897146566
0.0542631083583
0.048836319945
0.0461256419357
0.056425117291
0.0498602966506
0.0547333519208
0.0510830290437
0.0500764168157
0.0310928176202
0.0514527323966
0.0481908439741
0.0493194212112
0.0496841520166
0.0486589281653
0.0483406730759
0.0465512693416
0.0449643009279
0.0415968890332
0.0433713900445
0.044168043312
0.0485661403426
0.0342316462509
0.0354440693773
0.0428286473398
0.0391901025481
0.02890817116
0.0389916336994
0.0354258711314
0.0360810744896
0.0325546333144
0.0282577156167
0.0324540549183
0.0261257973022
0.0304651404705
0.0230315863841
0.0280329692281
0.0380769458348
0.0191710839987
0.0259895624484
0.0371464180776
0.0339867273563
0.0306931774622
0.0324897472946
0.0368792889742
0.030582495782
0.0296709535099
0.0399202234456
0.0484567671205
0.0
0.0958923093922
0.0601572146698
0.0725961359512
0.0794885293513
0.0771763113231
0.0747011683224
0.0719254550238
0.080107643194
0.0871196310317
0.0838895692604
0.0715421123987
0.0
0.0193926045975
0.0232297418555
0.0253148899724
0.0308619165944
0.0306967067352
0.0381685466235
0.033600956959
0.0418815720518
0.0335257213604
0.0373199359076
0.0328050891434
0.0353463693966
0.0344762025019
0.0384513558372
0.0378015242079
0.0451879650691
0.0394735378509
0.0491896595837
0.0387488172773
0.0383838915661
0.0418617330673
0.0461336945206
0.0434885928831
0.0
0.0558753095086
0.0535373618436
0.0444304925909
0.0295147178595
0.018997920607
0.0303514705147
0.0468762266749
0.0493495181831
0.0553369107656
0.0528143307895
0.0416693359684
0.0430558559931
0.0509806010899
0.0591833552919
0.0549574401941
0.0640476168685
0.0578131495302
0.0584247994864
0.0619916155695
0.052413707438
0.0595256474675
0.0600022355766
0.0664329543193
0.0
0.0923325579674
0.0914292653964
0.0851852742097
0.0831889479148
0.0844025270124
0.0853513078539
0.0731384132708
0.0710917604876
0.0694554009899
0.0595804368504
0.0499885715936
0.0609813880694
0.0504869018787
0.0559487516868
0.0446969235785
0.0647423137579
0.0459379473237
0.0438709709707
0.0428245122385
0.0478107922044
0.0399090296028
0.0425419383988
0.0396566117171
0.0
0.0844421731575
0.0768314788594
0.0669590030859
0.0580962664565
0.0564246549933
0.0427435124722
0.0442288364318
0.0353375309699
0.0355995526919
0.0335004814849
0.048571147629
0.0
0.0
0.0373883483038
0.0313635070614
0.0428359408548
0.0376176698692
0.0341354352294
0.0487725518198
0.0477591339134
0.0276839681638
0.0410479390909
0.0379229689153
0.0211306805979
0.0204834829436
0.0226825861886
0.0257434211512
0.0311759532694
0.0236881283
0.0335148145136
0.0337646647673
0.0321300487238
0.0300876907202
0.0337446066626
0.0328550518789
0.0
0.00211775031909
0.0289118023198
0.0245486882009
0.00871877042742
0.0183053431626
0.0278746007092
0.0303970945359
0.0271129438337
0.0251934206346
0.025228907701
0.0388092948152
0.0671611929752
0.0337302231854
0.0335678705418
0.0434335125662
0.0546230889083
0.0451444242821
0.0285069765102
0.0422495297297
0.0514143411125
0.0431589737547
0.0559658447662
0.0538354238237
0.0
0.0638114454122
0.0662696417472
0.0380306442438
0.0525230118067
0.0569560485454
0.0624131201353
0.0514643533081
0.0548964789696
0.0563095301894
0.0391512838766
0.0372749136761
0.0426854107288
0.0401544848921
0.0598960433242
0.0555277377361
0.0609288487074
0.0524901990259
0.0513064995916
0.0511362943871
0.0509329009462
0.04533025985
0.0506945154792
0.0546778767658
0.0790204808264
0.0386660705229
0.0252729421943
0.0416072369947
0.046531088571
0.0422979457557
0.0517935059848
0.050526496223
0.0582080877625
0.0587743164378
0.0459935744155
0.0
0.0
0.0633826607209
0.0630549616374
0.0541522341899
0.0418408839486
0.0481669390783
0.0323772923138
0.0324043150179
0.0496041228271
0.0376652205375
0.0430875783025
0.0471584493095
0.0
0.0
0.0870699473355
0.072019434079
0.0684249378917
0.0754503534588
0.054684092752
0.0623587147961
0.0686477809194
0.0459761086108
0.0641670022723
0.0523922336729
0.0346275487875
0.0409090938112
0.0116522054975
0.0472657297592
0.0394707686997
0.0478859516624
0.0380066336191
0.0311482632052
0.0339475849626
0.0402895751713
0.0308732171647
0.0426833208214
0.0464873594856
0.0346922260837
0.0217973006666
0.0406597040268
0.0381308949247
0.0383580955396
0.0381171748462
0.0410111846795
0.037125177826
0.0237124976522
0.0592983285268
0.0468589034367
0.0428096080127
0.0365571136692
0.0336762276696
0.0429259638535
0.0431111769027
0.0339814437443
0.0243749356096
0.0412496262446
0.0323443895793
0.0410001158689
0.0468277551882
0.0441345774885
0.0
0.042168025237
0.0252136706017
0.0301515420578
0.0366913259309
0.0390092311649
0.0340612563107
0.037725095889
0.0444202110856
0.0290418421634
0.0195756038907
0.0298627402804
0.0
0.0472777810567
0.0379086329697
0.0348358309177
0.0304253309753
0.0268248778264
0.0360071701684
0.0165689763034
0.0297285007901
0.0241214921377
0.0353657430484
0.0389840011878
0.0
0.0747256679176
0.0695343855266
0.0649171474617
0.0530727599719
0.0479395964226
0.0431881694463
0.0427672385469
0.0490153728839
0.0515096388356
0.0386004104104
0.0428600899485
0.0416431140971
0.0466426401112
0.0466242415417
0.0512311636727
0.0546816521675
0.0493045077738
0.0539108834769
0.0400864253049
0.049653390066
0.0512319269337
0.0
0.0
0.0
0.0
0.0596408753907
0.047324195329
0.0457707991709
0.0418516429715
0.0387828627259
0.0464425334442
0.0333504469464
0.0534331014504
0.0564942101686
0.0384518986016
0.0583883735255
0.0404130828562
0.0459826039
0.0436031785435
0.0409484744672
0.0520482625501
0.041787862271
0.0293575910601
0.0447871323326
0.023070095667
0.0550523597019
0.0409602474829
0.0359159827686
0.041768906186
0.0405941996262
0.0468780022034
0.0452104137107
0.0495584870598
0.0546201585106
0.0555093883744
0.0455719189648
0.0430953254428
0.0362802801878
0.0401911841618
0.0650318940145
0.0283439917731
0.0240042492646
0.032057493777
0.0257336561642
0.0245657645872
0.0260610323976
0.0286124661514
0.0328227162559
0.0371919602221
0.0285290074912
0.0323691105515
0.0479544425372
0.0112205342269
0.0242413133857
0.0259935752538
0.0287986619278
0.0237414180158
0.0182430606419
0.0183892295201
0.0250897300997
0.0319060486341
0.0316420699786
0.0175296668018
0.0453088238053
0.0311729900007
0.0429535343779
0.031053150689
0.0287436941567
0.0290804464267
0.0293794533772
0.0369889936446
0.0496503221838
0.0399486705899
0.0470791039132
0.0506633251221
0.0529838042871
0.0432635058467
0.044947346871
0.0397358588971
0.0309460962983
0.0346217635167
0.0440642322556
0.0530758096644
0.046051283096
0.0560075990526
0.0522259873677
0.0571955746966
0.0805416706225
0.043233730101
0.0482786265485
0.0507403867979
0.0546089074236
0.0587616553539
0.0594602558453
0.0579682711154
0.063300604093
0.0521554894035
0.0617134382769
0.0
0.0
0.0566394380028
0.0560681238526
0.0418397575535
0.0499000149834
0.0597506252069
0.063955107681
0.0589474073572
0.0733894234389
0.0636111545923
0.066452229659
0.0684097984665
0.0719457227919
0.0537379209795
0.0318279877685
0.0310434164634
0.0499842246756
0.0559584335968
0.0576047662681
0.0530299387111
0.0395692504543
0.0465993722042
0.0459636969835
0.0467835842059
0.0606292971656
0.0421322281945
0.00862952563878
0.0361094716901
0.0339073214047
0.0326666104372
0.0245466203512
0.0282471541881
0.0312455113596
0.0380122283868
0.0308079309625
0.0275373090865
0.0
0.015879208899
0.0233104011098
0.00314150153252
0.0228993901382
0.00168665597479
0.0176033084932
0.0213600106495
0.00830136223002
0.0132956012354
0.0106362624925
0.0219168262432
0.0
0.0485610675922
0.0352838394366
0.0321322705544
0.0258984480572
0.0198384579299
0.0204168738219
0.0209918017334
0.00710596064016
0.0231213221668
0.0225046228014
0.0285289913046
0.0
0.0389993394829
0.0353216783412
0.0315209482886
0.0356557417059
0.0316302657027
0.0186202379374
0.00399396235619
0.026214064556
0.0313437745461
0.0388093528538
0.0284684566821
0.0282128939615
0.0329434706448
0.0385264746326
0.0372579066822
0.0245704561928
0.038050087934
0.0430434711125
0.0404214374824
0.0273224817256
0.0400218570482
0.0387041367237
0.0484036610696
0.0
0.0342322845553
0.0205806997891
0.0407061656672
0.036354969972
0.0410599415837
0.0415837143026
0.0443416001604
0.0497385499301
0.0478830269026
0.0576421601057
0.0339561199388
0.0
0.051905649358
0.0482563087228
0.0403776558648
0.0284159831383
0.0379847916766
0.0496280469922
0.0216694602651
0.0385817675267
0.0420416462323
0.0386774750005
0.033916118899
0.0477521160207
0.0501789319609
0.0374992514306
0.0329110570954
0.0360368014523
0.0353549336192
0.0374072706069
0.040326263508
0.0362086631479
0.0404899967504
0.0332513228041
0.0279883739212
0.0
0.0256546521273
0.0345350586698
0.0120515704333
0.0238798417783
0.0292070426119
0.029605755541
0.0264443021686
0.0359223863027
0.0267210684135
0.0309558258397
0.0309105900912
0.0612470833218
0.0294289954806
0.00897279633753
0.00792462215573
0.0325070247659
0.0335237977042
0.0286250856849
0.0250805703791
0.0185064904306
0.0435689936706
0.0421999071038
0.0251058572195
0.0589744514212
0.0266535747171
0.028818889046
0.0300398669222
0.0227108326226
0.025115959127
0.0272123082396
0.0280694382377
0.0224928010066
0.0217590852277
0.0261373329079
0.0235408533504
0.048194374953
0.0248798789697
0.0333021592964
0.0255974533807
0.0364967319289
0.0205985606611
0.0243771124205
0.0244608005157
0.0197430254975
0.0199291021996
0.0352234750102
0.0
0.0
0.0214860100326
0.0224799213656
0.023094456129
0.00765449493546
0.0296772533628
0.0273649256381
0.0280093829823
0.039226299954
0.0382564977998
0.0369882485323
0.0386208776016
0.0569404588834
0.0339241233939
0.00881633839421
0.0277594820132
0.0345520965876
0.0345442160294
0.0351371427408
0.0433881617114
0.0410173598091
0.0368708830136
0.018297045173
0.0341122394301
0.0
0.0728743721184
0.0485895731326
0.0451038551232
0.0415729678573
0.0382243375113
0.0258771950294
0.0214729817986
0.0
0.0251540754636
0.0157913443363
0.000243160649442
0.0210680234223
0.0138874633269
0.0185967672805
0.0282129216254
0.0252688431072
0.027082368152
0.0240847087418
0.0250832975936
0.0255772769741
0.0243975656529
0.0283846332462
0.0265905922079
0.0
0.0423405088397
0.0424898864051
0.034545570025
0.0177168207108
0.0345396118893
0.035364099136
0.0184310830809
0.0413909173844
0.0381598783871
0.0326791254306
0.0370749457542
0.021230901681
0.0196514814731
0.032271249596
0.0351328885568
0.042279443785
0.0433398071518
0.0403775779268
0.0300562724345
0.0344680256395
0.0322214189508
0.0327737892049
0.0281495156274
0.0
0.0316009990291
0.0386700643031
0.0282587543383
0.0313191148534
0.029878739212
0.0334860810449
0.0339389061159
0.0333545106871
0.0272555204036
0.0
0.0
0.0
0.0341528436025
0.0238979835249
0.03507418416
0.0115006510119
0.0281056095852
0.0261662476471
0.0315067366331
0.0225261243581
0.0329180340284
0.025900906101
0.0301155623587
0.0607238972536
0.0308111913532
0.0337862602713
0.0290245043052
0.0236640622066
0.0248031654504
0.0171596920515
0.0266023503083
0.0231325444319
0.0
0.0
0.0
0.0
0.0136234896134
0.00764328612707
0.0102271121368
0.0164942949629
0.0103266693642
0.00340281677101
-0.00767909109316
0.00548080792426
0.0
0.0
0.0
0.0
0.0402994337
0.00320718611656
-0.0054164853457
-0.00883025902693
-0.00327308883247
-0.00585357855549
0.00910723247484
0.00951165840342
0.00543213723475
0.00196621946255
0.00844125263388
0.0
0.00166667305026
0.00593955524816
0.0202586716243
0.0145310593764
0.00750847622675
0.0148056522532
0.00395734651324
0.023187027081
0.0210641843245
0.0225161357865
0.0253044159791
0.0329294070831
-0.00513998961902
0.0263883870828
0.0372711317359
0.026642852349
0.0357019349927
0.0187193126993
0.0297835921646
0.02530054483
0.0298416249496
0.0267425833681
0.0200871157699
0.0
0.033177849242
0.0360521869965
0.0310407975211
0.0262436284391
0.01044004629
0.0239356551116
0.024627198645
0.0273483403198
0.0360546084294
0.0329898085206
0.0313559756576
0.0474509236613
0.030728105561
0.031205770417
0.0296948258347
0.0270881941871
0.0292022210704
0.0272201899226
0.0164554032038
0.0326537239981
0.0366129373924
0.0154127204295
0.0372723870155
0.0
0.0373715992915
0.0284318666388
0.00785678800744
0.0214608174634
0.0341906115487
0.0347171070579
0.0317760762457
0.0203288256921
0.0280671421411
0.0209568541242
0.0238975423589
0.0
0.0182787373385
0.023705233389
0.00491529129574
0.0150086885657
0.0205979152506
0.0202160026566
0.00914905542545
0.00247070055195
0.009199746218
0.00234104337463
3.70533657457e-05
0.0
0.00301940130389
-0.0160893120232
0.00802092592787
0.00796804289498
-0.00467064311625
-0.00328965026349
0.000355419661061
-0.00413152534981
-0.00219928727483
0.0
0.0
0.0
0.030891848906
0.0158625813913
0.00418574014897
0.00424963570332
-0.0136064809436
-0.00496244466367
-0.0101895216287
-0.0151995400288
0.00017942719954
0.00171844318001
0.000844996463286
0.0347922699663
0.0172879009904
-0.00468363043624
0.000858696477715
0.00431420741966
-0.000489832991341
-0.00589471310524
-0.0396011656864
-0.00183302217282
-0.0045231155502
-0.00299140031228
0.000807902126658
-0.0077652739525
-0.0166007994875
-0.0110401787584
-0.000435046472152
0.00139260647862
-0.00122609675622
0.00282176694229
0.00594241063112
0.000295069768906
0.0054467874911
0.00309326726173
0.00664537036199
0.0
0.0157239135704
0.0152049915234
0.0143029415529
-0.000446070613202
0.0165428331894
0.000997258532104
0.014067788386
0.0113810176651
0.0104483821394
0.019163832107
0.0187271043798
0.0
0.0355794775361
0.02674209264
0.0190219617017
0.0248525022033
0.00309794800483
0.026958432331
0.0172876132265
0.0150562442654
0.0169218563001
0.0148361097525
0.014764148055
0.0430481546071
0.0219101352116
0.00835916036085
-0.00429144163261
0.00588953159902
0.00455936707681
3.60749152706e-06
0.00530570179915
-0.00411159611733
-0.00168040780787
-0.00739429298111
-0.0109199220741
0.0213450777423
-0.0173517047812
-0.0141403640924
-0.00663202251751
-0.0112418317617
-0.0120811250979
-0.00844530870152
-0.00404805769754
-0.0258699500679
-0.0123614744243
-0.0112190063519
-0.00712561928199
0.0
0.00208703369718
-0.0114678769408
-0.0113804822164
-0.00059610933103
-0.00825247831072
-0.0134739560209
-0.013070718569
-0.0208842038035
-0.00112134585156
0.0
0.0
0.0
0.0138968883872
0.0140233862214
0.00755910984327
0.00470756867093
0.00564694779019
-0.0166378831353
-0.009410113863
-0.00128651272119
0.00177501411124
-0.00601545639631
-0.00611294604612
0.0
0.0163738897722
0.0227725714322
0.0187938458595
0.017862528594
0.0138338050061
0.00964410618786
0.000325408451496
-0.00503763253142
-0.00167032703276
-0.00995104855425
-0.0179457779122
-0.00621145607987
-0.0141297226447
-0.0126149210541
-0.0128242598685
-0.0106555956746
-0.0173149658297
-0.015180191473
-0.00791091335356
-0.0130986656366
-0.0100741746125
-0.0125401837579
-0.0195777801711
0.0
-0.00510760953428
-0.00684825255414
-0.015972888633
-0.00586326063827
0.0010468757569
-0.00576890935833
-0.00768843965386
-0.00748615449483
-0.0182343589365
-0.00507400141333
-0.0181704343213
0.0156545782807
-0.00660107431236
-0.0156185112458
-0.00679746467758
-0.00833399798069
-0.00926876401504
-0.0110317835976
-0.0165071864041
-0.000349637070234
-0.0273686831235
-0.0273688931442
-0.0236020524685
0.0113291624446
0.0012177280483
-0.0246994164465
-0.00829181025423
-0.0159198595354
-0.0136232750942
-0.01639998599
-0.0271563722309
-0.0176109314898
-0.0200597508359
-0.0179789553387
-0.0206542576785
0.0
0.00953258855081
0.0124187189906
0.00516248939169
-0.00756864140035
-0.000379375473973
-0.00842590264549
-0.00770335405009
-0.00656316128802
-0.00492513089687
-0.00816638099612
-0.0155430734025
0.0260966333322
0.00261018085566
0.012391808961
-0.0177445656731
-0.00567687888057
-0.0051913294004
0.000431505765886
-0.0106409188253
0.0102297008507
-0.0122948820128
-0.0214559045276
-0.0256182923482
0.0
0.0199964756546
-0.000696669873635
0.0116936710527
0.0034836253239
-0.0087318887873
0.00365463302275
0.00123847505269
-0.00482856095734
-0.00629193737122
-0.0106772726041
-0.0167476734717
0.00543856828018
-0.000550169335443
-0.0181288390426
-0.000901616564279
-0.00153571371028
-0.0101008950975
-0.0058264819796
-0.00421159698425
-0.0020166883168
-0.00798478424863
-0.00319351784956
-0.014163512024
0.0
0.00769083585126
0.01561393734
0.00435736917594
0.00831862763047
0.0113848127293
-0.00257798354232
0.000823679569755
-0.00520548457544
-0.000993480019429
-0.00633235140394
-0.00632523418999
0.0185064991771
0.00236979831944
0.00333540603129
0.00060948905761
0.00765561412778
-0.0199236234833
-0.0217014724799
-0.0151317054253
-0.00658318443754
-0.0126865303963
-0.0180663810484
-0.0210832060414
-0.00682696886833
-0.0210113662869
-0.0127943838355
-0.0139143775411
-0.0212943878661
-0.0150727067982
-0.0171778700915
-0.0118698889712
-0.0241228234758
-0.0322290576613
-0.0308021989107
-0.0273345291793
0.0105277252409
-0.0101683704272
-0.0368018565938
-0.00682339156666
-0.0100574392455
-0.00345363028774
-0.0231507438017
-0.0182146661837
-0.0110790129131
-0.0171877466146
-0.0206686745771
-0.0197649297647
0.0165560863143
-0.0104761290318
-0.00246338914776
-0.00625251605085
-0.00466212368509
-0.00873040670776
-0.013570122152
-0.0193392900228
-0.0160006705746
-0.00839148244531
-0.0146651815512
-0.0158284851622
0.0
-0.00877280869373
-0.0147062533621
-0.0140227131253
0.00126373502394
-0.01567830008
-0.0138598838086
-0.0136628967865
-0.0161533797782
-0.0259906017793
0.0
0.0
0.0
-0.0135121990771
-0.00530532934779
-0.0023199727442
-0.00477684102357
-3.60749152728e-06
-0.00634450092832
-0.00306120174753
-0.00116277600191
-0.00835808986591
-0.00582924780398
-0.00928039416723
0.0
-0.00947103235139
-0.0147894256291
-0.0278090096251
-0.0155863409356
-0.0256399527388
-0.0328480038358
-0.00938298465701
-0.0170683572604
-0.00839990787004
-0.0210352281994
-0.024909858321
-0.0115959110772
-0.0301036239955
-0.0389934779473
-0.0185823878724
-0.0289412003105
-0.0279222585829
-0.0291471087822
-0.028346514522
-0.0444961454105
-0.0295851921312
-0.0344427770755
-0.0403367884294
-0.0110383373463
-0.0317636015463
-0.0313870385345
-0.0334622393894
-0.0378405825565
-0.0313490929852
-0.0407051668629
-0.0446266349077
-0.0362221405913
-0.0317167434083
-0.036235694413
-0.0454222999794
-0.0219597916082
-0.0278771133045
-0.0227241444546
-0.0342828975593
-0.0426649470808
-0.0292250722366
-0.0230641944787
-0.0420550134658
-0.0146505081262
-0.0172971861623
-0.0286847866829
-0.024719575049
0.00409198925268
-0.0170136418504
-0.00556527535545
-0.0437501264075
-0.00933119045801
-0.011891513273
-0.0371807324302
-0.0132276519845
-0.0132443902743
-0.0188433892784
0.00766618642798
-0.0310902463805
-0.0204163388484
-0.0210543407885
-0.0251904832181
-0.0242769836816
-0.0342200399046
-0.0306425817245
-0.0252635997625
-0.0273449067557
-0.0310380088913
-0.0253920830198
-0.0222951349284
-0.0349412981179
0.0
0.000934970389864
-0.00248705753296
-0.00526853370664
-0.00848388793274
-0.00501251065539
-0.00750643503293
-0.0276474506427
-0.0101014462041
-0.0107319940209
-0.0080487520524
-0.0216888257435
0.0
0.0171206449395
0.0048458865257
-0.00646916437561
0.0106907435097
0.00366101279565
-0.000856681302041
-0.0029523640881
-0.00633271447943
-0.0233886810952
-0.0161956026745
-0.00944487661253
-0.00776635508574
-0.0191103869197
-0.00696997507745
-0.0169198407869
-0.023204650664
-0.0174684878155
-0.0222039739269
-0.0309025700733
-0.0331405037098
-0.0250768058496
-0.0312799705097
-0.0458017586227
-0.0216494826851
-0.0302186333193
-0.0263624451285
-0.0322209377235
-0.034165434279
-0.0343155585019
-0.0448370176332
-0.0425396386759
-0.0410741962684
-0.0408841233544
-0.0349725299184
-0.0461378311383
-0.00898054820749
-0.0636426326726
-0.0368810351542
-0.0359035611256
-0.0425681074017
-0.0392762060971
-0.0390518970542
-0.0430090056225
-0.0400189799127
-0.0419406459269
-0.030896001927
-0.0416654909623
-0.0179981818615
-0.0265491383809
-0.0409065600935
-0.0395264485686
-0.0432096119276
-0.0440141458754
-0.0449137274735
-0.0680204317303
-0.0373372655508
-0.0346096072072
-0.0328189933816
-0.0327117772055
-0.0409455772185
-0.0285132956336
-0.0325005765599
-0.0296167057491
-0.0288350444713
-0.0418241343578
-0.032996896
-0.0311035980432
-0.0323432831401
-0.0318688735619
-0.029218144334
-0.0170972258017
0.0
-0.0332918898299
-0.0335040690261
-0.0261739652546
-0.0220085193065
-0.017300137792
-0.0170306945445
-0.0237552214794
0.00548556802542
-0.0143411074474
-0.0159430179288
-0.0150356626974
0.0
-0.000274276232022
-0.0152795648406
-0.014829792153
-0.022971180517
-0.0218224048356
-0.0112382523674
-0.0107135689895
-0.00305342602592
-0.018965895351
-0.00648310308229
-0.0138494447038
0.0
0.00576764587709
-0.0161481797561
-0.0163065468104
-0.0164381769603
-0.0158212410419
-0.0265267721333
-0.0148142603343
-0.019012380126
-0.0235515129526
-0.0282514396361
-0.0287969040498
-0.0193897550984
-0.0203332363598
-0.0200624205352
-0.0130510258816
-0.0401583826368
-0.0184355421639
-0.0110804182305
-0.0131424857537
-0.0316380861413
-0.0292426457757
-0.0380622632991
-0.0321281177405
-0.0190235509334
-0.0307438999972
-0.0229968353682
-0.033165437534
-0.0260722274484
-0.0282796504471
-0.0408806734506
-0.0128853095596
-0.0204140468327
-0.0334991856872
-0.0276621131959
-0.0268586925254
-0.0383332229623
-0.0291612126108
-0.0225890961598
-0.0480552706365
-0.0336400269539
-0.0392394937122
-0.0387691899372
-0.0389423368087
-0.0381603368405
-0.0378797355005
-0.0375287506439
-0.0450824533424
0.0
-0.0419785523781
-0.0329339537954
-0.0474676899832
-0.041273475864
-0.0215343544009
-0.038388515179
-0.0314065632643
-0.0385112370772
-0.0418823896018
-0.0497891149241
-0.0493623664168
-0.0344952710558
-0.0492448140323
-0.0450758237398
-0.0374198532654
-0.0479799253984
-0.0456440740842
-0.0474449078405
-0.0486106514762
-0.0454572333186
-0.0463899525488
-0.0429979975076
-0.0379899874261
-0.0295337283115
-0.0266425385814
-0.0469769837798
-0.0507690006439
-0.0467802649404
-0.047766333749
-0.0444232225851
-0.0480668808081
-0.0478372392614
-0.0401802657726
-0.0421792246672
-0.043447965531
0.0
-0.0477992172003
-0.0469721323278
-0.0476344276014
-0.0496536354506
-0.0493452902379
-0.0463467033803
-0.0459651986753
-0.0560284533776
-0.0426877011548
-0.0568027237363
-0.0716291871932
0.0
-0.050159372085
-0.0368739448023
-0.0533480885822
-0.0432868493995
-0.0418429969703
-0.0483707213938
-0.042885486095
-0.0607823152569
-0.0583829512591
-0.0418230222894
-0.0455493037767
-0.0160978722158
-0.0403278222402
-0.0366528161175
-0.0358952960612
-0.0383437288164
-0.0347688944369
-0.0387743548496
-0.0298667022895
-0.0320699146584
-0.0334679075701
-0.028846831319
-0.0280307471601
0.0
-0.0184094658171
-0.0164200135054
-0.0179854544022
-0.0173170143979
-0.0184388838749
-0.0280499077395
-0.0357239210281
-0.0271001138576
-0.0265742924653
-0.0247597545804
-0.027213617333
0.00607463620767
-0.0114373394582
-0.02097533327
-0.0224111107549
-0.0244901971714
-0.0394511286562
-0.0351356808366
-0.0366571146681
-0.0369710914618
-0.0329572551402
-0.0341044720172
-0.0272277518875
0.0111557138573
-0.0255778661876
-0.0294172815428
-0.0266998802839
-0.0293394003783
-0.0275106242521
-0.037416770091
-0.0397558377796
-0.0453012346526
-0.0430256449566
-0.0465168708107
-0.0437753546086
-0.0294523237913
-0.0349822883065
-0.0350595817009
-0.0415026427718
-0.038760086119
-0.045146602776
-0.0480138698517
-0.0508302678519
-0.0521766184407
-0.0457290248061
-0.0530922849337
-0.0466774271965
-0.0267909025098
-0.0633928292838
-0.0599867332725
-0.0629224010035
-0.0639638772399
-0.0624392822884
-0.0595378720394
-0.0624946989819
-0.0649697182715
-0.0556600618317
-0.0591356767864
-0.063537494464
0.0
-0.0765560731475
-0.0823623597838
-0.0786230209406
-0.0792853312391
-0.0733319986222
-0.0759484488718
-0.0753262457419
-0.0722105096036
-0.0666702253043
-0.0707947084074
-0.0677414697167
0.0
-0.0790872859994
-0.0865903732737
-0.0817484500305
-0.0779907874523
-0.083724264047
-0.0813944497899
-0.0694814877501
-0.0808427346331
-0.0641496776175
-0.0638415175321
-0.0689433690346
-0.0598868171295
-0.0605646870934
-0.0603237390295
-0.0511705427759
-0.0535030642289
-0.0518036787737
-0.0513406195334
-0.0492411456466
-0.0490674112049
-0.0496619251871
-0.0479042354235
-0.0494935834077
0.0
-0.0669665937175
-0.0421793627776
-0.0489543624717
-0.0444025650849
-0.0475838876711
-0.0455342914608
-0.0263430052246
-0.0490500020969
-0.0344259807902
-0.0297031164581
-0.0268321380387
-0.0253912794052
-0.0276350845271
-0.0349075591757
-0.0251999423196
-0.0297376974553
-0.0306181456778
-0.0334361670136
-0.0254553078288
-0.0247169213454
-0.0292272744173
-0.0240168460705
-0.0249507959467
0.0
-0.0201668196909
-0.0275590833869
-0.0236604013771
-0.0280688235771
-0.0284018396158
-0.0307481735109
-0.0342564798505
0.0
-0.032347902088
-0.0383508889507
-0.0328056249529
0.0
-0.0390691796677
-0.0394293118129
-0.0396920768004
-0.0479778879163
-0.0486145490285
-0.0469689663607
-0.0499945041043
-0.0561395314826
-0.0580987175379
-0.0594639375528
-0.059664968492
-0.0430909208645
-0.0667992346278
-0.0600968834049
-0.062225754994
-0.0577945883314
-0.0610047416957
-0.0719896328665
-0.0686263106364
-0.0622828965727
-0.0673595770852
-0.0678550985569
-0.0706176336746
0.0
-0.0712033428927
-0.0819086250282
-0.0826137655448
-0.0867288726762
-0.0720496791869
-0.0779755692576
-0.0710614940798
-0.0679960253932
-0.0770680414014
-0.0762279656758
-0.0668311385524
0.0
-0.0373867913702
-0.0707093774073
-0.074393829338
-0.0627754642975
-0.0703907508403
-0.0681940783999
-0.0618866309704
-0.057329255803
-0.05778949213
-0.0671925186183
-0.0703556343411
-0.0557592442118
-0.0675264779082
-0.0658427025113
-0.0623478637045
-0.0548215093592
-0.0611174574265
-0.0535800932276
-0.059313217196
-0.0610450903719
-0.0673404093479
-0.0649943712929
-0.0696601595925
-0.0364829975719
-0.0628191821432
-0.0612968241249
-0.0523318289464
-0.0462332137153
-0.0514165951853
-0.057917738382
-0.0561798378101
-0.0548764351475
-0.0552760532266
-0.0471718699014
-0.0463253618661
0.0
-0.0614458234985
-0.060550276735
-0.0591044059286
-0.0505345847349
-0.0500146735466
-0.0540868730887
-0.0493138663384
-0.0418389373941
-0.0379372369485
-0.0469928069159
-0.0538917055423
0.0
-0.0495478374819
-0.0463346217848
-0.0430376126215
-0.0486868929233
-0.0470928861021
-0.0488852217787
-0.044300817029
-0.0451842504643
-0.0315973691225
-0.0252502642237
-0.032915253504
-0.0341800584598
-0.0443544693159
-0.0456269561566
-0.0500354566538
-0.0490009472012
-0.0428729682868
-0.0532460163893
-0.0491786884285
-0.0540106632695
-0.0520991702141
-0.0460846510864
-0.0463134247791
0.0
-0.0476411419043
-0.0484286765444
-0.0462022842001
-0.0466797413709
-0.0445168323804
-0.0450780066558
-0.0516723613339
-0.0523723246017
-0.0421124130284
-0.0491091570035
-0.0397460830543
-0.00725331277025
-0.0461066066763
-0.0502760173032
-0.0473383740207
-0.0454963519101
-0.0450786290398
-0.0480494161496
-0.0557700589991
-0.0450319957746
-0.0550600899903
-0.0551399754396
-0.0536292036051
0.0
0.0
-0.0478480555206
-0.0496005653725
-0.0629899023131
-0.0577214021609
-0.0787579538606
-0.0965249663027
-0.0860918897311
-0.0748092089293
-0.0903732066994
-0.099155332238
0.0
-0.0982172312744
-0.0964678511562
-0.0897206004209
-0.0950106207232
-0.0936396266066
-0.101435974781
-0.0772742044878
-0.0883796892118
-0.084037949838
-0.0829957763764
-0.0739670333838
-0.0843013462061
-0.0743932759982
-0.0720019522712
-0.0703747871681
-0.0750798532855
-0.0663379892255
-0.06571005841
-0.043764425512
-0.0700890851562
-0.0763440325195
-0.0754241933358
-0.0726118203878
-0.0416065914424
-0.0897946669654
-0.0819014498623
-0.0826961912281
-0.0924977509866
-0.0815596156513
-0.0781525359826
-0.0844479130072
-0.0851324647421
-0.0796635523951
-0.087418188523
-0.08300905184
-0.0444075939249
-0.0924279011564
-0.0918771665464
-0.0892469737638
-0.0748173905338
-0.0811193632771
-0.0817469552793
-0.0886436705603
-0.081424577258
-0.083199294512
-0.0793446306505
-0.0693196898619
0.0
0.0
-0.0741368831223
-0.0754190245669
-0.0717631628092
-0.0758429861864
-0.0663395359525
-0.0556617028514
-0.0684540203334
-0.0713616921613
-0.0606996926679
-0.0562570439671
-0.0613182051541
-0.103869286502
-0.0900301160525
-0.0774350689449
-0.0803430227429
-0.0754484023769
-0.0698797075344
-0.0687131758064
-0.0735367039264
-0.0493185283618
-0.0524559695997
-0.0554598989947
-0.0515477376271
-0.0537204995141
-0.04903960037
-0.0426557368477
-0.0524393741305
-0.0524847536586
-0.0492974980177
-0.0480705278947
-0.0382825345071
-0.035961452139
-0.0441023527997
-0.0393237554074
-0.0212259457449
-0.0568335995327
-0.0494663462644
-0.0515459301384
-0.05775789318
-0.0553525677102
-0.0568915044431
-0.0480860464887
-0.0454408007501
-0.042974618754
-0.0411557276884
