-0.00484282765666
-0.000443633678704
-0.000656990301148
0.00725175495004
0.0056377656223
0.0114381782872
0.017238590952
0.0134211818157
0.0124452493809
0.0159519086722
0.0123403040981
0.0138382220322
0.0136863699356
0.00946111801793
0.00983585111107
0.0102105842042
0.0106797028928
0.0043863401518
0.00255031325811
-0.00106903661397
-0.000536512291972
-0.000785709820942
-0.00470619323143
-0.00611645659259
-0.00873825117141
-0.00516323282493
-0.0150691019135
-0.012491741126
-0.0169894762462
-0.0232427291185
-0.0200772250165
-0.0315005193326
-0.0227298487029
-0.0281824042609
-0.0251641783851
-0.0241986016671
-0.0235632903237
-0.0153548868314
-0.0156873911664
-0.0118260945537
-0.0176271584715
-0.0127550782418
-0.00768203659693
0.00214984587595
0.0132488977047
0.0109330479666
0.0186086065274
0.020907611031
0.0283435100123
0.0251107273713
0.0218779447304
0.0212691126011
0.026417525367
0.024169166276
0.0195942691022
0.0235226546542
0.0186059887738
0.00549047665266
0.0101200231751
0.00363425186038
-0.00378245691502
-0.0125623425873
-0.0172944765991
-0.02165249197
-0.0233028455023
-0.0249346248485
-0.0297161693129
-0.031598433068
-0.0316657501286
-0.0335415473437
-0.0320214384235
-0.0255397050217
-0.0316697344568
-0.0232131439662
-0.0210373011919
-0.0146361460012
-0.0184444985842
-0.0179781529782
-0.0125283732502
-0.0089767686533
-0.0101724554562
-0.0044598355101
-0.0029120623665
0.00409916483407
0.0110437406915
0.0115266814149
0.0185281386347
0.0192020348943
0.0257328757631
0.0228247013896
0.0307694750613
0.0338393958979
0.033052077973
0.0320292773733
0.0310064767736
0.0248449113845
0.0183994046121
0.00669359175163
0.00187510511143
-0.0047624842656
-0.01113729125
-0.0199329907582
-0.0190742434919
-0.0241126037741
-0.0248346153854
-0.0318319855909
-0.0232741974635
-0.0309039100165
-0.0267674417933
-0.0255084457741
-0.0166870113778
-0.0150867648987
-0.0131814039948
-0.0123612769405
-0.0186340238463
-0.0128768389519
-0.0151995596495
-0.0120495136269
-0.00426498441464
-0.00615795392494
0.006035609802
0.00911957062141
0.0101725553787
0.0212720620103
0.0211668109962
0.0198386040783
0.0368205140654
0.0407300265967
0.0319424726687
0.0354988119197
0.0369295282407
0.0309603151473
0.028500938139
0.0265464267378
0.0184635238576
0.0173933455037
0.0163231671498
0.00191848260232
-0.00904311414365
-0.0141108136265
-0.0208376497774
-0.0247511822585
-0.0273543983981
-0.0335810578812
-0.031050742762
-0.0272813592363
-0.0269194029425
-0.0266070459905
-0.0264440111643
-0.0229004065964
-0.0201646468999
-0.0190139922854
-0.0115297171454
-0.0165685249099
-0.0164033679868
-0.0159520310567
-0.0147197749613
-0.0135935881519
-0.00966646051817
-0.00458935372324
-0.00582328969717
0.00154060208069
0.00201029083691
0.00549394145206
0.013271739978
0.0253542681315
0.0308285233003
0.0314325952627
0.0361301310905
0.0315274436755
0.0273219062469
0.024819488771
0.0174086970133
0.00410553853655
-0.00251940979125
-0.00921650075836
-0.0101030490491
-0.0131456012861
-0.0188971246028
-0.0273750497656
-0.0303094027718
-0.0287402474755
-0.0295657702332
-0.0204897635613
-0.0238112981494
-0.0299938891211
-0.0227592194226
-0.0231042861924
-0.021958866567
-0.0208023253477
-0.0196457841284
-0.0184892429091
-0.0173327016897
-0.0161761604704
-0.0150196192511
-0.0138630780318
-0.0127065368125
-0.0115499955932
-0.0103934543739
-0.00923691315454
-0.00808037193523
-0.00692383071591
-0.0057672894966
-0.00461074827728
-0.00345420705797
-0.00229766583865
-0.00114112461934
1.54165999771e-05
0.00117195781929
0.00232849903861
0.00348504025792
0.00464158147724
0.00579812269655
-0.0064887017075
-0.0144600538844
-0.0185886958126
-0.0227173377409
-0.0268459796691
-0.0309746215974
-0.0317393130962
-0.0311441494752
-0.031066002197
-0.0317156824984
-0.0304428485162
-0.0317734014153
-0.0210923641576
-0.0175834937161
-0.0148259643769
-0.00996862861846
-0.0101601903761
-0.0111106709911
-0.00747002739589
-0.00682034191721
-0.00284544876348
-0.0010190116085
0.00360657971575
0.00675445877518
0.0112676783235
0.0184680087541
0.0154336296841
0.0223248952743
0.0273073915131
0.0334898796259
0.0297520871559
0.0341780202366
0.0344117316404
0.0302828020377
0.0286639456614
0.0230156276388
0.0131954613548
0.00766628899096
-0.00167498252466
-0.0116014368049
-0.0165866086501
-0.011993590635
-0.0245371730691
-0.0258908693258
-0.0300427726564
-0.0209269451835
-0.0231049189537
-0.0243602540844
-0.0300447451583
-0.0276366724447
-0.0188981593879
-0.017907859864
-0.0169868422397
-0.0141509809177
-0.0112903543778
-0.0121728483226
-0.00497099271386
-0.00449238499057
-0.00276785604684
0.00149277513884
0.00012942224481
0.00761651413368
0.0144253093443
0.0234819913654
0.0255179070112
0.0279009600516
0.0280374308813
0.0302338256656
0.0337348097216
0.0348552687476
0.0341390179951
0.030363426128
0.0244755170462
0.0185876079645
0.0144789418307
0.0129375814034
0.00739274610662
0.00184791080984
-0.0166930178361
-0.0170156484837
-0.0218885802801
-0.0223759636562
-0.0292627963036
-0.0352141503965
-0.0307757689959
-0.0232299341644
-0.0250092579349
-0.0204164646689
-0.0174787263451
-0.0169665219746
-0.0184151992259
-0.0156672795283
-0.0117804846302
-0.00958292289103
-0.00710324235271
-0.00594388096767
-0.00400864623988
-0.00328045044668
0.0013462580762
0.00368062972311
0.00965188728054
0.0136984817062
0.0191305596741
0.0240951335907
0.0224282984377
0.0259137180678
0.0313165240841
0.0334169326631
0.0365138102559
0.0313409935446
0.0322742606217
0.0271768042632
0.0143818617635
0.00762849647653
-0.00186755401302
-0.00493287515007
-0.0114053561502
-0.0153687816508
-0.0181354556481
-0.0186335165526
-0.0227193103233
-0.0263008912932
-0.0287673560299
-0.0271747902595
-0.0254836786561
-0.0253806132312
-0.0228397426605
-0.0217373199358
-0.0177959881328
-0.0159508566997
-0.0150806935506
-0.0167176706195
-0.0138246263262
-0.00660374221346
2.89829883922e-05
-0.00148483973092
0.0013499482431
0.00301188743586
0.00845922786978
0.0123284526518
0.0146524147115
0.0206858192885
0.0257903659095
0.0282152513999
0.0352800811928
0.0375186439955
0.0391915739668
0.0293648355404
0.0262435495937
0.0249348803901
0.0159629966517
0.0113551284944
-0.00169275682982
-0.00677752608646
-0.0123075434732
-0.0110395141417
-0.0192974621234
-0.0179788148098
-0.0228467676118
-0.0258215027667
-0.0290550698975
-0.0260630163865
-0.0276471241237
-0.020336453745
-0.0229312793484
-0.0218503482462
-0.0145571752787
-0.0149329425615
-0.0119618737523
-0.00899080494301
-0.00601973613376
-0.0100309766334
-0.00111772811668
0.00138368786296
0.00603486858446
0.0033109419152
0.0095487964176
0.016679251725
0.0192413290208
0.0238088076816
0.0295189541252
0.0334945189592
0.0374700837932
0.0414456486272
0.0356107915283
0.0311125934389
0.0268821333345
0.0273201558606
0.0234898225196
0.0121418580387
0.00736078342129
0.000944514274448
-0.00626696002415
-0.0144223072946
-0.0174310073361
-0.0208996276889
-0.0209841624131
-0.0249901789096
-0.028012139068
-0.0310590431341
-0.0208392436513
-0.0216068838862
-0.0178939947552
-0.021288251071
-0.0181926335175
-0.01285771925
-0.0101583098489
-0.00860247719852
-0.0136029612043
-0.00445436100931
-0.00444472747339
-0.00742952017782
-0.00109869253957
0.00330990175856
0.0102218980566
0.0132698955741
0.00860064674632
0.0168658627572
0.0259686459607
0.0294660372364
0.0364007331858
0.0349731798678
0.032775952012
0.0334163879884
0.0265555797906
0.0222987123074
0.0187487663573
0.0118825732114
0.00252661630262
-0.00119837752374
-0.00746058390197
-0.0113472324673
-0.0180375651184
-0.0203643641005
-0.0221656022214
-0.0267268800267
-0.0294815206115
-0.0261198160409
-0.0252317569211
-0.0294248915231
-0.023847873001
-0.0249103483989
-0.0205108228478
-0.00996003325332
-0.0121775010334
-0.00978791022497
-0.00785002880539
-0.00749837720974
-0.00512679293816
0.00738467330198
0.00144044006562
0.000486525110931
0.00756343717123
0.00875371538481
0.0158946564998
0.0146706099707
0.0233416055331
0.0207812024476
0.027533903328
0.0358356827511
0.0318024473599
0.0356447579948
0.0342591448215
0.0246192554186
0.0226315210504
0.0206437866821
0.00911799880523
0.00425493062075
-0.00425563740733
-0.0071722853173
-0.0162246635819
-0.0159649907458
-0.0244912124773
-0.0307780567021
-0.0220204877458
-0.0235975716239
-0.0266055306211
-0.0313247292095
-0.0319902188598
-0.0208886235628
-0.0203920555821
-0.0162768961035
-0.0171569388853
-0.0156774191367
-0.0188860814716
-0.00326252716791
-0.0089278140315
-0.00868384619173
-0.00477275117415
0.00390169286973
0.0133863077128
0.00283815656713
0.0124534702091
0.022907815981
0.022826740389
0.0277012181215
0.0313027293357
0.0318511513553
0.0346477042899
0.0367830329198
0.0319531336463
0.0252230110833
0.025318203485
0.0134742219176
0.00969012182173
0.00402995338155
-0.00557129890138
-0.00837492349376
-0.0158908263867
-0.0168512422199
-0.0279402756497
-0.0262010346063
-0.0276006950649
-0.030815153343
-0.0300411717133
-0.0257224560647
-0.0281718684869
-0.0302493503473
-0.0234013159417
-0.0246336802265
-0.0191844201099
-0.0227417713511
-0.0169454269194
-0.0174628112992
-0.0142036036825
-0.00652562441136
0.00544714703628
0.00621525527641
0.0106152412538
0.00937176564718
0.0159066759791
0.0316314429957
0.0360347962754
0.037617032151
0.0397327465827
0.0430099989716
0.0470091389844
0.044294271516
0.0403530249755
0.036411778435
0.0334391591763
0.0246612989079
0.014318033475
0.0108563339764
-6.26907976031e-06
-0.00980235253493
-0.0165354541074
-0.0193603089451
-0.0237247830113
-0.0207549683172
-0.0302126605507
-0.0321347952737
-0.0340569299967
-0.0354548210403
-0.0353081963455
-0.0293689180774
-0.0299875474736
-0.0261298036828
-0.0187190769082
-0.0227380518019
-0.015420246737
-0.00810244167219
-0.00308851253848
-0.00915398517222
0.00341849363892
0.00186887290131
0.00392861117002
0.0066174046836
0.0126528875863
0.0173089854104
0.0208951188844
0.0259057147827
0.0336914372142
0.0313179569543
0.0386730956777
0.036909297072
0.0336385989835
0.0243076517226
0.025488043813
0.0190199148526
0.0160476030171
-0.00239561266177
-0.00209108298074
-0.0048624101888
-0.0165251702799
-0.00478142954382
-0.0204095026886
-0.0235437395792
-0.0235820579853
-0.0257183275096
-0.0266408662098
-0.0219790024238
-0.0221905504714
-0.0217562056485
-0.0178587016641
-0.0212791948935
-0.0147637958826
-0.0113613123698
-0.00919089658962
-0.00520282164659
-0.0122466015994
-0.00485554404148
-0.0108830064705
0.00500302453266
-0.000198727831264
-0.00306478282781
0.00910633340212
0.0145073756796
0.0196974194583
0.0232301955118
0.0305447465036
0.0323816704164
0.0329716396424
0.0318810777995
0.0314527805634
0.0292492097889
0.0222676497874
0.0206754230174
0.0156202981957
0.00769773587552
-0.000283928358978
0.00263701677862
-0.00357199651192
-0.0171127920163
-0.0190125450169
-0.0178598831112
-0.0259277023907
-0.0273319048909
-0.0231971300608
-0.0310948043128
-0.020583457314
-0.0206655171645
-0.0212539353656
-0.0183559300056
-0.0174532009264
-0.0103178701522
-0.0114622869787
-0.0122890392055
-0.0114120171158
-0.00642918464378
-0.00261894892105
0.00114775306278
0.000542663407954
0.00544762428287
0.0108429011938
0.0174367684519
0.0311486836878
0.0264405758589
0.0280942184036
0.0286614054298
0.0350094324225
0.0337851053621
0.0357547787306
0.0325887231004
0.0275981216057
0.019767659311
0.0149883101343
0.0102089609575
0.00309055092629
-0.00314314212522
-0.00506830492186
-0.0114867077426
-0.0144292716629
-0.0192206343867
-0.0223025769863
-0.0265176564692
-0.0264663500043
-0.028454555539
-0.0312228776199
-0.0213466568713
-0.0164500030863
-0.0153706726775
-0.00425076404852
-0.00891727518987
-0.0072012557612
-0.00649553766102
-0.00638372614121
-0.00540347643727
-0.00277031512243
-2.37640046449e-05
0.00266119237676
0.0018789794259
0.0115746416226
0.0115706886384
0.0168728143943
0.0219898780462
0.0330699167787
0.0277770387047
0.0359404178978
0.0377873774823
0.0374050820971
0.0338508430723
0.0324119666974
0.0288625591689
0.020673253247
0.0104134940727
0.00583645614196
-0.00419755517952
-0.00564019175986
-0.0105628220267
-0.017169257222
-0.0267055787567
-0.0226958780683
-0.0219958961107
-0.0274692794974
-0.0208540936178
-0.0139521887489
-0.0211945579998
-0.0168821587815
-0.0170412311479
-0.019379879797
-0.0130159900922
-0.011780684474
-0.0128230822592
-0.00387296574624
-0.00479126397136
-0.00262068181136
-0.00528848775777
-5.37797992849e-05
-0.000406186126427
0.00324426815111
0.0114164484169
0.0167165815842
0.019933181433
0.026682183838
0.0324595475747
0.0368691623517
0.0398488791512
0.0297364730275
0.0388306158505
0.0325792128176
0.0256649970407
0.0191834890349
0.0156302696208
0.00904906613939
0.00393681805589
-0.00243062529426
-0.0142271765969
-0.0136315567954
-0.020833150885
-0.0259734348011
-0.0249087806873
-0.0229353080701
-0.0268036737446
-0.0192407306415
-0.0223961367797
-0.0215757818484
-0.0201119741334
-0.0159170257777
-0.00937586761877
-0.0108042487722
-0.00913484784215
-0.0058091023999
-0.00248335695764
-0.00518276939186
-0.00443269719879
0.00383554789927
0.00337786114732
0.00965634024684
0.0140596173982
0.0190853606305
0.0257380235916
0.0279425991204
0.0322342851042
0.0339329445027
0.0317260062322
0.0344013294345
0.0371849323278
0.0338617818008
0.0337287204514
0.0211753308366
0.0154978444076
0.00455974268581
4.25860634738e-05
-0.00588670549042
-0.00958465664487
-0.0169204430467
-0.0227357032152
-0.0216961641901
-0.0224548640092
-0.0260178102775
-0.0224558317949
-0.0283156446106
-0.0279649206074
-0.0236432079344
-0.022369164002
-0.0186369476291
-0.0121193191714
-0.0177852241013
-0.00470943253494
-0.0113006530689
-0.00730964708637
-0.00284267945123
-0.00404821968811
-0.00124561061305
0.00126254968654
0.00477321342716
0.017075088907
0.0179247682239
0.0198269570431
0.0230511019728
0.033748682632
0.0320943157832
0.0388907644856
0.0378781150362
0.0360501646256
0.0396201164432
0.0325460175331
0.0294783588087
0.0220358713069
0.0142893739778
0.00422978713138
-0.00490025659569
-0.00727650782162
-0.0130602734738
-0.0195377790969
-0.0227111024928
-0.0235087489478
-0.0276836098389
-0.0214435767961
-0.0245098631064
-0.0226191393068
-0.0167200179609
-0.0125429762414
-0.0209891441364
-0.0140470797432
-0.0139652459644
-0.0117637118067
-0.0091870282347
-0.00755061722964
-0.005601633594
0.00487127786452
0.00698954904868
0.00535263994873
0.0108703192015
0.0103579212448
0.0111675589881
0.0250782389468
0.0331102331927
0.0311097904705
0.032775056476
0.037724768955
0.0407575443032
0.0379521477133
0.0359628570478
0.0317779549954
0.0249678773673
0.0184101424312
0.011823689745
0.00523723705878
-0.00134921562743
-0.0023543750508
-0.0126528149877
-0.0165969407069
-0.0235606937401
-0.0229239278699
-0.0256601409932
-0.0214257801906
-0.0232686875094
-0.023921625638
-0.0239807487064
-0.00951691980401
-0.0146000023201
-0.0144948183906
-0.00809587126241
-0.00680148661488
-0.00791862418818
-0.00776182687344
0.00361814036732
0.00886124489994
0.0144996568683
0.0157832720822
0.0170668872961
0.0183505025101
0.019634117724
0.0172040058797
0.0390055753885
0.0370145417097
0.035023508031
0.0330324743522
0.0310414406735
0.0290504069947
0.0331383822969
0.0247107701628
0.0162831580286
0.0157136234648
0.015144088901
0.0201195860581
-0.0122678436367
-0.0106284578313
0.00130095284474
-0.0282369218375
-0.0166159277515
-0.0240174101188
-0.0362617263552
-0.0255853933294
-0.0245209917317
-0.0304840119963
-0.0241460735377
-0.0237611430829
-0.0230431911441
-0.018915678682
-0.0177521514732
-0.0152201308853
-0.00761752916214
-0.00861490403955
-0.00961227891696
-0.00809535890892
-0.00827962392201
-0.00211908230105
0.007808362221
0.00556597857141
0.00700923508689
0.00845249160237
0.0139668698201
0.0267042592945
0.0329796028567
0.036242305286
0.0336602690862
0.0310782328865
0.0322888809239
0.0308442809385
0.0261878313348
0.0255183180501
0.0169975529956
0.00847678794103
0.000904516635936
-0.00321715746473
-0.0111743521359
-0.0111670973746
-0.0213534925871
-0.0143372065761
-0.0247465999852
-0.028607649079
-0.0249953195391
-0.0214826361705
-0.0272721362273
-0.0169874366062
-0.0137838052974
-0.00760394658715
-0.00295137108089
0.00502940854475
-0.00627826438554
-0.00588855979149
-0.00549885519744
-0.00510915060339
-0.00159252875234
0.00600796624823
0.00567363098636
0.00676932074661
0.00899760548459
0.0109921169996
0.0268694061446
0.0329263598755
0.0349485854066
0.0423251709501
0.0338563182958
0.0428320644404
0.0404046475444
0.0329734307484
0.0317696004543
0.0225932023884
0.0231770786156
0.0100946462627
0.0058944186146
0.000505972497824
-0.00952364378883
-0.0148298689977
-0.0230206931927
-0.0158834370107
-0.0186555268611
-0.00903960175314
-0.0278945615743
-0.0235188647163
-0.028086696325
-0.0148459248362
-0.0163731445382
-0.012169440194
-0.00905001165833
-0.011695283683
0.00711112406848
0.00616497403444
0.00521882400041
0.00155073226192
0.000936579722858
0.000788049217773
0.0018069598638
0.00712619666804
0.0115962675056
0.0140605798914
0.0216485356655
0.0212442543362
0.0350498585671
0.0488661836621
0.040782357306
0.0409816769149
0.0365252635149
0.0360644198169
0.033051053745
0.0287326397219
0.0220879034989
0.00952257955762
0.00280372477362
-0.00148940894446
-0.00797390451946
-0.0148260969938
-0.0165313697846
-0.0183928894906
-0.0242909383221
-0.0251731307507
-0.027469996253
-0.027459272702
-0.0214223559603
-0.0198144719054
-0.0229202616333
-0.0178337703774
-0.0190028902046
-0.0114475218439
-0.00204181958021
-0.00511642608984
-0.00543469079642
-0.00242023600261
-0.00255426844411
-0.000389186609466
0.00370218064063
0.00621769607135
0.014181104888
0.0158040828466
0.0197352018649
0.0322926501323
0.0302254318977
0.0402007648285
0.0397783616376
0.0492698577871
0.0432559539643
0.0407616775131
0.0424875746282
0.0357826863595
0.028510246198
0.0338105610223
0.0195461385206
0.00528171601886
0.0030100884799
-0.0035721319425
-0.0177479901625
-0.0166439197599
-0.0175522192722
-0.0175721909752
-0.0249056982209
-0.0258334901383
-0.0260071211436
-0.0237009206326
-0.0211432826195
-0.0181430381874
-0.0156866358722
-0.0144278107791
-0.011437470256
-0.0120409522175
-0.00792402780912
-0.00672285181486
-0.0085793198736
-0.00305357213769
0.0120935615752
0.0181059002939
0.0100589222801
0.0148034371036
0.0203790774462
0.0262601856815
0.0335859293675
0.0388150077806
0.0435361595681
0.040991013782
0.0405292238643
0.0419941914031
0.0352960672213
0.0334583199171
0.0239575092795
0.0206066140553
0.0111324093862
0.00439287535661
-0.00176914364625
-0.0067677554443
-0.00498472092024
-0.0087059792201
-0.01242723752
-0.0161484958198
-0.0198697541197
-0.0180968405449
-0.0221082865787
-0.0185172014858
-0.0153725482321
-0.0107882611903
-0.0127790001562
-0.00680249578067
-0.000825991405147
0.00515051297038
-0.00143172777155
0.000177129357571
-0.000867150081906
0.00214590388624
0.00120532274423
0.0088868962964
0.0160226359928
0.0170767465735
0.0169468432352
0.0288984960803
0.0242429864756
0.038366685661
0.0403228832737
0.0422790808865
0.0442352784992
0.0461914761119
0.0286884918877
0.03754767664
0.0269764417728
0.022820259349
0.0125260273402
0.00776511798399
0.00252885678554
-0.00701915025787
-0.0104203698595
-0.0123741101355
-0.0163195613776
-0.0187122049426
-0.0209828409288
-0.01600523175
-0.0210299446844
-0.0164781374604
-0.019781393545
-0.0110487685672
-0.0124879185185
-0.00896951696759
-0.00509495436717
-0.00162323975938
0.00263373122248
0.00220822795768
0.00264406396383
0.00307989996997
0.0051366055812
0.00827579815699
0.0169735708354
0.0256713435139
0.0343691161923
0.0337624259694
0.0317463538968
0.0381557423663
0.0374537039105
0.0410580610371
0.046610133463
0.0465405905417
0.0407932544464
0.0339297071658
0.0249607325352
0.0297930283379
0.0200493731566
0.0163142382848
0.00889990637058
0.00394248902492
0.000311115940173
-7.22781161577e-06
-0.0179897590116
-0.011694854101
-0.0170610939462
-0.0181057312903
-0.0182835352654
-0.0173077699852
-0.0203084401719
-0.0191329406739
-0.0161734463445
-0.0123524146105
-0.0139392059097
-0.00618754621993
-0.00939033280272
-0.00572996127828
0.000199422687394
0.000581088597822
0.00621346636138
0.00869892139463
0.0169118609115
0.0256818978319
0.0216059651697
0.0363646158971
0.0376534360209
0.0419468582927
0.0362957033295
0.0511649962191
0.0430252194595
0.0414541768124
0.0421947462008
0.0388332365282
0.0341406763762
0.0278156691359
0.0181569778178
0.0199758494264
0.00890174958026
0.00476841065877
-0.0081735996276
-0.0113747117163
-0.00893383160834
-0.0153507475264
-0.0162307026622
-0.0194588990884
-0.0204766713622
-0.0209836015627
-0.0176224712062
-0.0179697401311
-0.0153667755145
-0.0123708132835
-0.0116356005182
-0.00315038843219
-0.00520471533217
-0.00966043684606
0.00442930550646
0.00820854596912
0.00277574515585
0.0128733815967
0.0164997770977
0.0213266469883
0.0279484828887
0.0349943999059
0.0243110640507
0.0334276012526
0.041358581049
0.0414595490496
0.0397011819464
0.0477564192208
0.0433919145796
0.0374352414227
0.0315088491765
0.0289464041046
0.0177508388798
0.0128911658102
0.00530921314266
-0.00227273952487
-0.00910469231126
-0.0145637587532
-0.0180685525576
-0.019434176111
-0.0250629211976
-0.0201756584224
-0.025199981678
-0.0218830015003
-0.0146304611184
-0.0176665320345
-0.010141817184
-0.00816767576256
-0.00820131295224
-0.00551617692568
-0.0030814746065
-0.00247018525867
0.00335496937383
0.00964333836696
0.00662764568597
0.00433732616649
0.0162576964744
0.0250446839815
0.0132577518947
0.0287380415297
0.0260253485138
0.0361895376872
0.0408531514742
0.0384232026976
0.0398945572999
0.0425163115367
0.0422482414584
0.0359354126855
0.0318876142171
0.0294317520459
0.0279956186828
0.0173568006599
0.00853837127346
0.00828487086211
-0.00535524284245
-0.00477788269254
-0.00778942948422
-0.012008065517
-0.00802306239268
-0.0160436415961
-0.0160415421019
-0.0153135956008
-0.0203637032369
-0.0131203764383
-0.0119862468423
-0.00638095558192
-0.00597128958976
-0.00628273025254
-0.00958045914936
-0.00626728054982
-0.000846696812355
-0.00206539852344
-3.61621420901e-05
0.00455404663226
0.00874621610614
0.0115031149657
0.0165092537582
0.0255829615292
0.0305274580718
0.0358707047984
0.0365649773871
0.044752029583
0.047057386971
0.0444745272049
0.0573480168985
0.0483751311545
0.0342457154177
0.0337092665102
0.0271061474524
0.024960548489
0.00863424048486
0.00340228603462
-0.00412331042737
-0.00698039205564
-0.0122098270206
-0.0134670990566
-0.016338204424
-0.0144339585315
-0.0161517907722
-0.0210070516964
-0.0132811889663
-0.0106852845373
-0.0121180971748
-0.00779864069455
-9.99874629639e-05
0.00365892358649
0.00741783463595
0.0111767456854
0.0143911611117
0.0100790936571
0.0133549783396
0.0166308630222
0.0199067477047
0.0184987936183
0.017090839532
0.0185690130254
0.0261102452941
0.030892059776
0.0396188858998
0.0431604967517
0.0435270440019
0.0423330429356
0.0500949980907
0.0502243879166
0.0463482057483
0.0399451223066
0.0392067312761
0.0334067254044
0.0248777216225
0.0153441800534
0.00397942591825
0.00932263310936
0.000974265854441
0.0034483075577
-0.021742498914
-0.0158989147098
-0.0179637320692
-0.0185675518257
-0.0188836399255
-0.0165678712003
-0.016336990326
-0.00986858282766
-0.00750673973842
-0.00458797722828
-0.00137479868141
-0.0028943425696
-0.000600653899391
0.00528490405095
0.00425478807441
0.0106273720668
0.0102188207055
0.0182916370935
0.0323686962342
0.0314186092335
0.0283947999644
0.0383802965815
0.0447391353896
0.0521695487577
0.0380132198312
0.0463049710506
0.044101958701
0.0397702451799
0.0355133591181
0.0321391879179
0.0267225195842
0.0205648007481
0.0164076737221
0.00882668765481
0.00363925356536
-0.00341341108052
-0.00572685917536
-0.00772136925862
-0.00818193036183
-0.0163188269171
-0.00498747598392
-0.0102463844273
-0.00670316197832
-0.00459376596525
0.0020302473927
0.00104344967373
0.00338524932787
0.00580195111282
-0.00721761134969
-0.00419163671559
-0.000778934913893
2.60015058497e-05
0.0069970527879
0.00476174457747
0.0135314630866
0.0129331754825
0.0140407328785
0.0210942670813
0.0276269088376
0.0324835277914
0.0360817385222
0.0372664688429
0.0419336814549
0.0424320683781
0.0468733074932
0.043075225224
0.0390529077562
0.0356773283381
0.0297276973988
0.0243594892025
0.0170026774339
0.013369950029
0.00420971542643
-0.00495051917615
-0.0059641251873
-0.0139426463271
-0.0126063370502
-0.016810574125
-0.013369919787
-0.0178916963028
-0.0150713418302
-0.0139849622072
-0.00987047774202
-0.013324823843
-0.0103250263783
-0.00864442565795
-0.0105314985403
-0.00621759162007
-0.00472176763274
-0.000590921144599
0.00323166683623
0.00058670681699
0.00652662764183
0.0122005511093
0.0140434530872
0.0211855180353
0.0265595611848
0.0314260996761
0.0431388358794
0.0474074282247
0.0446994084065
0.0418810805914
0.0487651950436
0.0466393918766
0.0538885935531
0.0464944783866
0.0381320308188
0.0301674483028
0.0122265275814
0.00841334227204
0.00820472835593
-0.00138051042206
-0.00221528671927
-0.00846861659974
-0.0118292976438
-0.019399015122
-0.0168207917273
-0.0147525916232
-0.0156828876854
-0.0158830133856
-0.0140822267458
-0.0122232354056
-0.0102776065819
-0.0105742015369
-0.00812727443874
-0.00555195675626
-0.0045322623855
-0.00375420661837
0.00750124044585
0.00392840779195
0.00998632354349
0.0138525061941
0.0155806666953
0.0255954252998
0.0272562336997
0.0315349085169
0.0374920058305
0.0429339342124
0.0451377455057
0.048627646028
0.0510859760002
0.0535443059724
0.0428966458804
0.0448886557164
0.0279310721129
0.0279516867955
0.0204111214528
0.0129023381244
0.00215218990806
-0.00625318394767
-0.00746744279266
-0.0147998174517
-0.0144937372793
-0.0168609257053
-0.0148426880638
-0.0144536230383
-0.0153695279395
-0.0135396096129
-0.0129575759852
-0.0125777328418
-0.0118810567818
-0.00789779599295
-0.00806789501992
-0.00557251145315
-0.00437437491997
-0.00386403262053
-0.00171346158397
-0.00104945274004
0.00442233173051
0.00989411620105
0.0153659006716
0.0189050078591
0.0185756617474
0.0299811704659
0.0400813288405
0.0394803418723
0.0405939720415
0.0458137201019
0.0510334681622
0.0466175253487
0.0422015825352
0.0431993279899
0.0358120911075
0.0278107032435
0.0227594412123
0.013169717515
0.00676128377456
-0.00115892252801
-0.00333340475681
-0.00821910190487
-0.0148153341267
-0.0162893441364
-0.0170779238211
-0.0187081801694
-0.0168891347463
-0.0190635320097
-0.016410188
-0.0148158274171
-0.0119809020839
-0.0123235759175
-0.00819405371884
-0.00564469255407
-0.00834923700126
-0.00409016834
-0.000797334679255
0.000355462113347
0.00180911448857
0.00948955477526
0.010149972892
0.0159359046167
0.022459280934
0.0321579656832
0.038382892217
0.0483331685125
0.0407520920216
0.0477661141213
0.043759360041
0.0442558559425
0.0427372033404
0.0419108794915
0.033241026252
0.0306715198517
0.0190872909483
0.0115024167058
0.00459022563671
-0.000115057481049
-0.00448729479928
-0.00846327377204
-0.0135599673049
-0.0144312378556
-0.0183274686442
-0.0184784313611
-0.0183430088066
-0.0160877276328
-0.0143560794027
-0.0106748275252
-0.00765479925116
-0.00841054525049
-0.00786337021443
-0.0023745397762
-0.00545252813801
-0.00301685192526
-0.00226487905088
-0.000227685984333
0.00240424922495
0.0051646007122
0.0108540381036
0.00310662779279
0.0222564119821
0.0250641093704
0.028827032223
0.0328335531788
0.0368095880977
0.0398811495526
0.0414138382114
0.0440234169641
0.0424257981149
0.0440087261562
0.0390620579032
0.0342150745311
0.0244537922077
0.0165150495704
0.0108994071378
0.000188036738868
-0.0035091901613
-0.00720641706147
-0.0157014502767
-0.0209700831326
-0.0206043837368
-0.0224546015994
-0.0170545560342
-0.0146140150382
-0.0115236088291
-0.0158346866218
-0.00733313563056
-0.00877746704595
-0.00786245274774
-0.00449195345734
-0.00384396642261
-0.00477511786805
-0.00089324523288
0.00147735103439
-0.00644032948535
0.00449490355955
0.011457040989
0.0150952956349
0.0190613297249
0.0256515288298
0.0278511751139
0.0314874505488
0.0381352246128
0.0398858465639
0.0424048842642
0.0420979049514
0.0398708190247
0.0372787924889
0.0323234636228
0.0261562473829
0.0363034185613
0.0287825806262
0.0212617426912
0.0137409047561
0.00330817668872
-0.00663502628108
-0.0122673321902
-0.0159715520722
-0.0128502908026
-0.0131335631228
-0.0158552890008
-0.0146155094722
-0.0163422685729
-0.0170690720468
-0.0178509499556
-0.00758726973877
-0.00970412129362
-0.0157331458784
-0.0084018300232
-0.00596309397546
-0.00179191938093
-0.00072405569936
9.21508757701e-05
0.00641432664714
0.00661129574552
0.010277733655
0.0196900955006
0.0175902129661
0.0255119485488
0.0307417438992
0.0345164384264
0.0366818911853
0.0357216560022
0.0440215891922
0.0357347171333
0.0349250193977
0.0327303852945
0.027037373948
0.024232732748
0.0139629397027
0.00596300979594
0.00266648617449
-0.00599077800947
-0.0171442997332
-0.0159628204144
-0.0148179486911
-0.0222720989886
-0.0265164278921
-0.0214019596001
-0.0196748212882
-0.029843832383
-0.0159866598598
-0.0139854949027
-0.015598244435
-0.0170712044717
-0.012741671197
-0.0124602858558
-0.00886003863702
-0.00795305428197
-0.00804089182094
-0.00208555633891
0.00178230170858
0.00550116547973
0.00922002925088
0.0181896719171
0.0282664622184
0.0309803862624
0.0319120788986
0.040549855844
0.0438112810127
0.0433545262909
0.0416390530145
0.0414634141473
0.0402009685532
0.0315055764387
0.0294231470469
0.0216667894707
0.0156909105865
0.00527901368765
-0.00204276224839
-0.00769912562366
-0.0151865768543
-0.0190825106189
-0.0244574579295
-0.0204557599315
-0.024180456951
-0.022846155352
-0.0240148011225
-0.0237353105202
-0.0189154519857
-0.0133303084028
-0.0153438206009
-0.0151092348761
-0.0115682008647
-0.0102715295744
-0.00864717652168
-0.00874547662164
-0.00594803220782
-0.00510010311405
0.00324879820856
0.000655766888387
-0.000863078926186
0.0119789009288
0.0125562592449
0.0188316656589
0.0204087188967
0.0251725174807
0.02800359772
0.0350421863476
0.0346934234383
0.0349033994199
0.0377035490536
0.0371832997555
0.0293883663008
0.026005202704
0.0149884756552
0.00743373580653
0.000371031013861
-0.00501949349078
-0.0139528571662
-0.0151375376136
-0.0226971917133
-0.0255814321526
-0.0284656725919
-0.025400266816
-0.0265301151318
-0.0244266980353
-0.0211353873894
-0.0214838296031
-0.0196314579005
-0.0176643742328
-0.0137149444758
-0.0138569455471
-0.0100440605242
-0.01298866411
-0.0047674288842
-0.00622538399711
0.0016180195103
0.000871224876996
0.00339812822303
0.0111085932982
0.0172773866622
0.0224730968136
0.0299908262719
0.0280664608502
0.0308846045356
0.0388044907621
0.0391250681182
0.0362825358023
0.0332002483035
0.0321100809761
0.0273160725712
0.0362765070658
0.0220066702852
0.00764122684595
0.000238978046515
-0.000835988208435
-0.00481480600769
-0.0102721822182
-0.0157295584286
-0.0211869346391
-0.0228776474529
-0.0237301610502
-0.0254266982628
-0.02167921059
-0.0243479911254
-0.0247339222941
-0.0206992231329
-0.0177229313436
-0.0134233106291
-0.0192035693879
-0.0137043288832
-0.0107482083398
-0.00529825396441
-0.00309115117624
-0.00343292615308
-8.74517564171e-05
0.00113251487526
0.0138892186161
0.0158259592781
0.0197078148259
0.0250771366433
0.0273935646954
0.0340591369723
0.0375486350867
0.0427259421823
0.0428445571971
0.0421615720512
0.034715925369
0.028693554921
0.0224280915121
0.0161212660252
0.00981444053831
0.000595725645165
-0.00853796188848
-0.0112689482987
-0.0144650479008
-0.020917607317
-0.017668881428
-0.0213191021782
-0.0236282352994
-0.0232075369723
-0.0220508120307
-0.0241054168553
-0.0180589240348
-0.0176553764724
-0.0151498113688
-0.0143222745013
-0.0146064175252
-0.00866100124404
-0.00786780076118
-0.00693331865883
-0.00860498638042
-0.00422625339183
-0.00132526705768
0.00073054303958
0.00784439473438
0.0109827314964
0.0108697695581
0.0386443335998
0.0439629495467
0.0462275764755
0.0484922034043
0.0444490802585
0.0408384756398
0.0412318988467
0.041921856695
0.0368224551039
0.0308068101267
0.019302794094
0.0143991236771
0.00535891918868
0.0013317860422
-0.00588487258315
-0.0166544692062
-0.0174074217449
-0.0208658270477
-0.024047450064
-0.0258737413545
-0.0236656690345
-0.0239418933777
-0.0219112406768
-0.0157372749159
-0.0195274044889
-0.0181486339886
-0.0162786588663
-0.00980169971199
-0.0147259369715
-0.0103804171808
-0.00850502058621
-0.00472205184974
-0.00369256957621
-0.00104910351181
-0.000181664948806
0.0057746965736
0.011731058096
0.0209230207191
0.0257165167557
0.0271761696314
0.0334248601216
0.0413226958034
0.0378531631821
0.0419324514595
0.0434135104587
0.041369306275
0.0405431766561
0.0285146285912
0.0252289308018
0.0138194809854
0.00751160768613
-0.00179719659712
-0.0049617158197
-0.010500643301
-0.0147711612178
-0.0157770556593
-0.0272555078482
-0.0242273124298
-0.0167255273863
-0.0247993940171
-0.0260821229908
-0.0206417660582
-0.0221234236647
-0.0191755400401
-0.0158960510805
-0.0129308934347
-0.0116528822774
-0.0149910976144
-0.00678533371526
-0.00685018625051
-0.000642303103981
-0.00659596432943
0.00231492898477
0.00107503928444
0.00646016827371
0.00742986661134
0.018401831604
0.0233891232494
0.0402156310735
0.0361737397692
0.0336506447352
0.0370931059792
0.0405176792649
0.0328940872325
0.0281086855409
0.0278898277684
0.0196279522325
0.00966627251982
0.00468599444318
-0.00314696817973
-0.00793580194564
-0.0163217593847
-0.0215690141927
-0.0211433071235
-0.025338943383
-0.0257670196637
-0.0293416618073
-0.0255655582011
-0.0255623744849
-0.0222651896936
-0.0222140877215
-0.0209883163458
-0.0172121014411
-0.00763447780103
-0.0130898378028
-0.012467282562
-0.0105666642342
-0.0098747502188
-0.00786704466874
-0.00656657053588
-0.00125872884033
0.0025754686647
0.00798776517008
0.0130386356363
0.0197020719675
0.0236191189135
0.0278596502761
0.0311030429016
0.0367586987438
0.039435772067
0.037216193558
0.0408503243119
0.0322707184977
0.0353871862605
0.0246170130652
0.0200594231256
0.0117694647318
-0.00229748411937
-0.00609025922781
-0.00692699919526
-0.0126044418573
-0.0174798166214
-0.0223551913856
-0.0235175785721
-0.0245891000904
-0.0260414390392
-0.0210759063586
-0.0165460326807
-0.0213294242839
-0.0177733436936
-0.0117331824851
-0.0110406842637
-0.00702712030369
-0.00640718652085
-0.00556337482377
-0.00653209176326
-0.00151806020163
0.00554706224634
0.00635559086729
0.00540222196289
0.0102106137738
0.0141153033243
0.0193210419104
0.0294943922205
0.0301094036905
0.0326998534755
0.040539877623
0.0397906519238
0.0415897724445
0.0442912006163
0.0389609094611
0.0291565201708
0.0247343225459
0.0193464238349
0.0079292226499
0.00480978011191
-0.00242461976058
-0.0101897080618
-0.0111470688955
-0.0175216803452
-0.0212282852151
-0.0266768640018
-0.0194288194066
-0.0217431759363
-0.0230401449857
-0.0236624340411
-0.0206655884061
-0.0195704952495
-0.0118374098256
-0.0133831691496
-0.0111740497016
-0.011454803727
-0.0100004942965
-0.00954105070815
-0.00542466737113
-0.00242249652942
-0.0014068558084
0.00476183680208
0.00717924678699
0.00863450017454
0.0169476250991
0.01728500977
0.0253590948445
0.0296531179325
0.0348078232556
0.0363872311215
0.0342284610242
0.0396526635723
0.0351300842123
0.0327643550089
0.0243692361598
0.0178801153035
0.00833600999918
0.00468483293365
-0.00413032800022
-0.0107101743112
-0.0130684822421
-0.0166603917211
-0.0209269412752
-0.0219617225159
-0.0244035530725
-0.0197743271956
-0.0218075742924
-0.0186473888354
-0.0182108773471
-0.0192649359335
-0.0151857722937
-0.0138705837429
-0.0117610733634
-0.00941785545152
-0.00495509541385
-0.00709546826977
-0.00335931827763
-0.000860112745397
-0.00204630107887
-2.31388576606e-05
0.0011054759536
0.00824229019375
0.0153791044339
0.0133857999548
0.0221392007662
0.0332795467823
0.037421479879
0.0360951069711
0.0332790862049
0.0388961984215
0.0358861223705
0.0314264958765
0.0250029781365
0.0167347915171
0.00356197786738
0.00535903641429
-0.00115340486538
-0.00686250308081
-0.013670735293
-0.0161298339644
-0.0144925404098
-0.0250762722427
-0.0221934471696
-0.0256173365839
-0.0248127156775
-0.0229842014104
-0.0147969694103
-0.00398330806447
-0.00825663244612
-0.00035376122142
4.49155436644e-06
0.0024633250555
-0.00209794631992
-0.0048805375533
-0.00335021401956
-0.00547479921264
-0.0020918194659
0.00164822133394
0.00391619864944
0.00989890423579
0.0117242010629
0.0157788473659
0.0226255737376
0.0256903326839
0.0285341698039
0.0325301485278
0.035646814063
0.0350031883129
0.0356538254196
0.0284007583314
0.0315984751001
0.023117383446
0.0149471873887
0.00599925326491
-0.00145600437837
-0.00427835638436
0.00106686658584
-0.00362408934933
-0.0166533476499
-0.0224174775332
-0.0253554403483
-0.0268146324793
-0.0244826879109
-0.0233815055464
-0.0230955915311
-0.0199353028674
-0.0220890832994
-0.0196177511059
-0.0165546739252
-0.017217404173
-0.016726650336
-0.0120276878933
-0.011771439768
-0.00983338145965
-0.00372505351445
-0.000487223483816
0.00447665369102
0.006801523091
0.00604093776181
0.0105840456894
0.0172274968545
0.0230498762064
0.0271509801727
0.028331820041
0.037822839046
0.0390402996918
0.0398731017135
0.0353093103636
0.0256917942883
0.0227401056932
0.020820580774
0.0082037161288
-0.00184478872173
-0.00771966338315
-0.0169794884397
-0.0167764066853
-0.0224054936531
-0.02189389047
-0.0213822872868
-0.020028278139
-0.0240963865642
-0.023476318044
-0.0205034448922
-0.0166148610626
-0.0182035243199
-0.0127819802546
-0.0150127693252
-0.0112107045313
-0.0128633464192
-0.0135134393238
-0.0117827710733
-0.0146417476652
-0.00440147912304
-0.00404131972478
-0.000174286995475
0.00265829779902
0.00704379989247
0.00983223609115
0.0148397159159
0.0228689407279
0.0244948062669
0.0278421307338
0.0360212144208
0.0353457024191
0.0346966543449
0.032442168156
0.0298899980261
0.0230087725262
0.0128533576861
0.0052523959786
0.000751887128334
-0.00797260112144
-0.0115185120349
-0.0183635534316
-0.0159906088473
-0.0186766092934
-0.0206480888982
-0.02606451376
-0.0245355084515
-0.0230532226725
-0.0264909372474
-0.0241827445723
-0.0169688544295
-0.00824924570725
-0.0143893188993
-0.022236706947
-0.0097177389094
-0.0118163502266
-0.00552234072457
-0.00607478305844
-0.0061047448136
-0.00571064914671
-0.00506141650936
0.000108201890047
0.00318148873837
0.00848410023679
0.0132645484187
0.0220476584342
0.0300109169773
0.0361420453725
0.0314181138876
0.0348191449954
0.0301362122934
0.0312436631471
0.0275014518641
0.0221458673404
0.0164492829864
0.0115590702138
0.00257038257297
-0.00605354710338
-0.00874664982082
-0.0119498001169
-0.0044872886318
-0.0173676627346
-0.0208241538584
-0.0271628638881
-0.0271709864282
-0.0262542217911
-0.0220443402333
-0.0164281310056
-0.0199153686148
-0.0215200555263
-0.015467932213
-0.0120876609823
-0.0156572219589
-0.0107072599087
-0.0121406055365
-0.00915603631165
-0.0061342245784
-0.00821140446347
-0.00367178873573
0.00559543382486
0.0105668293809
0.0129813763811
0.0153959233814
0.0252593542744
0.0262925414565
0.0272989654454
0.0329969454684
0.03536830304
0.0377396606116
0.0401110181832
0.0334278911312
0.0267447640791
0.0217742047355
0.0100263821532
0.00944425810252
-0.00401970621191
-0.00820095941445
-0.0140004416966
-0.0157972013588
-0.0194569045509
-0.0211465649014
-0.0221474574243
-0.0256766469828
-0.0245393201265
-0.0236619556377
-0.0196930805227
-0.0173642278192
-0.0182031769639
-0.0130265676849
-0.00947159357065
-0.00731689967098
-0.00970779020906
-0.00250028458378
-0.00669552996899
-0.00919739046559
-0.00483598093137
0.000997800246296
-0.0117472081055
0.0095168022427
0.00457313991886
0.0214678245448
0.0190310160375
0.0288264200919
0.031690479789
0.0367926851524
0.0345429765008
0.0366924356734
0.0344850117707
0.0343828508894
0.0240382068796
0.0220011285611
0.0154916345834
0.00946725538875
0.00035861594821
-0.00322027822877
-0.00957946006008
-0.0156125558211
-0.0170584072559
-0.0196990177794
-0.019810393102
-0.0161802003123
-0.0261429434512
-0.0165402121765
-0.0184273500158
-0.0208657355987
-0.0197966992462
-0.0125741785571
-0.0148665267962
-0.0197047419355
-0.0106768487701
-0.0122377524443
-0.00887436563798
-0.0068935200843
-0.01004426659
-0.00425788785037
0.0013501747901
-0.00280121729931
0.00676197909484
0.0139212882341
0.0176616406553
0.0250098180325
0.0273895426803
0.0338556335005
0.0345425959644
0.0390213677837
0.0240253894711
0.0307894395418
0.0257733464997
0.024036554353
0.0180044338058
0.0150478601743
0.00587920893352
0.00337387813931
-0.000563892406831
-0.0133317650902
-0.0130158469387
-0.0126138318813
-0.0175734990965
-0.0225331663116
-0.0224964849326
-0.0240066015321
-0.023742934178
-0.0192227279208
-0.019188879621
-0.0137094730753
-0.00926739331443
-0.0162373908714
-0.0129294698038
-0.00828048134116
-0.0165281843471
-0.00721465201086
-0.00575612819795
-0.00475981567797
-0.000704024169051
0.00611083630845
0.00509414742976
0.014705699274
0.016182670575
0.0223298478647
0.0306540367235
0.0332897852409
0.0286237902972
0.0338576881623
0.0312466684363
0.0313132044525
0.0257732779304
0.025622354398
0.0270933283543
0.0174596150357
0.00370136685423
-0.00170991716647
-0.00592598010864
-0.010457064139
-0.0176187385991
-0.0132318226984
-0.0167406167998
-0.0201163558332
-0.023459047232
-0.021028693596
-0.0227552057794
-0.022643865813
-0.0127368100379
-0.0107249450322
-0.0158547838116
-0.0131193678436
-0.0219345241739
-0.0104197806713
-0.00312735915754
-0.00559787057705
-0.00444125803377
-0.00126641034701
-0.002683461594
0.00399898159314
0.00695974140514
0.0132595139284
0.0190490743737
0.0174723092747
0.021446817558
0.0291082213726
0.0283471986004
0.0327456552167
0.029033229529
0.0355613766403
0.0335886638471
0.0267829091714
0.0193147648594
0.0129176753153
0.00936823363094
-0.00377274149367
-0.0161121457066
-0.00625145164674
-0.011935865645
-0.0160061610426
-0.0142652137232
-0.019665211475
-0.0240704098104
-0.0197997890063
-0.0175778411229
-0.0155721277548
-0.0143438052755
-0.00787113044773
-0.0067316497057
-0.0130684128982
-0.0143219110859
-0.00853729789503
-0.00911044590904
-0.003485656105
-0.00311917832041
0.000243027839587
0.00169040782759
0.00731831455664
0.00856473674891
0.0105788540446
0.0135454036375
0.0165119532304
0.0221167072254
0.0288975688023
0.0350099955555
0.0335454321804
0.0335320337086
0.037393694316
0.0275205671645
0.0272751454029
0.0257757620947
0.017571249248
0.00864593402766
0.00422834596556
-0.00245775644882
-0.0104050658749
-0.013172395271
-0.0165738953064
-0.0166750660482
-0.0217912977877
-0.0183540396554
-0.0197190770283
-0.0180302877589
-0.0153247268701
-0.0215700184997
-0.0133740763263
-0.0136590524937
-0.00995836134599
-0.0104355648315
-0.0113558767262
-0.0116380071422
-0.00678511341166
-0.00422592058305
-0.00345748879152
-0.0010560085399
-0.0016666558758
-0.00204135564536
0.010039476481
0.0171749635768
0.0184136144611
0.0241032607168
0.0277230415236
0.0349095847162
0.0322267076567
0.0376415386974
0.0373988390176
0.0286764057799
0.0313455438946
0.0188159700087
0.0156601698737
0.0105663766438
0.00856299283579
-0.00190340410611
-0.00813985483655
-0.00557975581074
-0.0107701389156
-0.0153025931878
-0.0197839744699
-0.0190940407196
-0.0153101435377
-0.0167095241376
-0.0102000120047
-0.0133946711694
-0.0053757013153
-0.00168788935764
0.00199992260001
0.00568773455767
0.00937554651532
0.00599723735636
0.00593384168444
0.00728036918731
0.00252929375733
0.00672943070556
0.00658463606261
0.0126356691057
0.0173638662385
0.0251624679681
0.0281975267114
0.0312377383873
0.0357429841829
0.0440772805418
0.0466544927362
0.040620971218
0.0470389917446
0.0432263915349
0.0407969751645
0.0348942921832
0.0277023093825
0.0204250623651
0.0192362440791
0.00481948856847
0.00555721942932
0.00101905874174
-0.00920892650528
-0.00693735037571
-0.0130448795657
-0.0169913464836
-0.0209378134015
-0.0148467806035
-0.0129883836296
-0.00865443850499
-0.0130727565276
-0.00802226369019
-0.00581065635563
-0.00756067932847
-0.00474677428782
-0.00234628374201
-0.000922009056567
-0.004437340139
0.00221980096368
0.00246270969384
0.00441074634711
0.00692248413609
0.0136844184208
0.0178470941629
0.0221317545212
0.029454621254
0.0307895127224
0.0362996789064
0.0451745903466
0.0353552485462
0.037525216093
0.03746759102
0.0339893129677
0.0289030813416
0.0239100097124
0.0195758875722
0.00995948239139
0.00975252124356
0.000355086151559
-0.00405482822736
-0.00343586662836
-0.00948186210631
-0.0142080534879
-0.0117838697208
-0.00935968595369
-0.00693550218658
-0.0146044084263
-0.00959661326381
-0.0111499345923
-0.00612499181872
-0.00413909524333
-0.00543497299637
-0.00871505336467
-0.0118261002274
-0.00520474000057
-0.00755392938261
-0.00370231353431
-0.0012669046515
0.00132444912645
0.00572798148612
0.0183483670118
0.018678895826
0.0232749641097
0.0275502057372
0.0346756835033
0.0334314842902
0.0384737031277
0.0411014489989
0.0424808130454
0.0449025378909
0.0360330786056
0.0289867194062
0.0249982751964
0.0189247508456
0.0161068288851
0.00645163265177
0.00178898934111
-0.00794638282435
-0.00581819826185
-0.00989716072108
-0.0115039885064
-0.0146509917753
-0.0168446350785
-0.0140404959836
-0.0143320791652
-0.0189735839388
-0.0107326335411
-0.0145334693063
-0.00952659592931
-0.0187498706846
-0.0063428471924
-0.0102149474125
-0.009023886133
-0.000597027283546
-0.000252548184635
-0.000347804928797
0.00133111196766
0.00759995220173
0.00676906528452
0.0149960575734
0.0209384937508
0.0220204607562
0.0231024277616
0.0313239156568
0.034296664361
0.0356009035184
0.0376793545679
0.0345826109958
0.0312636369654
0.029823304254
0.0299596584254
0.0191861197356
0.0218423561692
0.00192029436001
0.00511572255908
-0.00470440646904
-0.00608023879095
-0.0108481876131
-0.00987290076894
-0.0150843818775
-0.014942364165
-0.0188342325135
-0.013603262669
-0.0158782153403
-0.0108290713448
-0.0144109896913
-0.0114068622694
-0.00880624279566
-0.00837997524213
-0.00304039302236
-0.00850110427979
-0.0074799785822
-0.00519518002001
-0.00224185078053
0.0095072692661
0.015331473101
0.021155676936
0.026979880771
0.0328040846059
0.0328446854016
0.0321854306339
0.0329183389651
0.038076461575
0.0387451655086
0.0381316166079
0.040595724567
0.0392034743755
0.0362247116876
0.0269818122032
0.0169686638905
0.0173572853797
0.0117445255104
0.00316711442454
-0.00482881303503
-0.00763235823158
-0.00712178342274
-0.00676506125905
-0.00640833909536
-0.00605161693167
-0.00805893066218
-0.0092871728203
-0.0142303503813
-0.0104805348427
-0.00735197265175
-0.0096396868438
-0.00883060326058
-0.00561471488747
-0.00962936483068
-0.00806495161147
-0.00333780528879
-0.00461263000614
-0.00179355646799
0.000796657568946
-0.000600481528645
0.00967840747324
0.0107922222846
0.0211863178666
0.0231507766596
0.0282783108065
0.0313607664313
0.0366359640699
0.0401024179561
0.0384324077483
0.0419548090237
0.0365718971176
0.0173039546411
0.028806986026
0.0242520276636
0.0199458094579
0.0105054137102
0.00619946599519
0.00284812069426
-0.00409874419133
-0.0074949351506
-0.0114055639808
-0.0121178368693
-0.0128301097578
-0.0135423826462
-0.0142546555347
-0.0134823388117
-0.00747873591184
-0.00763821514721
-0.00779332721716
-0.00674026301445
-0.00757703800997
-0.00841486960477
-0.00984845548054
-0.00235037891347
-0.0086730446733
-0.00793439636391
-0.0028181099574
0.00502361008003
0.0185675937865
0.0153198126322
0.0184817520458
0.0237942804744
0.0281366795828
0.0337244588575
0.0409695129104
0.0370073130684
0.0372845767993
0.034360177691
0.0388917915453
0.0334251414284
0.029702972739
0.0262622504442
0.0193026131748
0.0139105981434
0.0100922615095
0.00832259220286
-0.000369915711367
-0.00449337069741
-0.00663783856557
-0.0203682555255
-0.00867025604408
-0.0178693285434
-0.015646130398
-0.0132623501696
-0.0128787216002
-0.0100730960762
-0.010765977999
-0.00917702372025
-0.00448748823589
-0.00384229446272
-0.00433959189098
-0.00514096296718
-0.00213726072732
-0.00268832457566
-3.65338929946e-05
0.00449845922614
0.00828154082801
0.00998036814674
0.0217701397203
0.0208032237501
0.024969322481
0.0282594813727
0.0333184493754
0.0377438692056
0.0442623645372
0.037806916022
0.0395766020414
0.0379264455117
0.0295898918977
0.026869223193
0.0193758059108
0.0114210580384
0.00952180046395
0.00937897852509
-0.00125702965692
-0.00263639405609
-0.00401575845527
-0.00539512285444
-0.00677448725361
-0.00815385165279
-0.00953321605196
-0.0116450346144
-0.0137568531769
-0.0158686717394
-0.00510490417497
-0.00416831703347
-0.0075661985263
-0.0119480457548
-0.00518993362521
-0.00495605864061
-0.00186270267232
-0.00353872638316
-0.00289723637165
0.00352365980158
0.00856932907373
0.0114505701046
0.0144685428576
0.022937493292
0.0227393738335
0.0238138227164
0.0248882715993
0.0335758042846
0.0398139141844
0.0389353298811
0.02786853617
0.039208618398
0.0345791430352
0.0271690579027
0.0231579010356
0.0163675807801
0.0118931896433
-0.00508462589206
0.00020430814701
-0.00296041230585
-0.00646117652757
-0.010116629475
-0.00959831090411
-0.0100005022781
-0.0164570333722
-0.013060838316
-0.0118231859687
-0.0135774079085
-0.00942787472103
-0.0108205226872
-0.00666424680193
-0.0015454455945
-0.004974644743
0.000808278845957
-0.00256584350274
-0.00402459983788
0.00201000092493
0.00289800006663
0.00845133282677
0.00861007142044
0.0173641394663
0.014871022261
0.0238604814271
0.0252551064681
0.0339369008853
0.0387694855779
0.0459681393752
0.0357296419314
0.0372139612056
0.0353767068115
0.0419597832326
0.0355966433348
0.0293944403077
0.020907486084
0.014057337425
0.00635250374416
0.00337747684422
-0.00485620079469
-0.0062935625459
-0.00660476384001
-0.0103226291666
-0.0132628562881
-0.0118471908238
-0.0123121172096
-0.0108918649448
-0.0138896917074
-0.00627980656441
-0.00566238552352
-0.00626266080245
-0.00824327549602
0.000694043681762
-0.0018983469205
-0.00442982589772
0.0004661020006
0.00287139680214
-0.000443472178953
0.00760416080731
0.0053510983925
0.013280199337
0.019980348449
0.0219949288528
0.0334021980646
0.0365344909171
0.0356518375774
0.035766530623
0.0400800822103
0.0410891044987
0.0384851944675
0.0329256184786
0.030167338716
0.0213026395665
0.0208069876326
0.0151957836828
0.00615637681725
0.00175077275901
-0.00268398440197
-0.00557303985022
-0.00876263982292
-0.00748342129058
-0.0160873430457
-0.0149432049471
-0.0134326093437
-0.0119220137402
-0.0119329969921
-0.0137452302835
-0.0105844436983
-0.00377117316779
-0.00361564599761
-0.00452692997471
-0.00453526718029
0.000845663468745
-0.00308019781832
-0.000337701493328
0.0146148730233
0.00969545235788
0.0143411384131
0.0102026626631
0.0154859708362
0.0226638854237
0.026972417563
0.0306279093952
0.0402714117516
0.0357761677498
0.0378056078272
0.0389450625003
0.0312526612353
0.0323703095477
0.031168862442
0.0249293024516
0.0182423365071
0.0151468477743
0.0120873004483
0.00466234902378
-0.00233513054409
-0.00106015575013
0.000214819043838
-0.00717480995721
-0.0175953303444
-0.0128937141882
-0.0108683280678
-0.0105527692647
-0.0102372104617
-0.00788137626604
-0.00544514298182
-0.00306241098595
-0.00137745775287
-0.00394605760835
-0.00354955958078
0.00122393484423
-0.00908124824964
0.00258950004645
0.00349616379319
0.00483746219125
0.00987698740469
0.0115959483691
0.0178636609608
0.0182949387118
0.0289645820062
0.0295034481022
0.0379588978932
0.0425555220525
0.0329833954643
0.0411648998522
0.0369363762507
0.0342980183399
0.03423692783
0.0241597681299
0.0187673750751
0.0133329291427
0.0118878478969
0.00408162706576
0.000411762785825
-0.00619203562376
-0.00872791309017
-0.00727719083355
-0.0123413248305
-0.0112248529011
-0.0121086222633
-0.0134977328802
-0.0103197298426
-0.0103145858377
-0.00812867497069
-0.00636221136643
-0.00534168894974
-0.00397700439796
-0.010257608192
-0.00265858077727
-0.00162062557482
-4.49155436655e-06
0.00250858507825
0.00157267757427
0.00952489731901
0.0122797553722
0.0161339070765
0.0222891265653
0.030207952376
0.0280311653542
0.031815563563
0.0355999617718
0.0387685054214
0.0363645778371
0.039151079399
0.0315377734885
0.0321454144164
0.0267650357941
0.0232568541858
0.0127537353048
0.0113957164643
0.00433629580176
0.00111807783747
-0.00151764747277
-0.00439816465595
-0.00891155014804
-0.0140296682427
-0.0137581503339
-0.0140898038387
-0.0151635264878
-0.0119242842356
-0.00784615983288
-0.00540085811892
-0.00862319462343
-0.0122069485285
-0.00697897634697
0.00515950000356
0.000803570044788
0.000819836864528
-0.000142191337527
0.00427270710984
0.00349668206775
0.0051780835347
0.00901890775086
0.0148249828953
0.0189635563892
0.0214138858946
0.0284449474259
0.0310065195168
0.0358869401681
0.0362214887572
0.0365560373463
0.0364270448837
0.0355573264526
0.0315729106228
0.0257761860073
0.0202557496596
0.0165536485507
0.00765001364108
0.00434874138983
-0.00410438825251
-0.00529688084794
-0.00753155257418
-0.0135851312282
-0.0102396266603
-0.0116522745872
-0.0141681088699
-0.0168545322813
-0.0149881090661
-0.0152182280346
-0.0149529949557
-0.00720379029231
-0.00796357560783
-0.00603185410332
-0.0039828055664
-0.00247361691145
-0.00125434000371
0.00258936388213
0.00178056072249
-3.67346216534e-05
0.005938921342
0.00997315623992
0.014009195717
0.0205817115118
0.0225973730657
0.0228866418456
0.0321502579232
0.038388862727
0.0378557689641
0.0402388388921
0.0428726027552
0.0419741324334
0.0437458206635
0.0327922592631
0.0192408823729
0.0191432908755
0.01112888855
0.0095799136419
0.00224163525608
-0.00581495236725
-0.00848796688462
-0.0104390302765
-0.0143595894779
-0.0138170441727
-0.0189939486921
-0.0135591212671
-0.0142022392932
-0.0148453573194
-0.0092955100725
-0.00968261200567
-0.00896928705243
-0.0109408597241
-0.00783486025952
-0.00319020813966
-0.00200343451525
-0.0068172416105
-0.0013700315848
0.000892427438661
0.00213940603625
0.00840588082997
0.0134013859203
0.0131982360119
0.0180764224669
0.029301971286
0.0323143715713
0.0370812694921
0.0390719044684
0.0369704126383
0.0400677038408
0.0394366235506
0.0317568251216
0.0291193783856
0.0268326996511
0.0181038540214
0.0105002266236
0.00811127400888
-0.000447751197318
-0.0066539073628
-0.00803344084836
-0.0125026807596
-0.0124600743034
-0.0148520702698
-0.0256075749272
-0.0153590040521
-0.0102546464663
0.000669446545063
-0.00649540563447
-0.00806811167817
-0.0128616929434
-0.0097233427885
-0.00911663078015
-0.00712824036434
-0.00323985920853
-0.00293418109315
-0.00849004572946
0.00110333252157
0.000575152249507
0.00656334332726
0.00764709000185
0.0125662647991
0.020228074886
0.0219444100795
0.0306134652167
0.0329699230951
0.034490337546
0.0367021173535
0.0323336685253
0.0393758794503
0.0305046565543
0.0309068043747
0.028152329281
0.0195009165548
0.0142825077737
0.00508704990013
0.000244009119089
-0.00723320451904
-0.00559324395873
-0.00744607175808
-0.00974386219539
-0.0121444191362
-0.00964796007562
-0.0090502158715
-0.013238248531
-0.0114951942914
-0.00746616625061
-0.00932700056234
-0.00753333489783
-0.00412597752464
-0.00457416728807
-0.00356281237734
-0.00709542933318
-0.00216647477002
-6.03356900511e-05
-0.00316791374395
0.00175204672871
0.00156051087202
0.00937767255216
0.0169844276683
0.0222238035874
0.0248261808643
0.0294187257252
0.0339630039549
0.0353817879809
0.036800572007
0.0377747944609
0.0371268443573
0.0310314861717
0.0315554088198
0.0289712179198
0.0203812761493
0.0156116281017
0.0116490157013
0.0011592452444
0.000745242476703
-0.0116898789915
-0.00806409465376
-0.0137693042194
-0.0140863790759
-0.0129882530966
-0.0205974768223
-0.0139827914214
-0.0167971730717
-0.0149572658961
-0.0139660606313
-0.0116037920929
-0.0104204916663
-0.0142173619243
-0.0102068760222
-0.00430484363699
-0.00692349200384
-0.00506359894751
0.00104444882864
0.00446203753496
0.00564670776563
0.00958659239678
0.0159896290779
0.018558366616
0.0279302524604
0.0179658031613
0.0361844373447
0.0361325691969
0.0444267885808
0.0442434424636
0.0376959025503
0.0381989724459
0.0349392243438
0.0281334049715
0.0186858053716
0.0160475858488
0.0120820624141
0.00135764220697
0.0023201678009
-0.00453739043646
-0.013184751122
-0.0112617785677
-0.0121721441537
-0.0128265814983
-0.0144336064467
-0.0174840329615
-0.0131870490242
-0.0121488408533
0.00211700137178
-0.00627162846774
-0.00489426816216
-0.00420645466802
-0.00612306195
-0.000703438025235
-0.00187117080328
0.000708086450048
-0.00125072048862
0.000277692814874
0.00661453992164
0.00995637252374
0.0135097008025
0.00964623256837
0.0215596048369
0.0278667509691
0.0407759578343
0.03961867173
0.0384501078945
0.0449403250928
0.0428706607821
0.0417136836473
0.0371943596714
0.0282433686879
0.0208395329589
0.0209554538499
0.012340722883
0.00655226529905
-0.000920666352171
0.000141642648184
-0.00934075030837
-0.0075857466787
-0.0186674139883
-0.017342643141
-0.0177802347846
-0.0168263959809
-0.01393925855
-0.0120450773719
-0.0101508961939
-0.0123585069999
-0.015883704914
-0.00636615841358
-0.00365417883766
-0.00497627617512
-0.00196548755531
-0.00210054779965
-0.000244389385735
-0.000740516293092
0.00587668793109
0.00961380224901
0.0141847865418
0.0206265751349
0.0241104642024
0.0280995992701
0.0287723286348
0.0335549141633
0.0332649085595
0.0405167770855
0.0391658263178
0.0371635715668
0.0299261760039
0.0235827328423
0.0225063363893
0.01900144608
0.0134449650659
0.00213950659742
0.00102424842296
-0.00586708416608
-0.00801021179209
-0.01356615382
-0.0133571634535
-0.0170653083994
-0.0133575267112
-0.0140258333413
-0.0146941399714
-0.010241789544
-0.00760703051946
-0.00516775926351
-0.00888157417658
-0.00289525236522
-0.00478608911808
-0.00877080609205
-0.00453825203702
0.000597156131424
-0.00396860843324
0.00449955606785
0.00622205531691
0.00774781887586
0.0133606870423
0.0124241709854
0.0200153372788
0.0298747479888
0.0310659653047
0.0335332314369
0.032699547298
0.0361314818935
0.0390112837196
0.0365651236215
0.0349238668816
0.0302671014079
0.0246126328764
0.0184008827536
0.0124344243264
0.00321362445482
-0.00172939095819
-0.00321359280248
-0.0168379897071
-0.0110206763276
-0.0126246953293
-0.0191488792605
-0.0169858210867
-0.0224565590909
-0.0177394489676
-0.0143027760711
-0.0118444334333
-0.0114442642048
-0.00951005942273
-0.00661217266291
-0.00980457945021
-0.0112436095611
-0.0104625064986
-0.0100403528099
0.00207755083213
-0.00156815114266
0.000559546666037
0.00654097671898
0.00585531749635
0.0128746526256
0.0208777541014
0.0180111622115
0.0273407997252
0.0290341333963
0.0312188947753
0.035448645578
0.0396783963807
0.0313994742149
0.0335088535213
0.0307056250148
0.0239651854863
0.0168642655041
0.0131068280259
0.00433984444349
0.00253478094801
0.0103937776205
-0.0066049043909
-0.0185088233494
-0.0098518152193
-0.0170446660403
-0.0136167581986
-0.0145348215509
-0.014407578356
-0.0151353731416
-0.0127798920569
-0.00974369639296
-0.00862787040709
-0.00963042155173
-0.00946277297062
-0.0118216075004
-0.00409401036461
0.000479215135881
8.385980486e-05
0.000418458967639
0.00305556501008
0.00455896918734
0.00312831293726
0.0106675372844
0.0135004209119
0.0204915605858
0.0256859896355
0.027266931251
0.0362336808573
0.0335776766712
0.0356592035822
0.0366898696061
0.0367690071014
0.0366673491414
0.0232801046086
0.0210154667823
0.0155163164616
0.00889450946763
0.00619593364068
-0.00103245060339
-0.00473990744077
-0.00503650595664
-0.00961672433667
-0.0139363702963
-0.0121697854845
-0.00554886327574
0.00107205893302
-0.00662345058714
-0.0100164200361
-0.00811871890779
-0.00827987115759
-0.0027054632547
-0.0138740531614
-0.00202727224211
-0.00621706688138
-0.00277210150369
-0.00491694536839
-0.00207358037009
-0.000773787676985
0.00211441105103
0.0061551686136
0.0148199942365
0.0166946677469
0.0200770208185
0.02489286041
0.0293614334139
0.0325485804336
0.0349181530215
0.0368023964115
0.038167050916
0.0355525889028
0.0337358230558
0.0300419995077
0.0233722518834
0.0180051204163
0.0081360199842
0.0126371153417
0.00506426024375
-0.000973020105226
-0.0100404723806
-0.0120517211915
-0.0141660759989
-0.0167431660539
-0.0161693254887
-0.0173994173986
-0.0134741576338
-0.0127148833447
-0.0126061434116
-0.0124974034786
-0.0108244592542
-0.00786510848881
-0.0053240323603
-0.0053773641961
-0.00632156572364
-0.00945402403376
-0.00432226220742
0.00384723749952
0.00131493681415
0.00663817615696
0.00567193315188
0.0125911541099
0.0172368983103
0.0270920547698
0.0324743684461
0.0311573278012
0.0333432514856
0.0366181808537
0.03861874043
0.0401563285216
0.0295096987546
0.0271264970427
0.0182370294311
0.0103612548472
0.0134241008624
0.00850245352366
0.00461369735717
-0.0056619986825
-0.00363837170727
-0.0078385881598
-0.0109637273803
-0.0122067983586
-0.0144898882796
-0.0141735898286
-0.0153791870356
-0.00961869426144
-0.00792719805978
-0.0125998116552
-0.0140473259325
-0.00392589156058
-0.00555642239558
-0.00601653066543
-0.00131833101725
-0.0065822309587
-0.000336871529764
-0.00148733099077
0.00699977436552
0.0102591560477
0.012895246537
0.0127675138278
0.0188257097965
0.0219921441203
0.0255587099865
0.0313329889154
0.0374160145276
0.0367578272394
0.0317448781338
0.0329588329329
0.0309692992917
0.026821838816
0.024139264891
0.0197308977421
0.0147484764468
0.00800298419006
-0.00485751628691
0.00207260662604
-0.0083960741515
-0.00900019569539
-0.0107530257319
-0.0104739902041
-0.0127336254722
-0.0141175656346
-0.0221145767056
-0.0151892585278
-0.014491848337
-0.0112854788071
-0.0114474804724
-0.0107285131619
-0.0087454832076
-0.00554402634657
-0.0091205118123
-0.00165826398071
-0.00930573170345
0.00305289948756
0.00602885355318
0.00255510243537
0.00404301182111
0.0131274700567
0.0120958575926
0.0221320059831
0.0255590932781
0.029393014408
0.0377590282603
0.0418158156097
0.0403202034221
0.0388245912345
0.0328553871239
0.0284831196959
0.0310965102233
0.0326102905995
0.0156335058731
0.0122064266604
0.00474313637115
0.00291099477377
-0.00636180220782
-0.0100763648412
-0.019386257669
-0.0147978463027
-0.0136327660039
-0.0163924203763
-0.0146141985655
-0.0148660486372
-0.0103986598138
-0.00967311045334
-0.010577402254
-0.0109078127801
-0.00795984645496
-0.0101407339111
-0.00811079649379
-0.00408871172343
-0.00406224463348
-0.000881444700568
0.00924064478472
0.00810710667289
0.010160599984
0.0123319973689
0.0131789884574
0.0222302201264
0.0260927449084
0.0311849161899
0.029399869324
0.0380223677943
0.0415409150153
0.0397423484576
0.0229543911577
0.0285917558057
0.0283344989848
0.0228573432449
0.0183468500875
0.0135498542284
0.0104405866232
0.00296090613439
-0.00712355935329
-0.00240044124325
-0.00769765127717
-0.0128521278784
-0.0113676476213
-0.0157693090912
-0.011994706301
-0.010186295999
-0.00910834111616
-0.0122380730594
-0.00137069882583
-0.0112118666284
-0.00828524546305
-0.0051521916093
-0.00498111840724
0.00718299394452
0.00182089470698
-0.00037998720626
0.00521884443755
0.00436314550291
0.00858909959271
0.0119984550828
0.0130478901648
0.0193930050318
0.0238742435546
0.0319798897054
0.0341778768336
0.0345167278446
0.0379350471186
0.0360481996781
0.0329786456161
0.0302315989292
0.0273488781246
0.0214622019457
0.0191948925583
0.0129154185082
0.00482957359411
0.0013088964092
-0.00159893199591
-0.00478965855979
-0.00683438224924
-0.0112610940392
-0.0117706617341
-0.0102215449869
-0.0128506772621
-0.0143691829471
-0.00520863622084
-0.0115091985565
-0.00947045540006
-0.00743171224361
-0.00821825906715
-0.00998248701538
-0.00566931809553
-3.18734740399e-05
-0.000543987223454
0.002058230615
0.00515686194078
0.00602757788149
0.0079395765247
0.0136439203596
0.0102865460107
0.0231239556974
0.026109512289
0.0341636443887
0.0337613209888
0.0382627497396
0.0407394322721
0.0403719352212
0.0420522786538
0.0322175836403
0.0324848335425
0.0301861451687
0.0170985212927
0.0180612482978
0.0104544889121
0.00573814994116
-0.00162461576273
-0.00442469162655
-0.00512815830314
-0.00802063953601
-0.0088535218641
-0.0109803035847
-0.0137463253651
-0.0112531798472
-0.014255361954
-0.0105691045155
-0.00679521464612
-0.0051879202768
-0.00766408718323
-0.00708764531346
-0.00766118582431
-0.00264209554017
-0.000232496637117
-0.000675247943528
0.00121457083587
0.00584812107994
0.00476529810558
0.010175813116
0.014680798132
0.0208767856909
0.0265874401386
0.0278387265272
0.0364351017656
0.0403111015313
0.042104604208
0.0418071256291
0.0423734814199
0.0372050247422
0.0294217194491
0.0305074171588
0.0222203024077
0.0181357676961
0.0108118761178
0.00749907918896
0.00138866102843
-0.000560212929921
-0.0125825221753
-0.0104079945436
-0.0121125362884
-0.0147183332562
-0.0161267282456
-0.00651737149361
-0.00797887924654
-0.00792674433496
-0.0118884761486
-0.00738924582585
-0.0042808803992
-0.00477238510838
-0.0044935090117
0.00168276971298
-0.00442562584782
0.00172851074402
0.00552139143166
0.00443980533659
0.00774759265464
0.0128878237423
0.0186667502563
0.0204660525836
0.0257854502605
0.0201296028774
0.0288023659904
0.0351092512961
0.0390036973073
0.0366203010504
0.0362316593303
0.0358915604965
0.0331043070173
0.0268379379804
0.0243523118167
0.0226088389281
0.0155287584191
0.008780078564
0.00497795605758
0.00117583355116
-0.00232151393749
-0.00222589857021
-0.0125112378312
-0.0117263837555
-0.00767064540014
-0.0104751820198
-0.00803066313218
-0.00610886385029
-0.00808319848412
