0.357465387578
0.346262372154
0.33505935673
0.323856341306
0.312653325882
0.301450310458
0.290247295034
0.27904427961
0.267841264186
0.256638248762
0.245435233338
0.234232217914
0.236445507138
0.231757414439
0.223126394147
0.22059184327
0.201369357552
0.193539140192
0.19400080317
0.181937090738
0.178521308643
0.158590195714
0.154490121502
0.144765345058
0.130272398841
0.119572448308
0.115647234226
0.113305417658
0.105066321047
0.104561082419
0.102587020298
0.0993700858867
0.0771040162356
0.0694712785658
0.0638943167133
0.0600605840109
0.059456593555
0.0454512409387
0.0399036925473
0.0413815365839
0.0200487968469
0.0212111466205
0.0147612603983
0.00470580914059
0.0153427625093
0.00351226361864
-0.00245567204765
-0.012814017275
-0.0242422023768
-0.0274790158641
-0.0307158293515
-0.0267108831567
-0.0337174280427
-0.0338700111689
-0.0304724300634
-0.0308658197686
-0.0345169928423
-0.0364068687423
-0.0382967446423
-0.04665144857
-0.0417543556265
-0.0445568968069
-0.0399978928914
-0.0377528237561
-0.0367294722074
-0.0317104367183
-0.0370702801535
-0.0317256892309
-0.0307024347365
-0.0293543183853
-0.0280586157838
-0.0270963500751
-0.0290457454368
-0.031458378822
-0.025327977534
-0.0161716535782
-0.0201111432841
-0.0179594106975
-0.0132340585056
-0.0140016719721
-0.00705405667873
-0.00717864086121
-0.0140742428835
-0.0110852026951
-0.0118833390147
-0.0131205283862
-0.00889253368227
-0.00822325259029
-0.00713922853101
-0.00230639890517
-0.00238836474998
-0.00579141761026
-0.00482943190441
-0.0135826684489
-0.0223359049933
-0.0213721816271
-0.0216657999205
-0.0222781374742
-0.0192478856047
-0.0235524228799
-0.0215299999947
-0.0195075771095
-0.0254537234978
-0.0239842846482
-0.0361107632764
-0.0349973041304
-0.0338838449845
-0.0171728907144
-0.0129416000402
-0.0167479243984
-0.0130723104643
-0.0169936042457
-0.00914287952546
-0.0098907020567
-0.0213113301294
-0.0244528782209
-0.0275944263125
-0.0125884825838
-0.0160837544199
-0.019579026256
-0.0203555895411
-0.0133328053026
-0.0231088157672
-0.0266843086945
-0.0253836075198
-0.0165432890177
-0.0198190216996
-0.0245715501471
-0.0155448823188
-0.0130216183708
-0.0208611532966
-0.0312887066874
-0.0244457957939
-0.0253800264854
-0.0288420511252
-0.0288536498264
-0.0287440239362
-0.0291011644643
-0.0325047898793
-0.0371578315545
-0.0351728502782
-0.0343449380513
-0.0344692501298
-0.032775875581
-0.0318953475666
-0.0324809968943
-0.0304196607194
-0.0345304527805
-0.0316095934733
-0.0315912662818
-0.0296043071207
-0.0281540303402
-0.0316165320965
-0.0333986565679
-0.0300671628559
-0.0289814323664
-0.0277180051326
-0.0268761169123
-0.0264826923172
-0.0188771818587
-0.020644089883
-0.0241672228589
-0.0186164482243
-0.0150330386366
-0.0262762431874
-0.0243890096395
-0.0225017760916
-0.0303699156529
-0.022572453384
-0.0205889467499
-0.0254725782864
-0.0210536917752
-0.0125905128762
-0.0227339312611
-0.0282070645542
-0.0167336136825
-0.0155822090867
-0.0106402404633
-0.00431434711712
-0.0166179323747
-0.00498520429186
-0.00136358403562
-0.00673687218784
0.00219613187746
0.00404552279902
0.00416505079811
0.00243931552272
0.0116630282157
0.0126637364366
0.0114124080656
0.0101610796945
0.0089097513235
0.00765842295247
0.00640709458143
0.0051557662104
0.00390443783937
0.00265310946833
0.0014017810973
0.000150452726267
-0.00110087564477
-0.0023522040158
-0.00360353238683
-0.00485486075787
-0.0061061891289
-0.00735751749993
-0.00860884587097
-0.009860174242
-0.011111502613
-0.0123628309841
-0.0136141593551
-0.0205090716325
-0.0203031960113
-0.0215446099027
-0.0130069552354
-0.0206852123089
-0.0228863017851
-0.0250873912613
-0.0272884807374
-0.0294895702136
-0.0275023076995
-0.0299355185083
-0.0373826881332
-0.0347909963591
-0.0377338400988
-0.0344053606169
-0.041293463231
-0.0390684005079
-0.0393494405453
-0.0342919536237
-0.0424146570335
-0.0437062290368
-0.0412839299207
-0.0376161940103
-0.0384740680183
-0.0333684180742
-0.0398628378052
-0.033971417693
-0.038062336119
-0.0311418888804
-0.0318455284201
-0.0270781035459
-0.0310408641386
-0.0293683426625
-0.0283451726336
-0.0300712138317
-0.0354991762151
-0.0285190893158
-0.0275173812377
-0.0265429625565
-0.025808831174
-0.0235527893006
-0.0234038153237
-0.0231301657191
-0.0237411195415
-0.0220170479629
-0.0165559502815
-0.0172947544516
-0.0176365760134
-0.0143400708937
-0.0147215633281
-0.0127096055937
-0.0147923859625
-0.0142955657272
-0.0131178506167
-0.00588334294969
-0.00611434839211
-0.00712206506471
-0.00499603584189
-0.00413486156803
-0.000617201128422
-0.00103353794628
0.00216522983115
0.0018474012111
0.00086101802442
0.00655816625586
0.00752616639546
0.00208282236564
-0.000964774239926
0.0100584806984
0.0091419054488
0.00408641345012
0.00574715082422
0.00361491143886
0.00102739028012
0.00109079011683
0.00293677221639
0.00478275431595
-0.00136119535345
0.000975837101401
-0.00527945454695
-0.00282773260657
-0.00486651994517
-0.00344519983059
-0.00322469852194
-0.00348408220163
-0.00479655734813
-0.0100679929338
-0.0127395576333
-0.0139089536676
-0.0119423374789
-0.012507739767
-0.0155539013197
-0.0151486476312
-0.0179621545412
-0.0178519069105
-0.0241148169094
-0.0118777099256
-0.0158351738114
-0.0233797984628
-0.0256831147737
-0.0299319223018
-0.0238006555398
-0.0296562149723
-0.0265170673901
-0.0361748141812
-0.0359946647694
-0.036984400733
-0.0347404476547
-0.0347739030695
-0.0341655956418
-0.0337329885634
-0.0348533653442
-0.034022418559
-0.0365223924121
-0.0344425658247
-0.0324459854715
-0.0264171635
-0.024381722712
-0.0302619984963
-0.0324709718862
-0.0254838867575
-0.0263156342503
-0.0276445704063
-0.028595749221
-0.028282789114
-0.0265751046919
-0.0256231333918
-0.0261084689117
-0.0248769765499
-0.020550758809
-0.0167607178262
-0.0145111194572
-0.0306890529785
-0.0257614246208
-0.0229361929273
-0.00915850786684
-0.0128763619941
-0.0146124480394
-0.000243273559634
-0.0023701847929
-0.00906657782015
-0.00893269566314
-0.00766758922313
-0.0062231574286
0.0012237757118
0.00069888897289
-0.000489387393832
0.00147127117486
0.000952619801127
-0.000251802144422
0.005572835844
0.00438433064805
0.00423479379906
0.00855997277452
-0.00336578722608
0.00101024144837
0.00384863282931
0.000302627942619
0.00224533962613
0.00963898259855
0.0129752200436
0.00868696658293
0.00895615198104
0.00920466322794
0.00381579338231
0.013076295367
0.0136999096362
0.00658567301096
0.00273472268675
0.00358444948291
0.00245258525208
0.000257050516247
-0.00193848421959
-0.00413401895542
-0.00580958628909
-0.00531944174051
-0.00217774223631
-0.00417742219137
-0.00447383965914
-0.00644410927546
-0.00812843185039
-0.00858692186657
-0.0120744887344
-0.0166607265155
-0.0209106414543
-0.0127328244471
-0.0142358012887
-0.0139875173488
-0.0154160857846
-0.0202940790936
-0.0228625199971
-0.0322907448857
-0.0323254549873
-0.0277526848471
-0.0287836699051
-0.0270266469154
-0.0289969705336
-0.0325157088009
-0.0294508814113
-0.0371968904594
-0.036235608581
-0.0354874414879
-0.0374398295836
-0.0336327079786
-0.026889505004
-0.0270720903996
-0.0264354061231
-0.0306666292791
-0.0250974274456
-0.0248905975296
-0.0247696820323
-0.0305043971093
-0.0299586993134
-0.0252327944042
-0.0179081114414
-0.024591941398
-0.0113572821648
-0.0181570623078
-0.0147696682587
-0.0148734586941
-0.0152249714818
-0.015643534649
-0.00672390140447
-0.00592239495876
-0.00512088851305
-0.00380320334845
0.00126908072088
-0.00370542756555
-0.00434070987195
0.00101503437183
0.00461042051484
-0.00212776230888
-0.000192795784006
-0.00411564715623
-0.0049269917931
0.00516239028133
0.00351165925291
0.00394961641893
0.00300818989972
0.0039264977646
0.00836553937436
0.00952937071868
0.0118024886724
0.00364236079024
0.00400072525901
0.00943968412985
0.00741733538339
0.0121014596907
0.00801585839961
0.00685381598469
0.00545020630972
-0.00513116729048
0.00706703853745
0.00632532540636
0.00178336056876
0.00483436779936
0.00163757225312
0.00406890544327
0.00508613431527
-0.00917076047427
-0.00458550420186
-0.00761997579563
0.00231259967456
-0.000980113975023
-0.00873412938345
-0.0127064384619
-0.00684881626321
-0.00680133989962
-0.00675386353603
-0.0126713135839
-0.0118161339347
-0.0133894191199
-0.0147478631304
-0.0163589829576
-0.0174865060643
-0.0104472649756
-0.0159462035658
-0.0145303374392
-0.0175618288536
-0.0273216127903
-0.0304077113988
-0.0321410428298
-0.0245148364333
-0.0273243761497
-0.0316489255559
-0.023152958341
-0.024383720307
-0.0289646333561
-0.0276460153607
-0.0277998460769
-0.028609671339
-0.0294194966012
-0.0242189045818
-0.0213864355643
-0.025013583046
-0.022558752712
-0.0146125868531
-0.0244850497312
-0.0226714095912
-0.024531618054
-0.0278569016174
-0.0217022856081
-0.0118075111756
-0.0205846319952
-0.0194709545754
-0.0218153155778
-0.0216995571417
-0.0116312461212
-0.014933235083
-0.0242536745678
-0.0209719025851
-0.0133456974774
-0.0196862472179
-0.0157807154312
-0.00816755035544
-0.00910037433618
-0.00627297782067
-0.0145479057923
-0.00654873231481
-0.0098537953816
-0.00388770410461
-0.00368930510323
0.00102953829826
0.00303736839841
0.00642377263122
0.00563172521021
-0.00692129551252
0.0039430515971
0.0090312189045
0.00494291135047
0.00809279066633
0.00805763133231
0.00783815438527
0.0137447518746
0.00919662527769
0.0134068255318
0.0128888155569
0.0024838068918
0.00277680256541
0.00592915643814
0.00557796374194
0.00547169451722
0.00780459637285
0.00854594961288
0.00405072601754
0.00587896607225
0.000981079989954
0.00107764984517
-0.00495311369247
-0.00227303019484
-0.000900695869578
-0.00429459642653
-0.0049156917632
-0.00743286544181
-0.00501168299537
-0.00913237489329
-0.0223701214131
-0.0199228792942
-0.0219472061211
-0.0223545911169
-0.0113764662833
-0.0164222893921
-0.0165356587764
-0.0189259803941
-0.0213163020118
-0.0244828093781
-0.0267288389364
-0.024736054781
-0.0188414945155
-0.0252861305823
-0.0287200765674
-0.028905852505
-0.0286040575975
-0.0344975524688
-0.030289606089
-0.0343454100762
-0.0390624622345
-0.0426881092135
-0.037791700991
-0.0294318887681
-0.0285053189538
-0.028327823046
-0.0430018466709
-0.0396744028968
-0.0368428549021
-0.0386587487597
-0.0247171679774
-0.0218663314113
-0.0208195151568
-0.02089734022
-0.0186324706381
-0.0281204955009
-0.0278247407788
-0.022985623714
-0.0174260701122
-0.0189232825211
-0.0154988047359
-0.014364655331
-0.0113516011453
-0.0158365493253
-0.0101239564653
-0.00603491574222
-0.00240218560074
-0.00118161190412
-0.00244964061283
-0.00535414514344
0.00210291392578
0.00955997299501
0.0170170320642
0.0244740911335
0.0319311502027
0.0393882092719
0.044656806703
0.0499254041341
0.0551940015652
0.0604625989963
0.0657311964274
0.0709997938585
0.0762683912896
0.073478932524
0.0706894737585
0.0679000149929
0.0651105562274
0.0623210974618
0.0533856536773
0.0478162371416
0.0470194626962
0.0409168197749
0.0363909877518
0.0327437671332
0.0267343184968
0.0233436941816
0.0167456698798
0.0238730463892
0.0125728752689
0.0103052364109
0.00622928649041
0.00658419484017
0.00127417383997
-0.00689947042352
-0.015073114687
-0.0152479987455
-0.0137573038919
-0.014640618927
-0.0135437802044
-0.00551703790291
-0.00672567330691
-0.0117058461696
-0.0104695499108
-0.00496748687189
-0.0105314553121
-0.012071244762
-0.0162017691994
-0.0214400877812
-0.0162476131251
-0.0166025960019
-0.0166893200527
-0.0159234840234
-0.0139035628061
-0.0167140042826
-0.019524445759
-0.0277072590902
-0.0149912181179
-0.0164022048986
-0.0194568066797
-0.0194149381979
-0.0226794185195
-0.0229487593783
-0.0214199656088
-0.017200163
-0.0135066076641
-0.0185608427472
-0.0163057097076
-0.0140047314298
-0.0166206745576
-0.0175986908795
-0.0111614488361
-0.0146209054529
-0.0123677002862
-0.0180082484106
-0.0170776178391
-0.0167401553998
-0.0191703707978
-0.0170531751304
-0.0174775453201
-0.0114597578081
-0.00992452341044
-0.0103482355013
-0.0146756339745
-0.0141845643504
-0.0109349785213
-0.00838627699728
-0.00473439581991
-0.0102011989372
-0.00993132408881
-0.00288737274115
0.00312432995266
0.0038712592246
0.00255821343983
-0.000822153972743
-0.00483366477751
6.47062606987e-05
0.00194293669567
0.00330445503497
0.00429518846139
0.00389264738414
0.0102082668827
0.00777088379384
0.00907911115101
0.00940705986699
0.00882102379449
0.0113564393818
0.014387515124
0.0113123895592
0.00808855696405
0.00640931924048
0.00436506003658
0.00668084091996
0.0113058879697
0.00838547054404
0.00457189390319
0.00761889127695
0.00536406107947
0.00846769708965
-0.00731153331628
-0.00967900783261
-0.00869406891826
-0.0114268263055
-0.00355548191544
-0.00945270656853
-0.0139145220999
-0.0157869792027
-0.0121539362442
-0.0099326544918
-0.0092528777611
-0.0120874258749
-0.0164905559268
-0.0155744782444
-0.0135984545174
-0.0214948409193
-0.0173114061844
-0.0210274355646
-0.0157241574261
-0.0251110810827
-0.00910623791783
-0.00813461936188
-0.0136716626278
-0.0232209456431
-0.0219929281178
-0.0242953604239
-0.0255062343273
-0.022867901382
-0.0234505325629
-0.0267616166195
-0.0335866815789
-0.0290194989346
-0.0244523162903
-0.0237109285374
-0.0247975070007
-0.0224274115115
-0.0235727293166
-0.0221864504248
-0.0208791397416
-0.0181016476807
-0.0149140407501
-0.0158846020106
-0.0152313136558
-0.0206558881555
-0.0187587918388
-0.0158535768984
-0.0205611624239
-0.0188190019033
-0.0167831453632
-0.0120484281618
-0.010365822812
-0.00932696210106
-0.00306149365864
-0.0146548276278
-0.0176820564676
-0.00968323836484
-0.000849561301777
-0.00269565695114
-0.0059351464828
0.000101691420637
-0.00509536042165
-0.000935811305252
-0.000891928436287
0.000133052174603
0.00644427741453
-0.0027443519063
-0.00641266007469
0.00507820417319
0.0109240023077
0.0111992398022
0.0119900408566
0.0107626064724
0.0102846946063
0.0139717757141
0.0129716783914
0.0157338415149
0.0124620132312
0.00782534836372
0.00956851003782
0.0139035409517
0.0160971288969
0.0139231218084
0.0134840975262
0.0173470729387
0.0160574229403
0.010037737156
0.0105591956559
0.0161628868724
0.00242497687335
0.00652997877986
0.00756116589553
0.0021319879559
0.00652975246196
0.00665457396432
0.00516515042945
-0.0015540108935
-0.00226338128184
0.000426805882943
0.000269321021621
0.000498798547634
-0.0119636129688
-0.00864100391186
-0.0105120780548
-0.0137266980869
-0.00570854420385
-0.006922333377
-0.00624118686674
-0.0120487849009
-0.0141760285828
-0.0156250155535
-0.0146221799374
-0.0179073738042
-0.0223569937757
-0.0294305488151
-0.0152783331817
-0.0257924904649
-0.0210204590907
-0.0241418251767
-0.0260065786338
-0.021462328506
-0.0248524251269
-0.0264916763598
-0.0305421066787
-0.0215784687158
-0.0237292684949
-0.0223553389811
-0.0172716059491
-0.0170594250886
-0.016847244228
-0.0166350633675
-0.0161937627944
-0.0134664686905
-0.0104830963791
-0.0137843507563
-0.0161203440947
-0.0152796443541
-0.0174403431898
-0.0147100706424
-0.0161707518595
-0.0200025820716
-0.0177200228981
-0.0108868538926
-0.00708756813916
-0.0069963839048
-0.0030232567721
-0.00316388050639
-0.00217530518522
-0.00608127946766
-0.0144401914655
-0.0126221280482
-0.00512222382841
-0.00148010732895
-0.0026169918623
-0.00878216425096
-0.00299859793755
0.00803160023481
0.000156274141484
0.00486115224613
0.0111160317765
0.00672804442201
0.0110577504692
0.0153874565164
0.014045463771
0.0127034710256
0.0104170983966
0.0113680876715
0.00764998904264
0.0179954679678
0.0169243266669
0.0131430763486
0.0210240987105
0.00793906192756
0.0141097317476
0.0184239165762
0.0121827722041
0.0052954259163
0.0124145234832
0.00608884015933
0.00923945995934
0.0101643067729
0.00801907942624
0.0115625355374
-0.00101117059861
0.00494758709994
0.00213942103082
0.000239023658446
-0.00185232062081
-0.00339395727471
0.00471248665456
-0.00341188603482
-0.00693666636462
-0.00894047754387
-0.00564830020984
-0.00964198429369
-0.00828715002479
-0.0100865096097
-0.00401329125312
-0.0189878307348
-0.0126982828378
-0.0163310271841
-0.01528894347
-0.0229618656032
-0.0151164372222
-0.0216085925972
-0.0157796853966
-0.0274704594029
-0.0258848537407
-0.027717649112
-0.0320363866702
-0.0262468490377
-0.0301611022071
-0.0264541753167
-0.0239681681739
-0.0304666807624
-0.0296543209622
-0.0208062247557
-0.0243864403516
-0.0246689498974
-0.0269067046601
-0.0255696522865
-0.0224325787448
-0.0192955052031
-0.0161584316614
-0.0130213581196
-0.00988428457793
-0.0191559257183
-0.0137776306667
-0.0156265042471
-0.0161566286169
-0.00900247430394
0.00511274205322
0.00503855529082
-0.00586361373421
-0.00496831695772
0.000892179853311
-0.00436434088271
-0.000428022098692
-0.000643087331547
0.00311366022894
0.00244945564356
0.00339247057479
-0.000581875091532
0.00677824148166
0.00395738209051
0.00140229144675
0.0066733523576
0.0084957964262
0.00522494663632
0.0180687415955
0.0114968364018
0.0168920008858
0.0147278771042
0.018392921172
0.0189010970285
0.0173437358263
0.0174255493935
0.016034307198
0.0190397759732
0.0211167458838
0.0163938534501
0.0236721721358
0.0164251740479
0.0157869848477
0.0138753191719
0.0199073829732
0.0101620084088
0.0116807172957
0.00764674578161
0.0058701794019
0.0120877266069
0.00859038432348
0.00532050801058
0.00590387694531
0.0125198928396
0.00224471463922
-9.18420399334e-05
-0.0012248458303
-0.000955465648231
-0.000388264738693
-0.00370963883652
-0.00632213772886
-0.00911680811635
-0.00917101298245
-0.0121713858424
-0.00792571398315
-0.0036800421239
-0.0106368202956
-0.0165962854903
-0.0216171072883
-0.0155714821895
-0.00693514145939
-0.0139498363369
-0.0111542973606
-0.0242245679452
-0.0158171836668
-0.0195767455704
-0.0204990685386
-0.0229999056714
-0.0241559382992
-0.0191788676235
-0.024116408954
-0.0171206625038
-0.0206222752873
-0.0208832451222
-0.0236918834652
-0.0229140361305
-0.0210005996976
-0.0133023998367
-0.01096599807
-0.0217385617201
-0.020123823203
-0.00933132508094
-0.00958989273824
-0.0113685275855
-0.0125948510936
-0.0157808503216
-0.0131757578757
-0.00227746710957
-0.00559076123408
-0.00890405535859
-0.0122173494831
-0.0036909476072
-0.00256968094602
-0.000936991374771
-0.000333358560952
0.00296407218129
0.00523005151677
0.00540294216123
0.00939866373061
0.00958350257636
0.0146904423001
0.0180745193258
0.0107522426432
0.0122184622245
0.0131412863574
0.0112485097893
0.0118414158217
0.0215406537708
0.0199307081137
0.0235824236515
0.0304744049737
0.0260202753036
0.0131936754934
0.0195093516345
0.0220054936986
0.0211991663739
0.0216556924154
0.0212410426138
0.0176712528712
0.0232958552193
0.020373560448
0.0212548032357
0.0214443345484
0.0140853618974
0.0174767513865
0.0152115193966
0.0138871632647
0.012054983635
0.00817221134259
0.00430527827395
0.0037313012231
0.00500083245101
0.00627425832871
0.0064026145864
-0.00336485383569
-0.00435123218228
0.00118676394588
-0.00244884301868
-0.00155307992502
-0.00395846689769
-0.00761695882089
-0.00559113082034
-0.0092321500084
-0.00831219406708
-0.012660485732
-0.017703854441
-0.0192217450126
-0.0231257941333
-0.0169255755248
-0.0190489719445
-0.0192996320205
-0.0198207784618
-0.0166737620603
-0.0180189967544
-0.0290726235628
-0.0252886886885
-0.0221201466046
-0.0205592091868
-0.0147784087761
-0.0212480015512
-0.0218863470753
-0.0231180251376
-0.0193065871887
-0.0180209607552
-0.0180770395617
-0.0146460338259
-0.0112660608636
-0.0120853787985
-0.0136094064521
-0.0171541302233
-0.0143559762215
-0.00985096307257
-0.00940875164605
-0.0100893829446
-0.00736978562638
-0.0060901185096
-0.00328792693008
0.00148434776404
-0.00826911806162
-0.00123332856556
-0.00631897702271
0.0105979797968
0.00593941038853
0.00506745147037
0.000925220842298
0.0051953732334
0.00946552562451
0.014341477724
0.0145889490015
0.0130912409178
0.0120528027565
0.0148243636425
0.0136521471026
0.0187364891121
0.0170747982382
0.0177133159829
0.0176729341362
0.0108787024588
0.0146177062065
0.0254572842103
0.0238556445847
0.0252856886902
0.0266272276942
0.0171723941606
0.0145518195527
0.0206719112822
0.0149335867181
0.0198611996108
0.0171999041926
0.0145386087744
0.0192456685876
0.0173741552532
0.0184110352281
0.0165469521766
0.0164837849432
0.012181863097
0.0152434264967
0.0106676430767
0.00495888208449
0.00435931798643
0.0063836374229
-0.00149545582028
-0.00170205413905
0.00494152642935
0.00446252647249
-0.00487230019458
-0.00347171994726
-0.00752565615222
-0.00166669991364
-0.00536581672277
-0.0090649335319
-0.0138855711709
-0.0131248257192
-0.0160198759823
-0.0142401534454
-0.0154514981731
-0.0226480570654
-0.0203337318116
-0.0197761856609
-0.0184953014342
-0.0171126387299
-0.01630763279
-0.015699711997
-0.0228253130028
-0.0185838454033
-0.0238294876993
-0.0200953510089
-0.0342663189528
-0.0203852313993
-0.0202595250773
-0.0221062669933
-0.0187128115551
-0.0159388639466
-0.0188374470391
-0.0213383345181
-0.0158284502386
-0.021499506358
-0.0160385083745
-0.0171351895979
-0.006502996001
-0.00284496402034
-0.00437555915418
-0.0111550446699
-0.00488808131744
0.000692510273964
0.00232517411899
0.00143788974143
0.0105801773903
0.0111541125518
0.00859063185733
0.0121687918482
0.010760196501
0.00586586382416
0.0110401116321
0.00892883144137
0.0134066511678
0.0168982727883
0.0137446223763
0.011993948626
0.0119108538061
0.0151289332058
0.0165499145617
0.0179708959177
0.0244522700325
0.0210952369748
0.0238113551381
0.0249062383611
0.0319054492313
0.0286018760783
0.0273681025027
0.0261701613539
0.0247786156873
0.0234187653487
0.0172914619728
0.0251911276229
0.0260376993151
0.0275329946079
0.0265115165115
0.0267413926352
0.0257620543212
0.031774465205
0.0360906637267
0.0246480162503
0.0142302791557
0.025802521902
0.0138881922617
0.0158680701324
0.0144445467721
0.0132753867457
0.0097465709021
0.00962485242922
0.00687346064521
0.00692046557985
0.00592245181535
0.000571234738582
-0.00023479070193
-0.00104288630389
-0.00442681757269
-0.0077373056196
-0.00552734545338
-0.00849645425491
-0.0113399655184
-0.0100681366297
-0.00521404756423
-0.000359958498767
-0.0172702809292
-0.0158841837815
-0.0138575707484
-0.0251819134469
-0.0217213496551
-0.0209199540872
-0.0218971610116
-0.0214931134209
-0.0209785838455
-0.0190591858512
-0.0167921095168
-0.0161096130111
-0.0169225588439
-0.0163928534311
-0.0124101639388
-0.00769264628977
-0.00966629822345
-0.00664398638798
-0.0108003086566
-0.00784842025301
-0.00716903863479
-0.0091181312929
-0.00486456689531
-0.00121154651461
-0.000710497911005
0.000460020291676
-0.0044123294227
-0.00586703638707
0.000528073312234
-0.00124194940525
0.00325551476183
0.00584935069345
0.00765450864795
0.00803466874804
0.00790872773376
0.0111184932811
0.00668833327257
0.0126749235376
0.0185320014326
0.0141842359658
0.0139958545151
0.0155393111838
0.0157093163459
0.0132218047641
0.020732442521
0.0279928226075
0.0134683391544
0.0195086553763
0.0242614863228
0.0192440722248
0.0348400180862
0.0316568278502
0.0290647738077
0.0264727197652
0.0238889739003
0.0272880003161
0.0264674267192
0.0282182285699
0.0274462413
0.0222219844262
0.0239586429913
0.0213834805915
0.0273414730603
0.0291407999396
0.0232624027275
0.0183725043379
0.0155861051917
0.0183730435644
0.022938495718
0.028681045839
0.0235112743523
0.0270053822497
0.0213605152795
0.00752052556689
0.0155913877086
0.00898805030319
0.00571164753625
0.00691341239983
0.00730523127569
0.00583322925116
0.000910885141442
0.00201648738459
0.00082894976266
-0.00168066438947
-0.00826312908286
-0.000910761779073
0.000325899009476
-0.0014338565722
-0.00422446929841
-0.00967784180163
-0.0111366584688
-0.00837493077128
-0.00444662332018
-0.00844881975196
-0.02118573293
-0.0226874690705
-0.0132893517963
-0.0125629132379
-0.019096724283
-0.0128849953796
-0.0174036004109
-0.0178417472754
-0.0133858691906
-0.00813857181062
-0.0110125469055
-0.00840040738509
-0.00923191402439
-0.00111392669265
-0.00458312896726
-0.00595956005923
-0.00669119866843
-0.00299692078615
-0.00678267424951
-0.000718703513164
0.00501984698039
0.0116175160992
0.00645381102588
-0.00563119177536
-0.00234653672675
0.0040841327845
0.00605027138098
0.00206558671629
0.0182559844317
0.0114209511191
0.0080238112917
0.0114386558943
0.0125091311542
0.0148028429353
0.0173933203142
0.0168902008576
0.0195124765444
0.0188796614951
0.0261463996294
0.0241205602255
0.022181998837
0.0261528767881
0.0241662280275
0.0216728780339
0.0218966206589
0.0217962086856
0.020225825681
0.0292450167794
0.0274161691505
0.0293977563863
0.0284223308169
0.0280001606207
0.023994742434
0.0300909685825
0.02643429297
0.0227776173574
0.0244862318391
0.024180743044
0.0202160709751
0.0183555055598
0.0210233769799
0.0211379345284
0.0182087017072
0.0176119658164
0.016934895652
0.0144734214923
0.0163446133857
0.0148813847912
0.0136799948656
0.0105218369832
0.0123816841926
0.0041972649127
0.00605291930044
0.00967445939986
0.00400993654061
0.00504274957904
0.00770635561992
-0.00196056389407
-0.00168158786587
-0.00523494138644
-0.00842465983953
-0.00922997865337
-0.00829595669815
-0.00677786234528
-0.00657188455334
-0.00640058349061
-0.0132909089625
-0.0201812344344
-0.0205894463159
-0.0191866224351
-0.0175841668918
-0.01224947743
-0.0147545985636
-0.0136592456431
-0.0129607480703
-0.0141971549487
-0.0163681294695
-0.0132346722769
-0.0156920309502
-0.0147067310766
-0.0133155237627
-0.0125295053518
-0.0116817373391
-0.0127722523815
-0.0104629150241
-0.00713883780583
-0.00765910506804
-0.0052457333093
-0.00281017469925
-0.00220849640061
0.000954087441425
-0.00122527233148
0.00240818451356
0.0052388771622
0.00779178289253
0.00613032234273
0.0103328334857
0.0121406955982
0.00920779165953
0.013437612
0.0168364844328
0.0235934349614
0.0217403041566
0.00850827662464
0.0142611562636
0.0186465078553
0.0187571109539
0.0270788259992
0.0233965324206
0.0260347300608
0.0247602089656
0.0260349072012
0.0280061650442
0.0285827578608
0.027989803008
0.0269363152643
0.0285376812587
0.0274930689272
0.0294638563501
0.0303149313493
0.0315307834266
0.0327917424186
0.0309476128231
0.0335547711605
0.028324295806
0.031646370679
0.0276723666222
0.0262456721416
0.025079251404
0.0251289661463
0.0237762636579
0.0224235611695
0.0210708586811
0.0212049539952
0.0254588538443
0.0206225895567
0.0176255072407
0.0146284249247
0.0148265101132
0.00629835087142
0.0183188098673
0.00149552401704
0.00586706797594
0.0057745294202
-0.00171303618029
-0.00203537765533
-0.00687717445654
-0.0098649098261
-0.0064190171747
-0.00758593658995
-0.00985858250372
-0.0135934114541
-0.0116055039113
-0.0146404453812
-0.0156789399514
-0.01373927228
-0.0159430282758
-0.0170159706332
-0.0197982300605
-0.0189624616007
-0.0165151332676
-0.0122642002442
-0.017635127433
-0.0123004522483
-0.00877091522615
-0.00776643138939
-0.00847909566753
-0.0102359267609
-0.00694182282542
-0.00862231353701
-0.00670721817586
-0.00720296378826
-0.00876043628694
-0.012523414122
-0.00952105727542
-0.00698973417061
-0.00572266305386
-0.0049557066524
-0.00357117520618
-0.00562657603251
-0.011407908184
-0.00230065562589
0.00142235109111
-0.00087859256562
0.000832690267415
0.000171266264883
0.00414952476055
0.00491911053867
0.00782277629694
0.00739940990162
0.0095113662547
0.0137342060093
0.0129109491374
0.0138973398877
0.0104809963661
0.0158276593434
0.0159548731671
0.0137319488478
0.0184394840349
0.019294887985
0.0198082686039
0.0233275268519
0.0186347898972
0.0209968838282
0.0231128332426
0.023108682144
0.0228438512579
0.0252309836318
0.0237950147334
0.0302639886792
0.0235532533401
0.021681703052
0.0261339339396
0.0198829499632
0.026207952443
0.0256138196208
0.0214185351521
0.0208066055904
0.0174112983744
0.0147197738519
0.0154888383905
0.0112139298382
0.00905538189718
0.00729378374437
0.00729451191478
0.00551743005744
0.00524964294593
0.00498185583442
-0.00159029837849
-0.0050998264276
-0.00343854140699
-0.00757246429179
-0.00630424593176
-0.00712323977872
-0.0105867858509
-0.0123797284203
-0.011669710971
-0.0104332819663
-0.00930311504495
-0.0118087243443
-0.0140268334173
-0.0188445391166
-0.019064283542
-0.0198551378918
-0.0210414260021
-0.0202413483651
-0.0205722524729
-0.021441369164
-0.0191820447019
-0.0218587600636
-0.0213984429078
-0.0199944531916
-0.0163626714009
-0.014101245136
-0.0115692316987
-0.0141676943188
-0.0118501037022
-0.0120535014713
-0.00897321582109
-0.00837724036753
-0.0106861442084
-0.0131955602364
-0.00514619164066
-0.00283691366127
-0.00101454357222
0.000983326592433
-0.000654294755553
0.000710492487856
4.9546538329e-05
0.000525970266233
-0.000309562304851
0.00592705720887
0.0121636767226
0.00723857553669
0.00175143306425
0.00637712447376
0.00370338157877
0.00796949322477
0.00787812265464
0.0119326440402
0.011752669647
0.0133070857248
0.0121977726146
0.015456638722
0.0170245993675
0.0172962990852
0.0167815934944
0.0188671693487
0.0207911050293
0.0193154469368
0.0222825422344
0.02299648073
0.0221161567222
0.0183556489769
0.0259098198989
0.0220680998966
0.0290990114044
0.0296036886335
0.0241836640041
0.0242066477586
0.0277081046356
0.0247915291723
0.0233241142774
0.0252681578687
0.0230487515245
0.0239532789524
0.0226622643461
0.0144314554398
0.0177523260082
0.0181726299889
0.0153360740184
0.0124995180478
0.0110847374523
0.0112746813098
0.00771572296395
0.0118889737737
0.00551170032553
0.00579489767795
0.00969253789822
-0.00406521559725
-0.00745520675656
-0.00342115846661
-0.00922745389475
-0.0150337493229
-0.0149189030923
-0.0137455414114
-0.0106297946118
-0.0157557570414
-0.0156937552351
-0.0160302570869
-0.0184081025029
-0.018223327671
-0.0222605524874
-0.0192063611994
-0.0200124220684
-0.0223538827901
-0.0205765151656
-0.0208759421142
-0.0201756292395
-0.0226672354752
-0.0203170751772
-0.0154673967777
-0.0198770201564
-0.0184379429363
-0.015804638825
-0.0199980901873
-0.0176219044315
-0.0110980839479
-0.00727985005873
-0.0112383946389
-0.0121502901843
-0.00962003793859
-0.00447098452598
-0.00759369178809
-0.00925000439251
-0.00317853567012
-0.00071639321323
-0.00481909046526
-0.00645641562224
-0.00361607204985
-0.00186887356524
0.00172884136731
0.000404428950098
-0.000818292883324
0.00236659345766
0.0045764142299
0.00995447893028
0.00951625373795
0.0144203108962
0.0180533213007
0.00356934422484
0.00077367315023
0.0025521991546
0.00528281060198
0.0128569380085
0.0130101249847
0.0153693783984
0.0162409305545
0.0144795619361
0.0148635975948
0.0177476506905
0.018429444137
0.0179050213466
0.0170648939203
0.0164234801528
0.0230985301497
0.0191406584391
0.0201736277602
0.026657439867
0.0230744000088
0.0192753844167
0.019815204689
0.0155475510132
0.0193453179551
0.0187138860246
0.0196799566118
0.0273703593287
0.0151694660951
0.00890247133509
0.0195059464465
0.0130546057897
0.0129117261815
0.00631672782613
0.00494036713925
0.00258890056832
0.00398279157383
0.000432340118382
0.0106704365269
0.0113421103515
0.00489316933099
0.00155788431438
0.00230402403056
-0.00876439449107
-0.00736420856697
-0.00594169012177
-0.00302483737553
-0.0091793239769
-0.0106982299936
-0.0134896766284
-0.0162811232632
-0.019072569898
-0.0213165999376
-0.0218941077088
-0.0227057522791
-0.0211827602523
-0.0235709929581
-0.021632770375
-0.0253938946502
-0.0250853346432
-0.0226187222826
-0.0236702377272
-0.0226399913277
-0.0229383935988
-0.024930056713
-0.0154297527659
-0.0172725019877
-0.017307879293
-0.0195930084438
-0.018620069269
-0.0179762065836
-0.0129352661977
-0.00727245108073
-0.0140160402713
-0.0142583320737
-0.0129434923212
-0.0125589365143
-0.0150132533401
0.000343677854176
-0.000477061400549
0.00134751825633
0.0035671371332
-0.00152283688989
0.00517725092194
0.00339956512788
-0.00303029386875
-0.00287689422146
0.00648849856681
0.0050360917193
0.00502029897686
0.0048967513497
0.0033381952018
0.0105967730148
0.00703188794918
0.0127803784008
0.0113515844674
0.0138532285292
0.0163347204334
0.016395278428
0.0171722394167
0.0159005506304
0.016477371858
0.0171754336562
0.0173354934033
0.0183278804528
0.0190950101941
0.0211096224719
0.0230533300295
0.0262145355775
0.0246578710477
0.0234977436579
0.0218122937165
0.0204006199654
0.0175098129794
0.0186482485839
0.0167112680086
0.0119970633446
0.0136871856813
0.00916293886181
0.0067012008077
0.00438228236363
0.0131645240234
0.00727622791197
0.00693495816662
0.00476769506202
0.00144794466046
-0.00170755816929
0.000497043656295
-0.00433012870192
-0.0123991489041
-0.0104607703554
-0.011884098998
-0.0102864930221
-0.0155013647644
-0.0149912363994
-0.0169648558937
-0.0168820329188
-0.0191268186209
-0.0143071461998
-0.0212650662052
-0.0192613686093
-0.0172617658452
-0.0205826477904
-0.0161830331309
-0.015896958186
-0.0153793023393
-0.0148616464926
-0.0188646383695
-0.0215518926139
-0.0200189938977
-0.023141825542
-0.0286343756087
-0.0199389978581
-0.0162049270052
-0.018372739968
-0.017634573644
-0.0145199033082
-0.0121523690719
-0.0112765255134
-0.0111802437281
-0.011065527949
-0.00964998009255
-0.0122946253766
-0.00552521617309
0.000256583503354
0.00262276324176
0.00310187510977
0.0048753558766
0.0078982298991
0.0109211039216
0.0139439779441
0.0169668519666
0.0199897259891
0.0230126000116
0.0260354740341
0.0152050033711
0.00827750210969
0.0167782320146
0.0136803509622
0.011494560939
0.0145216841764
0.00835484473777
0.00774944889688
0.0190935905219
0.0173033733844
0.0181740970522
0.0211093065539
0.0223801708822
0.0259646095816
0.0235846645545
0.0230138737985
0.023509360318
0.0290411869864
0.0280890188057
0.0296584154721
0.0286629847982
0.0261516297769
0.0266908147494
0.0285839453068
0.0292332039655
0.0301212494229
0.0279238600952
0.0277789462584
0.0283951740098
0.0217338989641
0.0180433833892
0.0209284525467
0.0206235206865
0.0196139940154
0.0172968921872
0.0155860799896
0.0147102029292
0.013130883549
0.011110059187
0.00836065384843
0.00530733192549
0.00250864603873
0.0128661298041
-0.00145828270131
-0.0013610391666
0.00612159136901
0.00263703550834
-0.00243303775338
-0.00595458006461
-0.00711294177283
-0.00754160280963
-0.0100523926261
-0.0142778965574
-0.0172273531644
-0.0175880143104
-0.0171941364594
-0.020219017136
-0.0193630874418
-0.0198916093401
-0.021226744032
-0.017190171104
-0.0238520366379
-0.0201193033437
-0.0217189294101
-0.0232178210242
-0.0246812927176
-0.0171051549575
-0.00952901719732
-0.0104023085062
-0.0195875103805
-0.0109461561043
-0.00750097657385
-0.0097792323901
-0.00626101986685
-0.0023346748007
-0.0037972037835
-0.00247862079563
-0.00398868005121
-0.00367101710448
-0.00707758654372
0.00155020898118
-0.000818471705716
-0.00343800201819
0.0010821979722
0.000928066299835
0.00708195524134
0.00399612780172
0.00543705998719
0.00577901782721
0.00760285185187
0.00923165263582
0.0117959281642
0.0144200539508
0.0106014660517
0.0111811942941
0.0157821298022
0.012175389223
0.0190899079727
0.0143979665858
0.0160446249764
0.0150964046665
0.0149653555297
0.0174156834592
0.0168724097728
0.0161864401654
0.0176353677999
0.0188357075118
0.019124142402
0.0181516054899
0.015844974807
0.0157258881754
0.0173480797815
0.0170331833482
0.0188314195828
0.0195184165057
0.0219705343328
0.0206179174069
0.0181516258633
0.0151596773552
0.0147951629647
0.0163664668461
0.0121864063279
0.0168579361115
0.0117169719477
0.0118594027864
0.00154278156742
-0.00108058480611
-0.00142481734139
-0.00198536811249
-0.00413633870885
-0.00335827990742
-0.00345160843358
-0.00124093873448
-0.00526638540769
-0.00445159300709
-0.00452577499237
-0.0061768636367
-0.00661647656696
-0.0095271689739
-0.00771574510433
-0.00735250233124
-0.0112971954365
-0.00804168860982
-0.0134234481954
-0.011966998231
-0.015216223991
-0.0125531384731
-0.0139408674589
-0.0130795864965
-0.0146312832294
-0.0117957971488
-0.0118502150913
-0.0151063986042
-0.0141523620458
-0.0112799995097
-0.0100172098717
-0.00891644437148
-0.0108030134226
-0.00709594026844
-0.0119894072598
-0.00914286236752
-0.00831926345309
-0.0104148741679
-0.0125104848828
-0.0155754349184
-0.0129827497787
-0.0139039947342
-0.00927361345784
-0.00593455910178
-0.00331968767717
-0.00191562029771
0.000152181174768
0.00253848928746
0.00438591931221
0.00738814991874
0.00835872284923
0.00859845089464
0.0134515917809
0.0123870033313
0.0110877760808
0.0126478387485
0.015904576777
0.0131408881238
0.0166465216059
0.0164849908484
0.0190059058599
0.017198385395
0.0189574050716
0.0225065975136
0.0197367900367
0.0206261466547
0.0223945772577
0.0263760273295
0.0260098212095
0.0254066915959
0.0268843440714
0.0263251356313
0.0247887871964
0.026626486618
0.0258721418649
0.0271884214254
0.0252241937305
0.027299323393
0.0274318741301
0.0208063265048
0.0217890917695
0.0200816154815
0.0212969482547
0.0220482280196
0.0217824738654
0.0124763265503
0.0183769474283
0.0139037774348
0.0169050107625
0.0172173262204
0.0183703722154
0.0137261238218
0.00980053756874
0.0134961055422
0.00900856053249
0.00960723073659
0.00736565825882
-0.000161321187273
0.00298177524271
-0.00116846519588
-0.00279574790505
-0.00840868126321
-0.00770601667923
-0.00905209178584
-0.011467205749
-0.00917141970826
-0.0111178049597
-0.0112207525099
-0.0170061203873
-0.016575188733
-0.0155378837237
-0.015235517005
-0.0175808587198
-0.0217477231042
-0.0167170712592
-0.0170921945086
-0.0189416043868
-0.0174643952199
-0.0216095525742
-0.0198755280113
-0.00667800017454
-0.0242623076765
-0.0167154391053
-0.0153893027462
-0.0139128963535
-0.0104897229594
-0.0142342570261
-0.0105741110588
-0.00932107882205
-0.0077298410136
-0.00600754605645
-0.00538702080501
-0.00527147206631
-0.00257309778603
0.000125276494255
-0.000711757801095
0.00762521883007
0.00355456589772
0.00653678191413
0.0103146226133
0.00720124127552
0.0110508725029
0.0109836957358
0.0121034663496
0.0151763167022
0.0149521097739
0.0175352314242
0.0186629864449
0.0181117830083
0.018704087561
0.017035672188
0.0216153050662
0.0215658305761
0.0243203580239
0.0239702097332
0.0240650886824
0.026397581571
0.0206957471999
0.0247882755001
0.0241630103314
0.0241290363289
0.0287407333224
0.0298350662787
0.0272094321511
0.0281336103503
0.028697411916
0.0268896784585
0.0268458182653
0.0237757845887
0.0205786041991
0.0253792394068
0.0234142498161
0.0237598243497
0.0238191634692
0.0234407870043
0.0217222013665
0.0183555802282
0.0175436035746
0.0167727341438
0.0124659859065
0.00989534716717
-0.00085637127485
0.00802113532382
0.00854100996164
0.00199123820393
-0.000327516901755
-0.000625494002901
-0.00150695062892
-0.00298630373488
-0.00389437622558
-0.00870158743919
-0.00866621990688
-0.0122142429996
-0.015649963714
-0.0111620728998
-0.0128202536982
-0.0163574138717
-0.0139344429967
-0.0139846677774
-0.0164596578222
-0.0161929163697
-0.017544328596
-0.0166024314258
-0.0209272287577
-0.0181900671793
-0.0193230221167
-0.020016631021
-0.0173879059323
-0.0178229692308
-0.00681158044089
-0.00690547136232
-0.00699936228375
-0.00709325320518
-0.00998884680049
-0.0114162791558
-0.010399090705
-0.0124188154109
-0.0128402469032
-0.00389110277468
-0.00383392871933
-0.00389839458434
-0.00314832322065
-0.00186538369407
-0.000759934475633
-0.00143200609108
0.0014857164951
0.00222161582567
0.00774406528109
0.00582316623526
0.00331747383243
0.00081178142961
0.0106648998413
0.0115064945352
0.0130111565276
0.0152915018577
0.015773983023
0.0193366478911
0.017478741292
0.0203716305373
0.0204833566728
0.0222205630767
0.0233997727599
0.0237494150793
0.022687608594
0.0244689390427
0.023308318949
0.0216306107253
0.0234338843507
0.0221203367115
0.0215698012587
0.0222785451323
0.0210678556219
0.0240872798531
0.0163532353472
0.0241003170269
0.0215552263997
0.0223103783007
0.0221975094673
0.0226526947166
0.0191720404747
0.0150498008005
0.0149210241504
0.0180194972529
0.0153889602583
0.0170295574748
0.00158196751485
0.00972252436977
0.00816445084272
0.00617688709323
0.0062025882404
0.00286836858787
0.00128445916881
0.000279477255991
-0.00477076945499
-0.0057045958207
-0.00902116432068
-0.00918191750608
-0.0127795709954
-0.0124203813703
-0.0153715446577
-0.01534693881
-0.01711802059
-0.0179874654178
-0.021464465322
-0.0220160806039
-0.0230898330371
-0.021259667148
-0.0229773702963
-0.0207709587778
-0.0276393678656
-0.0229092321022
-0.0232702241359
-0.0208524519405
-0.018666727374
-0.0203836836103
-0.021231384006
-0.0219683932466
-0.0207666070139
-0.00910660391799
-0.016026693342
-0.0107109618894
-0.0192424461314
-0.0130246966787
-0.0131221012712
-0.0046667645663
-0.0144879182268
-0.00981176814993
-0.0094175892508
-0.00531716798682
-0.00117212966191
-0.000410274914047
-0.00193637364311
0.000936272875536
-0.0033573649274
0.00251472674731
0.00219150054668
0.00618678788536
0.00807399474096
0.00959963941785
0.00977033117085
0.0151475350129
0.0190174319237
0.0183568499357
0.0172173018609
0.020021778285
0.0183458458809
0.0166699134768
0.0278751009773
0.0253330180025
0.0269038379957
0.026971098885
0.0302869379834
0.0288768054956
0.0247974475105
0.0279642804976
0.0276495623808
0.0260562254433
0.0210952342258
0.027285970352
0.0257528772841
0.0246035605592
0.0272255997016
0.0249197568629
0.0250900417285
0.0242892941053
0.0267106168024
0.0276628998393
0.0224246293153
0.0235737583044
0.0180444595761
0.0199055444368
0.0195953446791
0.0186138248732
0.0173506701788
0.0135724675463
0.0095351022673
0.00925062802894
0.0096390074038
0.0088376470727
0.00590754648341
0.00310444010366
-0.0022676461223
-0.00331467848172
-0.00425302493526
-0.00477232894913
-0.00711690888539
-0.00934500806767
-0.0102073838492
-0.0141047945608
-0.0142923581194
-0.0146949790206
-0.00900485334353
-0.0130553654566
-0.0329466868082
-0.0227477435647
-0.0237661222009
-0.0224145687827
-0.0242940326913
-0.0231331490806
-0.0251241407101
-0.0259054398911
-0.025024021244
-0.0229319483339
-0.0246994852201
-0.0234965098992
-0.0206230094264
-0.0213786954412
-0.0198985657403
-0.0193928153998
-0.0199156689005
-0.0171854048938
-0.0159444662419
-0.0167855803837
-0.0162250976512
-0.00847789737928
-0.00711926514219
-0.00971427416478
-0.0123316100131
-0.0149489458614
-0.00778633777059
-0.00406836336023
-0.000952293113892
-0.0012430559854
-0.00048374767345
0.00190480747655
0.000325060516131
0.00493492246159
0.00557027178648
0.00540843055403
0.00622788752647
0.0105462767132
0.0115574800093
0.0131925518312
0.0125086456383
0.0152929712646
0.0149649622908
0.0134148309732
0.0133890039636
0.0178804261281
0.0165897423708
0.0179058171396
0.0183536792227
0.0188015413057
0.0207746768869
0.0205018280902
0.0211550480824
0.0187451684068
0.0214530137449
0.0231477886471
0.022581508856
0.0212999456044
0.0236964432578
0.0231101789514
0.0212150525478
0.0259096356784
0.0226296733144
0.0193516204228
0.018671665974
0.0189037771527
0.0177558943419
0.0152008575745
0.0141550679704
0.0148106238803
0.0125026347498
0.0108229274575
0.00625722362534
0.00928821178361
0.00581638826565
0.00367683260736
0.00251372856835
0.00153684345543
-0.00210416424808
-0.00339382356983
-0.00424167940409
-0.00731378182491
-0.00971286057987
-0.00698592929911
-0.00998851407916
-0.0129910988592
-0.0162681611767
-0.0211068756977
-0.0199415967114
-0.0203133355883
-0.0210857126457
-0.027153632574
-0.0264670402492
-0.0259417019335
-0.0245226724576
-0.0267289216725
-0.0279496882167
-0.0231238741155
-0.0179343506667
-0.0201306663308
-0.0237825347134
-0.0219859538738
-0.0244976349241
-0.0200203302114
-0.0220392564502
-0.0178918714945
-0.0187812020536
-0.0143858340586
-0.0198926754185
-0.0144228487152
-0.0128033364505
-0.00986655014048
-0.00747321421104
-0.00638208488368
-0.00351314820542
-0.00275028817507
-0.00105263577897
0.000707438510827
0.00293870916503
0.00421976992937
0.00421526897106
0.00602181781088
0.00752748834957
0.0106047598045
0.00954241077154
0.010711030705
0.0121585581263
0.0132347208717
0.0171072450132
0.0199127040472
0.0188177854528
0.0183331799331
0.0153015373243
0.0253426584871
0.0258021180372
0.0249205315446
0.0281394473337
0.0284548412027
0.0329759807163
0.0341184779209
0.0337585693227
0.0297033174978
0.0356249066426
0.0300222757003
0.0251322715418
0.0202422673832
0.0376070236405
0.0338698786006
0.0320818418143
0.0233078827246
0.0225613217328
0.0209264296099
0.0216917330164
0.0206304002786
0.0153369215036
0.0138288175363
0.0131316987164
0.0120723634875
0.0113054971414
0.00854210003461
0.00572233451259
0.00556048271397
0.00495468564693
0.00197562459588
0.00284830765359
0.000266864113424
-0.00347878458411
-0.00107967373387
-0.00830102416627
-0.00210530525645
-0.00434377711331
-0.000127430951691
0.00098623989148
0.00249389227958
-0.00183050902738
-0.0017328221788
0.000164559827669
1.54303464559e-05
-0.00145630424076
-0.00720532465208
-0.0142640757632
-0.008048693136
-0.0116826393756
-0.00884644580404
-0.0137523086604
-0.00931499956973
-0.00943203525235
-0.00998087470193
-0.0134635717592
-0.0140895738482
-0.0127093797209
-0.0153618071456
-0.0164880067445
-0.0136643793239
-0.0156340409486
-0.0119281725797
-0.0112826260763
-0.0107180421786
-0.00920597960026
-0.0075485354051
-0.00590661114459
-0.00324756300971
-0.00249456714932
0.00510641896553
-0.00373507486208
0.00446824578707
0.00537471321809
0.00779478393203
0.00694237503108
0.0104512618249
0.0107421301335
0.0139280714571
0.0134511766108
0.0157707222157
0.0183378279374
0.0218824491324
0.0132877397003
0.0228021449131
0.0221559713066
0.0196985755324
0.0238899551216
0.0275062511158
0.0271420749725
0.0217388012263
0.0258732825242
0.0281462619039
0.0275813647206
0.0321148750249
0.0193885271955
0.028789094017
0.0319552066296
0.0315055168195
0.0361305346705
0.0307954484393
0.0289021316542
0.027030192276
0.0273352279758
0.028511627897
0.0283383247738
0.0284189171091
0.0231240786057
0.0178292401024
0.0259719591913
0.0210673053515
0.0210300265453
0.0204552758933
0.0202375261394
0.0190881237745
0.0173220652719
0.0162142860526
0.0205295631034
0.0144247427707
0.00349106331717
0.00734686545681
0.00858538199936
0.00288304120116
0.00181077318207
-0.00293193008942
-0.00371974759591
-0.00802718774704
-0.00894787279667
-0.0108019995323
-0.0128159957977
-0.0133700661297
-0.0194852697596
-0.0142017466922
-0.0172976010938
-0.0181441283707
-0.0190764572639
-0.0194555841662
-0.0212349545784
-0.0197949205179
-0.0200618848581
-0.0204828287851
-0.0217026173412
-0.0219614148811
-0.0226013156431
-0.0201048145564
-0.0190725791019
-0.0204738300516
-0.018969193813
-0.0149683947634
-0.0169526371793
-0.0166019952817
-0.0143445355684
-0.0132836769037
-0.0110476118184
-0.00927402537553
-0.0151952280785
-0.00859039228688
-0.00145695595317
0.00194930244423
0.00137606409183
-0.00145570083833
0.000230632844458
0.00447004509727
0.00586854891811
0.00557178401398
0.00674160475816
0.00746055977346
0.00622639919892
0.0138547220003
0.0113345682907
0.0128942127519
0.00974760177319
0.0127111092426
0.0138588857689
0.0155673364882
0.014338435839
0.0188818868158
0.0194695298488
0.0246632279877
0.0159583498682
0.0205672802554
0.0211516996977
0.0245108196667
0.0249802140145
0.0263766405793
0.0268211833927
0.0297337273126
0.027927812477
0.0274497415565
0.0210725960281
0.0248188792954
0.0238512507211
0.0228836221468
0.0291348252283
0.0263036102847
0.0227131829545
0.0245538983714
0.0210743059756
0.0232414706601
0.0195091040162
0.0194608625832
0.0169525198496
0.0157270802334
0.0155355771557
0.015344074078
0.0142431594958
0.0148455161686
0.0162904386126
0.00846558746289
0.0157738265274
-0.00222849007546
0.000100453778214
-0.00235223465002
-0.00374542621659
-0.00686275313214
-0.00313767617168
0.00058740078879
0.00141141681521
-0.00954575747922
-0.0134073556791
-0.0137715168971
-0.0134375128144
-0.015352307344
-0.0103740719364
-0.014322593819
-0.0165057166195
-0.0203862323383
-0.0211291081264
-0.0226039427584
-0.0184737636131
-0.0214013545298
-0.0208936865786
-0.0210097230683
-0.0187296273493
-0.0187413439915
-0.0162226396171
-0.0133919020645
-0.0130739303963
-0.0109882409259
-0.0100962515158
-0.00920426210579
-0.00478587590905
-0.00339265624772
-0.00104347467807
-0.00198393654003
-0.00340039055122
-0.00166944710711
0.00654696499427
0.0115154268863
0.009226091591
0.00925673605788
0.0024872096949
0.0174013105704
0.0133862316639
0.0111898687068
0.0138044150981
0.0145595703048
0.0195760959611
0.0213065026657
0.0189093857922
0.0220511273
0.0208174986206
0.0184117760551
0.0138148384922
0.0206558608056
0.0210889081785
0.0231634240177
0.024602582238
0.0279924286493
0.0260201475273
0.0265659127849
0.0286080125815
0.0256856354778
0.0261695261756
0.0292405244704
0.0290705771639
0.0289006298575
0.028730682551
0.0285607352445
0.0283907879381
0.0282208406316
0.026455370815
0.0265980093549
0.0294772689289
0.0290658843343
0.028085855326
0.0278536789677
0.0201318697035
0.0281183461365
0.0256979942319
0.0293883794358
0.0192660213688
0.0167614573804
0.0177186891283
0.0125530935124
0.0126490513793
0.0147936619836
0.00970563843456
0.00712311074454
0.00552293228624
0.00392275382794
0.00202237317435
-0.000965893305045
-0.00512258844064
-0.00677804605834
-0.00761460754314
-0.00773393879319
-0.0138161211263
-0.0137382306472
-0.0157928811346
-0.0178140175948
-0.0311622643027
-0.0181030341705
-0.0208339794677
-0.0220458554212
-0.023867700402
-0.0205295919532
-0.0173254268915
-0.0195843426092
-0.0196929835323
-0.0202179795332
-0.0204360692666
-0.0206782353904
-0.0237026392684
-0.0134808666702
-0.0142021991959
-0.0152268464176
-0.0160338433588
-0.010755115432
-0.00859895825193
-0.00815936450095
-0.010542838652
-0.0103769435359
-0.00836602171166
-0.00771092786362
-0.0115480738254
-0.00241735751151
0.000690597328392
-1.05600637447e-05
0.0022743548087
0.0086114139052
0.0094228858602
0.0129197102568
0.00932523759461
0.0117993990865
0.0135186146498
0.016645180319
0.0102425387211
0.0252113461728
0.0227701692463
0.019909245009
0.0194970128998
0.0220463774362
0.0247193811157
0.0258965754243
0.0270265582285
0.0254974169074
0.0252015847298
0.0283899240583
0.0197238693715
0.0271248509858
0.0292350813775
0.0291794098214
0.0294202266136
0.0289347596556
0.0302968915196
0.028319364483
0.0285517171097
0.0302794236127
0.0307114562989
0.027812931736
0.0248306218093
0.024839832328
0.0228334068467
0.0226953494334
0.017555393286
0.0204011165047
0.0191590444779
0.0141888079915
0.014280808619
0.0150623784835
0.0142634118274
0.00987359297887
0.00508253167985
0.00663337953129
0.00504684010829
0.0060855817734
0.00114415137125
-0.000305885900109
-0.00304634657355
-0.00573929771988
-0.00701844282829
-0.0125065426891
-0.0164818359741
-0.0206032218259
-0.0184788936975
-0.0163545655691
-0.0119532813713
-0.0137027154493
-0.0161767967294
-0.0152059825648
-0.0159560564385
-0.015154157107
-0.0142627679448
-0.0247321637026
-0.0218480278935
-0.0276708865512
-0.0271975499771
-0.026482576178
-0.0235235080567
-0.0219283065505
-0.0241406422774
-0.0216109729216
-0.020208506684
-0.0227172763165
-0.0233016243621
-0.0186427645594
-0.0191532144984
-0.0177496367434
-0.0239731666168
-0.0102404868887
-0.00880247054307
-0.00172779476477
-0.0028735266467
1.05600637448e-05
-0.00236604588303
0.00017596606492
0.00143977776207
0.0029081621777
0.00762377188255
0.00943774128058
0.0183209514543
0.0146607657991
0.0134748170969
0.0172119843178
0.0154022739761
0.015277558888
0.0157301993394
0.0167638052518
0.0183639512024
0.0190992693446
0.020645492365
0.0205835734149
0.0143200289234
0.0298969625845
0.0275470306495
0.0278954263883
0.0267239602138
0.0277510893616
0.0279964341983
0.0264007321823
0.0266370416583
0.0271899858158
0.0283150796751
0.0314480681087
0.0290646360091
0.037664036088
0.0342357180118
0.0333862048206
0.030972093007
0.0309545132284
0.0280837623085
0.0257030820223
0.0221062406373
0.0242893794865
0.0194281689782
0.0211791945916
0.0110223578706
0.0170232480881
0.0141334047539
0.0118619372677
0.012059288662
0.0170912230323
0.00526662727119
0.00470394683577
0.00279166919147
0.00254037176924
0.00233359091732
-0.00248405740557
-0.0109377693261
-0.00383032931566
-0.00579897085114
-0.0074814148407
-0.0118840198159
-0.0146056113138
-0.0149993479022
-0.0154037229475
-0.0154820530951
-0.0191069007507
-0.00551861184201
-0.0120089943943
-0.0145459744428
-0.0170829544913
-0.018975943865
-0.018075534322
-0.0212324588084
-0.0192477742525
-0.0192650743178
-0.019086268155
-0.0180637166027
-0.0184223024419
-0.0185632518592
-0.0194651073949
-0.0207814704707
-0.0131783452627
-0.0150037540419
-0.0141570971314
-0.0137982667178
-0.0107758169167
-0.00798833546125
-0.00505348452926
-0.00382002812769
-0.00352973598183
-0.001643466005
-0.000109362340629
0.000147980479978
0.00273549792863
0.00617346487141
0.00891251785057
0.013405535081
0.011467768719
0.0135889495609
0.0118222507728
0.0171978212674
0.0171541942283
0.0160226273007
0.0202166841244
0.0170076128347
0.0231733571053
0.0218280908947
0.0204684931647
0.0270577378844
0.0276739082461
0.0262681263874
0.0290778014018
0.028947950682
0.0283332608276
0.0295892991606
0.02928928571
0.0257464051886
0.0300341904711
0.0300296150706
0.0321988469971
0.0283655396869
0.0281776993378
0.0270733207266
0.0288039611605
0.0294144300394
0.0269678112132
0.0260175278597
0.0237326311465
0.0172584966246
0.0237415408972
0.0217233065521
0.0176081406687
0.0152903574866
0.0152130953755
0.0159520274562
0.0142464013623
0.0115637634849
0.0105827293388
0.00986372267942
0.00970686852626
0.00683357893524
0.00334021046637
0.00166888838549
-0.00214410027578
-0.0040397802691
-0.00790590175094
-0.0105814450382
-0.0095296674577
-0.0127950637544
-0.0116294380215
-0.0146478072406
-0.0181275021099
-0.0280326006799
-0.0132411254487
-0.0202377701269
-0.0186102954701
-0.0141388433793
-0.0197427108281
-0.0213478555885
-0.0222288310919
-0.0212018702987
-0.0196142757931
-0.0199449624413
-0.021289608633
-0.0193022671007
-0.0173149255684
-0.0198359759154
-0.0185930933215
-0.0110855579597
-0.0152730268983
-0.0141755323693
-0.0140135298257
-0.0177063561206
-0.0126000097159
-0.0128664440692
-0.0126291794647
-0.00955447102854
-0.00768987618261
-0.0028589819855
-0.00427194677315
-0.000973214824519
-0.000471090928532
0.00141597315267
0.00169967025441
0.00224077171271
0.00624537337977
0.00834628369544
0.00727468867392
0.00787880685006
0.0100306944384
0.0152585788006
0.0167945672675
0.0173848945969
0.0188190205814
0.0190730770441
0.021592029149
0.0211628562513
0.022634205959
0.0233919675335
0.0233653786832
0.0125453003182
0.0221486949991
0.0209245538477
0.022403408848
0.0249199305268
0.0254922713606
0.0224097225698
0.0225689882579
0.0238208108873
0.0227982809878
0.0222170167555
0.025473945889
0.022012070455
0.0226106548287
0.024929417022
0.01903359375
0.0193737898438
0.020932024344
0.020275926914
0.0161327392829
0.0150306172317
0.0132514670094
0.0141562188527
0.0107597366054
0.00911922298915
0.00961353538693
0.00410634113907
0.00496808339632
0.00416713673773
0.00283777556456
0.000571980278569
-0.00114266970639
-0.0036391929753
-0.00510175730747
-0.00376354738473
-0.00635350563621
-0.0148276605733
-0.00996261373228
-0.0149339716887
-0.0139946592899
-0.0173941638745
-0.0226356125543
-0.020327577756
-0.0180195429577
-0.0220615586182
-0.0189012526006
-0.0232562015264
-0.0233606018129
-0.027806597607
-0.0240923957023
-0.0221848637245
-0.0230765888794
-0.0251326974008
-0.0223413237035
-0.0198649317099
-0.019515873419
-0.0182420456094
-0.0158029641576
-0.0135735558551
-0.0149649101603
-0.0135617353891
-0.0121585606179
-0.0142597105371
-0.0129929990291
-0.00633610301815
-0.00549185510153
-0.00478046415902
0.000220376836797
-0.0016255138275
0.000619221696436
-0.000866707594888
0.00387758971586
0.000213212181108
0.00881801576226
0.0105274339037
0.0121055664882
0.012741762814
0.0118158303352
0.0146984167835
0.0173227082764
0.017777728581
0.0210093026884
0.0236351348636
0.0257150230071
0.0267471467363
0.0305328497878
0.0312405299348
0.0318043931916
0.0327796933183
0.0339814559109
0.0345136965744
0.0329694649548
0.0311783501425
0.0314446132152
0.0321477186433
0.0344897067044
0.0237519711356
0.0332500345936
0.0320458990156
0.0335355103689
0.030824380133
0.0324086828609
0.032862639006
0.0288591564723
0.02825004208
0.0245000226305
0.0228858216842
0.0216934930298
0.0182390378393
0.0210601887145
0.0192794368379
0.0192394328705
0.0221851551529
0.0179282528664
0.0163942363318
0.0163841773581
0.0141358065161
0.011024288971
0.00862082646364
0.00541163396283
-0.000538589554999
0.000893480939267
-0.000545282919239
-0.00509516971133
-0.00714910310049
-0.00571347473307
-0.0108675065254
-0.0121376513833
-0.0125733594298
-0.0150379913284
-0.0113460719428
-0.0128453674383
-0.0100355377848
-0.0072257081313
-0.0170180521899
-0.0203631676683
-0.0225638527442
-0.0201605308479
-0.0233061820502
-0.0197003710287
-0.0257574211028
-0.0231166812951
-0.022835234284
-0.025356810821
-0.0227384568823
-0.02166680012
-0.0173528507536
-0.0179553313948
-0.017165455706
-0.0163363220853
-0.0141605636411
-0.0134502091056
-0.0115663794167
-0.00732722466656
-0.0104484831314
-0.00866298843569
-0.00598854176322
-0.00331409509076
-0.00432582926884
0.00108938681004
0.00279533395216
0.00276111689432
0.0072046790431
0.00751595615041
0.00912009503364
0.00982186570725
0.0120896703684
0.0132328406857
0.0132745586101
0.0183693625539
0.0192211193687
0.0172168019821
0.0170763113839
0.0186448439502
0.0185498946276
0.0237625759846
0.0204526438236
0.0224370675628
0.0210509269019
0.0223193576691
0.0190758216778
0.0232128892409
0.023507983822
0.0246772561223
0.0241796029847
0.0258076283159
0.0271706371595
0.0249333016032
0.0265688293975
0.0245446841201
0.0229644632055
0.022394304361
0.0164430526882
0.0283095743997
0.0240666668339
0.0242954787856
0.0218907497714
0.0261568751735
0.0209200739927
0.017832544097
0.0171089031285
0.0149510436598
0.013076039447
0.0100864800757
0.0060026192413
0.00672791443026
0.00672299940244
0.00287236632812
-0.0043883075655
-0.000708991220029
0.000261354259407
-0.00517911408048
-0.00654884143217
-0.00953827682732
-0.0131440293672
-0.0134612311396
-0.0153077242246
-0.0166681892762
-0.0161169445408
-0.0164375585833
-0.0164540090038
-0.016677923698
-0.0155944961057
-0.0157090685501
-0.0155543156184
-0.0168353980756
-0.0156038686255
-0.0199225554263
-0.0283076082165
-0.0174515732303
-0.0187093335142
-0.0170545143625
-0.0177728015915
-0.0183842001125
-0.0173690113653
-0.0163087202686
-0.0163369432635
-0.0154431386192
-0.0124124962399
-0.00740215301825
-0.0158057196964
-0.0104649013841
-0.00885488570247
-0.00627913673676
-0.00623189345089
-0.00277967176272
-0.00423213865021
3.40873252787e-05
0.00217168975792
0.000925157329978
0.00752178583995
0.00575148995685
0.00656427366961
0.00737705738238
0.00818984109514
0.0100866829385
0.0143960850264
0.0146546679485
0.015134315967
0.0155590036725
0.0158044699677
0.0194636302526
0.0205936214022
0.0202390722335
0.00918453710142
0.0212700429093
0.0236412640556
0.0213130742607
0.024795267012
0.0221736410431
0.0239528173689
0.0268191480216
0.0253846839263
0.0250805142554
0.0225506061144
0.023142652472
0.0238503178497
0.0256515108037
0.0259298236398
0.0275315247724
0.0279555218388
0.0280795566638
0.0262466378776
0.0243654871453
0.0231637700147
0.0223475039347
0.0221469553958
0.0235610159412
0.0201429711278
0.023174468374
0.0163411860904
0.0136445879607
0.0103622916007
0.00936580840959
0.00808120321215
0.00809209149787
0.00336672764688
-0.000121251075442
-0.00342163239346
-0.00512247417614
-0.0107909672639
-0.00681801622032
-0.00587500771872
-0.011947586571
-0.0132892251451
-0.0146308637193
-0.0159725022934
-0.0173141408675
-0.0186557794417
-0.0199974180158
-0.0186220999286
-0.0197351264497
-0.0212382669868
-0.0178022927473
-0.0199500367195
-0.0213664570545
-0.0180574128853
-0.0189103218327
-0.0220400439629
-0.0199910937822
-0.019063048274
-0.0180346652064
-0.0198857816985
-0.0190944564969
-0.0182012709022
-0.0126002875417
-0.0131757950852
-0.00648958319821
-0.00541754616013
-0.00748831849741
-0.00356461379039
-0.00189188741741
-0.00543182549049
-0.00399368322276
-0.00283829140709
-0.0017841854096
-0.00233600855401
0.00760997176605
0.00949880823138
0.0107905007541
0.00977783662498
0.00709592516634
0.00912913974547
0.0104224164445
0.0106482085045
0.0147116463144
0.0109129543091
0.0103105804678
0.0140727256672
0.0178348708667
0.0184744834545
0.0186924803259
0.0221539622941
0.022525672031
0.0251043519968
0.0228226774537
0.0239308930576
0.0260308558852
0.022730928401
0.0263582247321
0.0254793725929
0.0311913196558
0.0291212623924
0.0298119308853
0.0329836545818
0.0304022470004
0.0268593156231
0.0291752405566
0.0275157916521
0.0292106810706
0.0280421407209
0.0263897247189
0.0224397843253
0.0232362457843
0.0210052139186
0.0240178142152
0.0198258540442
0.0162490962148
0.0153250613171
0.0136069734585
0.0120446655337
0.0100243651568
0.00747731675759
0.00719165955399
0.00241783820739
0.0117436097479
0.00436053192536
0.00213730533295
0.000123318017006
1.39746171548e-05
-0.00762757219165
-0.0105828221811
-0.00857400901521
-0.0126608371779
-0.0144815570292
-0.0146702347746
-0.0154790564203
-0.0179182143547
-0.0203573722891
-0.0187119986102
-0.0184095561048
-0.019514049862
-0.02211939663
-0.0258421912588
-0.0212485743318
-0.0226007009681
-0.0225651954057
-0.0162783160061
-0.0187460346174
-0.0119681891767
-0.0124422265376
-0.0113781234135
-0.0160281935013
-0.0112911932795
-0.0103225644055
-0.0105398739063
-0.00990182431321
-0.00717056229368
-0.00550560129929
-0.0035606953741
-0.00371650381632
-0.000407107645733
0.000182929630589
0.00124333429898
0.000961452878566
0.00451444887922
0.00275953375111
0.00485841955424
0.0106667350184
0.0209675964739
0.033008972489
0.0439694145756
0.0298351669165
0.0505930680969
0.0498879166066
0.0491827651163
0.0439478756194
0.047153820381
0.0467289890514
0.047631742646
0.0445704412052
0.0440975872948
0.0433177294226
0.0380633260377
0.0384196553134
0.0387759845892
0.0338382133341
0.0354195498151
0.031450740893
0.0294146997661
0.0290552854317
0.0283882579082
0.0293766977504
0.0279496097964
0.0270348871621
0.0261573268942
0.0217434010504
0.0246051250747
0.0215744487326
0.0205587598621
0.0220695942857
0.0231275129053
0.022811089115
0.0228454821203
0.0214956606301
0.0170999079793
0.0144519446585
0.0112574487658
0.0107544382709
0.0110108059657
0.0108911512118
0.00965744875573
0.00740679634387
0.00562801762588
0.00519929291473
0.00161252694634
-0.00278570050529
-0.00793518582699
-0.00600777832208
-0.0154724054681
-0.0172228939601
-0.00842445093975
-0.0135586432991
-0.011701966181
-0.0143729556744
-0.0102460276397
-0.0130785328525
-0.0167075699587
-0.0187985122358
-0.0203412460858
-0.022550496823
-0.023321730441
-0.021800515162
-0.00529545830151
-0.0158023131943
-0.0168014837981
-0.0183049102561
-0.0173229215049
-0.0158643854963
-0.0214909130824
-0.0158910032628
-0.0161538142675
-0.0165766556549
-0.0144721640326
-0.0140621056511
-0.0100506540773
-0.0104086981638
-0.0113434369772
-0.00941214063818
-0.00542803736496
-0.00650396091756
-0.00381006124684
-0.00953803301549
-0.00553515378555
6.82957222273e-05
0.00364320302544
0.0024348757701
0.00601578266415
0.00730409987803
0.00429957853569
0.00406042983825
0.00545757404758
0.00465537331305
0.0110353072873
0.012156644409
0.0147229372731
0.0121314814861
0.0139645011727
0.00711575891611
0.0201079765352
0.01894368017
0.0194087364956
0.0181062621742
0.0159309459246
0.0184010538818
0.0178473721719
0.014601611968
0.011986316347
0.0154057012349
0.0134350411362
0.0182025383193
0.0229700355024
0.0234520071196
0.019012446195
0.0198526510942
0.0199704971763
0.0200740237107
0.0185640492547
0.019172233827
0.0183021508283
0.0194035577981
0.0164164436883
0.012488184914
0.0225814037598
0.017335695609
0.0168784800221
0.0158194355892
0.0120118394966
0.0156120508572
0.0118790513557
0.00998241750425
0.0077352176199
0.00559765936738
0.00236426249306
-0.00207874824525
0.00164721063275
-0.00102604518983
-0.00640802270744
-0.00722233625322
-0.0097343419441
-0.0139830064001
-0.0156348305242
-0.0174196472891
-0.0203089539113
-0.0221003504779
-0.0248857459896
-0.0244800708659
-0.0155924451617
-0.00980421228596
-0.0228413744936
-0.014610469157
-0.0177957862144
-0.0198612561101
-0.0230288704267
-0.0245081558335
-0.0245137009934
-0.0238410025305
-0.0256797779027
-0.0218085068589
-0.0142211988803
-0.0176101728297
-0.0144587211038
-0.0150274298708
-0.0152414525806
-0.0132063913135
-0.0165729934837
-0.0131518101593
-0.00849717535819
-0.0144095674754
-0.00878020976553
-0.00797394138928
0.000824132483517
0.00328427116626
0.00429429654112
0.00317805858223
0.00107757710848
-2.27006240987e-05
0.0008501059391
0.00620079550232
0.00646850450192
0.0108652646925
0.0121735636375
0.00289754522698
0.0166466783804
0.0171740483171
0.016729234927
0.0221634811945
0.0245092796115
0.0275382401124
0.0279251223705
0.0276171078704
0.0274438745132
0.0290068335296
0.0285224622255
0.0293791712997
0.0301016291527
0.0281852070615
0.0292701323309
0.028880401267
0.0272677292569
0.0253881589096
0.025018053658
0.0236898999133
0.0288819107414
0.0289186740936
0.0315759629927
0.0209967802716
0.0303529017241
0.0313067315369
0.0305724525948
0.0270620086081
0.0267135778095
0.0216716600216
0.0253678481274
0.0198836102549
0.0205739796237
0.0164088468236
0.0154919398739
0.0262911932968
0.0163220875438
0.0136755168201
0.0105074797
0.0033607687856
0.0030684770937
-0.00269374976497
