-0.000279872123312
-0.00200322988145
-0.00169064304849
-0.0021608147231
-0.00146133230252
-0.00267970442772
-0.00337352167039
-0.00392611955399
-0.00414070458315
-0.00339616802034
-0.00419438858119
-0.00425221722507
-0.00291887102416
-0.00410718320464
-0.00439774869342
-0.00491157242042
-0.00464011678375
-0.0053649377618
-0.00704534904806
-0.00643704798747
-0.00749438327632
-0.00704194966589
-0.00750958395474
-0.00894444166678
-0.0098004498927
-0.0102376011649
-0.0101714582505
-0.00846796350424
-0.0101319496934
-0.0106599069432
-0.0119100768469
-0.0131602467506
-0.0139200366821
-0.0131869003506
-0.0124537640191
-0.0130372694402
-0.014051273515
-0.0146994665273
-0.0156615389907
-0.0165042508744
-0.017245273381
-0.0179839395578
-0.0189329517621
-0.0199555794071
-0.0211056893737
-0.0202538262188
-0.0241201745178
-0.0251354401194
-0.0255013128457
-0.0256917477192
-0.0259994745532
-0.0263295617399
-0.0266674387225
-0.0280279575153
-0.0298989803602
-0.0315216822725
-0.0308038487895
-0.031147608728
-0.0321258469779
-0.0324831460719
-0.0334662784702
-0.0328149963491
-0.0335429576913
-0.0337404814121
-0.0339403929487
-0.0346130631895
-0.0345054939768
-0.0351612578409
-0.0357382480234
-0.0353677606244
-0.0358337968405
-0.0362959047165
-0.0361044247224
-0.0361595201654
-0.0363842152924
-0.036617292683
-0.0371917117237
-0.0368620249416
-0.0356911025469
-0.0350655125531
-0.0344087461259
-0.0347401941496
-0.0346987953128
-0.032916063988
-0.0339609675377
-0.0335908880337
-0.0332987486179
-0.032233274313
-0.031171329467
-0.030955497569
-0.0308062720067
-0.0316543308685
-0.0310650617179
-0.0298021875591
-0.0285393134003
-0.0269899930102
-0.0260928239589
-0.0253497399158
-0.0235982719526
-0.0214016846102
-0.0206088121382
-0.0214632053112
-0.0208631983136
-0.019594734471
-0.0190542648253
-0.0170454237121
-0.01640916227
-0.015325957579
-0.0147127180387
-0.0138733420195
-0.0136701617884
-0.0120969168237
-0.0116838867525
-0.0113025734582
-0.0100382880415
-0.00913032279188
-0.00727497762258
-0.00623315472497
-0.0049557093137
-0.00370080049145
-0.00203204422597
-0.000826672880398
0.000826602535948
0.00158776534807
0.0015826333064
0.00291990911084
0.00348439389394
0.0043978139635
0.00542130972268
0.00777083875444
0.00895660655293
0.0109211493605
0.0119467463418
0.0113454422713
0.0139262802048
0.0158964881731
0.0149563056345
0.0168555815805
0.0174298393663
0.0176872816277
0.0187084111849
0.0191479132353
0.0198474355995
0.0208515198732
0.0216415437457
0.0220214983495
0.0221385163185
0.0229144733702
0.0238403524165
0.025004732842
0.0255697056659
0.0262337060826
0.0269136667623
0.0274691419725
0.0277931508442
0.0287371265689
0.0278193552945
0.0285113675509
0.0287586249525
0.0281896719295
0.0301465628761
0.0297103441419
0.0302001306106
0.0301361244274
0.03059353604
0.0301801762429
0.029409924357
0.0294877863648
0.0293789751133
0.0296311392622
0.0305545575376
0.0301405575397
0.0301780022537
0.030004344433
0.029405678058
0.0289968557132
0.0283075554045
0.0282750371298
0.0278716667011
0.0269541378574
0.026174014689
0.0254512179411
0.0241895865286
0.0234340042519
0.0229782317729
0.0226625492535
0.0227626394434
0.0221739744506
0.0218621260173
0.0212890261819
0.0207159263466
0.0200714126362
0.0193866191505
0.0187860895271
0.0179559523767
0.0170093296561
0.0163927303393
0.0150392004817
0.0145183123172
0.0134465737487
0.0131010429137
0.0126977839467
0.0124088517211
0.0116194357601
0.0111050412983
0.0114986567236
0.00996486811287
0.00988319260026
0.00906509643013
0.00925265808821
0.0089579555615
0.008401779586
0.0078605690201
0.00617820000059
0.00494902520816
0.00561650599648
0.00494061191321
0.00491851861224
0.00386252000773
0.00396029963173
0.00324123659781
0.00281853775261
0.00301690402309
0.00265498997652
0.00238980666419
0.0020450246676
0.00185299225268
0.00161150915222
0.00163188284873
0.00160616033576
0.00146790772644
0.00169921311382
0.000232836217693
0.000367224903149
0.000566671507147
-0.000139645908077
0.000326795892669
-0.000675484215489
-0.000891580338319
-0.001236057522
-0.00191112988997
-0.00305319232853
-0.00146056494293
-0.00231869673912
-0.00311152262741
-0.00299641254663
-0.00333381063426
-0.00381113388815
-0.00437403688962
-0.00490245343142
-0.00518708649881
-0.00571838251316
-0.00585082097305
-0.00585293734044
-0.00734578729094
-0.00689675043169
-0.00774247061513
-0.00888995111179
-0.0108074366069
-0.0115302872361
-0.0109166383019
-0.0126303934132
-0.0134501303327
-0.01354836506
-0.0146691259288
-0.0156455109669
-0.0163415177665
-0.0171074711551
-0.0188200104171
-0.0190069406271
-0.019378477894
-0.0195839953252
-0.0200017847362
-0.0211135992025
-0.0211178308942
-0.0219719320399
-0.0222353118846
-0.0226434993875
-0.0233146912228
-0.02496757942
-0.0253164163972
-0.0255435265986
-0.0254976272727
-0.0267730268433
-0.0265069994491
-0.0278144002344
-0.0291218010196
-0.0293222127426
-0.0300318134999
-0.0300020766644
-0.0308002518419
-0.0310368698919
-0.0312169437857
-0.0312967430155
-0.0314514437045
-0.0318174848797
-0.0329082064562
-0.03223492238
-0.0326916162191
-0.0331889670521
-0.0327838324435
-0.0332283465237
-0.033305623875
-0.0338367591751
-0.0338648827207
-0.0337831829839
-0.0333086087106
-0.0323158034018
-0.0321741423863
-0.0312667202463
-0.0311179636975
-0.0309261473946
-0.0304907078367
-0.0293515650542
-0.0279638401755
-0.0279666484577
-0.027346666541
-0.0261714619784
-0.0253308417337
-0.0246976224185
-0.0240867923362
-0.0238653100493
-0.022545280621
-0.0224014373803
-0.0213412747672
-0.0206910538185
-0.0193812968375
-0.0178768526454
-0.0173544957583
-0.0168206954832
-0.0154580612293
-0.0141761958607
-0.0132170672229
-0.0122348850834
-0.0113147152854
-0.0106144167344
-0.00969136796948
-0.00866902741728
-0.00768285608973
-0.0065092112702
-0.00569229542256
-0.00440290717505
-0.00316379948032
-0.00202822982393
-0.0013534442645
2.03784709663e-05
0.00102919660067
0.00225407515829
0.00338045873963
0.00421632818668
0.00534098679258
0.00651987942952
0.00754501260043
0.00874881787485
0.00959776972385
0.0117723866378
0.0125657862301
0.0135466082153
0.0143560216446
0.0146671945233
0.0156555744016
0.0173401438096
0.017700627153
0.0188888328321
0.0191211910313
0.0200489857993
0.021448784096
0.0217125191102
0.0226409892474
0.0233579464437
0.0241786570057
0.0244091760444
0.0253980859003
0.026102992439
0.0277116212459
0.0279439510694
0.0284055629741
0.0284904740936
0.0290091996768
0.0287875505387
0.0298931750022
0.0294557420498
0.0290183090974
0.0286817898744
0.031408604707
0.0308511859459
0.0303510009581
0.0298707512312
0.0312985500923
0.0295783363759
0.0296329230886
0.0292795768849
0.0290879855244
0.0288607746161
0.0286190694794
0.0281772714205
0.0272098207989
0.0272499181984
0.0269257581198
0.026134964161
0.0260011169539
0.0259777587114
0.0256292153445
0.024908115735
0.0248366409889
0.0241689074022
0.0233821784323
0.022478470399
0.0223578248528
0.0215881016705
0.0209059529874
0.0207100856163
0.0198535852181
0.0192318846632
0.0183318762312
0.0185487766827
0.0168381976185
0.0164564281349
0.0155956747256
0.0143616064257
0.0137057726202
0.0133010947476
0.0123892254945
0.011876313464
0.0124186075744
0.0114665214556
0.0109842211822
0.01098178437
0.0109449493524
0.0103360042395
0.00928148549088
0.0097466753808
0.00856205131667
0.00754377923885
0.007103715215
0.00697406297748
0.00694536143231
0.00620588570151
0.00600168282402
0.00546283385315
0.00499714679199
0.00484541043038
0.00452501522141
0.00382087951941
0.00391687523982
0.00405094887585
0.00389048067412
0.00344684762869
0.00354905990589
0.0026946137294
0.00304657005346
0.00252363783273
0.00204172615606
0.00194680092456
0.00137377223037
0.00171829756977
0.00115749819182
0.00120153180925
0.00101330745852
0.000836513409143
0.000668717570992
0.000747741732005
-0.0001207960319
-1.84298406963e-05
1.09289821393e-06
-0.000459632679754
-0.000483911886982
-0.000615329519025
-0.00109020431944
-0.00166950215712
-0.0021978257284
-0.00253046388445
-0.0032038388936
-0.00383364034039
-0.00459203902082
-0.00490115745788
-0.00527512208552
-0.00631938502122
-0.00736364795692
-0.00783128404777
-0.00863643333849
-0.00971203011933
-0.0101818156991
-0.0107585034589
-0.0114766673164
-0.0124593627509
-0.0130036382223
-0.0137902771761
-0.014628691388
-0.0153045237063
-0.0163389164795
-0.0168483473408
-0.0176002673836
-0.0183829411603
-0.0192450356757
-0.0196642836322
-0.0202719408461
-0.0209831583321
-0.0218770955279
-0.0230557257172
-0.0240491569624
-0.0248977676655
-0.0255626664476
-0.0255215102507
-0.0263585547428
-0.0267502522632
-0.0273499815825
-0.028368913628
-0.0286896038628
-0.0290298984539
-0.0287753829181
-0.0285208673823
-0.0282663518465
-0.0280118363107
-0.0277573207749
-0.0275028052391
-0.0272482897033
-0.0269937741675
-0.028199255542
-0.029581362988
-0.0306926190164
-0.0313640718876
-0.0320699423092
-0.0323422704689
-0.03274830921
-0.0324617676084
-0.0324115896043
-0.0315329980698
-0.0306544065354
-0.0297758150009
-0.0288972234664
-0.028018631932
-0.0271400403975
-0.026261448863
-0.0253828573286
-0.0245042657941
-0.0249008340553
-0.0255985062417
-0.0258572629168
-0.0260447291572
-0.0260568881256
-0.0253383337641
-0.0253194898808
-0.0249248440463
-0.0242489263009
-0.023503145098
-0.022839804286
-0.0221304979409
-0.0212498122584
-0.0204740714111
-0.0208256114558
-0.0198622695019
-0.019316405973
-0.0179202008941
-0.0165509936241
-0.0152349780683
-0.0142006099107
-0.0145022822701
-0.0137319095424
-0.0127948595189
-0.0105047028978
-0.0105429703706
-0.00933424974493
-0.0083020332877
-0.00707680321796
-0.00621305274222
-0.00444167596094
-0.00298410028285
-0.00179292462523
-0.000198964379541
0.00077139630755
0.00316862717612
0.00516146511839
0.00576834498097
0.00637522484356
0.0071438927012
0.00798824562031
0.0102429013791
0.0114263752345
0.0126623020807
0.0133967990997
0.0142570169221
0.0152887999749
0.0162113728455
0.0172095006659
0.0182951007186
0.0192254174739
0.020079758602
0.0211764970832
0.0219705052149
0.0225351292625
0.0231249111991
0.0240972993532
0.0251031751256
0.0267316268013
0.0259448616944
0.0265535749913
0.0264434390157
0.027245852003
0.0274437813873
0.0276417107717
0.0278396401561
0.0280375695404
0.0286386641497
0.0291316172278
0.0293722780646
0.0294537832523
0.0297323340841
0.0300455972524
0.0299107907139
0.0299252608617
0.0299283508793
0.0299123486373
0.029992491051
0.0296366437121
0.0295666016144
0.0292578562329
0.0290676338666
0.0288476170824
0.0284931610946
0.028285055049
0.027817727841
0.0267042621316
0.0263873663461
0.0259808972637
0.0251447350758
0.0247432161203
0.024667229033
0.0244286936512
0.0232311132989
0.0227445173932
0.0228605129011
0.0221058535888
0.0215863856748
0.0208880934254
0.0201041838694
0.0194527606663
0.0187933302671
0.0187862165169
0.0186974457154
0.0191443044546
0.0187118382867
0.0167574085295
0.0160842442204
0.0154812428739
0.0145396011197
0.0130544309689
0.0129029505732
0.0121283066415
0.0117719586423
0.0109788915423
0.0105217067613
0.00996968083807
0.00987469330393
0.00962489487039
0.00853371635867
0.00847340280895
0.00788458161188
0.00717636225439
0.00671825668641
0.00660681119813
0.00635888356592
0.0063584084136
0.00528652911741
0.00535097636841
0.00481152760841
0.00453518563688
0.00456830058139
0.00450881548415
0.00435773657853
0.00420665767291
0.00356107052609
0.00318161382475
0.00331803250891
0.0027583209599
0.00312854286691
0.00321038504248
0.00295605967768
0.00278400356088
0.00266646126901
0.00301610041602
0.00239901257415
0.00154745017004
0.0010443756762
0.0011428988417
0.000732721333925
0.000592458532283
0.000444625778407
0.000253347624323
0.000257919816844
5.74102886866e-05
-3.43094638871e-05
-0.000597945949856
-0.00102452605713
-0.00183113616294
-0.00213818411201
-0.00260276186433
-0.0033608614608
-0.00412023107769
-0.00464459688939
-0.00538438245826
-0.00603786764185
-0.00605572139093
-0.0068111934409
-0.00801070567535
-0.0061882159233
-0.00900596314187
-0.00997918217735
-0.0112067242523
-0.0119939669363
-0.0128992374567
-0.0136238850562
-0.0147195658209
-0.0156327542833
-0.0163693915077
-0.0169280820631
-0.0186411082765
-0.0193426143376
-0.0189667603018
-0.018590906266
-0.0182150522303
-0.0178391981945
-0.0174633441587
-0.0198940441291
-0.0219210436727
-0.0229831011348
-0.0241327493046
-0.0254302965611
-0.0263121943904
-0.0270348661411
-0.0276860435963
-0.0274425484804
-0.0271336922494
-0.0275039986488
-0.0283297874324
-0.0288117793081
-0.0294739790291
-0.030490842496
-0.0310552628626
-0.0316261572068
-0.0318483945761
-0.0322650388323
-0.0338615617264
-0.0353350764871
-0.0345141919483
-0.034480924483
-0.0351004066273
-0.0341868947973
-0.0346256556571
-0.0345499175414
-0.0348018487351
-0.0346122904051
-0.0343030203483
-0.0340889596182
-0.034161770797
-0.0333720042098
-0.0328613992612
-0.033157938225
-0.0323387213385
-0.0310993177812
-0.03069638519
-0.0304985689771
-0.0296084480602
-0.0295073913421
-0.0286353564231
-0.0281052342341
-0.0275751120451
-0.0270922105147
-0.0259302045047
-0.0249865853073
-0.0242646557792
-0.0240453536189
-0.0231249703659
-0.0222725493235
-0.0212572824339
-0.0207345037581
-0.0181375506301
-0.0180922306546
-0.0172008098466
-0.0164522277337
-0.0156297778334
-0.0142281379388
-0.0132360379122
-0.0121343669645
-0.0111638900717
-0.00974475735706
-0.00833815922914
-0.00731279931559
-0.00622562833105
-0.00478052237121
2.17766185839e-06
-0.00012930112961
0.000470930764049
0.00147102159624
0.00225798254861
0.00330060613963
0.0041055859126
0.00477530829397
0.00580023382842
0.00729622303742
0.00825876071718
0.00966916718025
0.00971314373807
0.00993162834884
0.0121875093801
0.0134784503835
0.0147276577999
0.0163645161354
0.016898202336
0.0181231928447
0.0194596670662
0.0199446525864
0.0226323617099
0.0223339871877
0.023225127827
0.0236506119324
0.0248999705829
0.0257248803001
0.0267954148181
0.0275938656139
0.0281910315566
0.0282028199887
0.0297025319467
0.0302186495498
0.0306932486508
0.0305972105656
0.0305715774382
0.030611438553
0.0309381014381
0.0309481491554
0.0311733412448
0.0310087499997
0.0316770333511
0.032041475256
0.0325379143049
0.032526543366
0.0323202953165
0.0326730923767
0.0321237296918
0.0319161936695
0.0316755545203
0.0313589639892
0.0308886633626
0.0310733627165
0.0307214023217
0.0306362034705
0.0299168591391
0.0297086160638
0.0294982376582
0.0281736636782
0.0286696042692
0.0280895748378
0.0279062558195
0.0277661962154
0.027461244024
0.0273246589686
0.0264621161012
0.0260304514337
0.0255281993024
0.0252194604722
0.0246703870694
0.024986399163
0.0253024112566
0.0236333812346
0.0230025107878
0.0222801947432
0.0220083845472
0.0215057079221
0.0208023713309
0.0203400538819
0.0188330726908
0.0192536377531
0.0193163302877
0.0188068454575
0.0182320865189
0.0176346896362
0.0175649373907
0.0171776557372
0.0170070205432
0.0161596740249
0.0159028131918
0.0151985548213
0.0144673471415
0.0145876237474
0.0138054563486
0.0141916127132
0.013395949895
0.0132873735594
0.013249397869
0.012824101127
0.012398003876
0.0114751092593
0.0117548786573
0.0115614220768
0.0119105560808
0.0115294835921
0.0107707233523
0.0107467100117
0.00948507464766
0.00946459118187
0.00925989419517
0.00893487744071
0.00857711676994
0.00844153346955
0.00822351476853
0.00759824673926
0.00736727515446
0.00707799513396
0.00666243098215
0.00819337245085
0.00749679253159
0.00728209530417
0.00659217831993
0.00564496928953
0.00518116289759
0.0045202473166
0.00402913197386
0.00393328883023
0.0036250608849
0.00319349028853
0.00141224122819
0.00163983343521
0.00101833600886
0.000295879808374
-2.95679072609e-05
-0.000723939322323
-0.00156011888432
-0.00252829777635
-0.00289337761433
-0.0035847648096
-0.00443650398825
-0.00535373271613
-0.00589345294823
-0.00667384952248
-0.00763554870906
-0.00852575161008
-0.00892286082786
-0.00989026142988
-0.0109123511222
-0.0121360662267
-0.012265419484
-0.0125593692031
-0.0141618580221
-0.0156582311493
-0.0170033458547
-0.0173560060125
-0.0190310866086
-0.0200689271362
-0.0209891485436
-0.0217362158025
-0.0229718151769
-0.0236555476507
-0.024310569919
-0.0248890913676
-0.0256560859853
-0.0265106357136
-0.027355952815
-0.0282198385066
-0.0290837241981
-0.0301995467227
-0.0304998381056
-0.0312228089537
-0.031669554524
-0.0319496884211
-0.0327032253613
-0.0322087244814
-0.0321658376227
-0.0328843773705
-0.0330143917447
-0.0334205489455
-0.0351617688321
-0.0347105351572
-0.0347600706677
-0.0345962217979
-0.0344645312156
-0.03442895444
-0.0341717060712
-0.0341401729215
-0.0342369180191
-0.0342051790892
-0.0343139393171
-0.033899590758
-0.0333137254806
-0.0328413387599
-0.0325979654139
-0.0311902139922
-0.0312391930312
-0.0303891584086
-0.0301025736677
-0.0294719547837
-0.0285758394958
-0.0279415207585
-0.026719001009
-0.0267783798645
-0.0266209764652
-0.0256996917411
-0.0249135225652
-0.0243568126779
-0.0234683159912
-0.0216782331714
-0.0211630609356
-0.0205654138879
-0.0189756399341
-0.0181291668586
-0.0166360949034
-0.0144235799062
-0.0151535188817
-0.0154889610443
-0.0132315110702
-0.0112481740753
-0.00920575831707
-0.00900453253584
-0.00773959204258
-0.00732824174339
-0.00617909088759
-0.00515872417454
-0.00414577724588
-0.00293919566637
-0.00127272895484
0.000227526664549
0.000756058937508
0.00209060835851
0.00371989895282
0.00534918954712
0.00697848014143
0.0073934919472
0.0080875336214
0.00900316050309
0.00991878738479
0.0130003968377
0.012780760016
0.0138887999527
0.0151447618976
0.0160646906072
0.017376453546
0.0180562032112
0.0188043624043
0.0195494076148
0.0201637357709
0.0218380816521
0.0229013796162
0.023957644953
0.0237747017255
0.0246589113388
0.0251180782533
0.0260783504764
0.0264398615477
0.0274867615861
0.0284351101949
0.0290672194441
0.0295571740331
0.0304267173049
0.0308463210157
0.0307174111355
0.0305885012553
0.0313869593244
0.0310614538027
0.0315110120648
0.0318256767968
0.0319128520565
0.0321752636392
0.0322075730593
0.032311407189
0.03230650088
0.0325164709283
0.0324232415105
0.0327710553502
0.0320204972623
0.0328677759052
0.0328772216553
0.0328567785994
0.0328533451724
0.0329422477987
0.0323050505468
0.0325400358937
0.0320872610545
0.031837795217
0.0312639197496
0.030615005477
0.0302413737178
0.030105538823
0.0296685422834
0.0290476933909
0.0286302948595
0.0284092478719
0.0280085011647
0.0276901877757
0.0275569593489
0.0274044767848
0.0273064267836
0.0264454418557
0.0262247763517
0.0257588127417
0.0258709386995
0.024950682321
0.0255508413767
0.0248370255662
0.0242695483976
0.0237097740533
0.0235891622782
0.0228263448964
0.0220003264609
0.0218068457841
0.0217940190474
0.0217038766346
0.020832254122
0.020259383554
0.0210476072551
0.0201696868213
0.0198892027656
0.0200705893696
0.0199516444945
0.0186128882514
0.018232157503
0.0171455813828
0.0167136611902
0.016106409205
0.0157053339407
0.0147400082942
0.0155207117732
0.0153154110466
0.0150998119019
0.0146452532038
0.0140220356417
0.0142314277501
0.0136030219306
0.0130001276472
0.0127114710209
0.0123384397067
0.01255150731
0.0124354676794
0.0126498953905
0.0121448184246
0.0117578355833
0.0112291371094
0.010674975629
0.00983487094582
0.00971181152478
0.00768963450033
0.00745313671612
0.00699425224817
0.00652687370297
0.00585866529688
0.00478584164642
0.00447326683891
0.00326932979033
0.00261547917494
0.00207518580169
0.00151084958275
0.000614077111821
-0.000282695359108
-0.00188019920008
-0.00261861519362
-0.0037320794834
-0.00445589824291
-0.00566810882384
-0.00618667692444
-0.00615256206512
-0.00799047816962
-0.00990695995814
-0.0109045056409
-0.0118472026177
-0.0128761016769
-0.0130485404067
-0.0117359034035
-0.0142085575753
-0.0158790256549
-0.0174570629215
-0.0181149590135
-0.0190643334489
-0.0200305870694
-0.0210158134804
-0.0219822297322
-0.0217168121216
-0.0236913771218
-0.0247490540059
-0.0253998209285
-0.026248952679
-0.0273608601772
-0.0279871308091
-0.0294049514347
-0.0296681227332
-0.0302666271281
-0.030910896034
-0.0314383235111
-0.0325136725502
-0.0335803975914
-0.0338177194837
-0.0354390285696
-0.0349971013597
-0.0357627266024
-0.036053353307
-0.0363743473749
-0.036546466744
-0.0361164895393
-0.0359233699263
-0.036775138515
-0.0369386547608
-0.0372660234465
-0.0373948580613
-0.0373966724579
-0.0370334403235
-0.0366328732772
-0.0369026673738
-0.0363630365772
-0.0358636457397
-0.0355795217211
-0.0338222416132
-0.0346756728823
-0.0343736157149
-0.0345990740408
-0.0341779195278
-0.033034314242
-0.0327576715328
-0.0324869336898
-0.0316213417209
-0.0309040182834
-0.030147349139
-0.0292210743534
-0.0284788141594
-0.0277110340634
-0.0269937843136
-0.0268300096404
-0.0258299717771
-0.0259076457283
-0.0237462293776
-0.0230183189396
-0.0222187681618
-0.0211270048585
-0.0200878190503
-0.0194357470763
-0.0179497847213
-0.0166392524504
-0.0150625311384
-0.0145520701008
-0.0137372897881
-0.0126272098205
-0.0114034817154
-0.00992732201594
-0.00975557845952
-0.00695666587161
-0.00574321343033
-0.00347225441007
-0.00120129538981
0.00106966363045
0.00334062265072
0.00561158167098
0.00788254069124
0.0101534997115
0.0102733918756
0.0099959915636
0.0107155961038
0.0119729635989
0.0115271447911
0.0135144742902
0.0144018318587
0.0150077298648
0.0162735170976
0.017147505304
0.0181821303899
0.0192015131797
0.0203510362922
0.0210873807954
0.0226504640497
0.0231986417056
0.0239676633619
0.024495199338
0.0252601341766
0.0263742599665
0.0272771522015
0.0274364980522
0.0279790563214
0.0286410524561
0.0294169657665
0.029820615263
0.0307093207923
0.0312453793763
0.0318383202349
0.0321761461944
0.0324434783127
0.0328367402996
0.0328797061683
0.0333222746867
0.0332563318125
0.0335536107219
0.0341563436248
0.0345188438197
0.0349083663963
0.0351019168792
0.0350933189685
0.0356404020763
0.0355180878401
0.0350748009392
0.0365221840852
0.036226638397
0.0356354532648
0.0354388036095
0.0354237903541
0.0350455183358
0.0348255716648
0.0347891125489
0.0346474967855
0.0346514800113
0.0351976840176
0.034364432474
0.0343149251403
0.0331783251121
0.0331703553968
0.0326793121993
0.0323329524424
0.031807328616
0.0319267815285
0.0313849691925
0.0311581777241
0.030996762869
0.0306884865554
0.0300546491154
0.02987894022
0.0298210115143
0.028983959228
0.0288021258252
0.028589366206
0.0282015543147
0.0280039813003
0.0279059691701
0.0276009407783
0.0271195246763
0.0265560325252
0.0261870011915
0.0263192256333
0.0245625847191
0.0238032574977
0.0236705501455
0.0233931609704
0.0230786860575
0.0224526853946
0.0219042782528
0.021289874261
0.0209335882009
0.0207480382167
0.0208333711243
0.0200647219446
0.019296072765
0.0190930924953
0.0187041026036
0.0184005021042
0.0183430004251
0.0179713098359
0.0177548752537
0.0173498006684
0.0173437866999
0.0173352407227
0.0166821737307
0.0161579926592
0.0152344550545
0.0143351636267
0.0143417786401
0.0141508601357
0.01379346958
0.013062437255
0.0125088145044
0.0123506491842
0.0115442587621
0.0107030020057
0.0119013370971
0.0112190308206
0.00895395924642
0.00771710953989
0.00660969524
0.00618305329098
0.00511530386548
0.00424857228869
0.00338099740508
0.00284120559521
0.00234898662018
0.00255472328948
0.000822982148199
-0.000295695454099
-0.00169628884206
-0.00299891814376
-0.00430803001013
-0.00550603109796
-0.00634210641129
-0.00847530905155
-0.0082128102722
-0.00930781326142
-0.0100440495802
-0.0118943526763
-0.0124811130593
-0.0134370499299
-0.0147588057196
-0.0159909024036
-0.0175340910705
-0.0182640275856
-0.0191997769122
-0.0201079616766
-0.0210059005484
-0.0220304598784
-0.0228205839346
-0.023275493605
-0.0250606008291
-0.0259819944973
-0.0276286705422
-0.0283954302735
-0.0294114606704
-0.0299143736453
-0.0304467875758
-0.0311044996641
-0.0321323233706
-0.0328363161506
-0.0335284590417
-0.0340292406995
-0.0345863310396
-0.0356832783537
-0.0358110224825
-0.0362104628887
-0.0362099359091
-0.0366771161304
-0.0365315474536
-0.0372307336143
-0.0374008426701
-0.0376526819711
-0.0378244947517
-0.0384129039116
-0.0386776047429
-0.0373987785306
-0.0384363680595
-0.0392873659129
-0.0379678905935
-0.0380183468645
-0.037767286381
-0.0369037426291
-0.0365291256552
-0.0360553520561
-0.0364049459413
-0.0359540754178
-0.0357529969172
-0.0350392566328
-0.0343255163485
-0.0339796951755
-0.0331158204707
-0.0322598766227
-0.0317347985414
-0.0310058587469
-0.0297618176158
-0.0289234891996
-0.0276707416445
-0.0270960645364
-0.0254376739879
-0.0237792834394
-0.0241446517916
-0.0235682299732
-0.0227149642393
-0.0222469261282
-0.0211849557133
-0.0197217189597
-0.0184673928069
-0.017664225444
-0.0164167436399
-0.0152911198279
-0.0139889176078
-0.0132910246931
-0.0123776261349
-0.0112974273257
-0.0101960633629
-0.00903861069769
-0.00755373033154
-0.00587593156857
-0.00508120012478
-0.00377351617591
-0.00266718887778
-0.00106418756146
0.000515166292836
0.00190079343056
0.00341402918003
0.00438175517453
0.00574893558461
0.00715681394584
0.00938377060963
0.0099876028494
0.0110343556046
0.0117136126621
0.0132666683191
0.0136273421492
0.0150211615132
0.0160923920182
0.0174647428021
0.018599060151
0.0193125670083
0.02033045383
0.0218214035368
0.0225206785693
0.0243169977596
0.0252118883749
0.0261544223332
0.0269756910441
0.0274131474559
0.0281885649692
0.027839201577
0.0291453074202
0.02972246768
0.0314521070185
0.0322959765093
0.0311622154222
0.0322117000895
0.0323427085256
0.0324022809032
0.032875843742
0.0325462336791
0.0331045557001
0.0336720259914
0.0337827138373
0.0341759236413
0.0343321890331
0.0344666287879
0.0344024819153
0.0345865702655
0.0347669052104
0.0346536800674
0.0340692930018
0.0338708773144
0.0349187258679
0.0338308068981
0.0342402517333
0.0338410313689
0.0335923370453
0.0327600432977
0.033327732018
0.0333684702651
0.0328937757813
0.0323477246253
0.0322672418716
0.031875174602
0.031803006802
0.031730839002
0.0314588189273
0.0314079536436
0.0309503052815
0.0309361976365
0.0301088999931
0.0290728364323
0.0298072390021
0.0293032727732
0.0292779566144
0.0289172242488
0.028528106121
0.0279363810408
0.0272738776685
0.0271248638002
0.0269079633512
0.0264063710822
0.0257042921971
0.0255490159181
0.024923310859
0.0246212282404
0.0238133039764
0.0235070932874
0.0240267135075
0.0230360410756
0.0228164258423
0.0225051175722
0.0221314044393
0.0217753617131
0.0215926862826
0.0211655604205
0.0207587667758
0.020546028031
0.0201311063172
0.0199135622312
0.0192132774394
0.0187167318128
0.0182290297359
0.0180946514159
0.0175111683741
0.0175027757509
0.0171330916038
0.0165500445998
0.0166939947666
0.0153553517112
0.0148373588703
0.0162787488238
0.0154967809087
0.0143550206429
0.014077709563
0.0136871106614
0.0127328711466
0.0122245275118
0.0113502451705
0.0106480814698
0.0102768451217
0.00944120098807
0.00848473566167
0.00748488860035
0.00652079847285
0.0059443975673
0.00501420183454
0.00443855595752
0.0038382116213
0.0029039064852
0.00150021489511
0.00049982215859
-0.000527939589401
-0.00140521177555
-0.00302697649876
-0.00427603029513
-0.005859797287
-0.00584363544866
-0.00734385464494
-0.00884644316234
-0.0100283364982
-0.0111568745039
-0.0122066778227
-0.0129449633725
-0.0151331545235
-0.0156666736561
-0.016786198281
-0.0185595601757
-0.0192152598724
-0.0205552799553
-0.0216479719819
-0.0230888193864
-0.0239326395405
-0.0250184686951
-0.0260348978166
-0.0271481358592
-0.0280643711794
-0.0292127006755
-0.0298878142917
-0.0316562948731
-0.0325162687419
-0.0333762426107
-0.0341945043275
-0.036101833083
-0.0354721770673
-0.0363453758024
-0.0375234473326
-0.0381533277876
-0.0384967583662
-0.0389910237621
-0.0400526933845
-0.0405997660611
-0.0408118255071
-0.0413331163238
-0.0415404899577
-0.0417883986882
-0.0423508284845
-0.0422813386139
-0.0425746734311
-0.0429678757813
-0.0423537976905
-0.0422772877023
-0.042002280252
-0.0419021222372
-0.0422265328026
-0.0425033041861
-0.042290882473
-0.0420250529951
-0.041479347797
-0.0415359070326
-0.0411050189442
-0.0404972332001
-0.0402134535266
-0.0400684433703
-0.0396779074378
-0.0394366052055
-0.0377976203043
-0.036994672622
-0.0347106921312
-0.0285710094175
-0.028631410515
-0.0286918116124
-0.029902112621
-0.0301506849511
-0.0304082719743
-0.0288349213339
-0.0270386054088
-0.0216929370918
-0.0208409741762
-0.0199890112605
-0.0195849220397
-0.019180832819
-0.0200743944779
-0.019326253979
-0.018728325151
-0.0181380839456
-0.0178307444465
-0.0167669557084
-0.0159299346659
-0.0150749165363
-0.014071266303
-0.0133239378651
-0.0123367565947
-0.0113021496841
-0.0101915157271
-0.00868405616719
-0.00743102847986
-0.00597126907961
-0.00443839537839
-0.00323822717327
-0.00218926697731
-0.00052811254215
0.0017305691607
0.00794049882404
0.00908221316592
0.00834133619409
0.00902939289837
0.00875078598504
0.00905541501832
0.00971514875607
0.0104272047816
0.0113238668711
0.0125611730559
0.0132438429748
0.0134590991802
0.0144720527977
0.0156601980282
0.016957915085
0.0176899817477
0.0174925615119
0.0195428958968
0.0201881856081
0.0208655476142
0.0209870085124
0.0216415559739
0.0220283241809
0.0224990276679
0.0229697311549
0.0233816547432
0.0231533345077
0.0238133889864
0.0239527896165
0.0242419035356
0.0245978739406
0.0247083118962
0.0245816792367
0.0252291784065
0.0252496606823
0.0257210212052
0.0256105015438
0.0252224292985
0.0254002226839
0.0253190324393
0.02550546992
0.0256188677762
0.0257358781459
0.0259724222287
0.0262234157713
0.0263795172166
0.0261992084936
0.0264592251236
0.0258654205687
0.0254698586268
0.0253184708963
0.0254374679051
0.0252623932779
0.0252608133125
0.0247528056699
0.024454663783
0.0244553658308
0.0245232191071
0.024073056428
0.0240295172169
0.0233037143697
0.0230449181735
0.0236176295318
0.023713921372
0.0233346761357
0.0232540881733
0.0228688766636
0.0224120908849
0.0219829774304
0.0222625371961
0.0217328393941
0.0212682874411
0.0205089350203
0.0204621764857
0.0198161354772
0.019812070552
0.0198283850765
0.0197221438377
0.018765676768
0.0181887001484
0.0178153455181
0.0176615728238
0.0170400832375
0.0171865117949
0.017001163862
0.0168013451983
0.0167635772992
0.0167781292046
0.0166984528211
0.0165375913388
0.0163648664591
0.0156224484037
0.0158175535907
0.0159793013004
0.0158769647601
0.0149086057039
0.0153430201832
0.0152487050115
0.0146241069312
0.0140266253811
0.0135327501813
0.0129752510659
0.01225610548
0.0116328332818
0.011449579155
0.0110039975805
0.010019079756
0.00994260056877
0.00903991891536
0.00761919399751
0.007851880177
0.00756379426136
0.0068585941283
0.00639553421701
0.00547310375406
0.00445887313736
0.00478229193482
0.0036761453442
0.00280087308379
0.00176636337989
0.000731853675999
-0.000259890192467
-0.00123315655023
-0.00209506092602
-0.00283722258428
-0.00352068012307
-0.00477777317855
-0.00655284889513
-0.00743252445767
-0.00879372715629
-0.00945310243765
-0.0104519008193
-0.0116704357706
-0.0130829173058
-0.0145747192215
-0.0158276071761
-0.014834679458
-0.0173171108388
-0.019090497984
-0.0201534461134
-0.0216130260563
-0.0235463866393
-0.024031837913
-0.0249805890445
-0.026036744295
-0.027376354362
-0.0283328473422
-0.0293825609815
-0.0305283103455
-0.0317080453897
-0.0333456625797
-0.0343044287048
-0.0350055527372
-0.0362144584881
-0.0370243615289
-0.0379053276224
-0.0386262261086
-0.0398477878039
-0.0398917519736
-0.040906864941
-0.0412623737495
-0.0422176179447
-0.0427030487614
-0.0430119816335
-0.0429644596947
-0.0443451385772
-0.0446321322153
-0.0449423074902
-0.0451449870217
-0.0445553156011
-0.0439656441806
-0.04337597276
-0.0449689012922
-0.0453255180077
-0.0455121869475
-0.0454078508584
-0.0451173028771
-0.0448782968025
-0.0450857795555
-0.0439614191672
-0.0441976562154
-0.0439530053127
-0.043592283623
-0.0435347955799
-0.0429386559513
-0.0424840339352
-0.0420358168254
-0.041665107723
-0.04131091192
-0.0404755862729
-0.0400675241018
-0.0394208852254
-0.0387236475312
-0.0379259225607
-0.0367269033222
-0.0366626869346
-0.0357899583568
-0.0337354376735
-0.0321681355509
-0.0298856984427
-0.0276032613345
-0.0253208242263
-0.0269814315956
-0.0268289696288
-0.0266718819833
-0.0261546787575
-0.0253774053963
-0.0243131136311
-0.0226800656278
-0.0215512857406
-0.0205121093543
-0.0194208260585
-0.0185827078348
-0.0172827509502
-0.0161863001815
-0.0151247234307
-0.01406314668
-0.013069349322
-0.0112064182132
-0.0101149024302
-0.0091067791528
-0.00772480242076
-0.00671633607837
-0.00539640572934
-0.00492300590872
-0.00349665806739
-0.00164492757167
-0.00046059165168
0.00072374426831
0.00166847787601
0.00290800742671
0.00449079907787
0.00530323565839
0.00648903196623
0.00676474746579
0.00807540074026
0.00918999744878
0.0100477960349
0.0110382506223
0.0117485680086
0.0125016228999
0.0134247429035
0.0143194015913
0.0149131947601
0.0144327217509
0.0157972473442
0.0167500961652
0.01715150206
0.0178451232157
0.0182056880213
0.018426066362
0.01891770412
0.0195532379234
0.0190001511585
0.0194615613903
0.0196184601781
0.0194739942271
0.0196059709021
0.0195879226471
0.0201724708286
0.0201198408061
0.0204983553897
0.0202357489966
0.0213002802042
0.0210792488746
0.0207089793254
0.0206146491301
0.020894135791
0.020425173291
0.0203546751272
0.0202494502377
0.0206021123136
0.0201225465571
0.0192834835779
0.0198923507598
0.020611679566
0.0197873094646
0.0198172122402
0.0195481225041
0.0192632146452
0.0182823576545
0.0187165106611
0.0182264803809
0.0181393938573
0.017797192111
0.0176620546026
0.0172513189964
0.0173227443258
0.0172273269643
0.0168617281958
0.0169226742792
0.0183784164597
0.0166763149834
0.0177684666767
0.0175823923353
0.0171367321591
0.0167559657261
0.0162508519951
0.0162111598943
0.0169641537923
0.0162365410761
0.0158870438032
0.0159171287757
0.0153750697619
0.0152667779448
0.0154436853516
0.0153639047814
0.0147984991853
0.0144046230092
0.0145503136518
0.0166268603495
0.0163051336859
0.0159834070222
0.0154470579323
0.015291667506
0.0157264940601
0.0164150044534
0.0163965878864
0.0163781713193
0.0163597547523
0.0150429429449
0.0142673309555
0.0137508326517
0.0132515102668
0.012929407645
0.0117191332564
0.0114964226939
0.011080428887
0.0106477537658
0.00993682882926
0.00989900838944
0.00927800165681
0.00867278690349
0.00783709968542
0.00697088703568
0.00633955764106
0.0056101408342
0.00542123041066
0.00435056574109
0.00329109321673
0.00304822057792
0.00240618140287
0.00137004460988
0.000531872466533
-0.000167725218035
0.000801070910578
-0.00163099386848
-0.00347950947134
-0.00327697799801
-0.0042131577966
-0.00542001374912
-0.00665413483639
-0.00783966736332
-0.00844105782164
-0.0102285504398
-0.0108228368943
-0.0126511376657
-0.0131068862691
-0.0145155638476
-0.013784269987
-0.0171660142929
-0.0186822628601
-0.020117923794
-0.0213295175581
-0.0214104351552
-0.0232528175856
-0.0247957309675
-0.0263028185188
-0.0276829067206
-0.0289084482906
-0.030735198499
-0.0312761699643
-0.0327311786229
-0.0337744920712
-0.0345298114175
-0.0359594496624
-0.0367779596435
-0.0378448268748
-0.0390382832001
-0.0400811014058
-0.0405703161968
-0.0418161542321
-0.0427570675957
-0.0443159101399
-0.0451727729695
-0.0456289421469
-0.0453640463817
-0.0458153696755
-0.0462323659649
-0.0470317675138
-0.0469445429921
-0.0473428910261
-0.047443364295
-0.0479264658883
-0.0480890672513
-0.0487282326679
-0.0486303262108
-0.0489624481831
-0.0489299182891
-0.0489192159381
-0.0486596992179
-0.0483364878184
-0.0479021755638
-0.0487375227496
-0.0479207867478
-0.0465257167497
-0.0465703758728
-0.0454657419464
-0.04436110802
-0.0440767756719
-0.0438612261141
-0.0436804777641
-0.0415679686715
-0.0420746546701
-0.0413044679616
-0.0410928092317
-0.0404382795782
-0.0401338692899
-0.0382645852264
-0.0363953011629
-0.0345260170994
-0.0326567330359
-0.0307874489724
-0.0311318151423
-0.0311234196172
-0.0308004955941
-0.0298749832057
-0.0295193572397
-0.0287171454462
-0.0278196057936
-0.0270217500308
-0.0260318491398
-0.0257306381923
-0.0251325112396
-0.0240239399581
-0.0230429657357
-0.0210831128295
-0.0198803096933
-0.0188004456752
-0.017541041846
-0.0168584662243
-0.0150010633233
-0.0141709014779
-0.0131552332703
-0.0120785835773
-0.011015463365
-0.00945473895852
-0.00814038943922
-0.00703525424545
-0.00606358632714
-0.00453112557236
-0.00420496212526
-0.00301924538698
-0.00148389478912
-0.000371343746839
0.000746585453787
0.000435401063452
0.00163371933673
0.0027795224264
0.00366609045907
0.00414225963639
0.00647970543601
0.00744124681136
0.00790674099291
0.00861141843898
0.00976578486335
0.0103876328057
0.0109945837649
0.0117052251629
0.0118493380288
0.0123389405064
0.0129043434461
0.0131362901886
0.0133808239731
0.0138281536846
0.014077425667
0.0144781774301
0.0143574780118
0.0150698847991
0.0148654750824
0.0152586135404
0.0153942277497
0.0152509147512
0.0154665450096
0.0153687440461
0.0152793442696
0.0151820923527
0.015377928939
0.0152182930054
0.0155148119652
0.0143206769916
0.0142051531159
0.0144757441623
0.0146515986077
0.015520445318
0.0154881066996
0.0151450890955
0.0149976976999
0.013661618683
0.0127565593314
0.0128703890003
0.0152427122841
0.0146031097179
0.014098755562
0.0135944014061
0.0125764082413
0.0122668549597
0.0120697770498
0.0119030245748
0.0118562318171
0.0119584552376
0.0115790234723
0.0114562613647
0.0114604250835
0.0112880486247
0.0125080291942
0.0112811214838
0.01074553711
0.0106583571273
0.0103980783682
0.0104824138833
0.0102968283051
0.0102269928439
0.0102435188096
0.0101299917248
0.0100165494247
0.00981629785472
0.00944672615158
0.00935886270301
0.00963361605198
0.00939958230153
0.00936241426708
0.00904951735998
0.00885712712261
0.00876167480909
0.00860817849901
0.00837714315814
0.00813265504058
0.00820238221369
0.00790380229529
0.00858887584573
0.00854259192346
0.00865460365982
0.00925453096592
0.00804371163648
0.00771713648316
0.00745101014524
0.00732039329053
0.00679846956335
0.00654542878772
0.00598043713172
0.00586470460695
0.00391957634933
0.00334699166805
0.00333646438814
0.00287017422993
0.00262530278175
0.00229584080233
0.00157323861781
0.00105725588177
0.000923279651205
-3.526283449e-05
-0.000394134084501
-0.000634661083848
-0.00176816426877
-0.0030424003369
-0.00374922227409
-0.00475775097981
-0.00667812977026
-0.00776707047128
-0.00838532369591
-0.00804058721107
-0.00866276376992
-0.0097766557545
-0.0109199834969
-0.0121445615422
-0.0130659826396
-0.0143809750806
-0.0156487561746
-0.0164437199106
-0.0195239022271
-0.0204646834301
-0.0218450530454
-0.0221419026449
-0.0230064152048
-0.0245343551991
-0.0260747610826
-0.0263114877291
-0.028682141111
-0.0289568788557
-0.0272343099761
-0.0294236634638
-0.0328977169253
-0.0332402483605
-0.0345144899935
-0.0361966223499
-0.0370952663513
-0.0381311243194
-0.0393732346872
-0.0388625494227
-0.0383518641582
-0.0402141240513
-0.0420184834284
-0.043730868342
-0.044653816065
-0.0453090690068
-0.0463078405796
-0.0496155929466
-0.04992921995
-0.0504149390515
-0.0513690084642
-0.0514231802839
-0.0518939720205
-0.0525667059078
-0.0528287944499
-0.0530925835394
-0.0523243814253
-0.0527466935077
-0.0532360614944
-0.0533618961657
-0.0536227763291
-0.0535891531764
-0.0533552534078
-0.0532764491517
-0.0532630126233
-0.0529213288741
-0.0540663419942
-0.0538631013004
-0.0534480445241
-0.0532396556002
-0.0523356328658
-0.0518254976355
-0.0508694556199
-0.0498601429881
-0.0498553446245
-0.0491476243292
-0.049272870995
-0.048262582641
-0.047445822037
-0.0462550437629
-0.0474514451432
-0.0465800434687
-0.0455671299031
-0.044530993134
-0.043318484739
-0.0418176680416
-0.0412115309701
-0.0398588629362
-0.0404869787698
-0.0383237699485
-0.0367420643869
-0.03585227089
-0.0350467694965
-0.0338881765717
-0.0346232781676
-0.0333003163941
-0.0317861094609
-0.0303895081386
-0.0290366255483
-0.0274199474104
-0.025860544723
-0.0250401461271
-0.0235847282203
-0.0229115063241
-0.0210851371499
-0.0208732801907
-0.0201849117758
-0.0192730629194
-0.0186288308383
-0.0181814759882
-0.0167694437492
-0.0117788559452
-0.0114215068016
-0.0092131204245
-0.00811603135
-0.00734342237569
-0.00589896908958
-0.00606932978469
-0.00480579300795
-0.00423404055896
-0.00311146459032
-0.00275063848563
-0.00268937368753
0.000256093804824
0.000296500941125
0.00285685728504
0.00380059643696
0.00527421773636
0.0059765058103
0.00731663863535
0.00641649069726
0.00718500245406
0.00864445500675
0.00933180194896
0.010539526291
0.0106680621002
0.0107965979095
0.0116332074336
0.0106501772392
0.0108132628889
0.0126811279054
0.0131828212185
0.0135844648799
0.0140260024388
0.0141741035132
0.0144253631568
0.0145614469659
0.0145861881676
0.0146903784864
0.014764145666
0.0131361102798
0.0131661273339
0.0135098953537
0.0135782816517
0.0137006562273
0.0138009574314
0.0146389492922
0.014317128319
0.014310911635
0.0147069716333
0.0149505454231
0.0129015004033
0.0127158251821
0.0128739504053
0.0135320408258
0.0134737242101
0.0129888455977
0.013777471119
0.0136354152907
0.0141842643496
0.0136183146936
0.0122841350511
0.0142650916603
0.0131434663034
0.0131661151468
0.0130996988795
0.0136184625644
0.0136118936167
0.0145217453664
0.0145075338322
0.0147904694099
0.0144277017379
0.0131839042715
0.0135218808275
0.0127523245625
0.0131603403741
0.0126493924505
0.0128619994711
0.0132322476805
0.0135561488286
0.0109870034572
0.0105108434845
0.0107659147506
0.0108202955676
0.0110181879801
0.0118338950888
0.00984445987545
0.0107804520451
0.0111348044587
0.0110159151293
0.0109284442642
0.0107942614782
0.00841554500274
0.00951417965856
0.00934012792068
0.00923184237305
0.00965767702272
0.00767671690171
0.00882365480345
0.00748852357268
0.00696204198286
0.00827680698859
0.00843077269445
0.00893010581532
0.00867168195831
0.00771595615123
0.00540437264507
0.00527441336375
0.00568093468627
0.00512518464105
0.00539979855165
0.00430449799962
0.0035251614697
0.00210780224988
0.00159282490019
0.000442361593343
-0.000408590096544
-0.00210978955158
-0.00402069051364
-0.00477979094938
-0.00455083520581
-0.00432187946225
-0.00409292371868
-0.00518220849316
-0.00711096320427
-0.00715152354228
-0.00818226310151
-0.00916170741364
-0.0105150007854
-0.0135295256984
-0.0145459679411
-0.0156936707746
-0.0161793137088
-0.0150571444752
-0.0176687872663
-0.0193113372844
-0.0203329827222
-0.0218847949235
-0.0232160384667
-0.0242047453105
-0.0258411326543
-0.0266858083755
-0.028498908025
-0.03031132511
-0.0313103003316
-0.0323096670546
-0.0329576009237
-0.0340297330436
-0.0354139005611
-0.036795270392
-0.0385718330777
-0.0398369587029
-0.0380219509109
-0.0383275425683
-0.0386331342256
-0.038938725883
-0.0392443175404
-0.0395499091978
-0.0398555008552
-0.0401610925125
-0.0404666841699
-0.0428642528838
-0.0444302920335
-0.0466622357674
-0.0460460264386
-0.0456061929067
-0.0488491826035
-0.0514310679408
-0.0526948172447
-0.0537361044233
-0.0524387720569
-0.0551902314416
-0.0556340036776
-0.0558351964903
-0.0556394452224
-0.0554078322804
-0.0555087913929
-0.0548324762569
-0.0551731746875
-0.0553108422053
-0.0551336982257
-0.0558958166626
-0.055637944021
-0.0550050146628
-0.0546908742376
-0.0538264008655
-0.0534156657407
-0.0527027389727
-0.0514015202405
-0.0510256841799
-0.050270387409
-0.0506871849008
-0.0501906897491
-0.0502619841551
-0.0490101083118
-0.0478773254392
-0.047409025113
-0.0465060122516
-0.0446975593117
-0.0436279875294
-0.0431838205872
-0.0426261170449
-0.0416081122977
-0.0410017774643
-0.0400346856518
-0.038204653115
-0.0379816744996
-0.0366680440721
-0.0360118508185
-0.0351788188758
-0.0346092149598
-0.0339206732394
-0.0328117115766
-0.0321632467962
-0.0312376812176
-0.0305173629241
-0.0309185243113
-0.028605467549
-0.0262924107867
-0.0250346918061
-0.0239154445503
-0.0223461644994
-0.021164002026
-0.0198403929576
-0.0184868351773
-0.0166513583738
-0.0160238734784
-0.0154109172832
-0.0137825528591
-0.0134757882526
-0.0104247605511
-0.0117339740572
-0.0102794792216
-0.00880159263469
-0.00746057254131
-0.00652527269417
-0.00556045227781
-0.00412729934026
-0.00255964782802
-0.00130577563287
0.000400130526302
0.00159728433499
0.00276373811512
0.00121155650871
0.00198526412285
0.003162967118
0.00447376595037
0.00587989100699
0.0102123913064
0.0120269409972
0.0100180514431
0.0110818586877
0.0115292055571
0.0124264366867
0.0131847351933
0.0138513952537
0.0145180553141
0.0137886660167
0.0115257142575
0.0115318022652
0.0117946802195
0.0125956640676
0.0126757615569
0.0127332107847
0.0129391735507
0.0134873744611
0.0118885413289
0.012130697675
0.0135557457169
0.0145596987263
0.0147392907529
0.0142597877002
0.0144593437214
0.0148608856594
0.0126720491307
0.0128537103782
0.0131175131391
0.0142940271248
0.0138771430501
0.0136765873152
0.0149710673888
0.0151337204683
0.015466569486
0.0155485739757
0.0135813913112
0.0135645180946
0.0134733099097
0.0136186958745
0.0139964515674
0.0146152756418
0.0144960426658
0.0142423781272
0.0141912795913
0.0135517806715
0.0135007206522
0.013423614332
0.0134913991498
0.0129393787312
0.0125634151904
0.01210382041
0.0109433050829
0.013407989568
0.0129314804363
0.0124549713047
0.0122649980466
0.0124174512077
0.0126897609259
0.0133035123963
0.0127391097713
0.0128156155625
0.0121560407706
0.0119034217983
0.0116824954061
0.0123456325054
0.0130087696047
0.0128292844699
0.0128046900521
0.0129503617716
0.0124615293226
0.0123773635015
0.0100445286521
0.0099410511698
0.0101071252362
0.00971041538508
0.00973253378262
0.00946982690197
0.00918787282048
0.00990782369344
0.0106361791922
0.00889648188768
0.00821829209769
0.0071694816857
0.00671332052132
0.00570005947896
0.00578905690084
0.00507742692331
0.00441407609574
0.00311791469681
0.00465019887077
0.00417971033538
0.00215361956973
0.000926648187996
0.000459931207873
-0.000623539946339
-0.000960355800122
-0.00142530014313
-0.00131965917456
-0.00121401820598
-0.00110837723741
-0.00254954637884
-0.00379020069021
-0.00524825270534
-0.00854233129393
-0.00961871507365
-0.0109930211073
-0.0119000973451
-0.0131585951786
-0.0142569600076
-0.0163035514355
-0.0177931904866
-0.020031326723
-0.0208719375924
-0.0225372046904
-0.0236089635724
-0.0247633034876
-0.0259075149508
-0.0273873672806
-0.0288905066387
-0.0308215826544
-0.0318118150702
-0.0330390886086
-0.0346152488732
-0.0358543517819
-0.0366132661673
-0.0375886540058
-0.0390161323934
-0.0399064937145
-0.041490188606
-0.0429106169499
-0.0440959473479
-0.0455718719605
-0.0483319368117
-0.0481641450642
-0.04938227257
-0.0488128080786
-0.0482433435872
-0.0485777959329
-0.0499139086718
-0.0503260070668
-0.0527323904556
-0.0530725643638
-0.0533203487006
-0.0535615936772
-0.0535559084814
-0.0541403469552
-0.0541861123598
-0.0552247597298
-0.0539615615697
-0.0542542027211
-0.0557449971514
-0.0560606881136
-0.0558949852025
-0.0555152467133
-0.0546647434106
-0.0550867034788
-0.0550872409085
-0.0552561165031
-0.0541749475335
-0.0539371994013
-0.0532135832777
-0.0524899671541
-0.0535792566719
-0.0514598171523
-0.0509272223325
-0.0499474848054
-0.0490889231478
-0.0484998751104
-0.0476537943993
-0.0473290312231
-0.0461582716127
-0.0469112163599
-0.0460329266608
-0.0456363795249
-0.0445836510446
-0.0435777449976
-0.0425382338056
-0.0420942926383
-0.0409581655664
-0.0401107395781
-0.0401152096572
-0.0388563741876
-0.0383227141232
-0.0365934846077
-0.0344490408537
-0.0353087293494
-0.0325344542219
-0.0318337002093
-0.0298774274322
-0.0285886978339
-0.027771811084
-0.0285018912518
-0.0275688389832
-0.0262546930071
-0.0240589146389
-0.0234080889483
-0.0232360742292
-0.0219123692543
-0.0206462533852
-0.0192340991384
-0.0173551811383
-0.0158780186352
-0.0152042318499
-0.0136816307207
-0.0127168403178
-0.0119853106577
-0.0109113953667
-0.00878460048636
-0.00846873590957
-0.00732944793631
-0.00564913775402
-0.00348546521651
-0.0036416121558
-0.00209209259645
-0.00185066851826
-0.0011362360172
-0.000150078942759
0.00086958321196
0.00151460069768
0.00128860095844
0.00488348981343
0.00593092252893
0.0066277532351
0.00735427856588
0.00599505550171
0.00703807939699
0.00775426021571
0.00876486442056
0.00904214795861
0.00957235817084
0.00909544629755
0.00970876742436
0.0102771888433
0.0109571236402
0.0111739699429
0.0114565843397
0.0118172665986
0.0118334074251
0.0120711852191
0.0126763859857
0.0132815867523
0.0138867875189
0.0144919882854
0.015097189052
0.0157023898186
0.0163075905852
0.0163285347426
0.0156564471583
0.0147421965628
0.0139346967683
0.014257243332
0.0142257064174
0.0136756265083
0.0125026388549
0.0119395193489
0.0126035847079
0.0132676500669
0.0139317154259
0.0136081520451
0.0138217830495
0.0140316904628
0.0152214218652
0.014459383508
0.0137821956481
0.0138291237841
0.0138533718702
0.0136396023078
0.0136305946008
0.0138337927138
0.0156552145349
0.0129148050094
0.0129705214955
0.0128385988752
0.0131860964043
0.0132841836788
0.0130218342256
0.0132110721408
0.0131240910348
0.0123358856295
0.0120646109112
0.011649702454
0.011679979333
0.0115200502585
0.0131197790358
0.0131983451744
0.0135965740597
0.0139948029449
0.0143930318301
0.0147912607154
0.0136320181643
0.0136294172597
0.013626816355
0.0136242154504
0.0129502721659
0.0126048788499
0.0123347660259
0.012032164561
0.00968779015644
0.0090936595684
0.00918036916642
0.00919018376742
0.00947416009733
0.00921729621042
0.00935542451915
0.0098216180439
0.0102878115686
0.0107540050934
0.00974390198164
0.00894436181365
0.00864816390996
0.00697124096573
0.00603500524907
0.00545524266463
0.00475573387993
0.0038891245605
0.0022659595248
0.00203889762116
0.00371376803993
0.00321324735941
9.9402072691e-05
-0.000683805922394
-0.00104118758618
-0.000982347394947
-0.00237453345202
-0.00324987364055
-0.00480358745655
-0.00518377062832
-0.00607075617981
-0.00616201329618
-0.00741046689092
-0.00833140926018
-0.00955487046005
-0.0131031333854
-0.0140100066951
-0.0151166609345
-0.0161555774976
-0.0174215619344
-0.0192757188982
-0.020603723986
-0.0217878530588
-0.0240166377667
-0.0238125208292
-0.0236084038917
-0.0234042869542
-0.0268804747583
-0.0290177282787
-0.0305583673249
-0.0327319212555
-0.0343439926371
-0.0355110470342
-0.0371660445529
-0.0388793128648
-0.0387789779413
-0.0386786430178
-0.0403645234092
-0.0415540785651
-0.0427988727258
-0.0434246160735
-0.0448572266819
-0.0447308961559
-0.0481948544547
-0.0490719474722
-0.0500028064989
-0.0503741273841
-0.0494799316843
-0.0506193934451
-0.0509175350787
-0.049915031986
-0.0489125288932
-0.0505679928286
-0.051628614737
-0.0543554650245
-0.0546767283152
-0.0544343163348
-0.054625539051
-0.0539703620765
-0.0543038847473
-0.0534617727695
-0.0553806750733
-0.0551918553221
-0.0551712430703
-0.0539646461693
-0.0539512561206
-0.0535531096005
-0.0535746305985
-0.0534728830321
-0.0528189466621
-0.0522638266221
-0.0501111719448
-0.0493416143514
-0.0493371255865
-0.0486916249211
-0.0494585061436
-0.049022577853
-0.0477118811021
-0.0461711985278
-0.0445085374445
-0.0442757423473
-0.0442144779251
-0.0439076182604
-0.0411516622117
-0.0400400412212
-0.0393889928737
-0.037811064454
-0.0372007347281
-0.0387419303213
-0.0382540992328
-0.0369270486602
-0.035649425206
-0.0341811735699
-0.0336538379511
-0.0329196768991
-0.0303171464981
-0.0289154164726
-0.0278087593519
-0.0285579324557
-0.0276958079502
-0.026598456002
-0.0254215436198
-0.0235123030705
-0.0228706138145
-0.0215646221294
-0.0211167827463
-0.0196092619861
-0.0187363412754
-0.0156412905303
-0.0166062774852
-0.0153786524576
-0.0137350159622
-0.0125712989935
-0.0117650459601
-0.0109671245084
-0.0100595448423
-0.00898254659134
-0.00759493553504
-0.0065576172066
-0.00586042062758
-0.00536423926076
-0.00385967950187
-0.00230765283498
-0.00143535971917
-0.000721748109514
-1.68202730767e-05
0.000382712221253
0.00117299157511
0.0012375748966
0.00146167587652
0.00128366116734
0.00389070054214
0.00649773991694
0.00689568298199
0.00758566367843
0.00794688800302
0.00845000825791
0.00891999118353
0.00663304623007
0.00721763754866
0.0078163822382
0.00796619600453
0.00843136251236
0.00730546381792
0.0098512922093
0.00770006916855
0.00816257199987
0.00875321320447
0.00877660581104
0.0107534628029
0.0117659945802
0.0110138816346
0.0110801984233
0.0110127477479
0.0108102427318
0.00849535375377
0.0084045512162
0.00844146613966
0.00883040049909
0.00925222291845
0.00892572652255
0.00884342935988
0.00805700495263
0.00839977983843
0.00842183082908
0.00850916141171
0.0084335443009
0.00755250403443
0.0103299777594
0.010475431543
0.00911961745101
0.00776380335903
0.00815109783525
0.00778928311841
0.00803900303541
0.00853441069455
0.00872229055283
0.00867533101973
0.00836478643976
0.0101715380942
0.0102639488698
0.00784226635851
0.00805992908319
0.00825572111791
0.00865170755417
0.00880132094865
0.00897500636948
0.00836329663445
0.00798824662834
0.00861519942599
0.00885280284759
0.00799180544472
0.00819696419684
0.00840212294896
0.00791310363463
0.00787390028044
0.00857437329084
0.00932296920289
0.00920675245254
0.00863361833219
0.00827690201237
0.0087809017791
0.00882411606933
0.0103423945401
0.00897819316853
0.0108815149817
0.0111094189556
0.0107504939579
0.0106738257612
0.00816034223326
0.00769400279218
0.00836845827162
0.0083067100072
0.00892996786284
0.00821324821386
0.00970985414169
0.00963674198359
0.00985296003987
0.00662968014083
0.00595601011065
0.00619076088376
0.00607324227189
0.00615944300982
0.00482085744408
0.00486976585129
0.00403779277945
0.00278883633242
0.00291002563072
0.00303121492901
-0.000603396596043
-0.000752295536725
-0.00210671731067
-0.00307953420174
-0.0040523510928
-0.00263783225579
-0.00403939190699
-0.005770944641
-0.00645013573749
-0.00752484726373
-0.00897015452178
-0.0127453050348
-0.0140215101574
-0.0164959684985
-0.0171141641157
-0.0181838493108
-0.019462631521
-0.0200541988371
-0.021352355684
-0.0231073115626
-0.0250286110325
-0.0265757589649
-0.0263497832044
-0.0274565307509
-0.0288311601006
-0.0305672459683
-0.031035814601
-0.0320217913846
-0.0339514598223
-0.037817964527
-0.0393419542001
-0.0406462981002
-0.0415552625013
-0.0426275380858
-0.0428560328962
-0.045387214644
-0.0459408825895
-0.0448323475262
-0.04574190236
-0.0490817892553
-0.0475512725175
-0.0482882757162
-0.0508302547066
-0.0516771598329
-0.0516328344156
-0.0526436522312
-0.053510812593
-0.0513180168092
-0.0516706583186
-0.0545174089865
-0.0549003023746
-0.0551622671235
-0.0547739679137
-0.0549004249748
-0.054103635726
-0.0542939488488
-0.0546034095919
-0.0548087422356
-0.0551367322622
-0.052368697853
-0.0544391640896
-0.0544619672286
-0.054208192606
-0.0535247315054
-0.0523813784384
-0.0514270942021
-0.0513729910186
-0.051201915583
-0.0505627962404
-0.0496053159006
-0.0481873032434
-0.0467692905861
-0.0470285032655
-0.046574682306
-0.0459932505202
-0.0458226831385
-0.0449191811474
-0.0439598303327
-0.0431441118495
-0.0418921635201
-0.0397464429574
-0.0384651317842
-0.0390822731557
-0.0383087493172
-0.0369448345116
-0.0363779373293
-0.0359019176632
-0.0349553768793
-0.0336461450238
-0.0331059005654
-0.0303676162339
-0.0295621451172
-0.0287566740005
-0.0279512028838
-0.0271457317671
-0.0263402606504
-0.0256140876874
-0.024725361981
-0.0228844999997
-0.0217680616081
-0.0202818974416
-0.0189722037191
-0.0176830415698
-0.0165658950325
-0.015161990891
-0.0141316005878
-0.0121047937287
-0.0103171256554
-0.00921759667939
-0.00837315250013
-0.00732535074587
-0.00872521176413
-0.00804907999283
-0.00693521556418
-0.0056147640047
-0.00476607179756
-0.0035991836657
-0.00210104598734
0.000391214169734
0.000894654798065
0.00228876314974
0.00317801858652
0.00131022751862
0.00188509389199
0.00217763013664
0.0027434485509
0.00369155867154
0.00431988668078
0.00478914557661
0.00603026919813
0.00768796367782
0.00602334763463
0.00876130411755
0.00901235045494
0.00967334197352
0.0103846216863
0.00805612433298
0.00795439387149
0.00965030252549
0.0115449081384
0.010072528686
0.00989092213768
0.0114836997453
0.0117684314475
0.0115549610515
0.0115352952723
0.011601130611
0.0113681157816
0.00940172575727
0.00911959622079
0.00898611692259
0.00895443294441
0.00898367655797
0.0101203971365
0.0085638653541
0.0109825200155
0.0109175974472
0.011206397174
0.0107251147399
0.00862160251713
0.0084804850442
0.00873789773972
0.00850143203815
0.00859929030189
0.00884202528707
0.00955950392544
0.00903352900362
0.00920491973913
0.00935445750924
0.00886475757707
0.00858098952333
0.00763457011344
0.00827895346278
0.00893803301873
0.00844090457281
0.00971774287396
0.0102809134044
0.00751376102273
0.00981546492237
0.00822082772279
0.00831047128163
0.010804960454
0.0111340212288
0.0108341898684
0.00927642200312
0.00898874457506
0.00976721427929
0.00914200502136
0.00869049903264
0.0112131163031
0.0104375972541
0.00966207820516
0.00960115275759
0.00924060153095
0.00947535868141
0.0098379100509
0.0121213852633
0.0124785839286
0.012087887062
0.0120025336009
0.0122098458059
0.0119965762483
0.0103355049268
0.0101512314228
0.00981014320928
0.0097191143301
0.00972442479428
0.00999317184942
0.0107205686977
0.0106642241299
0.0106291065922
0.0101200789407
0.00954666438091
0.00934377091057
0.0089246796262
0.00839576830023
0.00796770400375
0.00786502613569
0.00654693957086
0.00699000495825
0.00660448530532
0.00620596065574
0.00504894683494
0.00447442394881
0.00345970897178
0.00283213071296
0.00421491377182
0.00343519445336
0.00230781918962
0.001914929319
-0.00177409546378
-0.00338921978571
-0.00447610518781
-0.00550270535906
-0.00603806418273
-0.00718439134235
-0.00804623443571
-0.00971754146326
-0.0121439683673
-0.0133642021794
-0.0150021861631
-0.0137971250764
-0.0151281391745
-0.0168205640394
-0.0180855270098
-0.0197284779639
-0.0234580132022
-0.0245465690364
-0.0264166901309
-0.0277566290106
-0.029149567912
-0.0305553266043
-0.0311172728875
-0.0328777685814
-0.034335587654
-0.0362715879609
-0.0376082342649
-0.0388853555176
-0.0393687034251
-0.0411250670135
-0.0422611890261
-0.0420187604727
-0.0457499668922
-0.0437407959293
-0.0466074560802
-0.0481217193409
-0.0490729201884
-0.0495906622154
-0.0501083145525
-0.049969860826
-0.0501350450164
-0.0511432006848
-0.0515391951888
-0.0529876196691
-0.051982331515
-0.0520633902342
-0.0521444489534
-0.0517754399316
-0.0502306084833
-0.052492882661
-0.0547551568386
-0.055364811219
-0.0553402482973
-0.0547373217925
-0.05422259153
-0.0539000746573
-0.0543908958185
-0.0548817169797
-0.054619518805
-0.054034216223
-0.0535605897885
-0.0528473726943
-0.0522462917773
-0.0518588202337
-0.0488174211773
-0.0481966537208
-0.0476603999845
-0.046860087872
-0.0465133205368
-0.047355036562
-0.0473219342541
-0.0467920735904
-0.0460137267175
-0.0452724862672
-0.0443824862181
-0.0425055575113
-0.042221369267
-0.0402495886154
-0.0394953654023
-0.0384867185987
-0.0364894264482
-0.035436036387
-0.0341556425069
-0.0333975448644
-0.0348171823275
-0.0339436813245
-0.0331736841131
-0.0321885289558
-0.0303660967892
-0.0290038149024
-0.02823482208
-0.0273667744151
-0.0262700595755
-0.0249711860541
-0.0238238196046
-0.0222307614473
-0.0211045189411
-0.0197344183424
-0.0184967304082
-0.017151275381
-0.0173018943585
-0.0160142664329
-0.0151574406945
-0.0141137139692
-0.0134425562514
-0.00996559199056
-0.008570874509
-0.0105122509714
-0.00896809863261
-0.00871341497776
-0.00781966412412
-0.00643259672267
-0.00536732329142
-0.00384541091835
-0.00305370206606
-0.00251301631315
-0.00292349477821
-0.00235269221917
-0.00143998758549
-0.000621998519607
0.000384286634236
0.00193167747396
0.00217911234155
0.0026846915782
0.00273579022071
0.00280468022235
0.00311804376259
0.00388973929345
0.00465968949134
0.00493484334208
0.00534902553022
0.00657430157697
0.00623219849409
0.00536517641991
0.0058162556375
0.00600062338027
0.00583650731745
0.00602303363335
0.00731830791186
0.00601924987842
0.00561299410935
0.00549821780084
0.00512738117766
0.00547495755438
0.00609042341341
0.00630146667741
0.00673300080579
0.00646291792734
0.00610849733879
0.00578270657446
0.0060315044537
0.00625844949479
0.00617148692759
0.0060845243604
0.00540048194025
0.00538838221731
0.00503276661418
0.00566833879706
0.00542185709484
0.00625333770023
0.00601871962677
0.00532882023849
0.00511784758144
0.00546110363348
0.005412486256
0.00539533302488
0.00541544305809
0.00559743483375
0.00625981492961
0.00584814811634
0.0062699220981
0.00675383893121
0.00594614485651
0.00597032955045
0.00623366293195
0.00674449696877
0.00606580378812
0.00634603272533
0.0063484525903
0.00638935315154
0.00707882115781
0.00707527774948
0.00736002071567
0.00852875842835
0.00955907400656
0.00918897108188
0.00814733891043
0.00815818956017
0.00767330571065
0.00823365099805
0.00851131068075
0.00888040552683
0.00911461464319
0.00923835283729
0.011273872966
0.0116073487095
0.0107781457566
0.0101005312843
0.00995904538401
0.0101045033225
0.00919328339803
0.010364631044
0.00991042245766
0.0098726350652
0.00930948471517
0.00950684815406
0.0103043461466
0.0111018441391
0.0108126957578
0.010181022997
0.00997775138582
0.00940646457265
0.00762515635045
0.00730428216339
0.0068473845083
0.00648208640392
0.00640481337785
0.00785654162947
0.00756122480946
0.00726590798945
0.00697059116944
0.00667527434944
0.00637995752943
0.00608464070942
0.00578932388941
0.0054940070694
0.00352057588904
0.00332614312815
0.00313171036726
-0.00128482115057
-0.00428286004948
-0.00627237906776
-0.00738966723825
-0.00782561861467
-0.0099488494285
-0.0126953247455
-0.0141823989945
-0.0159766372508
-0.0177048566595
-0.0187961828951
-0.0204191248748
-0.0221776940117
-0.0238712901669
-0.0250573229821
-0.0262842249492
-0.0267189264218
-0.0279238098527
-0.0311922026469
-0.0315980284484
-0.0320038542499
-0.0332136415594
-0.0348015181643
-0.0360001684175
-0.0375038024842
-0.0415386051284
-0.0422725955079
-0.0426065914728
-0.0429405874377
-0.0432745834027
-0.0436085793676
-0.0439425753325
-0.0442765712974
-0.0469138361593
-0.0479387478276
-0.0484605996742
-0.0503713734899
-0.0515959192741
-0.0531137270804
-0.0534396816353
-0.0539247450303
-0.0541806988778
-0.05433107561
-0.0535869226514
-0.0552702659436
-0.0551744297491
-0.0554772300486
-0.0547970373121
-0.0547502884942
-0.0522825765416
-0.0522283303508
-0.0520352345891
-0.0537026265014
-0.0531955567212
-0.0532422143461
-0.0535186153848
-0.052940689317
-0.0523328066707
-0.0517262967097
-0.0511589280004
-0.0495196651322
-0.0488439810698
-0.048838246261
-0.0485135133253
-0.0485283593622
-0.0482069265174
-0.0472054287436
-0.0459461740258
-0.0462295484003
-0.0451691646228
-0.044266577904
-0.0419225720506
-0.0415431505492
-0.0407873868839
-0.0409355676053
-0.0398657860194
-0.0387202583234
-0.0377413558667
-0.0358902491058
-0.0364576845169
-0.0355640681208
-0.0349161609196
-0.0341257081531
-0.0328414439497
-0.0317047772305
-0.0304686811801
-0.0279168766349
-0.0274277991346
-0.0265931499262
-0.0265414951457
-0.0254564765234
-0.0249118635525
-0.0237488016318
-0.0221901142372
-0.0202776863962
-0.0193843315272
-0.018846286015
-0.0182224132321
-0.0173948259004
-0.0164100465549
-0.0150626202739
-0.0127965235368
-0.0126076128047
-0.0103921353752
-0.00817665794575
-0.00596118051628
-0.0071809635852
-0.00737989281017
-0.00730860995809
-0.00658610146512
-0.00563041254826
-0.00465156403347
-0.00238491000146
-0.00299992403661
-0.00270524565662
-0.00245018428668
-0.00219512291675
-0.00132338762092
-0.000700511984236
-0.000961114839306
-0.000811019519055
8.84278954723e-05
0.000471107446285
0.00157743648431
0.00240879267457
0.00279624238952
0.00360810703367
0.00162336802868
0.00382267766842
0.00433453414057
0.0037610318849
0.00413480483741
0.00434018518671
0.00493813375683
0.00517480027709
0.00555052933041
0.00376646804034
0.00399764873033
0.00383248106952
0.00471209106776
0.00356597829522
0.00317629266892
0.0039097818466
0.00503978871774
0.00535387301021
0.00555676667211
0.00568882278081
0.00563572806312
0.00577979414853
0.00621279788082
0.00704600882985
0.00614098166414
0.00497522998547
0.00469721608774
0.00415673787617
0.00411139935309
0.00439206378665
0.00470348687875
0.00465836709213
0.00509026147244
0.00695148546391
0.00646940738532
0.00590648147322
0.00550132535064
0.00532907530613
0.00506529630472
0.00483865577523
0.00567351859524
0.00562380320851
0.00603554572476
0.00653041339796
0.00768785785669
0.00806161602318
0.00710364561052
0.00728831822179
0.00709676773351
0.00771645170493
0.010374888696
0.00872901618522
0.0100113912108
0.00947396603192
0.00939004326217
0.00882092610603
0.0094382154118
0.0097679378999
0.00996549454214
0.0110498176949
0.0107216424233
0.00982819200277
0.0100547654445
0.0112289051914
0.0113364015942
0.0109569226402
0.0107405541543
0.0114530368378
0.0111658175283
0.0113659172267
0.0125978568053
0.012223958449
0.0106823862297
0.00996966632127
0.0106960928962
0.0108357234721
0.010401555741
0.0104711450273
0.0120088677054
0.0112839631685
0.00994505892717
0.00950089323292
0.00997789916187
0.00996671387777
0.00915495100523
0.0083431881327
0.00753142526016
0.00736921516297
0.00650152881832
0.00633790412771
0.00586460530615
0.00470924742409
0.00398804672139
0.00566579866324
0.00534669812264
0.00428309503213
-0.00169532954545
-0.00227136183748
-0.0033661457373
-0.00419455100648
-0.00513636519416
-0.00671908371792
-0.00745263372526
-0.00955464207619
-0.0113923154425
-0.0129545696137
-0.014907855405
-0.0161512543528
-0.0176186939275
-0.0187502250953
-0.0206501534863
-0.0206397472938
-0.0228766632703
-0.0244476370075
-0.0251488609852
-0.0258500849629
-0.0265513089406
-0.0293923673116
-0.0304171124451
-0.0315580197098
-0.0352231298225
-0.0364787962276
-0.0378713736017
-0.0394715811524
-0.0407135695964
-0.0413417640359
-0.0427832717162
-0.0434841527086
-0.0445957015902
-0.0448436926168
-0.0459185201403
-0.047210559775
-0.0484252760578
-0.0494707516259
-0.0500534801405
-0.050775912348
-0.0510767257513
-0.0499510186546
-0.051369470209
-0.0520561733944
-0.0525152100161
-0.0528059489934
-0.0514424279449
-0.0520141310812
-0.054007244193
-0.0534465462532
-0.0541507815339
-0.0541118541412
-0.0537927607378
-0.0533986280093
-0.0532596379503
-0.0518341736375
-0.0513349782921
-0.0516914954329
-0.0520279618328
-0.0514032788282
-0.0521593838728
-0.0510959555546
-0.050327442175
-0.0497308873626
-0.0489569032439
-0.0478831721934
-0.0473411435463
-0.0465481256963
-0.0468627275639
-0.0455107535143
-0.0459724117407
-0.0450362288381
-0.0444280635874
-0.0428586099834
-0.0425278505713
-0.0419674967548
-0.0398276554157
-0.0401854846026
-0.0394306276064
-0.0385801519908
-0.0372960068103
-0.0349342783058
-0.0342030583043
-0.0337478215216
-0.034152321802
-0.0329283876105
-0.0318057179707
-0.0294629732902
-0.0292936336489
-0.0285795965253
-0.0277745545341
-0.0257573810018
-0.0237402074695
-0.0217230339372
-0.0197058604049
