-0.0275505575018
-0.0278788064632
-0.0298881871302
-0.029402023392
-0.0315019753842
-0.0295618032286
-0.0301976674465
-0.0293115399208
-0.0316202837676
-0.0300350774972
-0.0245872820751
-0.0299589325341
-0.0284475898184
-0.0285211440508
-0.028565701099
-0.0275209174573
-0.0268551867548
-0.0258247434497
-0.0241620717325
-0.024185544039
-0.0255493498961
-0.0251518635369
-0.0226376442675
-0.0208162375697
-0.0175199113632
-0.0193230025439
-0.0148535957083
-0.0140535909303
-0.011840490697
-0.00656220968677
-0.00748817647991
-0.00854541478528
-0.00916829505218
-0.00959764555751
-0.00448134458632
-0.00537983973664
-0.00387474275567
-0.0020981656658
0.000593938189461
0.0014244478576
0.00068013664668
0.00191003600212
0.00950174938947
0.00584834464682
0.00913098210624
0.00988057475765
0.0124657037792
0.0158585895938
0.0154311273561
0.0170990155891
0.0150221508329
0.0148056805876
0.0174115907622
0.0197505217849
0.0234827505059
0.0238719834091
0.0237352858548
0.0268736467531
0.0298634144216
0.0302439006563
0.0319675568911
0.0324322992145
0.0
0.0329440589016
0.0353239505589
0.035539434812
0.0347348549282
0.0316113539746
0.0316540480739
0.0324709462179
0.0342332478385
0.0331371731214
0.0333588329358
0.0336553644614
0.0351282595842
0.033827597478
0.0303324302867
0.0326968726408
0.0331031089114
0.0350508101378
0.0326018303631
0.0328040201788
0.0328351531126
0.0295503619135
0.029122624914
0.0289526555218
0.0226940887157
0.0227570154678
0.0205071386526
0.0203524141081
0.0219664289779
0.0240697242635
0.0239166293646
0.0
0.0195463259666
0.018099728783
0.0175731275231
0.0176520099328
0.0151026364672
0.0163208083677
0.01334810148
0.012261419924
0.00960765961522
0.00898892224763
0.00942521616727
0.0039512617336
0.00501144598223
0.00222121658488
0.00180844360797
0.0018617457884
-0.00148634028373
-0.00182443980428
-0.00519124252953
-0.00580827153501
-0.00379471509764
-0.0064431983213
-0.00739493070032
-0.0104062956674
-0.0106219595445
-0.0119476761175
-0.0176091271831
-0.0158502046993
-0.0178336924506
-0.0180826317299
-0.0183298873792
-0.0172399312724
-0.019293860494
-0.0233472404618
-0.0244792564688
-0.0225165394076
-0.0243046148301
-0.0222597792694
-0.0247299904817
-0.0267024335843
-0.025929172089
-0.0261844693944
-0.0276536171845
-0.0278289556617
-0.0288746884619
-0.0280935127269
-0.028148232376
-0.0231673449524
-0.0248443316414
-0.0246754909083
-0.0246859723323
-0.0259353528612
-0.0221017056084
-0.0175434240937
-0.0165119419032
-0.0197361756616
-0.0216049105608
-0.019501089245
-0.023248599354
-0.0173490025392
-0.0183733163342
-0.0149669039601
-0.0149709850261
-0.017111590111
-0.0138218979144
-0.012959883677
-0.00842888469755
-0.0112577807636
-0.0126106095643
-0.0079045125073
-0.00769472069376
-0.00452266404137
-0.00308581721439
-0.000496778914638
0.00305156423072
0.00413075254441
0.00752403236262
0.00647980449214
0.00884938481882
0.0107500812464
0.00960806863122
0.0097353907564
0.0120740066553
0.0160167761366
0.0182294283103
0.0219087801699
0.0248114397469
0.0249301867404
0.0250027087856
0.0259487529234
0.0259393283874
0.0292129396541
0.0298198636804
0.0292183386071
0.0303177719987
0.0
0.0333156005262
0.033742676887
0.0344376842697
0.0370972436341
0.0353298744715
0.0369768002779
0.0369456418643
0.0378197669609
0.0390071373704
0.0386383763685
0.0373717928662
0.0379505008476
0.0403717559865
0.0379550971907
0.0394600233732
0.0386717313963
0.0397072046926
0.0387091908731
0.0351447320217
0.0356250845938
0.0351029958785
0.0339782049524
0.0322659814627
0.0359791298121
0.0300592555612
0.0292748198126
0.0293372789654
0.0308822602886
0.0330441417451
0.0304464860416
0.0289420998618
0.0266489608224
0.029247730369
0.0261875637335
0.0209440886473
0.0226198024734
0.0262942141028
0.0182377977986
0.0169682067431
0.0135438859193
0.0146563304536
0.0108604153294
0.0103974727963
0.00644083060797
0.00607682404649
0.00272983554093
-0.000817089346935
0.00479291859017
0.000113488320401
-0.000729738114748
0.000554410765174
0.00284592457105
-0.00229517361699
-0.00530710570876
-0.00510649277406
-0.00915066179735
-0.0096570731371
-0.00803341142132
-0.0124573298938
-0.0143775350824
-0.0124660878186
-0.0158364591997
-0.0202523893537
-0.0182248109618
-0.0202560729024
-0.0195827688948
-0.0197530992651
-0.0226271754801
-0.0240332165309
-0.0248062750129
-0.0227672132927
-0.0210859473525
-0.0241759580849
-0.0256289122431
-0.0246895741034
-0.0246572289143
-0.0253201849504
-0.0254965776934
-0.0259422854714
-0.0239538950191
-0.0226492918265
-0.0216029503302
-0.0223722938341
-0.0220380619065
-0.0224552970436
-0.0218314956848
-0.0227804694762
-0.0226002395706
-0.0219383590389
-0.0188944813508
-0.0182728021474
-0.0173530119375
-0.0178479009561
-0.0160192339934
-0.0152985532387
0.0
-0.0096094792846
-0.00803001212572
-0.00650542286312
-0.00186400724669
-0.00726879309504
-0.00461347347814
-0.00163352856683
-0.00100715355781
0.000464453309146
0.00160002197463
0.00193281273049
0.00613627905685
0.00502996720412
0.0103380285463
0.0128585696245
0.0138398695315
0.0159153264379
0.0166671720848
0.013869320844
0.018374428469
0.0191811274021
0.0230249064984
0.0224178228276
0.023653898345
0.0299660148346
0.030712184669
0.0284596297673
0.0330181999571
0.0346283271057
0.0337377947591
0.0344698196916
0.0334517688391
0.0355484642233
0.0361497098481
0.0373273352273
0.0403951292283
0.0377356655571
0.0392675432729
0.0396213951412
0.0380315555902
0.0401699685874
0.0366681499534
0.0374561288697
0.0393532497386
0.0371298117056
0.0391150198467
0.0373796997574
0.0431935223285
0.0395436442565
0.0377225245381
0.0396507049092
0.0395280480291
0.0345772168867
0.0362719934141
0.038149158601
0.0374682417532
0.0379618249687
0.0330723631119
0.0333755321788
0.0362902898044
0.0332905642064
0.0317859780112
0.0314968822081
0.03119400404
0.0313454276005
0.0298658118043
0.0261587721627
0.0277700029136
0.0241072702848
0.0241252980727
0.0262198709753
0.021378763269
0.0201692312107
0.020406940372
0.0164851392792
0.0165298035469
0.0154137984422
0.0127525002636
0.0125616423683
0.00934914037395
0.00715498213908
0.00849228511692
0.00638612989591
0.00676317433643
0.00600954578323
0.00212695983536
0.00291381236269
0.00161038188651
0.00249840184916
-0.000520727777551
-0.00191174465716
-0.00276291092393
-0.00343317952104
-0.00381219286296
-0.00484157332295
0.0
-0.00588568498569
-0.00716553246523
-0.00609629403286
-0.00773410132473
-0.00815852726385
-0.00678427736148
-0.00623647066303
-0.00844548367597
-0.00789904420032
-0.00852961842497
-0.00831951655886
-0.0113569590405
-0.0100006442035
-0.0125076937296
-0.0131116949449
-0.0120974026032
-0.0133429742099
-0.0123308921479
-0.0130536078251
-0.0127278769536
-0.0118880533685
-0.0117430299195
-0.00745587667572
-0.00966267608452
-0.00831511248735
-0.00883180150999
-0.00622432104075
-0.00907382974876
-0.00493921500555
-0.00539954800907
-0.00787159171652
-0.00452008027991
0.00335520956057
0.0
0.0
0.00848185273042
0.00202180414878
0.00452050248854
0.00297482034146
0.00327496512828
0.00570491654662
0.0071303460423
0.0108612637877
0.00939923459274
0.0117673451566
0.0105374431875
0.0155566167228
0.0142476320948
0.0144887242648
0.0183514780985
0.0173473051785
0.0184217978055
0.0192079582376
0.0214481265914
0.0220206054133
0.0218983049215
0.0232565001362
0.0238182122994
0.0268682186935
0.0273864310258
0.0317103819504
0.0316794089809
0.0297461150045
0.0325933159612
0.034180626042
0.0331822573368
0.0355289400827
0.037495257156
0.038777618244
0.040361097195
0.041033971029
0.0409276297404
0.0400297346833
0.0398848442056
0.0413739964
0.0419369809936
0.0427651654945
0.0425205595346
0.0402686503901
0.0415805722511
0.0420427516267
0.0412744250541
0.0419670541088
0.0426047590652
0.0397742475743
0.0436667803964
0.0407787693589
0.0
0.0504756566569
0.0431907288853
0.0428929504874
0.0418608041863
0.0392882683867
0.0369136760084
0.0358829111883
0.0
0.031208917494
0.0326051476446
0.0281141171553
0.0302438743161
0.0269653038016
0.025419146828
0.0233577357987
0.0216047446312
0.02030393883
0.0192194790712
0.0191684267296
0.015112566592
0.0135322584686
0.010529781002
0.00912400164824
0.00990054189086
0.0061745933853
0.00692039726165
0.00336307912325
0.00177924326088
0.00110554377711
0.00142273620298
-0.000820335201717
-0.00130712547009
-0.000285812876853
-0.00506507165925
-0.00593558070316
-0.00630529980312
-0.00928365070181
-0.00652925074617
-0.00702521120468
-0.00922352835289
-0.0112982123343
-0.01033743171
-0.0126245980718
-0.0127554282284
-0.0160571189435
-0.018889843113
-0.0189854303878
-0.0151284273256
-0.0110348783579
-0.0128506571547
-0.01477840186
-0.018275990783
-0.0186530134554
-0.0188658801848
-0.0208070885435
-0.0203174717694
-0.0153236519152
-0.0177710702419
-0.0170743622551
-0.0186126370421
-0.020737172108
-0.0182640634661
-0.019327539707
-0.0186044977107
-0.0183209925175
-0.0168528789056
-0.0176859648823
-0.0144567360725
-0.0164794508098
-0.0166199282481
-0.0127727626521
-0.0102035726668
-0.0121229072161
-0.00886468934842
-0.0078051501276
-0.00706928877828
-0.00504544135197
-0.00440937792331
-0.00520731676008
-0.00546737594955
-0.00106068607023
1.00698311878e-05
0.000899079191891
0.00263025945985
0.005782249708
0.00972998940147
0.0
0.0
0.0235262225883
0.0201519405341
0.0209610598767
0.0209281592545
0.0202260458654
0.021317305915
0.0190745648563
0.0244363496589
0.0249123443038
0.0249930984605
0.0244101946606
0.0259802654624
0.0272585070827
0.0305264498661
0.0274017979969
0.0
0.034731908223
0.034263041321
0.0342467368769
0.0368196077979
0.0354453389046
0.0371705227123
0.0370837372363
0.0396275396979
0.037223160721
0.041312699121
0.0430681863861
0.0444775122237
0.0451520629146
0.0434631078127
0.0429065563413
0.0448043847013
0.0470450809999
0.0457765942976
0.0489576016012
0.048261611685
0.0461841514797
0.0491434413791
0.0474519381308
0.0
0.0536242569025
0.0
0.0
0.0
0.043543864478
0.0447840398285
0.0434233620514
0.0418556215073
0.0397440044496
0.0394630669562
0.0368372901507
0.0355982151589
0.0371858956544
0.0328172140753
0.0319023579564
0.0296987355949
0.0282064118966
0.0276005969201
0.0260951374636
0.0233489954597
0.0218745935704
0.020425984073
0.0213026694295
0.0139637936825
0.011184017017
0.0122631295286
0.00882376866457
0.00643639219546
0.0062319330715
0.00369244984407
0.000992510125994
-0.00131469557318
-0.00395866266991
-0.00376158477587
0.000611072551587
-0.00559123370462
-0.00759948037358
-0.00881907236171
-0.0108185145701
-0.0130036136844
-0.0120186450764
-0.0141368571134
-0.017082588655
-0.0158464079678
-0.0142378636268
-0.0170054311154
-0.0206594489565
-0.0222479623739
-0.0239633568434
-0.0225271817767
-0.0265365899627
-0.0271949118637
-0.0266722256825
-0.0242428023964
-0.0249621442571
-0.0254964878777
-0.0270609686868
-0.02661417121
-0.027750977356
-0.027605100306
-0.0281685676433
-0.0264861980211
-0.0238611566541
-0.0229074820283
-0.0259080495023
-0.023866146271
-0.0202226995965
-0.0210086277355
-0.0222739774274
-0.0186934277321
-0.0200858851208
0.0
-0.0143440265232
-0.0162247852488
-0.0160575250477
-0.00771325228675
-0.0106631696524
-0.00894272207437
-0.00795919389717
-0.00703664083623
-0.00604158814938
-0.00409038939048
-0.0034436010789
-0.0034965996719
-0.00255353478188
0.00181469907502
0.00336453534859
0.00370535506532
0.00620018527672
0.00822322981438
0.0101288804384
0.0115223665732
0.014428025985
0.0159355647584
0.0162303518221
0.0152456718081
0.0173229822434
0.0212850624918
0.0218822647434
0.0214092262714
0.0246308955175
0.022417083766
0.0256648667615
0.0268412867271
0.0330818986097
0.0331624477595
0.0328256798183
0.0
0.035108534385
0.0343216766088
0.037251747375
0.0371087356708
0.038271411311
0.0384610843943
0.0390179926845
0.0413897062814
0.0429234667664
0.0420784898938
0.0418565054405
0.042677337994
0.0407518077642
0.0417211625426
0.0385799179298
0.042506352937
0.043137942637
0.0455472885168
0.0443144617295
0.0435181412778
0.0432904854818
0.041072894305
0.0428760438519
0.0420716039529
0.0410017736602
0.0411793902934
0.0397169694374
0.0389530854288
0.0362733091337
0.0373613095769
0.0366588528011
0.0346638329304
0.0344880281096
0.0348198638652
0.0366144914659
0.0346567512037
0.0314911359499
0.0291991764719
0.0286824437761
0.0245560835607
0.0225550933279
0.0206063131458
0.0207864790011
0.0202921629084
0.0229204785904
0.0181326872953
0.0148613560547
0.0137669388752
0.0166052079692
0.0150248457246
0.0120786226774
0.00956373843008
0.0091625850084
0.0089083411776
0.00296075475522
0.00261247199446
0.00152723163504
-0.00284717604826
-0.00440990083347
0.0
-0.00598226816212
-0.0089890531964
-0.00853477703782
-0.00786492544171
-0.0129113065894
-0.0116793480465
-0.0166051966328
-0.0142884214372
-0.0181237743021
-0.0186182704
-0.0184338950149
-0.0220104600595
-0.0183059668136
-0.0203930519857
-0.0216579857137
-0.0208695535655
-0.0252737605577
-0.0261890689246
-0.0209634621478
-0.0227835123054
-0.0223745867251
-0.0210749010661
-0.0197048879665
-0.0245159449627
-0.0243721601173
-0.0245677685203
-0.0218536406946
-0.0211174452393
-0.0226991704766
-0.0199397816161
-0.0194044078332
-0.021998087493
-0.0213492638169
-0.0179694640852
-0.0162472681071
-0.0196782268728
-0.0108152547596
-0.0144062547228
-0.0122502508788
-0.0129874553095
-0.0100350104217
-0.00720693216658
-0.00794293555205
-0.00670901548113
-0.00338672401159
-0.00309108180356
-0.000952080057701
0.000804644521114
0.00587254320603
0.00654594413508
0.00937806228239
0.0118669262953
0.0152926139156
0.0172091655656
0.0179385142213
0.0177575301241
0.0193240129572
0.0193889962337
0.0199993803884
0.0
0.0
0.0
0.0
0.0
0.0474282385562
0.0433350166399
0.0427507040192
0.0394031171189
0.0395327704915
0.040282774045
0.0377913605629
0.0378195356816
0.0382619018295
0.0385372608554
0.0416026323228
0.0397917662895
0.0437040852847
0.0416559774515
0.0430440634562
0.0457783412377
0.044746355787
0.0447489246641
0.0459430693991
0.0456619744033
0.0448334030251
0.0442190881576
0.043495140058
0.0417383497037
0.0448776724988
0.0453827271389
0.0458034802452
0.0408088232823
0.0395721843228
0.0437320692282
0.0426439936325
0.0
0.0396037790303
0.0384718990504
0.0362380914934
0.0383837293472
0.0363462622212
0.0340445836026
0.0344753273761
0.0344119951297
0.0288162827705
0.0278102023595
0.0261234912008
0.0230721499298
0.0229405733261
0.0249407343758
0.0227861277038
0.020194080391
0.020412266063
0.0
0.0281937645802
0.0200177671466
0.0150496468256
0.0145167361606
0.0110471563693
0.00930783462911
0.0146759914708
0.00424339458921
0.000159247269742
0.000260946483651
-0.00167919299534
-0.00260889280032
-0.00385936993199
-0.00416953653119
-0.00580433344232
-0.00897674114515
-0.00969778528803
-0.0139041425763
-0.0152406201894
-0.0186491538667
-0.0190329524385
-0.0181488040619
-0.0207411315513
-0.0218447305357
-0.0234988857463
-0.0244218542095
-0.0157319490625
0.0
-0.0186545247652
-0.0195629960629
-0.0217911759711
-0.024572089921
-0.0212816878847
-0.0237684550102
-0.0273080862059
-0.0279597591845
-0.028020576822
-0.0267894428238
-0.0290577534212
-0.0292423659756
-0.0276000174891
-0.0280037651228
-0.0264379407366
-0.0276127594951
-0.0225547533965
-0.0244504895818
-0.0226240504083
-0.0208540110556
-0.0199738491063
-0.0179636585293
-0.0175270908508
-0.0151347987339
-0.0157786703997
-0.0119299475979
-0.0116657891542
-0.0124776062104
-0.00923777950574
-0.005480975529
-0.00627481306572
-0.00301045774945
-0.00187286147945
-0.00201348709538
0.000750496822541
0.000605124349396
0.00650666822535
0.00150304972162
0.0055234937006
0.00975759457275
0.00858132178633
0.0122870477109
0.0144942389548
0.0190471609646
0.0224401109823
0.0207664750014
0.0216920266805
0.0244262238604
0.0236271885511
0.0
0.0245573511551
0.0256648355804
0.0298195109686
0.031207592971
0.0310475899717
0.0332310892252
0.0349838869174
0.0352422826189
0.035738955152
0.0372633044915
0.0403187019546
0.045452627337
0.0492412917459
0.0
0.0
0.0
0.0
0.0
0.0575257476067
0.056951392072
0.0530736013622
0.0490350942509
0.0505612053799
0.0465419181732
0.0460100063783
0.0483392173205
0.0463634726009
0.0473188383467
0.0473864936176
0.044918808417
0.044704097744
0.0419929995716
0.0396879089306
0.0403909208798
0.0379301824098
0.0362758643627
0.0360816148589
0.0327153509786
0.0311951076581
0.0320078827798
0.0311533865728
0.0308292967232
0.0286842239305
0.0253677613707
0.0297727113341
0.0
0.0260742261294
0.0205724491001
0.0184625617649
0.0174702832612
0.0143181015627
0.0132985742098
0.0107836018609
0.0123938965798
0.0104201020159
0.00673996851318
0.00411854094367
0.00339998166083
0.00253229287536
0.0012107165512
-0.00207927014092
-0.00498166711177
-0.0037173020425
-0.00414610253671
-0.00541959187895
-0.00939686931692
-0.0114209148941
-0.0121893216956
-0.0131485824524
-0.0157568674555
-0.0162167598251
-0.0207203696094
-0.0154783864517
-0.0200036430033
-0.0177274074824
-0.0210048239091
-0.0165003808647
-0.0187536499327
-0.023422869581
-0.0256860026189
-0.0257403191799
-0.0260089303845
-0.027849443085
-0.0295338316183
-0.0293173768895
-0.0274579117303
-0.0218234328186
-0.0193711785833
-0.019707503279
-0.0190340103536
-0.0199285888051
-0.0205073292175
-0.019727173779
-0.0233337885533
-0.022158253631
0.0
-0.0137767797171
-0.011788585948
-0.00953909216316
-0.00373559752788
0.00164757306574
-0.00339308666865
-0.00129593670533
-0.00224878640002
-0.00388635617499
-0.00518348780549
-0.00345077946632
0.000771291099719
0.00105711530277
0.000313068029981
-0.000563576836535
0.0028612446742
0.000829317647256
0.0065929910188
0.00754127200777
0.00900134655831
0.00834627558958
0.00819060279512
0.0149954147112
0.0123589372872
0.0107341597659
0.0155476153422
0.0151985953551
0.0169962658102
0.0182147129343
0.0187003910912
0.0236765346384
0.02689540412
0.0285933429969
0.0248212260951
0.0282660480473
0.0269417108747
0.0301575613801
0.0320609924487
0.0355623848592
0.0323341443048
0.0336876275663
0.0334285556492
0.0335714323686
0.0349346823196
0.0365725958965
0.0385722795461
0.0396399199394
0.0397504632096
0.0395957200406
0.0419425116802
0.0418880612336
0.0423870464104
0.0419314618769
0.0429722184092
0.0438188542055
0.0444577991559
0.0462837615357
0.0434444694514
0.0465698326857
0.0376962708523
0.0410034379525
0.0415944518239
0.0416726067168
0.0400198707163
0.0385340203141
0.0403355170814
0.0368114002236
0.0392940169079
0.0393066184856
0.0363535863794
0.0385229035825
0.0422540458103
0.0402665194793
0.0355932132092
0.03250892243
0.0317703230191
0.029770884151
0.0319379140654
0.028659539725
0.0262969845735
0.0244024515411
0.0212531662648
0.0195378512796
0.0176096744443
0.0150666566154
0.0
0.0210988644215
0.0164420750052
0.0117039225496
0.0107842685194
0.00717179826978
0.00856191677643
0.00479445750841
0.00350942023401
0.00121140110161
0.0
0.0021383188935
0.00371518629687
0.00116476306311
-0.000489077879915
-0.000969207281809
-0.00225623219888
-0.00212728493463
0.0
-0.0008503311129
-0.00638987056778
-0.00824894762117
-0.015722723572
-0.017736215604
-0.01933958649
-0.0211342779594
-0.0190851395948
-0.0200678253298
-0.0222144986639
-0.0249343437365
-0.0257944864462
-0.026519658417
0.0
0.0
0.0
-0.0147762479073
-0.016253175636
-0.0178127242123
-0.0157257861131
-0.0112373989952
-0.0121416134164
-0.0153472530217
-0.0141979688468
-0.0153212008858
0.0
-0.0136045633605
-0.0166072319862
-0.0165212776982
-0.0175497846629
-0.0209328820954
-0.0173759768391
-0.0164897963839
-0.0150824280223
-0.0169954692999
-0.0155274226593
-0.0132991925342
-0.012409167681
-0.012712195701
-0.0110031344949
-0.00995422245426
0.00151279125901
-0.0026335352175
-0.00216843238667
-0.00185187810767
-0.000497630687146
-0.000285007857454
-0.000226605682623
0.00289013727047
0.0112480552294
0.00649500234978
0.0039859620035
0.00727218921143
0.0091126706887
0.0107058101745
0.0106652517098
0.0127759263132
0.0134209004144
0.0176261435424
0.0157356274605
0.0216937601416
0.0251177244951
0.0246982618203
0.025888116523
0.0262560574883
0.0263871621056
0.0303004338955
0.0332854962107
0.0336859801873
0.0337114819985
0.0344576512887
0.0363691457171
0.0356563289792
0.0365919479214
0.0378181581191
0.0317855122888
0.0343580703248
0.0351361234413
0.0381587514872
0.0413465126666
0.0370951201853
0.0363277482733
0.0375147635746
0.0350369830854
0.0371979494858
0.0365531509918
0.0377667803468
0.0
0.0378097067929
0.0335913333099
0.0317790393924
0.0327279441059
0.0325746235841
0.0294753738362
0.031110059443
0.0289474719726
0.0277210607094
0.0265636945526
0.0237031384611
0.0260155329711
0.0267929556981
0.0243058705572
0.0234642251567
0.0217361788148
0.0202332076919
0.0184129323055
0.0182580215251
0.0145690935182
0.0139051074449
0.0117445535904
0.0114613887663
0.00724664613879
0.00466909933917
0.00300483872731
0.0017411943815
0.000900095897151
-0.00200898442999
-0.00319218783755
-0.00637693797414
-0.00745448908308
-0.0114916039118
-0.0115881097879
-0.0118510590054
-0.0162870872459
-0.01605562866
-0.0196712905042
-0.0190040154416
-0.0200008717284
-0.0200348287877
-0.0223845940018
-0.023927013455
-0.0232362573744
-0.0227164200162
-0.027074040631
-0.0264202427567
-0.0299665975193
-0.0306956548767
-0.033352680743
-0.0332286249093
-0.0328226751171
-0.034800667213
-0.032812150362
-0.0312432928622
-0.0337358492853
-0.0330071043419
-0.0325358228171
-0.0327754342228
-0.0333351055434
-0.0359996422871
-0.0334742046174
-0.0299714923968
-0.0338773042092
-0.0338342504001
-0.0314227846086
-0.0307312813748
-0.0281706566872
-0.0241430825755
-0.0288914072915
-0.0269250456861
-0.0244083553815
-0.0235056378554
-0.0196196179424
-0.0193315381392
-0.0186860146985
-0.0196734628006
-0.0181470162389
-0.014479108725
-0.0137225710963
-0.01376456555
-0.0109860082142
-0.012213207876
-0.0111155886036
-0.00608305758748
-0.00414508087833
-0.00786802120119
-0.0064211374804
-0.00277599930575
-0.00025494348272
0.00121610024119
0.00273074549753
0.00437005742969
0.00667655636933
0.00633694086994
0.0
0.010246572405
0.0121559720972
0.0152786279923
0.0138472284755
0.0173393673825
0.0170962955009
0.0215467031782
0.0260478742961
0.0253270286031
0.0246567775619
0.0271293674346
0.0284394303795
0.0279175064363
0.0333930343197
0.0300794618667
0.02979314091
0.0331003668272
0.0330166558666
0.0376960569862
0.0383055844595
0.0370671299414
0.0360713546582
0.0384510159776
0.0343807496866
0.0365502898632
0.0383479364868
0.0375638994297
0.0362598064541
0.0388533637312
0.0365264817584
0.0346611036529
0.0355414595435
0.0355913355218
0.0344027614847
0.0340242592709
0.0296075820226
0.0310084182888
0.0329561503469
0.0330321402595
0.0327033533763
0.0273085654946
0.0266979182019
0.0266622599318
0.025376580648
0.0231343767463
0.0239154437514
0.0271054832256
0.0220014471351
0.0
0.0206229694158
0.0183445015655
0.0173185492315
0.0160804343622
0.0140456252763
0.0146849156606
0.0148319328256
0.013146967133
0.0180582191135
0.011286198804
0.00850036124965
0.00879057859809
0.00493567180131
0.00163055062854
0.000416254178743
-0.00420697432452
-0.00767655121161
-0.00993703586796
-0.00830432134291
-0.012364731234
-0.0110145245003
-0.0152525047476
-0.0154330754059
-0.0186437657953
-0.0200506926143
-0.0231869780097
-0.0243829963708
-0.024229287973
-0.0254721575464
-0.0270419855264
-0.0272748461375
-0.0266091505757
-0.0318370461666
-0.0307095972985
-0.0347097738493
-0.0316408278734
-0.0325951344709
-0.0321540038635
-0.0334550798962
-0.0331405354998
-0.0344200706175
-0.0351245763031
-0.03363731572
-0.0346226109997
-0.0330153239842
-0.0330413934095
0.0
-0.0333061794933
-0.0353599297914
-0.0333366857753
-0.032248870519
-0.0320072869733
-0.0297440832151
-0.0266687448348
-0.0273780203226
-0.0242039041267
-0.0238542530692
-0.0275222137311
-0.0251615606033
-0.0248423141793
-0.0209532265765
-0.0180989671836
-0.0162998961059
-0.0145632437966
-0.0113367593567
-0.00917187598926
-0.0105915762051
-0.00780884960651
-0.00667303096698
-0.00547703378281
-0.00533809966935
-0.00158185256123
-0.00150850506031
0.00487366405715
0.00430601027982
0.00339452065828
0.00494485586116
0.00794784762112
0.0153697145952
0.0120735376624
0.0163154102561
0.017941281898
0.0194101650759
0.0150392412269
0.0212646419292
0.0197160798403
0.0220146720792
0.0268416941517
0.0252138858393
0.0298771097495
0.0266627353067
0.0298863339533
0.0332928790577
0.0387191113189
0.0347425276196
0.0337002391082
0.0361442301099
0.0341204029227
0.0349329983173
0.0332061804441
0.0359694459331
0.0391671788031
0.0397959934054
0.0417866245465
0.0394051404783
0.0384947210398
0.0365963618941
0.0393273495478
0.0369590384634
0.03740629104
0.0435746374596
0.0340055223037
0.036001558077
0.0386869486141
0.0384676301965
0.0364989342714
0.0425057313719
0.0486768238957
0.046514352014
0.0443665036037
0.0418713058918
0.0392461950729
0.0354039302203
0.034239679209
0.0319218287756
0.0293353470624
0.0278731546224
0.0239960706819
0.0248529770406
0.0217925290959
0.0194690963865
0.0166321882668
0.0166566282693
0.0152312738137
0.0131777432585
0.0133836011732
0.0175820942386
0.0107565944022
0.010303917007
0.00916922657016
0.00766116337274
0.00250593749123
0.0
-0.00291057345984
-0.00588697402035
-0.00290889584628
-0.00527261729979
-0.00858294861056
-0.00958324882224
-0.00845419769617
-0.011660708771
-0.0130226153147
-0.0159574257762
-0.017622145407
-0.0203613193681
-0.0188057667965
-0.0157333947013
-0.0193661722369
-0.0211806654144
-0.0208145675185
-0.0238589223165
-0.0225849326705
-0.0249557446964
-0.0269852501582
-0.0279661559726
-0.0281355629709
-0.024901277812
-0.0292027446418
-0.0296244733034
-0.0336473497164
-0.027972217271
0.0
0.0
-0.0227434629946
-0.0251315243728
-0.0273865427715
-0.0258033113862
-0.0237317898657
-0.0196901375104
-0.0243365423096
-0.023929777244
-0.0236444375648
-0.0256033276616
-0.0226753798542
-0.0213461097642
-0.0203788907749
-0.0167414951361
-0.017629537444
-0.015004278434
-0.0141412227534
-0.0147944867367
-0.0123123761368
-0.00143551287843
-0.00268140004676
-0.00253848729094
-0.00124065091413
0.000304371904361
-0.00119473752414
0.00370331953413
0.00359505385238
0.00791872870701
0.00750471430981
0.00810645523867
0.0116628309592
0.0137633153722
0.0129948150676
0.0157533609529
0.0185424651323
0.01911405636
0.0214486063151
0.0
0.022537416282
0.0254841411017
0.0262054258729
0.0255482358034
0.0281259822865
0.0303611461246
0.0314945669442
0.0316811325125
0.0349107347883
0.0347072521309
0.0348430017293
0.0384777155191
0.0365523162191
0.039587915718
0.0358232044501
0.0397316211661
0.0386701101413
0.0401183973673
0.0401721895777
0.0403986980975
0.0410662116462
0.0404035561077
0.0393768840467
0.0423578712599
0.0411141584972
0.0427087918
0.0425988135234
0.0
0.0404674188804
0.0407929671167
0.0404409863475
0.0406886159657
0.0397063513259
0.037858847414
0.0383453136469
0.0380502899638
0.0365472863454
0.0388502120105
0.0368855943255
0.0357198805542
0.0366015980312
0.0373725939031
0.0352427683864
0.034678694405
0.036787352446
0.0409849315696
0.0
0.0330071455659
0.0320782817738
0.0281641840331
0.0296661498617
0.0233125076396
0.0241283036504
0.0233388385292
0.0192017242202
0.0177748261802
0.0184397743167
0.0149799383239
0.0145148366827
0.0113817111246
0.00990362910389
0.0
0.0135244865867
0.00893907195301
0.0025088150766
-0.00157666669064
-0.00197167484173
-0.00293381537208
-0.00459113649888
-0.00584506462109
-0.00673688782442
-0.0118819893932
-0.0138832614069
-0.0143301824294
-0.0165729924151
-0.0180351306689
-0.0206328739776
-0.0232910018283
-0.0261442634633
-0.0293011610403
-0.0288255864142
-0.0267370436584
0.0
-0.0299921977839
-0.0294611878359
-0.0327935733746
-0.0335578716708
-0.0334911076087
-0.0350218347238
-0.0328542496071
-0.0354486439308
-0.0365482561175
-0.032224986656
-0.0331721036133
-0.0337235482093
-0.0336620047694
-0.0346766457242
-0.0356788381485
-0.0312358764534
-0.0370616877612
-0.0304807321501
-0.0291311639899
-0.0327012968732
-0.028042149343
-0.0266627799523
-0.0265642914447
-0.0232836878112
-0.0240913336747
-0.0218553745393
-0.0243879023497
-0.0227141039246
-0.0202579528546
-0.0142628581606
-0.0168867010145
-0.0163559133162
-0.0121978708911
-0.0104524246373
-0.00928718718581
-0.00484411164497
-0.00796221711044
-0.00234740954173
-0.00239412513745
-9.8252954732e-05
0.0
0.00302693269541
0.00431554464717
0.00677880996682
0.00703673442153
0.00823231047194
0.0126249304642
0.013809384901
0.0176764141991
0.0183277662102
0.0179034281806
0.0198779906073
0.0230411750623
0.0242045500811
0.0269737379459
0.0266825415112
0.0268967478017
0.0290239509372
0.0316509536546
0.0
0.0
0.0
0.0566190212924
0.0
0.0
0.0
0.0
0.0
0.0
0.0
0.0
0.0
0.0
0.0534781049901
0.0515932640581
0.0503399585913
0.0486147554408
0.043324319192
0.0403869269176
0.0412048237456
0.0397112769682
0.039590928845
0.0411582857152
0.0371334747897
0.0328847532992
0.0339770701866
0.029966230732
0.0323704572592
0.0291718366857
0.0249497647765
0.025671158407
0.0235251671224
0.0222641250617
0.0204052216828
0.0195149640737
0.0178857934078
0.0138456080056
0.0123024974013
0.0104814269192
0.0114731613899
0.00663566824161
0.00710908368328
0.00739596872121
0.00566520350782
0.00127279688066
0.00130759125412
-0.00255519363388
-0.00650794590906
-0.00638156032086
-0.0111308445092
-0.0092988037101
-0.0122739830342
-0.0166689261993
-0.0158528132509
-0.0170601973254
-0.0203475939533
-0.0214052439813
-0.0198643863182
-0.0255068182665
-0.0249205866834
-0.0270270015117
-0.0274870444176
-0.0342587700577
-0.0325288662498
-0.0298021205992
-0.0288394756091
-0.0318908198656
-0.0328445266085
-0.0354150573565
-0.0351120746455
-0.0359078379056
-0.034405111438
-0.0376259400178
-0.0375012285905
-0.0357527277164
-0.038853719268
0.0
-0.0301879401098
-0.0390354250278
-0.0367369260892
-0.034837623182
-0.0367545955073
-0.0353213051515
-0.0350288373872
-0.0367649378981
-0.0344286556786
-0.0352785166114
-0.0308118098771
-0.0352431586793
-0.03323916558
-0.0329162789963
-0.0286983555234
-0.0255202431173
-0.0262457868245
-0.0239446850315
-0.0241194746777
-0.0208868157505
-0.0185319052929
-0.0182877655641
-0.0165277454301
-0.0164175839288
-0.0144724344362
-0.0172880882868
-0.0128649600259
-0.0115765056216
-0.00834631498884
-0.00973893617552
-0.00658816941766
-0.00493553049893
-0.00285472510702
0.000562660775715
0.00304424537541
0.0032353736182
0.00374527579696
0.00763166538036
0.00599008740843
0.00952392928316
0.0106832258373
0.0133706516071
0.0146411553319
0.0156648362313
0.0161305979602
0.0189513806993
0.0292802215201
0.0340512936634
0.0315580015184
0.0317349361111
0.0333478699106
0.0289297579603
0.0299859630833
0.0330897279018
0.0305180800848
0.0368641786591
0.0367142178741
0.0357685602364
0.0363739368653
0.0349207814297
0.0364952580985
0.0352431328441
0.0329282056984
0.0325854389823
0.0337255178195
0.0352061994667
0.0368991189571
0.0374110928626
0.0345155396407
0.0351746461443
0.0358905027516
0.0341025960351
0.0322540453532
0.0320833526863
0.0322395604127
0.030539046533
0.0314682711991
0.0337975988952
0.0314292465077
0.0334197486672
0.0307080834521
0.0281049881896
0.0272821229745
0.0254840569579
0.0241165753516
0.0237158901613
0.0229895628281
0.0230093119981
0.0193241428639
0.0189895820866
0.0186504640977
0.0167553798272
0.0148927843225
0.0158594051319
0.0147778821447
0.0
0.00986920877844
0.00820235022201
0.00640713308274
0.00635535577058
0.00417200309428
0.000141361880763
0.00327835296805
0.000183742804994
-0.000758150606781
4.34250260206e-05
0.00145164304626
0.00271822742423
0.000374645716692
-4.03523275283e-06
0.00343238911956
0.00286801177095
-0.00129388275572
-0.00130898929676
-0.010530508664
-0.0126946416822
-0.0127187341342
-0.0151024842751
-0.0143410823207
-0.0148513298337
-0.0152860170177
-0.0203021657322
-0.020303466401
-0.0193513458023
-0.0197725222541
-0.0261833785534
-0.0247663790381
-0.0229738371261
-0.0263365530813
-0.023952778483
-0.0294569558407
-0.0258597489764
-0.0293082036952
-0.0303258069948
-0.0284663317687
-0.0286137595428
-0.0300732802781
-0.0217189021132
-0.0202908403117
-0.0251554356537
-0.0259459274089
-0.0240505302184
-0.0230251002912
-0.0241908019071
-0.0260964190121
-0.0269384856819
-0.0244557843425
-0.0227378197589
-0.0201202229059
-0.0209922245627
-0.0174197217474
-0.0179411966482
-0.0156576533783
-0.0133439465801
-0.0119047534739
-0.00837690388078
-0.00733231903096
-0.00496636358376
-0.00377071725567
-0.00249722218521
-0.000422891680728
0.000891842325292
0.00300628907306
0.00483891527919
0.00659276004197
0.0111312555138
0.00811375985834
0.00877879303773
0.0139883868697
0.0151563169386
0.0223234641674
0.0150455550571
0.0177033432226
0.0236674335576
0.0280344342639
0.0262382817699
0.0275973592583
0.0287843740402
0.0316459615105
0.0288735633177
0.0342219620216
0.0320147840431
0.037309867666
0.0418533988867
0.0395268826801
0.0387988804227
0.0410771632018
0.0384032046797
0.0419175820706
0.0371300117412
0.0383374282462
0.0
0.0388951723831
0.0428625127947
0.0431711788045
0.0436239580858
0.0450179649253
0.0450853623089
0.0434946304408
0.0428855854523
0.0421401769836
0.0413711999865
0.0391395318904
0.0376072579073
0.0376620275765
0.0390989662664
0.0357847282383
0.0402590338795
0.0401815653309
0.0374194283
0.0339119372294
0.0344211294489
0.0315395164032
0.029472780891
0.0285077214112
0.0258920154791
0.0274469051026
0.0244114665443
0.0232320911206
0.0206051208868
0.0177601503743
0.0158469854723
0.0174444928648
0.0
0.0177399612788
0.0147907729079
0.0105433534333
0.0055790686153
0.00310976938078
0.000853608073915
-0.00128896976639
-0.00463544010567
-0.00122283622693
-0.00648055299913
-0.00988777323077
-0.0124068995033
-0.0142206400249
-0.0165392813888
-0.0185605152926
-0.0208760469991
-0.0199132762302
-0.0245253856168
-0.0231877550879
0.0
-0.0270734179379
-0.0302079571634
-0.0293684813014
-0.0298291150464
-0.0318761879152
-0.0316232111894
-0.0343761021192
-0.0317739987679
-0.0335114970753
-0.0297054152892
-0.0339883778023
-0.0350679262933
-0.0334604826851
-0.0378160339752
-0.0378116022761
-0.0354152644736
-0.038507651802
-0.0377405646288
-0.0386496770639
-0.0405435148079
-0.0398886653545
-0.0391213040612
-0.0388837519197
-0.0389544977008
-0.0390421336196
-0.0378720724006
-0.0352618296753
-0.0339234532297
-0.0355577057795
-0.0342992497889
-0.0302443352305
-0.0294190640779
-0.0277153620403
-0.0293751244587
-0.0287503793527
-0.0263810646637
-0.0241273882954
-0.0215363556283
-0.0208050072573
-0.0180442566011
-0.0156791991857
-0.0153955452545
-0.0160861109521
0.0
-0.0104993715878
-0.00981105719602
-0.00782273478192
-0.00599283519878
-0.00424635755067
4.03523275283e-06
0.00112026226868
0.000820400612362
0.00112023376789
0.00142426220034
0.00359799659313
0.00315554091081
0.00901053048299
0.0146369471299
0.0111975369777
0.0153308974977
0.0186127892836
0.0177297544631
0.0207353553851
0.0250315488848
0.0324724821119
0.0240767544125
0.0245100839309
0.027384182225
0.0283072068013
0.0278810662941
0.0282001095985
0.0275178273311
0.0297954533901
0.0321086963554
0.0306272959135
0.0305995356597
0.0323189390931
0.0322408776744
0.0324378360345
0.031042757988
0.0323222638763
0.0319450337209
0.0333646683703
0.0335284959437
0.0315244188515
0.03184921629
0.0347038357659
0.032334405944
0.0306294618276
0.0285003476124
0.0283775362594
0.0275751937272
0.0275006008184
0.0302874390279
0.023562752881
0.0263981108721
0.0225011705201
0.0242853761278
0.023905925603
0.0197691330921
0.0193868067197
0.0
0.0233431046225
0.018175356812
0.0153058120942
0.0136781339717
0.0130167703604
0.00978951570045
0.0090814305373
0.0103483480925
0.00572834799214
0.00290312140165
0.00412962856663
9.23151617527e-05
-0.00106058091787
-0.0030997217545
-0.00735321394099
-0.0082304014825
-0.009495212857
-0.0118988366527
-0.0095767109147
-0.0159755846199
-0.0186260817514
-0.0188606371127
-0.0189808704197
-0.0219759340521
-0.0252352969089
-0.0258465007538
-0.0295161589216
-0.0321279671843
-0.0295016346777
-0.0352163137971
-0.0335549587338
-0.0360743123023
-0.0352328244821
-0.0374944136463
-0.0399104688661
-0.0391098652028
-0.0375133582405
0.0
-0.0408335152414
-0.0412198273164
-0.0431193792777
-0.0422995810224
-0.0436313916623
-0.0432493292396
-0.0444895932914
-0.0412913275378
-0.0417517861283
-0.041635211474
-0.0415490932961
-0.0400258000031
-0.0362183836645
-0.0390427899614
-0.0353233575682
-0.033920187287
-0.033237869614
-0.0361186344664
-0.0341572399609
-0.0318393769389
-0.0336360297596
-0.03122005101
-0.0310980219183
-0.0305243883401
-0.0272444331956
-0.0258312317268
-0.0232709529938
-0.0236666708507
-0.0215561127254
-0.0208920843054
-0.0185526631655
-0.016391654009
-0.0136681920856
-0.0143184651931
-0.00912706496855
-0.0130248306866
-0.0101214254825
-0.00674165196427
-0.00186340152953
-0.00329177177739
-0.00365161542933
-0.00244204348764
-0.00067829046059
0.00373486398885
0.00480343653798
0.00664915906017
0.00847885384708
0.013695715679
0.0136152897182
0.0140239708236
0.0188056637214
0.0189935556751
0.0217542299777
0.0245517070498
0.0228732149978
0.0241440627686
0.0296995267852
0.0331789736979
0.0297486739819
0.0300575910182
0.0288603376271
0.0
0.0333530893533
0.0325543063842
0.0411150210867
0.0348118066845
0.0371609330912
0.0354832598732
0.0356451742444
0.0368092789033
0.0339839719789
0.0369780824326
0.0308471614842
0.0321985438883
0.0324493432245
0.0329753213115
0.0312120195982
0.0292811972329
0.0323307566174
0.031529694429
0.0317808389116
0.031909809129
0.0290248367055
0.0337782954356
0.0285005354123
0.0257444959217
0.0237790819444
0.0229083995573
0.0199593306859
0.0209623613635
0.0245657223403
0.0207971064239
0.0186726567548
0.0143947546888
0.0117268221764
0.0
0.0101743270479
0.0104220090322
0.00746666885887
0.00755507063608
0.0054439097945
0.000517477683233
0.00382333108178
0.00350278848638
0.00185789492657
-0.000613443622716
-0.00213156364594
-0.00379080733848
-0.00559324516446
-0.0109837506964
-0.00846917606093
-0.0100599632903
-0.0148110824853
-0.015667892649
-0.0195668921545
-0.0219176577713
-0.0216980651006
-0.0208793943196
-0.022830140407
-0.0243037817128
-0.0271935131139
0.0
-0.0235545161548
-0.0266663065295
-0.0264315134291
-0.0198084353756
-0.0167040440134
-0.0120265787823
-0.0133735819815
-0.0135250282912
-0.0131244462377
-0.00992620662502
0.0
0.0
0.0
0.0
-0.0117522269642
-0.0149582085454
-0.017224548633
-0.0155663636356
-0.0191696872102
-0.0222397301937
-0.0232015478223
-0.0245522159042
-0.0282371076042
-0.0276845234052
-0.0282247696211
-0.0281632309215
-0.0319794669858
-0.0267842105268
-0.02733609218
-0.0242162034735
-0.0231407882616
-0.0238860222996
-0.0148771741991
-0.0137881134676
-0.0184380497424
-0.0188270761365
-0.0192935013975
-0.015094320735
-0.0160656068322
-0.0131700962112
-0.0120961490108
-0.0103846876222
-0.00875649217422
0.000337576774213
0.00227516832435
0.0
0.0
0.0
0.0174038994479
0.0133599390348
0.0120514049444
0.0136657369209
0.0132488607252
0.0143851537269
0.0118621329804
0.0150248603205
0.0171033171914
0.0172414447916
0.0173299909417
0.0167285706587
0.022258149055
0.0214810095337
0.0213881525991
0.023833704499
0.0212915945081
0.0274760184581
0.0265169896703
0.0303871171854
0.0295214139656
0.0
0.0316335835387
0.0311865241777
0.0326515576807
0.0331240091715
0.0315244932167
0.0344049554794
0.0340183893769
0.032534009968
0.0317291253831
0.0305866904558
0.0302083904724
0.0314884803832
0.033668783901
0.0375314562233
0.0354246105983
0.0354392007386
0.0341167389267
0.0319185093381
0.0335762821463
0.0296838799216
0.0300109020983
0.0281957884382
0.0262615874807
0.0280116979561
0.0252386304941
0.0232141884416
0.0226494703557
0.0233880855456
0.0195894625649
0.0202178520712
0.0168131894643
0.0171263302747
0.015318757314
0.0117454565953
0.00965074404341
0.00608246204301
0.00765143254423
0.00358061410093
0.00711651965069
0.00253058041431
0.00115072158751
-0.00164202319481
-0.00283088775783
-0.00489417911462
-0.00782209831027
-0.00922854702557
-0.0043929604718
-0.0119034255075
-0.0125236205887
-0.0158007669774
-0.0194583281474
-0.0225235931684
-0.0245388749629
-0.0235192719027
-0.0239411772723
-0.0228739500054
-0.0253703097429
-0.029498148601
-0.0301352072951
-0.0328226756695
-0.0331616540306
-0.0353970696929
-0.0333585201306
-0.0308461342361
-0.038526559552
-0.0372211442739
-0.0404023204767
-0.0386803338426
-0.0391077273062
-0.0403953704595
-0.0396377160638
-0.0434199708195
-0.0418548765669
-0.0404101163992
-0.0407452481209
-0.0349830014938
-0.0387530819625
-0.0428575198595
-0.043510391106
-0.0414888973389
-0.0406546466787
-0.0365163480003
-0.0352521559102
-0.0361067033284
-0.0338332652966
-0.0342878154207
-0.031549337174
-0.033683550228
-0.0305133612867
-0.0289910850266
-0.028221546114
-0.0262493755371
-0.0227703074747
-0.0216286601122
-0.0218539380322
0.0
-0.0168153770907
-0.00949432657899
-0.0161860766133
-0.0130964692273
-0.0165946372445
-0.0119219864586
-0.00904405118753
-0.00728114057449
-0.00638985662021
-0.00331588219543
-0.00270125395475
-0.00493314054383
0.000534147050326
0.000735421130858
0.00593840131987
0.00081818960315
0.00503673130463
0.00543909328008
0.0169121318269
0.0215145440823
0.0182692409586
0.0125188118194
0.0200300865779
0.0159124581198
0.0183659401717
0.0172037890144
0.0218850844236
0.0220278233186
0.0231186375901
0.0236551717988
0.024118831249
0.0327994977176
0.0268726567934
0.025909850748
0.0288455102146
0.0260330532511
0.0274145836596
0.029763875061
0.0268964693927
0.0262415158216
0.0262036147903
0.0279838634727
0.0273024448341
0.0267096002327
0.032104399448
0.0282695434175
0.0283081223737
0.0255801346309
0.0283372990239
0.0294722240395
0.0262966842542
0.0264318400986
0.0235562576267
0.0222646978493
0.0277768488509
0.0249366143865
0.0240045681865
0.0242621063969
0.0240005408581
0.0214929231761
0.0206573728199
0.0150410553595
0.0164482400452
0.0158162569766
0.0120499841974
0.0114846924052
0.0142970530875
0.0100570197179
0.0111431090275
0.00954421340562
0.00519261019393
0.000179678799058
0.00025784311159
-0.00102303728357
-0.000595296785646
-0.00498962058035
-0.00692840789478
-0.0100462348264
-0.0108260865843
-0.0116210119487
-0.0151172398576
-0.0133884933016
-0.015044652207
-0.0168699098592
-0.0185395009991
-0.0200810005521
-0.0233374812607
-0.0229022239782
-0.0249740860296
-0.0236024929441
-0.0272047257661
-0.0284743181463
-0.0304788057325
-0.0293960114708
-0.0264060159834
0.0
-0.0347268519448
-0.033146674011
-0.0348480982025
-0.0380289568967
-0.03664185863
-0.041452199067
-0.0402465196149
-0.0381073548204
-0.0412295191506
-0.0424722327445
-0.038351391229
-0.0398449127492
-0.0417583476205
-0.042928316605
-0.0421036186399
-0.0420053719636
-0.0403768538998
-0.0413525889832
-0.0384764921913
-0.0385619538349
-0.0400126478047
-0.0364219833561
-0.0377441095221
-0.0382063431666
-0.038021301808
-0.0322656025579
-0.0320363271853
-0.0277629427944
-0.0276917128832
-0.0236418464301
-0.0236806295185
-0.0218353894779
-0.0199153549241
-0.0181751696883
-0.0135319825776
-0.0114281458728
-0.00593868166219
-0.00268937308167
0.00828266388385
0.00406500517531
0.00419409393972
0.00885228571078
0.00972864349858
0.00929155480871
0.0102367724838
0.0118741328431
0.0142561013044
0.013776764687
0.0155803270413
0.0192739819232
0.0211589962536
0.0250059401943
0.028388575625
0.0273812849757
0.0259095076502
0.030533733372
0.0289940553837
0.0308171854074
0.0304785439949
0.0265748882969
0.0305018635349
0.0314513487555
0.0309874882077
0.0323735120787
0.0386280105683
0.0349338951058
0.0375895751081
0.0431854415508
0.0414585478363
0.043070512259
0.045370134559
0.0431549714748
0.048273200928
0.0440578038992
0.0426626043418
0.0397426930479
0.0367581034124
0.0390555754276
0.0356356828704
0.0363017897738
0.0344716250532
0.0345456987587
0.0344205958759
0.0296659909664
0.0297512484577
0.0292776695026
0.0296213104004
0.0238709491821
0.0245135043426
0.0222442120014
0.0232011992724
0.0209282256818
0.0188505581853
0.0192031640836
0.0183920169094
0.0
0.0107998781498
0.0153987297319
0.00815914719252
0.00893277799987
0.00598180445632
0.00556562603512
0.00294038393894
0.00726737865244
-4.09599565889e-05
-0.00182260063014
-0.00239478306752
-0.00686004404547
-0.00862716884993
-0.00935182614279
-0.0092934466365
-0.0130842151639
-0.0149526022996
-0.0160517154154
-0.018530003274
-0.0143477292329
-0.0197066985829
-0.0220058057098
-0.0219890017164
-0.0256715144732
-0.0228418472213
-0.0292836554985
-0.0280780636864
-0.0322436355201
-0.0322622287132
-0.0360618011906
-0.0349892888422
-0.0391476731885
-0.0376494802443
-0.0389902412313
-0.0347998677926
-0.040375825337
-0.0378484995033
-0.0386936596226
-0.0418803960761
-0.0396593412111
-0.0430719365239
-0.0395445390097
-0.0440397311145
-0.0437546938574
-0.0432531609697
-0.0436623657666
-0.0421086783426
-0.0435846039204
-0.0410735417876
-0.0428241186452
-0.0383256275739
-0.0396880103143
-0.0367270080107
-0.0329713655214
-0.0317492832631
-0.0315052572097
-0.0312179016004
-0.026645965475
-0.0287958059086
-0.0288916809382
-0.0286345656205
-0.0263749242988
-0.0279819876843
-0.0247204659165
-0.0253664152305
-0.0248464434121
-0.0238355241182
-0.0209626646702
-0.0184821271925
-0.0168976396188
-0.0109324635507
-0.00658496294487
0.0
-0.00227581373443
-0.00167930282453
-0.000739484258029
-0.00187314573543
0.00276335319353
0.0027570219974
0.00200858182621
0.00206437954078
0.00180755389005
0.00178961979213
0.0030657014146
0.00409418616772
0.00572975081847
0.00968501031426
0.0126841876382
0.0092767006902
0.0073980426925
0.0108206409124
0.00920286879836
0.0114721045609
0.0134653940085
0.0166781657139
0.0
0.0164476014279
0.0161723681698
0.0175823985517
0.0192552390282
0.0206894961155
0.0231451519226
0.0177908649023
0.0214012584873
0.0212107801305
0.0223931852859
0.0223905323836
0.0249777394661
0.0244162673223
0.0216330774652
0.0265708012882
0.023265709005
0.0220826764419
0.0210317640398
0.0206634389693
0.0208779493927
0.0213664661275
0.022998327143
0.0227574471232
0.0198321725806
0.0198176544802
0.0205699709328
0.0192142354573
0.0145987179339
0.0144629523774
0.0135912829044
0.0136996687674
0.0153330720417
0.0115336990627
0.0084651823466
0.00727084879001
0.00617501128693
0.00344367874172
0.00382493220369
0.00321783583
0.00214956951896
-0.00165517440287
-0.00360974436721
-0.0057736435087
-0.00597593725748
-0.00743188540333
-0.0094008761458
-0.00974513038727
-0.0117063529797
-0.0110290018913
-0.0159941334082
-0.0184633682782
-0.0184782541515
-0.0213881485603
-0.0250748585954
-0.0252828602358
-0.0256636867592
-0.0250107378543
-0.0259952452893
-0.0228564859961
-0.0262531187048
-0.0295812952095
-0.0330520251148
-0.0348514922629
-0.0349044271783
-0.036509893963
-0.0413833978652
-0.0403222160297
-0.0427267238352
-0.0445659579294
-0.0443720129861
-0.0452743523625
-0.0399825509005
-0.046428037942
-0.0480536939265
-0.0504151652371
-0.0510870648348
-0.0483209935471
-0.0440534286214
-0.0437797380701
-0.0485620103182
-0.0469502788257
-0.045306279485
-0.0496928694943
-0.0464235515853
-0.0475822656232
-0.0464230352507
-0.0503747248772
-0.0494380614748
-0.0478454217542
-0.046428423673
-0.0461762524806
-0.0416611486277
-0.0402066564712
-0.0401798976872
0.0
0.0
-0.0368429475471
-0.0330807449377
-0.0323745201099
-0.0274111318909
-0.032190780553
-0.0310629122778
-0.0218315690867
-0.0265295602289
-0.0265423137254
-0.0247556238098
-0.0228427808653
-0.0204448846804
-0.0206211387306
-0.0144034409699
-0.0180601088991
-0.0124455971326
-0.0146152479246
-0.0126946846661
-0.00984548558725
-0.0088211876442
-0.00547357498967
-0.00603691404179
-0.00360449441541
-0.000605454849223
0.00249313618689
0.00174455008183
0.00318004821182
0.00311570614636
0.00530445313545
0.00925285128005
0.00978928467498
0.00899054958338
0.0117861345205
0.0122860181889
0.0153979601475
0.0173543510992
0.0147318780591
0.0167853067406
0.0164679163296
0.0185330539642
0.0179760550573
0.017674222161
0.0172463837289
0.0150516938964
0.0174333741022
0.0190677187298
0.0178305005074
0.01941676893
0.0202974327704
0.018249951749
0.0203412884375
0.0197649357579
0.0183500940971
0.0161937425116
0.013872113218
0.016299114172
0.0158213621922
0.0207902090507
0.0
0.0180057443958
0.0157991399837
0.0144666609216
0.0122153551674
0.00935573042349
0.00909509449521
0.00780810415418
0.00773311915376
0.00524545022875
0.00505401835
0.00642460056884
0.00460263253801
0.00168353037854
0.00201441344621
-0.0029783047889
-0.00583758473483
-0.00542685004373
-0.00877959590896
-0.00872216757956
-0.00890851127981
-0.0135953912261
-0.0152007774769
-0.0164873005509
-0.017088495003
-0.0201432763098
-0.020627216778
-0.0229533162127
-0.0218349819075
-0.0230096845055
-0.0238588171329
-0.0285169477199
-0.0309157621464
-0.0312059620852
-0.0303567680531
-0.0311539626524
-0.0342368016203
0.0
-0.034958853003
-0.0377794098458
-0.0390631275437
-0.039658984034
-0.0418647627706
-0.0439960662683
-0.0444640177192
-0.0439274269561
-0.0453410231184
-0.0460083103054
-0.0484908208462
-0.047865640229
-0.0493240413161
-0.0506639374537
-0.0500205026418
-0.0493033137625
-0.0464899860199
-0.0515940900072
-0.0488950692391
-0.0488205606445
-0.0472827161338
-0.0469532916741
-0.0476895725516
-0.0444511888095
-0.0470956374564
-0.0468017132751
-0.044668498641
-0.0442402805756
-0.0438754930963
-0.0434871002039
-0.0427339667772
-0.0343056881127
-0.0410576261233
-0.0361608426855
-0.0359421487881
-0.0361080895902
-0.0318362443322
-0.0300846914648
-0.0284390190023
-0.0302143384524
-0.0286090584311
-0.0285608483424
-0.0257391032911
-0.0228079391166
-0.0212303220681
-0.0189822928026
-0.0186748106386
-0.0148866784825
0.0
-0.00654785731409
-0.00413325820671
0.0
0.0
0.0
0.0
0.0193767215503
0.0144796719857
0.0
0.0
0.0166575573004
0.0177891466967
0.0153484646433
0.018619774686
0.0239216030211
0.0221489254548
0.0232323540146
0.0248630761427
0.0240554535052
0.0260682048737
0.0238648924963
0.0238832083526
0.0254044113472
0.026188812876
0.0249816002895
0.0262675281171
0.0229760919249
0.0231241919219
0.0227217414394
0.0208496580526
0.0216173583268
0.0223932226999
0.0227128344742
0.0252958707239
0.0235012478966
0.0217215317042
0.0233635198532
0.0197069277431
0.0172670945519
0.0160883063093
0.0127146609626
0.0164321911908
0.0138595955676
0.0174363482888
0.0165627545095
0.014004632094
0.0
0.010525353144
0.00875113978434
0.00725881541683
0.00769508031735
0.00539130446364
0.0022911638431
0.00779623908747
0.00470191658551
0.000296783543061
-6.12343236338e-05
-0.00508624161698
-0.00448366518093
0.000479307576641
0.00363562207633
0.00131125428556
-0.000746201353121
-0.00769205192313
-0.00952696935716
-0.00994761867496
-0.0146521253573
-0.0163699085358
-0.016711251859
-0.019752458528
-0.0226321755539
-0.0249693544496
-0.0221897796521
-0.025946518655
-0.0282163335574
-0.0311027237866
-0.0318755671129
-0.0285830721209
-0.0313742964459
-0.0354759499965
-0.0354635655813
-0.0342215928788
-0.0394511914068
-0.042912870261
-0.0391754369694
-0.0401508739652
-0.041549544462
-0.0443667460262
-0.0440701316754
-0.0475449430495
-0.0472020385187
-0.0478081395005
-0.048701245167
-0.0483914558475
-0.0510416493994
-0.0491984963844
-0.0481335263435
-0.0507932796908
-0.0503291464975
-0.0504670476822
-0.0512120472888
-0.0513442789931
-0.0502268899444
0.0
-0.0496042695315
-0.0464221782716
-0.0470770796873
-0.0439251027523
-0.043184048275
-0.0450643008747
-0.0420254529441
-0.0424669197082
-0.0409395968126
-0.0402936224571
-0.0387039189249
-0.0371800389454
-0.0378224494371
-0.035701514279
-0.030937952951
-0.029180704349
-0.0300534451601
-0.0282866258142
-0.0272299921228
-0.0260168405752
-0.0220996765082
-0.0213662542644
-0.0170949008895
-0.0165967532347
-0.0155780027183
-0.0131509599434
-0.012169522015
-0.00962953134333
-0.00892518224456
-0.00582959270652
-0.00447533248383
-0.00428465161824
-0.0027073597499
0.000893703030688
0.00113265807587
0.000302984322437
0.00482328767384
0.008959180534
0.0
0.00657634071174
0.0111517680889
0.0101471433969
0.0112320975397
0.0136551481463
0.015224234736
0.0177025597969
0.0190758314198
0.0199846459765
0.0200867226688
0.0140260391423
0.0196119156604
0.0203543689548
0.0207007675047
0.0233065098501
0.0267530348763
0.024532713993
0.0267720163027
0.0226815017814
0.0209098025369
0.0198820439378
0.0225755467432
0.0211960696258
0.0200309178848
0.0210355279441
0.0215921820904
0.0223697378513
0.0223949327524
0.0194926544123
0.0196837726945
0.0172659832252
0.0164440238207
0.0138775856321
0.0140855546724
0.0137513360602
0.0125106601932
0.0110657538678
0.0102222850176
0.00991201756261
0.00973181434357
0.0044105013073
0.00462001737119
0.0021075156583
0.00295810045206
0.00293553174563
0.00117192318949
-3.18993096019e-05
-0.00207605134238
-0.00712473209323
0.0
0.0
0.0
0.0
-0.00711711224653
-0.0110264181809
-0.0139512244648
-0.0179013386098
-0.0210345445627
-0.0218631922383
-0.0203533058458
-0.0229523557332
-0.0253639065144
-0.0274177806584
-0.0314157637404
-0.0311539269591
-0.0349414165862
-0.0366867894733
-0.038350355943
-0.0398013684832
-0.0413823458775
-0.0416765032054
-0.0387571045964
-0.0395175715597
-0.0437093286343
-0.0440581642372
-0.0449626036019
-0.045601504183
-0.0474106794846
-0.049426499691
-0.0493325172792
-0.0457013369612
-0.0484791709743
-0.0488669400479
-0.0489488324112
-0.0483823613448
-0.0496439637954
-0.0480158203064
-0.0498485460843
-0.0487079085557
-0.0451446068756
-0.0461738768522
-0.04313953754
-0.0440778013383
-0.0436060634234
-0.0403568498973
0.0
-0.042860360096
-0.040051360827
-0.0380527709368
-0.0290553998709
-0.0316310021722
-0.0338564518673
-0.0305649434259
0.0
-0.0186012099525
-0.0237417197823
-0.0251482374832
-0.0257911928732
-0.0258252146194
-0.0219228616388
-0.0160914967232
-0.0200752887863
-0.0197139435886
-0.0175310800289
-0.0155446073287
-0.0171618502446
-0.0140811267246
-0.0110744197985
-0.0108626688166
-0.00894528721172
-0.00697127663944
-0.00717727286294
-0.00585077887746
-0.00487107063641
0.00239975912946
-0.00195679686038
0.00120547105324
0.00286313477249
0.00520913595391
0.00660698083145
0.00551961626221
0.0098845537543
0.0078495655104
0.0118903452466
0.013717192449
0.0151356146133
0.0131807020659
0.023148040446
0.0192693956698
0.0205576231693
0.0174279042726
0.0194203964008
0.0172007328643
0.0174778253695
0.0164680569114
0.0165714014137
0.0166049452281
0.0135655147132
0.0188433742907
0.0179149025973
0.0166605264653
0.0162660425814
0.0146793449188
0.0154576124396
0.0154337445355
0.0145063760104
0.0134899695157
0.0122406790086
0.0123023890355
0.0124541713884
0.0165799960137
0.0165701183695
0.0124698138056
0.0131404935265
0.0136798292589
0.0118907617396
0.00978647186019
0.00707757925492
0.00754050576798
0.00297469304484
0.00301487498569
0.00622844722548
0.00199815740623
-0.000190296626236
-0.00610399945778
-0.00569495857295
-0.00879576394218
-0.00742366402035
-0.0095644150523
-0.015585553935
-0.0157033468387
-0.0214410515951
-0.0211567739132
-0.0229584853029
-0.0246997093088
-0.0260212576736
-0.0257692642548
-0.0276351241717
-0.0277702046786
-0.0344288617222
-0.0334288446843
0.0
-0.0376248855479
-0.0381790403859
-0.0382852032128
-0.0431364926259
-0.0411939844796
-0.0408236377954
-0.0435432479035
-0.0443155271261
-0.048690489576
-0.0471953368061
-0.0481652633569
-0.0471878200398
-0.0485410772096
-0.0482674861147
-0.0523082963719
-0.0516047648857
-0.0516723390436
-0.0528082188615
-0.0527390147229
-0.0542975380711
-0.0535736050137
-0.0532537190724
-0.0545160148401
-0.0538131520116
-0.0518357102977
-0.0515177188586
-0.0494892469407
-0.0507943553341
-0.0499558260027
-0.0450768321915
-0.0491116054544
-0.0485034946143
-0.0477624213662
-0.0504132829203
-0.048661861632
-0.0450177998035
-0.045020091706
-0.0453625079923
-0.0423962472961
-0.0437634545872
-0.038961457428
-0.0383126076999
-0.0352996112186
-0.035885756716
-0.0336794182892
-0.032343623401
-0.0304377507033
-0.0284954164524
-0.0290684545188
-0.026618368363
-0.0244037781887
-0.0198284473027
-0.018681019267
-0.0193736635792
-0.0208759957313
-0.0163296937289
-0.0133206372529
-0.0088852413041
-0.0122389902127
-0.0109084433624
-0.0073089835189
-0.00682963548993
-0.00741365526269
-0.00715263753072
-0.00502498271867
-0.00435069216354
-0.00163419733022
-0.000580090949088
0.00368828166846
0.00634576178653
0.0108259273564
0.0088685359539
0.00496225976254
0.00909450826393
0.010590433348
0.0103599800104
0.0118165979483
0.0114031984395
0.0108865338574
0.0124881120067
0.00623276258519
0.0108794485597
0.0134006721699
0.0135494337077
0.0149429542035
0.0147681122481
0.0142361492647
0.0104338140125
0.012556697223
0.0125035747825
0.0122297255536
0.00954747712213
0.0115063294316
0.0113632875055
0.00878618980651
0.0
0.00895137104626
0.0072816225081
0.0072378352259
0.00957998858394
0.00866763570875
0.005529209297
0.00578312978143
0.00366248436136
0.00500303412455
-0.000111283191864
-0.00191775043561
-0.00052274247405
0.00167401088896
-0.00352398069072
-0.0047183633623
-0.00711191042169
-0.00809871630449
-0.0090901424705
-0.00852140584438
-0.00957204186771
-0.0136865796226
-0.0156756096061
-0.0138403432777
-0.0138333276742
-0.0183233493638
-0.0230747216902
-0.0236776212723
-0.0204259174144
-0.0226786107477
-0.0228918256921
-0.0294054593524
-0.0301960050809
-0.0336377265628
-0.0344379651972
-0.0372803021771
-0.0372665033282
-0.0390634003298
-0.0383097895539
-0.0423434047719
-0.0406563535952
-0.0428528708011
-0.0447189449578
-0.0460889467412
-0.0461775370549
-0.0473822289485
-0.0471104161474
-0.0483289094113
-0.0452594704315
-0.0487822385457
-0.0517596590619
-0.0491406825498
-0.0495993047551
-0.0522280751182
-0.0525440134661
-0.0520525114052
-0.0502431761949
-0.0515037840392
-0.0525281555434
-0.0518054057031
-0.047773549152
-0.0474651033719
-0.0486860209227
-0.0477368817717
-0.0474500458062
-0.0455204346932
-0.0444377472451
-0.0397073895018
-0.0395232869654
-0.0416038461544
-0.0411333762843
-0.0396532123105
-0.0357818742972
-0.0380005170925
-0.0370761626665
0.0
0.0
-0.0234984210065
-0.0250612790565
-0.0251834039543
-0.0252015354952
-0.0221624382339
-0.0216777758307
-0.0180850878379
-0.0191481619469
-0.0175818786374
-0.0162242719172
-0.0149187538653
-0.0128751331712
-0.0105552232203
-0.00949365556933
-0.00550092869842
-0.00815782587988
-0.00563096273015
-0.00406662983801
-0.00203898917239
0.0
0.00300379180335
0.0032046650284
0.00437830192527
0.0077504954664
0.00384802213672
0.00649655627843
0.00434910903372
0.00694140066648
0.00719995631947
0.00925346078757
0.01006492969
0.0120049083448
0.0144111465223
0.0134204542747
0.0151974369374
0.0157281062737
0.0175573103472
0.0158993481628
0.0152673278183
0.0151237723584
0.0131820009855
0.0106678794769
0.0195715425067
0.0142221454744
0.0138383551578
0.012933530096
0.0131913139769
0.0159691403148
0.0149600994242
0.0145615108297
0.0122533652076
0.0126625011529
0.0
0.00917658125802
0.00857550179046
0.0107602608721
0.0118358534699
0.0084263625217
0.00731371976383
0.00748986370239
0.00737930224337
0.0129190401363
0.0
0.0117759885552
0.0110311279773
0.00511359081005
0.00196695504967
0.00185433168949
-6.95047542353e-05
-0.00131003518877
-0.00537732003893
-0.00693065058625
-0.00758227000796
-0.00611822828536
-0.00241482084426
-0.00327087378367
-0.0143378218497
-0.016073965125
-0.0201403177224
-0.0180238151225
-0.0201898539173
-0.0198255192318
-0.021640328957
-0.0221587883121
-0.0141077013416
-0.0226784537432
0.0
0.0
0.0
0.0
0.0
0.0
0.0
0.0
0.0
0.0
0.0
0.0
0.0
0.0
-0.0152716742232
-0.0178629774385
0.0
0.0
-0.0270351054645
-0.0269864774055
-0.034287943179
-0.0357997383165
-0.0323507263768
-0.0258792076471
-0.0310040318977
-0.0352256835268
-0.0377318211256
-0.0338242644808
-0.0362755817384
0.0
-0.0392466209512
-0.0378740788412
-0.0407385311066
-0.0402203006551
-0.0412417979249
-0.0381438442297
-0.0370435583741
-0.0332079307498
-0.0339253440547
-0.0347631235992
-0.0329049379774
-0.0314400647067
-0.0292902133519
-0.029991641798
-0.0288813717683
-0.0297311745316
-0.0270287013815
-0.0283499231562
-0.0277490609275
-0.0259406632525
-0.0220019937878
-0.0203672244309
-0.0179770470472
-0.0146083040792
-0.0148538653828
-0.011342491229
-0.0102536382265
-0.00473933180361
-0.00766179290535
-0.00489504603306
-0.0044262916831
-0.00437240393859
-0.00348756480143
-0.00349472253782
-0.0027278073955
-0.000949740544656
-0.000341939188025
0.00186034409554
0.00575939940212
0.00753540126282
0.00933657567839
0.00779606990449
0.00674906111079
0.00898377774761
0.0073681710477
0.00737603219996
0.00956455336336
0.00783526657577
0.0133965195965
0.0152570169379
0.0166744140701
0.0149455865614
0.0134421605638
0.0128823004165
0.0121420459073
0.011845422367
0.0108956806975
0.0124405280559
0.0140088253473
0.0147267667612
0.0124005207714
0.0142145742684
0.0111495700399
0.0152523028008
0.0160466247568
0.0
0.0
0.0
0.0
0.0
0.0
0.0
0.020275590777
0.016705589486
0.0104999541457
0.00741619385467
0.00640740032377
0.00428410551639
0.00315281052429
0.000403402939713
0.00129449699425
0.000165404582056
-0.00127544275624
-0.0113446032608
-0.00806598676638
-0.00964896699484
-0.00570981803758
-0.0115388131006
-0.0122453603614
-0.0133345223734
-0.0160023580591
-0.0149362612601
-0.0189507850242
-0.0210463390283
-0.0257691229387
0.0
-0.0227631016135
-0.0241812571181
-0.0288893881768
-0.0287367561202
-0.0307206150555
-0.0318946123789
-0.0324494162365
-0.0305997708895
-0.031910697871
-0.0334805158029
-0.0370382866392
-0.0377366450864
-0.0365838143643
-0.039507751155
-0.0389647021533
-0.0391147859414
-0.0411085272048
-0.0388826541487
-0.0439079596009
-0.0431896138329
-0.0440338827301
-0.0440070395859
-0.0440988660807
-0.0475230204095
-0.0491295155632
-0.0474230363277
-0.0446357644311
-0.0421493070522
-0.0428203407559
-0.0435783570036
-0.0424154508451
-0.0457967920114
-0.0406658849617
-0.041231526946
-0.041207632906
-0.0507410941323
-0.0463396478472
-0.0469693766433
-0.0440483278164
-0.0418416152609
-0.0393274897103
-0.0373710993641
-0.0368880251273
-0.0352792696571
-0.0344153465419
-0.0360912253182
-0.034671706798
-0.0362157355252
-0.0301696998229
-0.0297494115888
-0.0257595542535
-0.0274291277702
-0.0261880788595
-0.022867847077
-0.0188110215479
0.0
0.0
0.0
-0.00489009802883
-0.00796803400997
-0.00908523308
-0.00529444831904
-0.00585887461847
-0.00571419797564
-0.00308915224027
0.00214533590725
0.00740645837519
0.0148631111964
0.0175465312522
0.0
0.0225148132467
0.0153604981869
0.0163931756878
0.0154664596089
0.0140438626133
0.0141570640859
0.0132076058504
0.010118522387
0.0118451827204
0.0112394354783
0.0134087573545
0.0154696346586
0.0157749106114
0.0151458889941
0.0134786559207
0.016307902389
0.0156222105576
0.0189558904056
0.0169248165789
0.0176870030761
0.0153080309818
0.0153689420758
0.0129421164149
0.0135445053159
0.0142101567737
0.0
0.0
0.0173534762672
0.0142627661063
0.0139369757915
0.0125033883504
0.0
0.0100150884794
0.00972428335094
0.00905418664531
0.00776017336312
0.00460251407962
0.0
-0.001306112611
0.000179233177791
-0.00276448429733
-0.00411010549824
-0.00230317337293
-0.0049735605613
-0.00574589659362
-0.0062505735362
-0.0056177367155
-0.00782432073056
-0.00832793347802
-0.0123018375481
-0.0192749087454
-0.0181574309069
-0.0208148925047
-0.0206380410656
-0.0257520860528
-0.0270261831021
-0.0275218632971
-0.0303196831016
-0.0309827884906
-0.030491585583
-0.0325755029028
-0.0345047155377
-0.034395115188
-0.035572665552
-0.0391086318143
-0.0384928995964
-0.0409664191892
-0.0428206861995
-0.0432065573157
-0.0439225985282
-0.0479034407119
-0.047736997848
-0.0514059171025
-0.0494469539186
-0.0429434321942
-0.0463951156206
-0.0476425461838
-0.0513195061268
-0.051199950993
-0.0517004528076
-0.0560856629559
-0.0550441328404
-0.0539524224072
-0.0549532711777
-0.0525730427172
-0.0540589179978
-0.0531397124376
-0.0507870574377
-0.04734052524
-0.0525660308453
-0.048589856458
-0.0507784755231
-0.0517028907565
-0.0523341706348
-0.0527515532534
-0.0507749655819
-0.0494878044799
-0.0426480058098
-0.0475353352421
-0.0455096211521
-0.0424267567012
-0.0401873931319
-0.0432420470219
-0.0427639394241
-0.041519836319
-0.0386174981532
0.0
0.0
0.0
0.0
0.0
0.0
0.0
0.0
0.0
0.0
0.0
0.0
0.0
0.0
0.0
-0.00246477005417
-0.00281653743382
-0.00423315492606
0.0
0.00153303575885
0.0
0.0
-0.00413905823728
-0.000510751072907
0.000129784992227
0.00329495622393
