-0.0495679693913
-0.0483476929762
-0.0492905158165
-0.0515709884117
-0.0493923888386
-0.0516076487575
-0.0512268000685
-0.0546189371287
-0.0546030029445
-0.0560503571392
-0.0559235560407
-0.0570947093693
-0.0563293469778
-0.0565023163517
-0.0578960685026
-0.0579105585249
-0.0584971761252
-0.060846673224
-0.0607765101187
-0.0605597177953
-0.0637924180097
-0.0614009922706
-0.0626371817485
-0.063438235841
-0.064014276757
-0.066479954957
-0.0651136449038
-0.0668206814867
-0.0677877163899
-0.0685973847863
-0.0678145881055
-0.0674403976058
-0.0627022413816
-0.0677426023973
-0.065248052746
-0.0697765076149
-0.0670838370654
-0.067755292568
-0.0657577022915
-0.0669310136092
-0.0657096930132
-0.0669846116576
-0.0668367043629
-0.0652622058845
-0.0653914693491
-0.0618016649672
-0.0619011820564
-0.0577549193144
-0.0596066447949
-0.0565765996092
-0.054583148965
-0.0555349679655
-0.0534016435553
-0.0539930457583
-0.050791047431
-0.0511518481252
0.0
0.0
0.0
0.0
0.0
0.0
0.0
0.0
0.0
-0.0215993443129
0.0
0.0
0.0
0.0
0.0
0.0
0.0
0.0
0.0
0.00957242611192
0.00653621052072
0.0108846441107
0.00532407976984
0.00435794440143
0.00340972286185
0.0
0.00695202008346
0.00673745896034
0.00872414381779
0.0159341725151
0.0154680145136
0.0151252173143
0.0183063219039
0.0176693138113
0.0213055299282
0.0243788123538
0.0253233610825
0.0
0.0326820573676
0.0356457908718
0.0412964068843
0.0431372071907
0.0483648914267
0.0516810949057
0.0531678915293
0.0559874662051
0.0598407037361
0.0606084976189
0.0669509471211
0.0666896383833
0.071783385026
0.0769442644181
0.0788538221233
0.0823796027443
0.0870868438893
0.0960391577111
0.108781432909
0.0
0.0
0.0
0.0
0.0
0.0
0.0
0.0
0.0
0.0
0.0
0.0
0.0
0.0
0.142930184474
0.143069742498
0.140159052785
0.138204378229
0.136849500259
0.136281745576
0.136478138531
0.137479494647
0.13678264752
0.138184427208
0.141449679264
0.136923976614
0.136622050799
0.134469538382
0.142318670454
0.14102403591
0.140606899825
0.137564300177
0.13632776705
0.135759789942
0.134950244437
0.13558276509
0.1321974792
0.13144326483
0.129754705492
0.0
0.133372589652
0.126168598467
0.123876410531
0.120932028396
0.119013881052
0.117423161665
0.116475117628
0.114197668805
0.113277427628
0.110332578707
0.108635643012
0.104714973965
0.105342616461
0.102647560049
0.101225665937
0.0982783743828
0.09937117428
0.0958713362516
0.0928861112271
0.0899519745348
0.086844863874
0.0826401257992
0.0819211282288
0.0799996670016
0.0833720663093
0.0790831950095
0.0799247784946
0.0828751570171
0.0778250938228
0.0744024130915
0.069079513901
0.0681227497952
0.0620278858474
0.0618907203401
0.0575237694472
0.0574827858167
0.0
0.0509347710689
0.0492327921162
0.0468545503648
0.0450486310868
0.0400295152925
0.0391271474835
0.0363014366537
0.0351754755976
0.030856804234
0.0311990162651
0.0278199663268
0.0239617386133
0.0214358979022
0.0194775597127
0.0174589861696
0.0147163209469
0.0147848822857
0.00961240984134
0.0104035510262
0.00654302859522
0.00552188979691
0.00229873240302
0.000850533827467
0.00169041752329
-0.00125487487384
-0.00171648127009
-0.00366217280364
-0.00389902212851
-0.00863447890847
-0.00588366526036
-0.00618213138089
-0.00736523930578
-0.0105337798219
-0.013239625522
-0.0161052937229
-0.0177426660566
-0.0175015065647
-0.0194461835659
-0.0171607023914
-0.0179896752844
-0.0199864994143
-0.0212029165612
-0.0231567388173
-0.0212201774397
-0.0248512038546
-0.0249204179975
0.0
-0.0241670072153
-0.0267660658909
0.0
-0.0272041915562
-0.0266315350688
-0.0285146425464
-0.0322405554573
0.0
-0.0302121448203
0.0
0.0
0.0
0.0
-0.0266913575893
-0.0298109917217
-0.0330081447631
-0.0361739094329
0.0
-0.0362169925461
-0.0387416900188
-0.040192716832
-0.0439194170277
-0.0458082674573
-0.0443716933447
-0.0497242079174
-0.0494922211367
-0.0514239973527
-0.0544988243184
-0.0564359461235
-0.0562455569702
-0.0563734512638
-0.0553115259704
-0.0593987364655
-0.0579655995785
-0.0608682921444
-0.0603965870246
-0.0617322119754
-0.060313601004
-0.0599917430935
-0.0614328268987
-0.0595257960319
-0.0557088462104
-0.0586066632797
-0.0606659798449
-0.0617562473799
-0.0609245223511
-0.0580167023284
-0.0602257159817
0.0
-0.0576075818381
-0.0583540817214
-0.0598519329208
-0.0592005126827
-0.0574225593265
-0.0546779465732
-0.0498450080157
-0.0546673204301
-0.052758906455
-0.0533258846718
-0.050742029748
-0.0505915836518
-0.0503496245098
-0.0467542578553
-0.0438285007876
-0.0431106431926
-0.0424156892824
-0.0424901322587
-0.0391012731115
-0.0403396038131
-0.0398257229736
-0.0372809764604
-0.0368199016163
-0.0375341763949
-0.0305329844177
-0.0333759574338
-0.0319602215332
-0.029843513116
-0.02960293029
-0.0241265201133
-0.0230110581706
-0.0197755183761
-0.0211949968433
-0.0183899416376
-0.0167427362409
-0.0129091463759
-0.0133780305373
-0.00919377959594
-0.00666835196229
-0.00189787943859
-0.0017258438773
0.0019072129589
1.36775287607e-05
0.00430519982981
0.00708707866168
0.00927751467285
0.0132843735323
0.011353130212
0.017091164745
0.0213041261136
0.0222876827755
0.0279203756293
0.0291876974828
0.0324828503252
0.0351267024086
0.0365185636509
0.0413346868279
0.0452558481099
0.0471285586409
0.0494327098253
0.0524081320882
0.0554004201106
0.0606200903009
0.061361119176
0.0613899738346
0.0667740003073
0.067037025583
0.0715506092735
0.0757294881727
0.0763521072456
0.0794108703735
0.0792734865626
0.080766868819
0.0835483468672
0.0865555807766
0.0877842974545
0.0904477733922
0.0915984440757
0.0946030596472
0.0967090697337
0.0980343415449
0.0997868599961
0.101413398159
0.100797637767
0.101585913998
0.105715674971
0.105264292754
0.107479633309
0.10876798429
0.10953641609
0.109660358123
0.110117383963
0.111228956006
0.113220970533
0.11354826973
0.0
0.113046790182
0.115667651416
0.112450551676
0.115300073024
0.11673336544
0.116496452744
0.115661133345
0.114514601647
0.11497948974
0.115168309959
0.11583293032
0.115455504135
0.114588056115
0.114937018779
0.116929199531
0.116388780581
0.115016807636
0.11194311336
0.112788392591
0.109943464977
0.107791867372
0.108952476299
0.107287766378
0.105413023728
0.104954440225
0.100878145834
0.0999535479163
0.0990240608998
0.09676188737
0.0963933926526
0.0938512095323
0.0901061404845
0.0886630703967
0.0869584365911
0.0871302308657
0.0824870806029
0.0799461035641
0.0783272989374
0.0770070107518
0.0743290619283
0.0720275474305
0.0703330592598
0.0667468282573
0.0715174312879
0.0702595213035
0.0654175203932
0.0590571997734
0.0551548694736
0.0540162279623
0.0523157361368
0.0520075334547
0.0491399200474
0.0460860713878
0.0477480730303
0.0430761087107
0.0446330353724
0.0420425540686
0.0348916617928
0.0341415615123
0.0346317923191
0.0294701169141
0.0
0.0225602021179
0.0198454474405
0.0151048388508
0.0137837113888
0.0118614914084
0.00919154634192
0.0074502552726
0.00328765495979
0.00179396821629
0.000979380986537
-0.00555661681374
-0.00481185106144
-0.0056077178489
-0.00712358794131
-0.00982851048692
-0.0108771687314
-0.0117196605712
-0.0128914170141
-0.0171242942536
-0.0163777235491
-0.0189577284256
-0.0209631062211
-0.0204810663781
-0.0209217776179
-0.0225827510652
-0.0218889488429
-0.0256179729001
-0.0278611913521
-0.0293805255438
-0.0319276840221
-0.0319998609041
-0.0345814162116
-0.0345446364053
0.0
-0.0376983352832
-0.0373944126174
-0.0389155578962
-0.0384204260497
-0.0392293929286
-0.0428992148173
-0.0425986668295
-0.04536331061
-0.0452275472105
-0.0468163189045
-0.048722467135
-0.0483264149833
-0.0476044026956
-0.0454212374869
-0.0481351004884
-0.0514083058736
-0.0536703200254
-0.0545119226895
-0.0534058288932
-0.0542485944782
-0.0567085441417
-0.0583586203676
0.0
-0.0569472845554
-0.0566818668302
-0.058735935486
-0.0605496715069
-0.0604638289447
-0.0623248283668
-0.0623008311586
-0.0605380778896
-0.063563600983
-0.0653687535927
-0.0651347355803
-0.0654442574733
-0.0651637592733
-0.0623530662885
-0.0624423751653
-0.0623968290181
-0.062535020036
-0.0615891104765
-0.0557402198557
-0.0517510880419
-0.0500045915451
-0.0465764232769
-0.0469194197612
0.0
-0.048336754767
-0.0491113473461
-0.051620957319
-0.053731139953
-0.0541041191401
-0.0564749811756
-0.0561512467166
-0.0584278005978
-0.0585575806708
-0.0579560918004
-0.0590309502093
-0.0590317201656
-0.0581119550198
-0.0580998112339
-0.0568849911748
-0.0561195633233
-0.0564366436402
-0.0566328415159
-0.0553110737309
-0.0548595595886
-0.0528129020488
0.0
-0.0472701834491
-0.0498357964345
-0.0508154455361
-0.0464121644061
-0.0449083473415
-0.0426922744766
-0.0420000892934
-0.040591071069
-0.0412131765897
-0.0373789944077
-0.0377739653389
-0.0360278079371
-0.0340094029917
-0.0290904022039
-0.0289653422943
-0.0263462170354
-0.0241924080342
-0.015420358807
-0.0155769568358
-0.0158115789712
-0.0143913006585
-0.0143681781151
-0.0114192362817
-0.00982129742778
-0.00996481189406
-0.00538338516323
0.0
0.00131816218629
0.00281008063606
0.00541453586545
0.00695671209068
0.012631853676
0.016173522145
0.0176949482947
0.0196745732988
0.0241687994996
0.027104377972
0.0284551626272
0.0302393604218
0.0330129096206
0.0374370841921
0.041891767017
0.0410018153566
0.0448691168251
0.0477877962231
0.0491950309671
0.0519780189907
0.0553208633587
0.0563420393738
0.0612090966483
0.0614147085885
0.064746035488
0.0
0.0
0.0
0.0754740300308
0.0764704577197
0.0782719603669
0.0794709602849
0.0823270364537
0.0851852399282
0.0862581291134
0.0901561820842
0.0890186029852
0.0925828012675
0.102328580721
0.102920802645
0.101187145451
0.102416941005
0.102700880364
0.101086394139
0.103408631291
0.105948942921
0.104264772872
0.109119358032
0.111246873447
0.110058054212
0.112811096346
0.111077452152
0.11121626909
0.111554761985
0.112912136099
0.112957272569
0.111780207354
0.112860956113
0.113262077296
0.113740616021
0.111361145941
0.111304333591
0.111519635709
0.111401679134
0.113305610241
0.111177710119
0.110477122008
0.0
0.110526226122
0.107311033637
0.107634656593
0.107174047812
0.105505898401
0.105427032711
0.102979081416
0.101566575938
0.0989587193537
0.0977126675308
0.0977921198434
0.0953516969283
0.0916902527697
0.0927798563489
0.0894056071174
0.0866883027485
0.0848354543193
0.0813502665887
0.0802807153282
0.0779861963057
0.0748485605994
0.0735752505705
0.071434200538
0.0705763926255
0.0664429867471
0.0650428496544
0.0629973690469
0.0
0.0608201708204
0.0566606464584
0.0
0.0513266432384
0.0502794817384
0.0473801121395
0.0471359090448
0.0441941759199
0.0441279556076
0.0390716714458
0.0
0.0343209068888
0.0342867408901
0.030150489973
0.029769200512
0.0262596325448
0.0229879596937
0.0219332789333
0.0191362828954
0.0159719789126
0.0138251151393
0.0123578553928
0.00849993360578
0.00862381499452
0.00563430999666
0.00421591278329
0.00232238181107
0.000546388723724
-0.00343972908488
-0.00484287873068
-0.00495820868694
-0.00752508994645
-0.0102801713005
-0.00988977978676
-0.013625192938
-0.00852619448349
-0.0129934734295
-0.015847124494
-0.0173042305547
-0.017050566085
-0.0185126246053
-0.0183416198622
-0.0230090697887
-0.0195768318324
-0.0229307286341
-0.0256751500007
-0.0246664660492
-0.0256084858644
-0.0281231362766
-0.03007478415
-0.0285630440986
-0.0325322856678
-0.0364191839555
-0.0345920498246
-0.0387828593212
-0.0389056939518
-0.0408828670375
-0.0422841986753
-0.042658378319
-0.0453669074605
-0.0456678200773
-0.0441774581221
-0.046031345736
-0.0463861310309
-0.0491477430497
-0.047808602292
-0.0487121574475
-0.0499049901151
-0.0500288677168
-0.0503263983475
-0.0530717752981
-0.0532751699055
-0.0513142737128
-0.0526830210574
-0.0541415765919
-0.055525640355
-0.055582971206
-0.0578054386674
-0.056537848932
-0.0568487597432
0.0
-0.0548509474872
-0.0569475323995
-0.0600048977118
-0.0598140629843
-0.0617355320522
-0.0627181091832
-0.0633693225967
-0.0622623431512
-0.0633795265981
-0.0644582742157
-0.063339718032
-0.0663546368081
-0.0665078202014
-0.0678696810043
0.0
-0.0656528820663
-0.0645040283223
-0.0637067400299
-0.0640300843292
-0.0640748683929
-0.0643480149186
-0.0648361126457
-0.0654431255363
-0.0640436683044
-0.0637153613289
0.0
0.0
0.0
-0.0506148313309
-0.0515341534919
-0.052745841517
-0.0539612419887
-0.0495312775816
-0.0482501668037
-0.0505110587589
-0.0523037466058
0.0
-0.0513740467929
-0.0490385458134
-0.0486299613393
-0.0466972916998
-0.0448420969006
-0.0455512929959
-0.0456242105707
-0.0455634317757
-0.0443582652774
-0.0433965475944
-0.0397302727121
-0.0362649286899
-0.0358693177193
-0.0353594168259
-0.0326079323615
-0.0311485827314
-0.0295876386747
-0.0281256934294
-0.0260176432547
-0.026675483336
-0.0232844492633
-0.0220190530002
-0.020592700907
-0.0180729462842
-0.0166373170587
-0.0127893049916
-0.0122047130381
-0.0109286632061
-0.00891659480478
-0.00234630298808
-0.00467940960072
0.000494516486252
0.00719135715543
0.00732134383844
0.00766059862581
0.0108116049572
0.0136991897353
0.0176820769829
0.0211550245608
0.0236769502859
0.0257388212353
0.0276858262122
0.0311611075175
0.0338008664436
0.0357121364448
0.0390843166091
0.04304459475
0.0458832101848
0.0476431116583
0.0499162130835
0.0505638229043
0.0545496951612
0.0575844616572
0.0605543173815
0.0619075791846
0.0667587002044
0.0687743943163
0.0
0.0763472526805
0.0769791454223
0.0776637058411
0.0806981746691
0.0857848296626
0.0846142081283
0.088390355612
0.0892303646337
0.0918410757362
0.0918822010963
0.0932255179847
0.0964750157168
0.0979092404397
0.100555023581
0.100949767628
0.0
0.103143247455
0.105429843664
0.107046773644
0.105426502981
0.10902651023
0.110285458914
0.108882556029
0.113335718525
0.112769469383
0.112786362898
0.112515614993
0.113590384872
0.11495381489
0.115018778688
0.115580367984
0.116770772756
0.114757388538
0.113320551086
0.112855527663
0.112210665765
0.111819239761
0.10939685519
0.111195506712
0.108940451085
0.107664699296
0.108773765459
0.109221987753
0.108274056408
0.105078945344
0.105381396047
0.103792390521
0.103604319774
0.100084047635
0.0978360753325
0.0954702347108
0.0976139052374
0.0974504506806
0.0953950220018
0.0918722284766
0.0891464896609
0.08865941474
0.0842638731521
0.0836493599395
0.0814051394386
0.0805350453197
0.0803021825159
0.0758699754494
0.0733650620718
0.0726505328085
0.0713551049503
0.0690390319314
0.0645742271931
0.0607034981281
0.0606972238317
0.0581858253386
0.0540230524017
0.0540399771827
0.0547789186001
0.0507270571901
0.0477989597767
0.0479091696716
0.0446747367037
0.040697342715
0.0398547380428
0.0351962556836
0.0321122916497
0.0288342081342
0.0263142815619
0.0248504060539
0.0215630817817
0.0174555969382
0.0165517197637
0.0153590543949
0.0139526966021
0.0110754697838
0.00884255891044
0.00708577374537
0.00480951816709
0.00107686780567
-0.00104958465867
-0.00395128481382
-0.00451905277236
-0.00804140095529
-0.00532484844924
-0.00285196862989
-0.00749645867459
0.0
0.0
0.0
0.0
0.0
0.0
0.0
0.0
0.0
0.0
0.0
0.0
0.0
0.0
0.0
0.0
0.0
0.0
0.0
0.0
0.0
0.0
0.0
0.0
0.0
0.0
0.0
0.0
0.0
0.0
0.0
0.0
0.0
0.0
0.0
0.0
0.0
0.0
0.0
0.0
0.0
0.0
0.0
0.0
0.0
0.0
0.0
0.0
0.0
0.0
0.0
0.0
0.0
0.0
0.0
0.0
0.0342489282537
0.0344732482325
0.032701172836
0.0228650874862
0.0182427522315
0.0
0.0
0.0
0.0
0.0196918748994
0.0
0.00141029076791
0.0
0.0
-0.0059353305283
-0.00899853006726
0.0
-0.0149872825774
-0.0126471259881
-0.0138144722015
-0.0133470761447
-0.0114817179481
0.0
-0.00826328004563
0.0
0.0
0.0
-0.0074073586313
-0.00420998333812
0.0
0.0
0.0
0.0
-0.000793443530862
-0.00038690885098
-8.63750664947e-05
-0.00812593268309
-0.00576965176283
-0.00337188789692
-0.0058396542735
-0.00612311921762
0.00640423591905
0.0
0.0055636421368
0.00372951088465
0.00451447158782
0.00200331747673
0.00303664775854
0.00447453378315
0.0
0.00491162426865
0.00821537472385
0.00910014988096
0.0114982486761
0.0134485277677
0.0142373334761
0.0172557806321
0.0209834821489
0.0212560116563
0.0218480312411
0.0214178381789
0.022324178032
0.0243674674417
0.025994346995
0.0285329469139
0.0336892238458
0.0390062037745
0.0417666586896
0.0416062847243
0.0465852473764
0.0456583225815
0.0509175908894
0.0547265034507
0.0568084258845
0.0562148424133
0.0597761091264
0.0596352156848
0.0594670666417
0.0635982375941
0.0664109320035
0.0667464973114
0.068635861469
0.0706232326805
0.0721430182195
0.0779950340819
0.0802537468627
0.0816840222687
0.0843895218776
0.0870629320196
0.0891342996999
0.0897513400463
0.0896028560792
0.0898503461396
0.093123896856
0.0962961063991
0.0983136652766
0.0991999328615
0.0987948892542
0.0981916732989
0.103941465067
0.103775006818
0.104346270806
0.105977368103
0.10564504655
0.10610066474
0.109944554286
0.108796815916
0.107841512452
0.110519571671
0.110491872552
0.11085274813
0.113225876907
0.113215071448
0.11439348968
0.115654905473
0.116359037145
0.117557755594
0.117621275731
0.116827436499
0.115840338893
0.115812475382
0.114868496442
0.113183002716
0.111673344155
0.11334975056
0.114750098894
0.11345272115
0.112965082077
0.111687840576
0.109557400292
0.1077405293
0.107727701751
0.107156792352
0.108036388727
0.10612378064
0.104920984196
0.0
0.105190131113
0.100348927621
0.0984920556884
0.096440991447
0.0936687162131
0.0914127128723
0.0911575543639
0.0896508073151
0.0
0.0846225181313
0.0845824340877
0.0809383033327
0.0800198720537
0.0771135551522
0.0730208311103
0.0708401535352
0.0687767019755
0.0656346644292
0.0618200698487
0.0620763700493
0.0586982216529
0.0570971656742
0.054927565066
0.0521597406656
0.0513058770486
0.0473672461446
0.0453024695059
0.0439683112914
0.0408169621904
0.0373592226377
0.034954426801
0.0325685550162
0.0297796009915
0.0275902799506
0.0252903491891
0.0226769648344
0.019942530198
0.0162361346702
0.01601354502
0.013927661402
0.0120365069916
0.00772792969728
0.00608374928501
0.00545737132758
0.00405575695076
-1.64629854187e-05
0.000241100035689
0.000713610412092
-0.00386326713652
-0.00787422832876
-0.00693422310261
-0.00815511915361
-0.00962611749686
-0.0086982993097
-0.0114283050634
-0.0108264130705
-0.0135727462751
-0.014403190731
-0.0162729106251
-0.0179888919082
-0.0162235357195
-0.0177568596257
-0.0176159611013
-0.0205356112036
-0.0226354072808
-0.0243615124452
-0.0246822899996
-0.0267470674263
-0.0279633176081
-0.030116704356
-0.0316234734699
-0.0331901162467
-0.0355068996375
-0.0373502361698
-0.037356633878
-0.0406752479785
-0.0419779182723
-0.0411419087477
-0.0423045173439
-0.0438542416667
-0.0469154060327
-0.0455987644683
-0.045441919038
-0.0488226290433
-0.0503450408626
-0.0507490324749
-0.0530703608213
-0.0540982232983
-0.0552935007654
-0.0562336785292
-0.0561819435167
-0.0568423674692
-0.059870671285
-0.0588149659624
-0.0589968069606
-0.0606876964764
-0.0640677604405
-0.0602109429394
-0.0621322211529
-0.0647030589083
-0.064698265572
-0.0629466678812
-0.0636285618151
-0.0658195766422
0.0
-0.0668789914455
-0.0653890143827
-0.0671661034652
-0.0708190127666
-0.0712683415549
-0.0684439880969
-0.0677008538261
-0.0670025729872
-0.063053963483
-0.0668448550726
-0.0675387207702
-0.065112342207
-0.0649565516746
-0.0658897930306
-0.0676060919316
-0.0684533126173
-0.0660890609754
-0.0678395023655
-0.0683241599292
-0.0682484342446
-0.0678024004001
-0.0644070617518
-0.0654800802506
-0.0656237989506
-0.0644485055345
-0.0629170094077
-0.0641163059737
-0.0628060030312
-0.0589806554355
-0.0584252764076
-0.0566984858801
-0.0566066444433
-0.0550230513763
-0.0544226128068
-0.0522781107783
-0.0531307265494
-0.0525214774388
-0.0510576827625
-0.0499713813859
-0.0453872167607
-0.0458677742255
-0.0424328420081
-0.0443614515735
-0.0422227893079
-0.0424490480395
-0.0414068296645
-0.0410502164313
-0.0348302906914
-0.025234169677
-0.0267801034953
-0.0265201473913
-0.0258691354348
-0.0207300100632
-0.0145138713722
-0.0191334531843
-0.0192388563255
-0.01618071353
-0.014842192961
-0.0131390354555
-0.00789943468333
-0.00613690715732
-0.00418833416916
-0.00031273701523
0.00285241020269
0.0067170007901
0.00817508169174
0.00822994619891
0.0125766990388
0.0147659452307
0.0155109439353
0.0198365672187
0.021754228134
0.0235885944438
0.0266121011384
0.030762048869
0.0332348629089
0.0385290644982
0.0393894070975
0.0417633250207
0.044357036199
0.0452509708522
0.0484335699887
0.0547761394651
0.0540489520433
0.0577844995091
0.060840078566
0.0618519862711
0.0649443510882
0.066187952583
0.0677328555683
0.0713274009187
0.0735669158556
0.0749357027632
0.0782801483647
0.0802877637173
0.0
0.084624473609
0.0885705362548
0.0898487160276
0.092273320092
0.0928552785543
0.0945285744116
0.0938254777071
0.0952974139195
0.096269338252
0.097936196507
0.0997461201609
0.102897332946
0.105936256461
0.107525126205
0.109823025893
0.107867265229
0.110550735643
0.109190955079
0.110826532191
0.109825621879
0.113773121624
0.0
0.0
0.111801526431
0.109432209085
0.110776143215
0.11122042384
0.110492049409
0.11139403126
0.110266911094
0.114622938565
0.111747813232
0.111716855939
0.109871732349
0.108397660218
0.106785238652
0.106967562547
0.105023891127
0.0
0.10994943946
0.106988627007
0.104413586505
0.103158905729
0.101272770144
0.0973984525649
0.0973000646929
0.104638519476
0.0
0.101816699338
0.0953354917495
0.0912585632559
0.0895461412175
0.0846887076565
0.0843311191171
0.0811037711136
0.0790847069823
0.0768046928165
0.072945110635
0.0666102193699
0.068388221169
0.0639162745573
0.0653153214294
0.0636530814716
0.0578404321781
0.0578080620936
0.0526537019156
0.0542307373817
0.0513261804703
0.0491425266421
0.0485021579356
0.0447112620467
0.0401233513041
0.0375059663567
0.0356433906575
0.0345740853271
0.0302154490362
0.0273369606073
0.0267504170873
0.022323883867
0.0206695901566
0.0175853174369
0.0135342927054
0.012012785445
0.0106903375199
0.0110884792698
0.0
0.00748232237021
0.00663080503769
0.00500072335885
0.00145067449839
0.0
-0.00268366779651
-0.00677786609423
-0.00782991258113
-0.0102548905393
0.0
-0.0117871794743
-0.0121954033679
-0.0145530121239
-0.0167473886922
-0.0154329537338
0.0
-0.0163275822009
-0.0174988303229
-0.0204642657397
-0.0225959221346
-0.027306896169
-0.0287729389684
-0.0315913549406
-0.0309059029333
-0.0328172825105
-0.0350012218407
-0.0332504137489
-0.03508521947
-0.0349115638191
-0.0337701785064
-0.0375367648692
-0.0382541296589
-0.0367440718213
-0.043312748551
-0.0444706842672
-0.0473801152643
-0.0503006554434
-0.0503752144438
-0.0519513280939
-0.0526652139478
-0.0546470887171
-0.0473095053616
-0.052189054222
-0.0560488719883
0.0
-0.0608055664376
-0.0614331427742
-0.0613505975414
-0.0623207389766
-0.0602812563943
-0.0652210288885
-0.0650245879172
-0.066206256418
-0.0651292221874
-0.0665384240371
-0.0687712299664
-0.07009650117
-0.0708245665783
-0.0676594146129
-0.0715534339878
-0.0716003899703
-0.0720331421174
-0.0732547936092
-0.0722948934269
-0.0716245618637
-0.0723953101116
-0.0722329823949
-0.0732861711691
-0.0740220560165
-0.0745079573925
-0.07458297325
-0.0731263237895
-0.0732004835931
-0.0721110097546
-0.0719175300043
-0.0745048533093
-0.073154796904
-0.0740869853761
-0.071287131563
-0.0724492605983
-0.0722468633108
-0.0724278663682
-0.0701043411031
-0.069053228739
-0.0697706647764
-0.066688645851
-0.0666060912457
-0.064914085522
-0.0628847645421
-0.0609797973012
-0.0609650864483
-0.0576544563882
-0.0610852594469
-0.0547201741946
-0.0536352157454
-0.0553301747898
-0.0551653405668
-0.0545834303249
-0.0528704543571
-0.0515350252344
-0.053544788553
-0.0489383270899
-0.0477703750145
-0.0475641490432
-0.0474948948548
0.0
-0.043383185792
-0.0428381409689
-0.0398686765385
-0.0389947249817
-0.0360455556701
-0.0346009731289
-0.0318200725307
-0.0293738955677
-0.0297061011112
-0.0263155482224
-0.0242526990327
-0.0200786196753
-0.021475036727
-0.0185190594013
-0.0153621188996
-0.0143526051812
-0.0122996829822
-0.00788649824035
-0.00765743330732
-0.00496989280439
0.000316037425447
0.00032111335289
0.00338753635646
0.00403839435036
0.00732737617788
0.0128661115032
0.0143408945578
0.016019362836
0.0207454911311
0.0214798996287
0.0237242394724
0.0253302919838
0.028853981008
0.03470899118
0.034687089529
0.0395991218016
0.0408583382439
0.0440793187305
0.0459451664569
0.0498404014957
0.051332485657
0.0532731900027
0.0566887513772
0.0586058274917
0.0
0.0708634082715
0.0715998365789
0.0711628624567
0.0727546378599
0.0741451502525
0.0773728746838
0.0811034293054
0.0808441256951
0.0828955862157
0.0956983391882
0.0
0.090598626389
0.0914330808329
0.0923644794061
0.0948312509161
0.0969313000201
0.0983217494713
0.099368638558
0.102255730963
0.102117608467
0.102727787621
0.103245797872
0.103448415996
0.10358572609
0.104144055083
0.103425122708
0.107795293782
0.106676196072
0.109092426789
0.108382344067
0.106060335168
0.109445470166
0.107895353114
0.107970780125
0.106155673581
0.105798249742
0.109393647826
0.109609743157
0.108591824394
0.105930887738
0.106848260841
0.107941453354
0.104540668152
0.101895026565
0.100832829109
0.100456225107
0.10218558068
0.0984118865558
0.09692517091
0.0966508211096
0.0
0.0900206566974
0.0926900641385
0.09136883514
0.0902609243393
0.0889322660842
0.0867235593289
0.0847162700404
0.0829343377939
0.0806902834963
0.0782135785379
0.0763622547237
0.0736539879783
0.0732030356553
0.0697483093446
0.0664505968185
0.0644655156125
0.0610957277496
0.0594924822387
0.0578346920998
0.0569480916444
0.0564343582892
0.0542487220623
0.0486717638485
0.0475000420486
0.0457871803276
0.042999270789
0.0378217741889
0.0375669966554
0.0339863432334
0.0316157340491
0.0280688361342
0.0249998941172
0.024710887116
0.022059981678
0.0174013775729
0.016402593387
0.0126132618197
0.0113595125096
0.0119856926604
0.00786002070238
0.00421394998235
0.00291436395982
0.00217485538841
-3.40842781259e-05
-0.00129206482393
-0.00303076091323
-0.00321777256737
-0.00842425281856
-0.00971296771871
-0.0122736677636
-0.0148006460374
-0.018226169108
-0.0184863616411
-0.0208433352422
-0.0240906718223
-0.0237356338967
-0.0275118329201
-0.0276632555498
-0.0297656004582
-0.032621878662
-0.032110425
-0.034698725391
-0.0308626206371
-0.036102897143
0.0
-0.032093602328
-0.0368676197872
-0.0411100809989
-0.0431530872927
-0.0458561458528
-0.0474195730609
-0.0501758482159
-0.0520077962237
-0.0517476645928
-0.0532986925362
-0.0536485827961
-0.0552324413182
-0.0562445205758
-0.0584580356388
-0.0555489797912
-0.0556611127381
-0.0594291950324
-0.059798712542
-0.0607064460499
-0.0639395528863
-0.063810392206
-0.0670764711756
-0.067638968702
-0.0657107155956
-0.0649646242211
-0.0679237794985
-0.0665683924072
-0.0683856309151
-0.0686542931495
-0.0717867030879
0.0
-0.0737229963501
-0.0718807834907
-0.0736378921159
-0.0736508584694
-0.0729885613049
-0.0738262573451
-0.074964341575
-0.0766775623097
-0.0774239477799
-0.0774923648564
-0.0770125144636
-0.0774721221589
-0.0790568050748
-0.0790611689628
-0.0790795517929
-0.076730096133
0.0
-0.0748889886739
-0.0780440055043
-0.077134792531
-0.0766708302921
-0.0739479153942
-0.076825656138
-0.0750997722924
0.0
-0.074126038083
-0.0735795868198
-0.071809482765
-0.0711334631601
-0.0739552927071
-0.0731623293817
-0.0690559165113
-0.0681085078144
-0.064730390435
-0.065459081756
-0.0646396780908
-0.0631651169389
-0.0630490666989
-0.061934060948
-0.0589339043249
-0.0601615700606
-0.0580639760905
-0.0572210435291
-0.0578518555596
-0.0559390161318
-0.0515952099589
-0.0519180281587
-0.0507591009814
-0.0507973452276
-0.0488005255496
-0.0536682715172
-0.0463018497263
-0.0453396634832
-0.0438959647755
-0.0430012906591
-0.0406596127534
-0.0381429920883
-0.0364258098172
-0.0334108144386
-0.0338424375141
-0.0303347300791
-0.0294269395071
-0.0263572343475
-0.0245417793892
-0.0223499045112
-0.0225861147774
-0.0183369138921
-0.0143340888991
-0.013974690804
-0.0105263652599
-0.00286976448335
-0.00284111063051
-0.00452096517116
0.0013247416618
0.00606495629971
0.00673190076709
0.00962769533505
0.0119451520397
0.014773016885
0.0171974316477
0.0183524891132
0.0217549634275
0.0244936997598
0.0253010847739
0.0328277006406
0.0341503789712
0.0407117127364
0.0443962597855
0.0453077358127
0.045639641737
0.0474043355997
0.0481417820717
0.0525511908853
0.0553570399492
0.0551852333763
0.0
0.0636590834704
0.0637870431019
0.0653851824233
0.068080537037
0.0710744147974
0.0719942190423
0.0761618537655
0.0780175326965
0.0788131608833
0.0805442769922
0.0862518394824
0.0875795276916
0.0936303976435
0.0931000120448
0.0955758270417
0.0942602869779
0.0981732948842
0.0990127820501
0.101951035451
0.099971117274
0.101329645222
0.103075272484
0.106177321075
0.10279508722
0.106647565125
0.105688343719
0.107852439118
0.110250194192
0.108711007636
0.108974269888
0.110983680229
0.108047703051
0.108926225359
0.10886144707
0.107771055781
0.109842478243
0.109237240978
0.10965288472
0.109675121111
0.110533213344
0.109890510049
0.11056019807
0.114721226831
0.110055021112
0.107009311574
0.108012584506
0.107774070919
0.102734864176
0.102062366228
0.099069293965
0.0981934139038
0.10044843871
0.095200608619
0.093891841617
0.0904109937811
0.0890942121888
0.0900564273482
0.0872563534185
0.0848373062658
0.0827321535567
0.0820703403664
0.0799075789871
0.076601327622
0.0
0.0
0.0761210034825
0.0694650077512
0.0668117521859
0.0650007099437
0.0604616818102
0.0607901270289
0.0574275331478
0.0559450058715
0.0559387699653
0.0548349035721
0.0496311016408
0.0507443040986
0.0435868712066
0.043119879003
0.0364470616493
0.0337693971037
0.0303196597713
0.0278905366806
0.0257576621633
0.0240652612165
0.0195123906567
0.0190009324141
0.016516900574
0.0157290778608
0.0102226488971
0.00865838720552
0.00539992716016
0.00288839184312
0.0
0.0
0.0
0.00107608206066
-0.00186649312165
-0.00571625621855
-0.0091339272085
-0.0127045092114
-0.0133724867344
-0.0178711927835
-0.0201841045323
-0.0197541672592
-0.0237260229408
-0.0251543654885
-0.0294248757876
-0.0296276206159
-0.0306068384806
-0.0311898212447
-0.0347128015675
-0.036312018641
-0.0384569468966
-0.0381390406794
-0.0395535405054
-0.0429272064529
-0.0453446607479
-0.0461498569966
-0.0468970532107
-0.0486926862117
-0.0504940703266
-0.0511472942209
-0.0518341797451
-0.0519476496789
-0.0544214855567
-0.0563094917456
-0.0566894384958
-0.055884174055
-0.0572570478662
-0.0597925460662
-0.061029578228
-0.0620187901249
-0.0642748765676
-0.0648696161623
-0.0661286104213
-0.0651981362976
-0.0665470436575
-0.0693815922115
-0.0683750925752
-0.0705934660152
-0.0690431201677
0.0
-0.0700326569211
-0.0728080476514
-0.0722858172222
-0.0770287062654
-0.0783997420723
-0.0793509232731
-0.0749652427843
-0.0753572108647
-0.0759102455478
-0.0758267132192
-0.0790140044833
-0.0772986630318
-0.077046787826
-0.0793671644886
-0.0790060990211
-0.0793243211614
-0.0796113519921
-0.0795175253318
-0.0809410066422
-0.0799778932689
-0.0803888983173
-0.0802982659624
-0.0802264917526
0.0
-0.0796029872928
0.0
-0.079397338526
-0.0768293687371
-0.0766194445642
-0.0785824058756
-0.0758734183105
-0.0763097041443
-0.073847131116
-0.0720255582146
-0.0701865820312
-0.0689647160169
-0.0710904993407
-0.0701074195235
-0.066874991967
-0.0669120823369
-0.0655681743017
-0.0649390871525
-0.0662475602823
-0.0630931110681
-0.0623798580516
-0.060589958876
-0.0581291597488
-0.057402632169
0.0
-0.0593887653555
-0.0518225446733
-0.0470175147576
-0.0460389267513
-0.0477423953835
-0.0471870874987
-0.0382768445415
-0.0370420788293
-0.0416915551685
-0.0411717361057
-0.0388004560518
-0.0395091929437
-0.0376270295626
-0.0292359632954
-0.0292319113436
-0.0312019601349
-0.0290468292911
-0.022398240116
-0.0228599414723
-0.0210208673513
-0.0199202460982
-0.0178176797933
-0.017338255702
-0.0133452463255
-0.0125661050474
-0.0121028456702
-0.00989664610632
-0.00562362220665
-0.00178562342251
-0.000487833231174
0.000871395428232
0.00394837070598
0.0090514891501
0.0117988504111
0.0167819837069
0.0134568681405
0.0176697857017
0.019590363272
0.0242854176076
0.026355765464
0.0284375911618
0.0299205276167
0.0340700378656
0.0356430418794
0.03657729411
0.0394529730248
0.0416755381938
0.0433049861697
0.0467734192053
0.0486381583017
0.0512182307734
0.0557226233481
0.0576723382179
0.0601620001891
0.0611538454506
0.0612088751391
0.0671056116433
0.0666804625765
0.0711669998437
0.0699973777625
0.0727491335274
0.0760927065286
0.0747909084846
0.078828961054
0.0822360921279
0.0856109263737
0.0872885588461
0.0884021267995
0.0873498357641
0.0907802697041
0.0957269225755
0.094998036397
0.0962935668858
0.0965458121727
0.0988163876544
0.100524827448
0.101034087071
0.102590747152
0.103885729591
0.105272521438
0.105066425064
0.107587746242
0.106751788684
0.10866781481
0.108157267261
0.111118153412
0.111551951244
0.10911110604
0.107133236272
0.109528581613
0.0
0.106096836454
0.10446048807
0.105779148422
0.106589196564
0.0
0.106290428393
0.106419914941
0.105479436351
0.103995550521
0.102233740289
0.10174268203
0.0987272864189
0.0970533634121
0.0951890403556
0.095311135541
0.0902774812477
0.0898451961214
0.0879635289073
0.0867064912983
0.0830078351582
0.0792775562884
0.0766423073622
0.0775588336839
0.0770713537289
0.0742947766843
0.0736009830834
0.0694763765016
0.0651950515846
0.0637196624522
0.0626435280492
0.0602311569781
0.0626302636696
0.0628054437346
0.0572691082525
0.0539056486579
0.051110695548
0.0475067388186
0.0434190964231
0.0440423810317
0.0403621380618
0.0403384153092
0.0379156275162
0.0353214296712
0.0338042936821
0.0296456974846
0.0250721226573
0.0224469002796
0.0201244263796
0.016109697657
0.0126227970401
0.0122417059574
0.00860857697235
0.00853443184827
0.00414273977403
0.0
0.0016775823328
-0.00112131619649
-0.00470519509926
-0.00864821183875
-0.0092768978735
-0.0131055485253
-0.0152288274107
-0.015927677065
-0.0176143192766
-0.0206797269852
-0.0208443158025
-0.0227912736544
-0.0206495346648
-0.0238211235869
-0.0289986155703
-0.0272319499533
-0.0303502180669
-0.0326202644101
-0.0346953365923
-0.0362318906062
-0.0390189054888
-0.0426900478289
-0.0423422836013
-0.0458087527051
-0.0452923680231
-0.0500140375838
-0.0469179775859
-0.0484535714623
-0.0477458515221
0.0
0.0
-0.0433361796202
-0.0475933995507
-0.0501092464973
-0.0539739254506
-0.0561445723721
-0.0552042136287
-0.0563179739854
-0.058485350302
0.0
0.0
0.0
0.0
-0.0628645429111
-0.0637564392162
0.0
-0.0709754885993
-0.0740548668936
-0.0731780415455
-0.075448494674
-0.0749003149077
-0.0753359886502
-0.0774988504469
-0.078220924143
-0.0763462375453
-0.079721394009
-0.0804776293442
-0.0823298638297
-0.0810198373769
-0.0818307928864
-0.0821062449424
-0.0819620066837
-0.081018552202
-0.0839546648605
-0.0824932373519
-0.0818604720485
-0.0834800653267
-0.0826817670056
-0.0810665042526
-0.0835140723722
-0.0813922724657
-0.0803425770804
-0.0800036716921
-0.0802953359393
-0.0808557502397
-0.0778533680118
-0.0784199946499
-0.0786472952978
-0.0797291444298
-0.076459094737
-0.0792775528286
-0.0771863634982
-0.0756180709249
-0.0754689229745
-0.0732130925548
-0.0722844428372
-0.0701661382471
-0.0685009018968
-0.0650247179919
-0.0654930917332
-0.0615792217768
-0.0627303280021
-0.063558969845
-0.0613162582301
-0.0626390647901
-0.0617882557048
0.0
0.0
-0.049964683137
-0.0536441049326
-0.0527701536504
-0.0548427740135
-0.0528770489147
-0.0534115520889
-0.053282361367
-0.0479586815346
-0.04808938388
-0.0461116044934
-0.0454355572433
-0.0431803225604
-0.0440194657597
-0.0413938087363
-0.039931011508
-0.0380378432612
-0.0376333552242
-0.0341648767237
-0.0314032868544
-0.0302055992973
-0.0274852374027
-0.02513327513
-0.0237710680378
-0.0209961869555
-0.0174422273094
-0.0151869730338
-0.0134817378988
-0.0116073097
-0.0097377810434
-0.00772836326311
-0.00454948777544
-0.000153950615734
0.00299755909226
0.00801847333943
0.00732265168032
0.0108859701427
0.0143642073436
0.0140041830143
0.0170371773523
0.018640006134
0.0247260966839
0.0245134413185
0.0260896344818
0.0
0.0286857798129
0.0321930445878
0.0356811928924
0.0391192288896
0.0431082189836
0.045442910702
0.0498382525776
0.0501933057992
0.0525697442985
0.0559140936669
0.0576654396058
0.0589900194976
0.0612977709411
0.0637659920856
0.0652388953777
0.069550518318
0.0687219014085
0.0727981949672
0.0730015366913
0.0757247509284
0.0791358533817
0.0790217969734
0.0807346308766
0.0
0.0971372870601
0.0917671453868
0.0908508818223
0.0934909500739
0.0926789569879
0.0946407636938
0.093892524731
0.0971076823912
0.0968176954552
0.0971768959493
0.0966301595904
0.0996667065864
0.102176404105
0.102979142356
0.105624435191
0.106234247665
0.105701897764
0.104541850009
0.104310941043
0.103956832461
0.104534824093
0.105656231908
0.105868733811
0.10140417703
0.104977892379
0.10316293819
0.102211493717
0.102690940053
0.10119157602
0.102021954943
0.100227205911
0.0987415549145
0.0983537223323
0.0964893108141
0.0956636550589
0.0923708439832
0.0915143871429
0.0904991691262
0.0854393967918
0.08294385336
0.0832501152374
0.083008326162
0.0804883017058
0.078428765946
0.0765428199182
0.0744573980357
0.0705175444336
0.073585582306
0.0720972937377
0.0696938622207
0.0657505959958
0.0599289276265
0.0602720682491
0.0582714633345
0.0546102823784
0.0539847907777
0.0499197148362
0.0530319338002
0.054749684911
0.0488338836324
0.0477427901455
0.0437307904728
0.0402047210243
0.0362035415885
0.0359664016876
0.0329316259707
0.0304065333787
0.028352482627
0.0238430528154
0.0209702574611
0.0141498944603
0.0
0.0121258400389
0.0095409238572
0.00838450753782
0.00611068398102
0.00275870570889
5.94542771499e-05
-0.00327613595147
-0.00494229110721
-0.00952586933631
-0.0105842860691
-0.0127100947946
-0.0122434153852
-0.0166882352615
-0.0176679303303
0.0
0.0
-0.0169455451309
-0.0201429681407
-0.0266342953465
-0.0284807076163
-0.0291741662277
-0.0314543413622
-0.0337548002821
-0.0344772877536
-0.0345958485378
-0.0353770872274
-0.0393840147106
-0.0413456617554
-0.0442450049721
-0.045917191981
-0.0490695941563
-0.0493068761045
-0.0514875610689
-0.0549179066371
-0.0574144851276
-0.0584927537196
-0.0581781290328
-0.0589443059612
0.0
-0.0622809497823
-0.0618546855865
-0.0626699021941
-0.0655037190975
-0.0668613099943
-0.0706501262388
-0.0690263868643
-0.0740144598531
-0.0688022497058
-0.0708194737233
-0.0740119546948
-0.073433336112
-0.0718177340232
-0.0669250299724
-0.0691608943293
-0.0721701732097
-0.074885950171
-0.0794415893202
-0.0816183606647
-0.0818189619267
-0.0814643255228
-0.0828434876501
-0.0838420690365
-0.0849737277022
-0.0839005718106
-0.0847381711939
-0.0852342642977
-0.0837038245154
-0.0862060592252
-0.0871270030682
-0.0886769120645
-0.0881413922082
-0.0848361269361
-0.0853471146533
-0.0858884674461
-0.086384348249
-0.08589334423
-0.0880082480743
-0.0889437158081
-0.0854626743024
-0.0850113249952
-0.0850367879127
-0.0883227468265
-0.0861682951038
-0.0868851263936
-0.0840492525869
-0.0836481417418
-0.084844324435
-0.0833270375486
-0.0831495014937
-0.080417779046
-0.0797818152813
-0.0791855871018
-0.0802536074564
-0.0769215196628
-0.0691168461907
0.0
-0.0715519638703
-0.0680984193988
-0.0709842429343
-0.0669565538782
-0.0669275195131
-0.0651513257573
-0.06248449668
-0.0624340551785
-0.0631397715023
-0.0600789511943
-0.0594585223823
-0.0594431815394
-0.0571121052104
-0.0570757951961
-0.0562300340986
-0.0528004699048
-0.0498773924793
-0.0469815669026
-0.0451256472083
-0.045388077029
-0.0456414602127
-0.038736259697
-0.0420076270786
-0.0399389274429
-0.0381243777087
-0.0372973809977
-0.0374025762633
-0.0325666707984
-0.0294333371466
-0.0287392450003
-0.0244850026491
-0.0249475833112
-0.0245591586941
-0.0232405720036
-0.0206425367379
-0.0159367472563
-0.0112557903979
-0.00767771909305
-0.00784605214985
-0.00636643303421
-0.00374678147015
-0.00217665651242
0.00251526444518
0.0
0.00673626833064
0.00816649605249
0.00954075178671
0.0155784319325
0.0175943540513
0.020957283298
0.0224508434773
0.022798261812
0.026281921955
0.0299735027086
0.030478134104
0.0308179614033
0.0361899133939
0.0389849321787
0.0422521146825
0.045263162767
0.049201410837
0.0519849359609
0.0511898093063
0.0557499667217
0.0575877536943
0.0567521669365
0.0597785616577
0.0635546820002
0.0656024838322
0.0659537630764
0.0680197580672
0.0725397701842
0.0742963784246
0.0776654476089
0.0773881201717
0.0807844884671
0.082318059934
0.0852480453207
0.0833810153196
0.0858424474432
0.085519643859
0.0872117247512
0.0880622444267
0.0957734836121
0.0952036698872
0.0955037386212
0.0976576826847
0.097058634535
0.0967219527909
0.0
0.0
0.0
0.106901287243
0.104321556729
0.0
0.0
0.104851231629
0.104211898719
0.101916495163
0.101408612301
0.101121423065
0.0982834326891
0.097677206971
0.099723854359
0.0975256813435
0.096199427165
0.0947917986307
0.0986434223792
0.0991913510158
0.0972291344129
0.0959023498873
0.0925083501931
0.0959932867493
0.0937133412737
0.0915935721451
0.0886048143889
0.0828622528791
0.0846417751998
0.0803959528371
0.0785972951071
0.076183761684
0.0765143210072
0.076234654784
0.0747709431213
0.0709606543228
0.0661645479265
0.063602370416
0.0615005117319
0.0637033143419
0.0563219167965
0.0541862053039
0.0524603794725
0.0472607222454
0.0479000525838
0.0435680517284
0.0453577935214
0.0429411612954
0.037693889302
0.0351819563833
0.0334651598626
0.0287500729301
0.0264005721158
0.0249662060471
0.0230893548865
0.0194042851469
0.0162993423965
0.0136457497801
0.0105902235142
0.0152050932738
0.0116865213925
0.0078085922416
0.0039134469256
-0.0015558855018
-0.00265541697558
-0.00504318227546
-0.0099966241684
-0.00950895966794
-0.0117239967049
-0.0138737458502
-0.0161448187559
-0.0174145710967
-0.0183885526043
-0.0236112924159
-0.024588550612
-0.0255020431495
-0.0273897465838
-0.0297279864941
-0.0333184850829
-0.0328855889834
-0.0362504071498
-0.0390048984118
-0.041182265185
-0.0467453546664
-0.0430919537121
-0.0444331185134
-0.0493842310938
-0.0492413343867
-0.0516553618854
-0.0548905396632
-0.0530716686586
-0.0541038900121
-0.0571997324351
-0.0542904164154
0.0
0.0
-0.0533054901623
-0.0580037467923
-0.0614599473786
-0.0649359667045
-0.0663947094208
-0.0672792287494
0.0
0.0
-0.0631962912682
-0.0654068457442
-0.0689957227287
-0.0689206551732
-0.071493623879
-0.0732572506315
-0.076489107455
-0.0775682553391
-0.0800153173074
-0.0800798117429
-0.078681701275
-0.0835971928412
-0.0852961561843
-0.0844009568842
-0.0871711167933
-0.0848941788489
-0.0840189590162
-0.0861154730933
-0.0876189228072
-0.0871626918815
-0.087833512223
-0.0885182237262
-0.0874853578219
-0.0845758096975
-0.086000342026
-0.087561279886
-0.0815577389272
-0.0848932831384
-0.0862875276848
-0.0848942579025
-0.0862754862507
-0.0841361156082
-0.0869738846654
-0.0780127601599
-0.0805164517787
-0.0814448101932
-0.0834364218372
-0.082152231864
-0.083364541713
-0.0834462035667
-0.081996140224
-0.0825827137981
-0.0817970535916
-0.0799596116491
-0.079704329884
-0.0802608372905
-0.0781672042915
-0.0765565030622
-0.0756454354048
-0.0742182488032
-0.0732748368225
-0.0721718782118
-0.0715463835543
-0.0738930477522
-0.0693940482477
-0.0674103907201
-0.0677672235702
-0.0639788143069
-0.0642075278386
-0.0598189699248
-0.060566724204
-0.0586909441972
-0.0585653885302
-0.0600735573868
-0.0579877630967
-0.0567873080448
-0.0546310642831
-0.0523716166242
-0.048109641883
-0.0481710138728
-0.0474143198357
-0.0471759371015
-0.0430453886798
-0.0431140696161
-0.0428727845063
-0.0399781637953
-0.0381870436771
-0.036760776726
-0.0269697879449
-0.0268542354591
-0.0245013360171
-0.025092517618
-0.0245384040505
-0.0199494212579
-0.0197649217832
-0.0159152839249
-0.0149506132549
-0.0143473779471
-0.0129968645009
-0.0104910177874
-0.00819115976429
-0.00789701440001
-0.00457058717562
-0.00228874885672
0.0
0.00283755597391
0.00666724640795
0.0074452137382
0.00908538297702
0.0118132100544
0.0162817579395
0.0184902428352
0.0223567621301
0.0254150563431
0.0273067619481
0.0303557458062
0.0355563694817
0.0347273691173
0.0352534544934
0.0375112379755
0.0437991924529
0.0472403386282
0.049188099057
0.0523959096737
0.0516335236464
0.0558730171985
0.0562417032354
0.056385581463
0.0594301884839
0.0625992496069
0.0625653068369
0.0652416739522
0.068961798043
0.0714817123532
0.0689980777984
0.0772585614251
0.080497368756
0.0793046658799
0.0796358882471
0.0801714552825
0.0856557368847
0.0868664143343
0.0880058658176
0.0883934356366
0.0880254409061
0.0891066173093
0.0900858180711
0.0935589657885
0.0918674283239
0.0925571879403
0.092515750343
0.0918303473762
0.0961692180859
0.0972675168993
0.0995925403704
0.0
0.101110773014
0.0983434529097
0.0950281349458
0.0970262805777
0.093184645422
0.0976654216042
0.0969529409875
0.0957971298402
0.0971420782294
0.0971582842425
0.0975436817512
0.095608367284
0.0973747023458
0.0931186178682
0.0939420072925
0.0905280889409
0.0914833660431
0.0892213997562
0.085348596749
0.0855512265426
0.0840809309764
0.083148035626
0.0812716127698
0.0786928314153
0.0746064305712
0.0731097133827
0.0746538850194
0.0703398843186
0.0695523677687
0.0698993182802
0.0656972425958
0.0
0.0602536651973
0.0658794928268
0.0598374922731
0.055654561505
0.0509146642064
0.0475275949856
0.0452713187577
0.0430154168345
0.0412988871271
0.0365763308538
0.0372512209347
0.0341052987102
0.0
0.0270942737375
0.0273613461901
0.0251552258618
0.024595879051
0.0248241695116
0.0213224397191
0.0202414162661
0.0142554224374
0.0
0.00651797820041
0.00357312892664
0.000237679662533
0.00087981691933
-0.00174187546503
-0.0021753260437
-0.0067019789621
0.0
0.0
-0.00735889346488
-0.0129688007995
-0.0152224283226
-0.0217290700619
-0.0239435029433
-0.0239650477762
-0.0256700722529
-0.0246218259157
-0.0263892088152
-0.0290525210333
-0.0344044778493
-0.0350170371392
-0.034875081126
-0.0381952259457
-0.0405307354031
-0.0425628158005
-0.0428850731911
-0.04477946989
-0.0479335769436
-0.0411788941506
-0.043420526248
-0.0443463643388
-0.0461672612935
-0.051766464018
-0.0530706296471
-0.0562520467265
-0.0576341761413
-0.0604254034731
-0.0587429057484
-0.0607235652697
-0.06229623021
-0.0654941181943
-0.0672078321245
-0.0677286147728
-0.0683774948841
-0.0720952641336
-0.0666138499276
-0.0725031885688
-0.074342327315
-0.0750660200246
-0.0703273604134
-0.0760661991883
-0.0763926687144
-0.0781172692323
-0.0759336931204
-0.0776427683701
-0.0788543903778
-0.0787384579703
-0.0816594486401
-0.079816737157
-0.0826133144235
-0.0835364666427
-0.0816687753385
0.0
0.0
0.0
0.0
0.0
0.0
-0.0769954436693
-0.0814655284955
-0.0816613275621
0.0
-0.0736521302666
0.0
-0.0759387279256
-0.0786156796991
-0.0769976398138
-0.0771946205493
-0.0803358540407
-0.0800516835627
-0.0802818737917
-0.0820176184775
-0.0817472635344
-0.0812452131685
-0.0783269925872
-0.0766567235832
0.0
-0.0784640540661
-0.0787315051941
-0.0790910709988
-0.0746853684779
-0.0708915309315
-0.0704742244653
-0.0722146076843
-0.069358354551
-0.0676767230042
-0.0677540733491
-0.0664788172661
-0.0672402242785
-0.0676341066042
-0.0667960184892
-0.0648047930134
-0.0602448217847
-0.0609260562743
-0.0573598255024
-0.0551801034913
-0.0527981057288
-0.0536114192107
-0.054038666451
-0.0560137354258
-0.0525014149115
-0.0507232258494
-0.0448779273907
-0.0400862682018
-0.0441298047308
-0.0433531925962
-0.0442206162218
-0.0415960340543
-0.0370346899448
-0.0386774742326
-0.0379064559645
-0.0385110686762
-0.0365963984288
-0.0325172680392
-0.0247641679482
-0.0245642090339
-0.0269199250918
-0.0237726467019
-0.0248763881306
-0.0233542433687
-0.0211706104562
-0.0217112184825
-0.0177865731432
-0.0178119876014
-0.0116958222517
0.0
-0.00285277343091
-0.00123129447788
0.000103365755219
0.00107512030758
0.00245783742621
0.00376592008889
0.00748254382223
0.00852541633656
0.0118836711201
0.0140774750163
0.0211437588783
0.0227608014199
0.0257231010494
0.0297471488147
0.0314727468665
0.0344301604577
0.0373522737674
0.0393951852389
0.0380971695616
0.0417647362869
0.0434946802399
0.0462497523613
0.0515427935763
0.0533310757814
0.0558137660524
0.0559903434204
0.0580892773041
0.0611708804553
0.0601665088731
0.06457909561
0.0737042972082
0.0691308611228
0.0690336457344
0.072674157007
0.0716254157469
0.0765954588412
0.0762562414429
0.0787489115755
0.0793441420277
0.0886121099381
0.0837044645421
0.086708149889
0.0866357923138
0.0898091088147
0.0968281566682
0.0922381423649
0.0
0.0922785023693
0.0956368246945
0.096360170373
0.0967264979143
0.0966153576277
0.0973612170025
0.0989597104238
0.0961055078676
0.0978712536134
0.0979237785103
0.0962695622964
0.099343949268
0.0997540153956
0.0990108220901
0.0954003228716
0.0959185695101
0.0954013116909
0.0926364981312
0.0948688483094
0.0940910028617
0.0945970761712
0.0959039993903
0.0971968450508
0.0
0.0
0.0
0.0
0.0
0.0
0.0
0.0
0.0
0.0
0.0
0.0
0.0823530240204
0.0781934517801
0.0715577662079
0.071227957613
0.0670378724774
0.0624632753391
0.0592059537794
0.0561144445991
0.0533269434269
0.051762776458
0.0513360258205
0.0479395693307
0.0473099447888
0.0425858126874
0.0391059099412
0.0364860906964
0.0359392012245
0.031501778991
0.028509174656
0.026199078513
0.0242009650238
0.0231958075648
0.0181485727079
0.0169538023383
0.0137655872454
0.0108930771131
0.0081678131144
0.0046863090453
0.00212682869249
-0.000981477271112
-0.00331139182951
-0.00461918152579
-0.00662047050394
-0.00655089463336
-0.0102937231193
-0.00891453052147
-0.0154241958948
-0.0198654328575
-0.023134403204
-0.021456624037
-0.0221637307537
-0.0263388912512
-0.026491374064
-0.0261117694424
-0.0274746292885
-0.031135181376
-0.0350122575967
-0.0350822060246
-0.0366692409595
-0.0361134758008
-0.0391140371693
-0.0407740350028
-0.043663607058
-0.0482985198481
-0.0492631887494
-0.0501092892058
-0.0502078841661
-0.0529710491968
-0.0538947993219
-0.0563561985884
0.0
-0.0608972935607
-0.0609101570787
-0.0616778889978
-0.063447455335
-0.0654344585193
-0.0698266807656
0.0
-0.0700365116834
-0.0710971393571
-0.0695499596961
-0.072698674894
-0.0719659385631
-0.0740421229342
-0.0750301906951
-0.0743056933098
-0.0747576686065
-0.075691031583
-0.0775538502309
-0.0770445625602
-0.0791099437948
-0.0801009554943
-0.0800711324201
-0.0802013585496
-0.0835636867393
-0.0831419772701
-0.0802714589596
-0.0802873243992
-0.0806569823318
-0.081988595574
-0.0813234147537
-0.0791908054549
-0.0792709621659
-0.0830162817781
-0.0808842834523
-0.0799800589984
-0.084243454377
-0.0819720411407
-0.0817083136078
-0.0817108890182
-0.0826325653476
-0.0796101018458
-0.079290862003
-0.0786522219702
0.0
-0.0779842583633
-0.0807538491524
-0.0804486317296
-0.0805948564312
-0.0806171477018
-0.0781938090402
-0.0753117772833
-0.0775087764929
-0.0761784939916
-0.0767686843317
-0.0769729131461
0.0
-0.0757289388871
-0.068475983483
-0.0720124742923
-0.0708988108817
-0.0713962575162
-0.0694212828327
-0.069240668635
-0.0673390851414
-0.0674240815364
-0.0646038933708
-0.0651046936156
-0.0644256210522
-0.06204919465
-0.061534697597
-0.0614876050316
-0.0600480934759
0.0
-0.0585991848755
-0.0568643776334
-0.0558333910298
-0.0543483380877
-0.0543379581425
-0.052981904096
-0.0473853588326
-0.0417277835672
0.0
0.0
-0.0396895596906
-0.0382491701469
-0.0406957719815
-0.0408581337904
-0.034957031405
-0.0374800961079
-0.0372073345421
-0.0343769036575
-0.031587486436
-0.0321604465797
-0.0296693270086
-0.0240477693938
0.0
-0.0217302361309
-0.0218425683974
-0.0191055007401
-0.0171607713262
-0.016545194185
-0.0155019446987
-0.00960633276531
-0.00891135451049
-0.00623826231386
-0.00273760028049
-0.000392551839976
0.000655288773637
0.0060847826919
0.00845270219654
0.00881912971035
0.0114811476894
0.0166901896866
0.0165689759773
0.0197088529603
0.0199194584593
0.0237002854784
0.0267305822697
0.029309411727
0.0319003281698
0.0351563002137
0.0366179668483
0.0394135016306
0.0427799308451
0.0443916643049
0.0475207373472
0.0498241145483
0.052590355719
0.0512975006142
0.0540426673303
0.0583754643703
0.058776439765
0.061123623627
0.063475380581
0.0668230744627
0.0697512631531
0.0686915554609
0.0795585068364
0.0751779482584
0.076181483673
0.0785613414819
0.0800973660398
0.0805773830362
0.08201593522
0.0826004696526
0.0836280008256
0.0866212701315
0.0908185669336
0.0932854950919
0.0923998570566
0.0928233888886
0.0932773289692
0.0928204976502
0.0943542090173
0.0959776372696
0.09686258645
0.0964565862646
0.100844115558
0.100528125987
0.101569016144
0.0987313700869
0.0988170876927
0.100207914997
0.100535749099
0.0995725734893
0.0989171098068
0.0968590586832
0.0950546944317
0.0972131017722
0.096183763719
0.0930610688064
0.0911721427374
0.0893165927831
0.0876472924001
0.0869059594284
0.0870454413796
0.0880272356124
0.0861846346326
0.0831456536784
0.0818013518243
0.0808988636376
0.0740139268962
0.072920709588
0.0724255516227
0.0696271904809
0.0689290145359
0.0668209516897
0.0640865307718
0.0609434602107
0.0600289441728
0.0623975641862
0.0
0.0564821439543
0.0529277554625
0.0489733320695
0.0449440857851
0.0407753068221
0.0408651530057
0.0354862171911
0.0353630074112
0.0346072706903
0.0306047187818
0.0289379866983
0.0307024354614
0.0242257535616
0.020396171593
0.0191599374243
0.0144714482638
0.0187886795744
0.0
0.0
0.0181691178363
0.0134803390169
0.00737923455608
0.000948772643915
-0.00379656111022
-0.00251632140599
-0.00899083669923
-0.0136598905703
-0.0169652198207
-0.0170670537145
-0.0185770693324
-0.0227405073184
-0.0232014051414
-0.0255176730677
-0.0261592496669
-0.0290868879846
-0.0333380883505
-0.0320103145739
-0.0334990636051
-0.0382013363767
-0.0390988254378
-0.0381809396118
-0.0387536037655
-0.0432747656539
-0.0440328127899
-0.0445824729429
-0.0467652915497
-0.0495130529014
-0.0548566014917
-0.0525496918438
-0.0576206073713
-0.0579435749965
-0.0606631239676
-0.0597313969834
-0.0599296907796
-0.0627850765936
-0.064087628516
-0.0639698083337
-0.0659321757983
-0.0637334752683
-0.0707373806401
-0.0697662018657
-0.0706971699562
-0.0711268651816
-0.0708855615101
-0.0693954540899
0.0
0.0
0.0
0.0
-0.0606350702453
0.0
-0.0646907227272
-0.0658637126181
-0.0679130138044
-0.0671904677031
-0.0697086539733
-0.0710395173012
-0.0674573123546
-0.0688162141243
-0.0706688892131
-0.0706336558901
-0.0711704901215
-0.0725772017362
-0.0740246774229
-0.0772280529399
-0.0753587907832
-0.0717201889085
-0.0734362139608
-0.074603594544
-0.0759886398002
-0.0763985368647
-0.0779286241506
-0.0743077103097
-0.0765201439948
-0.0779323326411
0.0
-0.0762770379327
-0.0762001943418
-0.0767988493665
-0.0782480318103
-0.0771736481562
-0.077449249817
-0.0745921923018
-0.07478131339
-0.0753825022839
-0.0731342338205
-0.0708253756005
-0.0708908263757
-0.0701015441327
-0.0703257022947
-0.0678466683648
-0.0704068890061
-0.0636484647595
-0.0636369146919
-0.0664162200568
-0.0657809155377
-0.0662573551102
-0.0658558551473
-0.0639296842319
0.0
-0.059091803303
0.0
-0.0618614725243
-0.0601993482736
-0.0599156403643
-0.0576542777704
-0.0564123741922
0.0
-0.0514018662876
-0.0501020036588
-0.0507385899337
-0.0488827066264
-0.0485373142388
-0.047824923684
-0.0467665078048
-0.0458442447494
0.0
0.0
-0.0270571170244
-0.0321750327394
-0.0327765081742
-0.0312502899427
-0.0299954880579
-0.0282114851553
-0.0249599477419
-0.0227418591413
0.0
-0.006352399467
-0.00756284347244
-0.00981528208745
0.0
0.0
0.0
0.00341739942117
0.00224357147011
0.000663943296686
0.0003649551269
0.00181893222866
-0.000696758655963
0.00752394864414
0.0191769533733
0.0225273285045
0.0201121205382
0.0180961078406
0.0207656056081
0.0225386602228
0.0228282275366
0.0205661435053
0.0229623034128
0.0301085433525
0.028142933613
0.0330507100244
0.0345356649325
0.0351202463688
0.0385927146169
0.0408749589296
0.0466279118251
0.0503263673825
0.0505056987733
0.0507997505026
0.0541421746852
0.0562142385673
0.0564154629665
0.0604194464654
0.0614239694941
0.0653134782887
0.0639719089721
0.0679531745096
0.0724126413767
0.0722659464981
0.0736132401501
0.0
0.0785605509959
0.0763097186357
0.0813117383749
0.0826193184561
0.0837056897369
0.0855318542465
0.0872688298421
0.0906090553008
0.0897907946463
0.0915769083083
0.0914921966642
0.0918806457096
0.0941599095264
0.092582613222
0.0953668368866
0.0959867669753
0.0966703000574
0.0981481849082
0.0970076511693
0.0971950324254
0.0964533693743
0.0940849759776
0.0944530620669
0.0982021806918
0.0982153568248
0.0959181011782
0.0988089609788
0.0950021966995
0.0924467015049
0.0915970070221
0.0919486962712
0.0913317542351
0.0914644089621
0.08813281743
0.0892946432834
0.0871733427776
0.0875962333023
0.0867051055685
0.0850767479724
0.082747177088
0.0861083672637
0.0817053861576
0.0781409188699
0.0719107976514
0.0711010326542
0.0714120375129
0.0670686073329
0.0667124562857
0.0647883047407
0.0606332551276
0.0616852158863
0.0
0.0658995105992
0.0549693797421
0.0531371725804
0.0492567912877
0.0460209574659
0.0435325564678
0.0419477127896
0.0382768988218
0.0335460630189
0.0309181826441
0.0274856080317
0.0259060024995
0.0257734318206
0.0220118804202
0.0106740615883
0.0154475215709
0.0125800086065
0.0108116705196
0.00408770917135
0.00493359224112
-0.000935525840524
-0.00333372245358
-0.00675294920256
-0.00623313665693
-0.00778501169385
-0.00852768481477
-0.0135582144029
-0.0161566079962
-0.0164472087194
-0.0182748704272
-0.0204877155455
0.0
-0.0233641027104
-0.0268051935357
-0.0290247764084
-0.0300976413282
-0.0329204030482
-0.0337651557217
-0.0285447712635
-0.0313018125362
-0.0361436481895
-0.036531390629
-0.034151461921
0.0
-0.0421593491379
-0.047266214675
-0.0507323497847
-0.051043576825
-0.0533962389044
-0.0538893236209
-0.0543759066173
-0.0582897081732
-0.0571828183597
-0.0596472889175
-0.0536945934142
0.0
0.0
0.0
0.0
-0.055692334972
-0.0598778328925
-0.0610003152426
-0.0655221275193
-0.0700272675175
-0.0708502930903
-0.0727677969897
-0.0730004647477
-0.072113944138
-0.0722605778463
-0.0746522302304
-0.0740796229457
0.0
0.0
0.0
-0.0726712513915
0.0
0.0
0.0
0.0
0.0
-0.06985820652
0.0
0.0
0.0
0.0
0.0
0.0
0.0
0.0
0.0
0.0
0.0
-0.0654357236318
-0.0696634007653
-0.0709745283602
0.0
0.0
-0.0731635745342
-0.0728023390882
-0.0747431399565
-0.0737879731136
-0.0751130802394
-0.0735047193391
-0.0730067848342
-0.0705535217619
-0.0720736260441
-0.0705083444423
-0.0716129991825
-0.070970734303
-0.0690176212224
-0.069637216508
-0.0689878531162
-0.0667012055303
-0.0647473642522
-0.0670414336936
-0.0640113321667
-0.0638958464522
-0.0628352282266
-0.0630276301695
-0.0618114061829
-0.0621647536318
-0.0616891015016
-0.0611728188651
-0.0595211919243
-0.0580340556668
-0.0578598872892
-0.0551879457824
-0.0569691756971
-0.0540495052613
-0.0522780744392
-0.0458452891674
-0.0482316685173
-0.0485987996574
-0.0457934510917
-0.0459604356833
-0.0466891567851
-0.0466964369879
-0.0460019750177
-0.0410356310554
0.0
-0.0413631610726
-0.036138319539
-0.0331901186512
-0.0339066219783
-0.0314752106312
-0.0302719412083
-0.0271659878552
-0.0272929595072
-0.0210473247897
-0.0207638926672
-0.021582590155
0.0
-0.0169910759482
-0.0118837625358
-0.0105439629014
-0.0084619147566
-0.00625217946023
-0.00147154768935
-0.00249087859976
-0.00251564316146
0.00443165687384
0.00458393984128
0.00910017628894
0.0080804345322
0.0117166405935
0.0161577452207
0.0193154242662
0.0
0.0328013883881
0.0301554638599
0.0310901485139
0.0332324165244
0.0383022249065
0.0384117788539
0.0397598900829
0.0390643937461
0.0447071960288
0.0473650463338
0.0505579107412
0.052564785127
0.0521639996786
0.0568867292645
0.0579801469527
0.0634223147067
0.0638296358156
0.0628716913568
0.0671484886905
0.0690754098104
0.0732916883374
0.0760878804159
0.0777003016808
0.0806281620539
0.08221124553
0.0817278123042
0.0827353026538
0.0835916915689
0.0851802017411
0.0884946403532
0.0893098627294
0.0906268941886
0.0908261891633
0.0933239035716
0.0928218933268
0.0945332359289
0.0930988752903
0.0963064492533
0.0953020686116
0.0969167884305
0.0970102390264
0.0978287902155
0.0962838840806
0.100503108423
0.0991839868963
0.0988256244506
0.100302347119
0.0997397784989
0.0987543759488
0.0983555061303
0.0985824332191
0.0971525319135
0.0964669036052
0.0970945075125
0.0
0.0979712279752
0.0969870118572
0.0968395641357
0.0938372518136
0.0921838830171
0.0892935305379
0.0880032378596
0.0866813146275
0.0859757210385
0.0866311776318
0.0797526100416
0.079189914375
0.0
0.0
0.0743946018464
0.0750412966102
0.0696504204927
0.06888645097
0.065523545457
0.0645407162218
0.0628652744659
0.0592737464654
0.0583801997942
0.0566661668607
0.043446630821
0.0468468882867
0.0430430042681
0.0411408272472
0.0374923947162
0.0398317051734
0.0365204498271
0.033059013939
0.0313758691981
0.0295014474978
0.0260375015491
0.0234530259962
0.0205363529235
0.0166738447756
0.0145339119793
0.0122146543582
0.00781286061119
0.00662662954312
0.00151784663849
0.00118479688305
-0.00194772705773
0.0
0.0
0.0
0.0
-0.000488281632991
-0.00116396082436
-0.00414586378765
-0.00901237367938
-0.0127582841087
-0.0147101764294
-0.0167074851895
-0.0209245765884
-0.0220145731456
-0.0235809280282
-0.0277737718349
-0.0291230360405
-0.0308965121798
-0.0325473344558
-0.0369455883018
-0.0390821849858
-0.0393448977325
-0.038650771732
-0.0397412666618
-0.0421530881569
-0.0470891461122
-0.0465424216679
-0.0500197448802
-0.04923890691
-0.0492503000752
-0.0499089401606
-0.0542222316814
-0.0525715774855
-0.0553157187215
-0.0583162827327
-0.059523744531
-0.0610444120374
-0.0623096154907
-0.0610140939367
-0.0637184080039
0.0
-0.0633005120514
-0.0667037260098
-0.0648799408169
-0.0689139374312
-0.0706480024045
-0.0724089512843
-0.066269607949
-0.06984665657
-0.0694177310173
-0.0706233952042
-0.072778836075
-0.0729010647108
-0.071014434967
-0.0728993079666
-0.0760158961411
-0.0779779527762
-0.0753290046888
-0.0736999602044
-0.0757756240909
-0.0775413928493
-0.0757368995963
-0.0766406539984
-0.0755827523036
-0.0767577778194
-0.0756136885139
-0.0774663931361
-0.0762630721429
-0.0779460149785
-0.0765572211175
-0.0766294144655
0.0
0.0
0.0
-0.0730407588185
