0.0
0.0
0.0
0.0
0.0
0.0
0.0
0.0
0.0
0.0
0.0
0.0
0.0
0.0
0.0
0.0
0.0
0.0
0.0
0.0
0.0
0.0
0.0
0.0
0.0
0.0
0.0
0.0
0.0
0.0
0.0
0.0
0.0
0.0
0.0
0.0
0.0
0.0
0.0
0.0
0.0
0.0
0.0
0.0
0.0
0.0
0.0
0.0
0.0
0.0
0.00943805136359
-0.013022554714
-0.0189165223034
-0.0146480569457
-0.0231112813544
-0.0346471651208
-0.0423673808735
-0.0750067224872
0.00614672915581
-0.00484411769183
0.0143557273487
0.0119710293029
0.0248503972366
0.0198433986626
0.0250014261127
0.0195249177049
0.00222363717593
0.00636854454965
-0.00470473103324
-0.0278337927245
-0.0245435144515
-0.0340238525668
-0.0152595668972
-0.00320090008395
-0.00824171048817
-0.012819898146
0.0174256737563
0.013639428522
-0.00360685972086
-0.00569139238471
0.0420058341323
0.0288801230294
-0.013022476437
-0.00778356285989
0.00810799004566
0.0732286386866
0.103422087146
0.0857204877281
0.0782595036727
0.042303557299
0.0372457784526
0.0531108446205
0.0148293472586
0.0
-0.0263680100021
0.0120870887107
0.017037925454
0.0021310274665
0.0126662953367
0.00120404806813
-0.0108889742729
-0.0193976183174
-0.04278403552
-0.0235538276259
0.00985081313056
0.0430840377248
0.065181514191
0.0796884445015
0.0786996706192
0.0494126486957
0.0571955673358
0.0488397692927
0.046358351694
0.0266739411707
0.0261383375462
0.00905892412834
0.0495179751512
0.0931163207026
0.0658293843309
0.0647936292859
0.0288989410736
0.0213063176209
0.0103205313816
0.020257776446
0.0301262332262
0.00998428554501
0.00526708973206
-0.0220275345369
-0.0268539110238
-0.018722475698
-0.0218336289742
-0.021553225783
-0.024155852973
-0.0346519216027
-0.0175264968361
-0.032152792833
-0.0190781920426
-0.0182033223907
-0.009728531552
-0.0205410720943
-0.0261509808064
-0.0457678519198
-0.0604926643968
-0.0668126005091
-0.035731788423
-0.0104527711223
7.04041182553e-05
-0.0300968545093
-0.0428273729567
-0.0333256740314
-0.033938952888
-0.033156288701
-0.0303860623624
-0.031762730404
-0.0113847024635
-0.0088985908363
-0.0204241812812
-0.023863493108
-0.0229389650558
-0.0258164773708
-0.0417672911788
-0.0558508277312
-0.0558894032258
-0.0730075962335
-0.06702014942
-0.0907659738173
-0.0604400259982
-0.0489253906572
-0.0231934319623
-0.0283866069833
-0.0339002471211
-0.0399451572053
-0.013586932134
-0.00973779992405
-0.0157321791074
-0.00229537896772
-0.0221747882394
-0.00441529324414
-0.0151009671985
-0.0103324705467
-0.00532908940856
-5.75034158951e-05
-0.0226352400427
-0.0284867522151
-0.0359955099919
-0.0173397032393
-0.0255378350677
-0.0352495973176
-0.0328348247298
0.0
0.0
0.0
0.0
0.0
0.0
0.0
0.0
0.0
0.0
0.0
0.0
0.0
0.0
0.0
0.0
0.0
0.0
0.0
-0.0884958182965
-0.0156325025677
-0.0256652055764
-0.0435694923935
-0.0471598359929
-0.0658641910411
-0.0581653832202
0.0
0.0
0.0
-0.0347489395998
-0.0268310724666
-0.0289505909271
-0.0344510944545
-0.0184397029957
-0.0268276011317
-0.0104360967924
0.0326890382905
0.0448855520343
0.0266956293161
0.0547439267969
0.0426283592479
0.0416799571596
0.0380387461153
0.0391238911157
0.0330304454463
0.0163349729555
0.0156233849391
0.0205627860127
7.0152444767e-05
-0.00937985148674
-0.00802357960678
-0.0203820942672
0.00979010727876
0.0106611579894
-0.0152556435184
-0.0718329163492
-0.0372254389933
-0.0507524929238
-0.0593087416299
-0.0356455986164
-0.0247636999877
-0.0275733994664
0.0085466439263
0.00957090107101
0.0138010336533
-0.00342974866028
-0.0177797954314
-0.00928418275404
-0.0117610330442
-0.00627900822708
-0.0175784406141
-0.026865387275
-0.00696136833078
0.0129293489734
-0.0154102075045
-0.0126589749479
0.0237445155499
0.0138131517136
-0.0147518419123
-0.0168558253317
-0.0149474557288
-0.0519057593265
-0.0429340947614
-0.0418723451512
-0.0518675212992
-0.053880863247
-0.0806352038432
-0.0813937214256
-0.0778104289895
-0.0626308568149
-0.0654599147655
-0.0810716421725
-0.0701797308322
-0.0719654496265
-0.0764403936884
-0.0685073992664
0.0
-0.0270962303974
-0.0499981896715
-0.0470646121916
-0.0517235106324
-0.0627808658019
-0.0619354696804
-0.0465122439271
-0.0558634093143
-0.0486333539773
-0.0487959525382
-0.0708570970908
-0.0547442504328
-0.0363967072291
-0.0367953212546
-0.0262952493653
-0.0278313770304
-0.0323821531356
-0.00742871509008
-0.0227459878365
-0.00400112173267
0.0
-0.0344731186174
-0.046735874244
-0.047971443716
-0.0449772830929
-0.0557739169
-0.0363360551417
-0.0422927399419
-0.0607232606814
-0.0566786358441
-0.0638173131423
-0.0589332671581
-0.0461488361311
-0.0199299422032
-0.0273905838368
0.00937351400641
0.0434126684529
0.00668712578166
0.038305483248
-0.00534318069506
-0.0275050706407
0.0299506365295
0.0109034889677
-0.0363101792008
-0.01461828644
-0.0115690322573
-0.0470288998903
-0.0290065692884
-0.0629277511161
-0.0324187151807
-0.0407747222117
-0.0396012724496
-0.0484050580971
-0.046715492125
-0.0318313192889
-0.0342333077971
-0.0550919032162
-0.043723384813
-0.040109738584
-0.0144675748814
0.0184343278244
0.0304560156134
0.042869431874
0.0212266412345
-0.00999378129503
0.0183488526097
0.0238415455791
0.00691787446625
0.0168981260861
-0.0402381803687
-0.0323762941762
-0.0384851496866
-0.0321678283482
-0.0185091830673
0.00640841350765
-0.0154662353064
-0.00976274087014
0.00217657220607
0.0258405271406
0.0254906244443
-0.00911607209718
-0.0183226405591
0.00337889059136
0.017578825579
0.00316273344599
0.0149484071048
0.01677566906
0.00510526464035
0.00760762925904
0.0174501368198
0.0236887753124
0.0314321216107
0.012483905144
-0.0124481026165
-0.0460478801142
0.0
0.0
-0.0089902918781
-0.0282841340769
-0.0315107680155
-0.0411404404811
-0.0415900606169
-0.0399402582995
-0.0212750270406
-0.0254731199344
-0.0354618832141
-0.0438541230119
-0.0570780117688
-0.0538653654212
-0.0333504362335
-0.0464376400636
-0.052734077997
-0.0409116302649
-0.0665203760204
-0.0474608377736
-0.0390957679096
-0.0485113904124
-0.0400910499465
-0.0410335847344
-0.0436689825417
-0.0339041713309
-0.0380216070843
-0.0242499442227
-0.0456820350427
-0.0431488435166
-0.0361153450419
-0.0450288168647
-0.0597223442056
-0.0455273052815
-0.0451001249944
-0.0323414053352
0.0250970484186
0.0179964677369
0.00665382440526
0.0228956291407
-0.0156473291085
-0.0212793021601
-0.0393200287086
-0.0476559935418
-0.0530828776791
-0.067490625621
-0.066789722602
-0.0515222795321
-0.0543200286097
-0.0545331980792
-0.0602741490731
-0.0669758648029
-0.0696301831059
-0.0688520881404
-0.0618790274633
-0.0812124587195
-0.068686921295
-0.0616792773095
-0.060595809535
-0.0498417795232
-0.0470663349183
-0.0299892529895
-0.0404366228332
-0.021980720698
0.00581325381752
-0.00588519814695
-0.015120294163
-0.00703882646388
0.00285157216782
-0.0332446693472
-0.0331095241091
-0.0318394062707
-0.00721071208064
0.00749166575168
0.0218235731272
-0.0305003454269
0.00173477170703
0.0149464382108
0.06803447121
0.00546332346514
-0.0265769846816
-0.0279945257981
-0.0381566134127
-0.023163752317
-0.0302330048342
-0.0359607206241
-0.0312404171247
-0.0420763877516
-0.0214372417816
-0.0203290420877
-0.0265453874993
-0.02800069128
-0.035994411272
-0.0462724578574
-0.033042193923
0.00160563753325
0.0
0.0491991835862
0.0418031301943
0.0354047885437
0.00845343174842
0.0175623924528
-0.0523564103749
-0.0658665928129
-0.0667740443869
-0.0268683029563
-0.0325147986471
0.0039351325358
-0.0412433452513
0.0197622169884
-0.0520105783053
-0.0557498882205
-0.0349969039809
-0.0691273194809
-0.0602577719916
-0.0537151663999
-0.0371573109179
-0.044440589127
-0.0332028598248
-0.0416005174406
-0.0423807399922
0.00378366313237
0.00422582480342
-0.0138694394996
-0.0553916224175
-0.0686425975856
-0.0415611179551
-0.0585594886614
-0.0429315160621
-0.0421652350856
-0.0586065531061
-0.0611427151424
-0.0546801616753
-0.0478416729893
-0.0305451252946
-0.0365807303633
-0.0366637641942
-0.0146299413777
-0.0358249819198
-0.0152928516751
-0.0408191382094
-0.0461925517435
-0.0437683778759
-0.040778222588
-0.0246937094081
-0.0222825499388
-0.0265341572838
-0.0124717933004
0.0286767166735
-0.0247931186389
-0.0430351179594
0.0118816560282
-0.0211733403092
-0.113361842574
-0.0179900475677
-0.0408281241089
-0.0494196106949
0.030824253657
0.0209566483089
-0.00254265334164
0.00763743308864
0.0
0.00464365672789
-0.0695865612365
0.0027100695491
-0.026592484347
-0.0615541044021
-0.0433455584777
-0.0479421106899
-0.0431358359534
-0.0580931280846
-0.0610897095078
-0.0433627277775
-0.0638861329856
-0.0442933938273
-0.0425093221647
-0.0498397186465
-0.0664318981065
-0.0677513487662
-0.0476502500589
-0.0532276064893
-0.0403565695261
-0.0387747738556
-0.0422629294514
-0.0224695258251
-0.0272136667961
-0.0431615588794
-0.0551995819016
-0.0491902167309
-0.04964048879
-0.0537616583225
-0.05357743378
0.0
-0.0615414388322
-0.0103253381124
-0.0397900702985
-0.0434446602294
-0.0634132938609
-0.0581287003156
-0.0722454261131
-0.0743033339711
-0.0889269490113
-0.0949153621213
-0.0653752381444
-0.0602786187115
-0.08128429218
-0.0926454083471
-0.0653491184933
-0.0843415524653
-0.0494084965335
-0.0677755716088
-0.0675807283999
-0.0633452528504
-0.0542548886583
-0.0452051589949
-0.0288375463364
-0.0344992012643
-0.0530551789286
-0.049047417341
-0.0164646430155
-0.0639731408973
-0.0583205808408
-0.041465258693
0.0
-0.0568331621454
-0.0361004209936
-0.0463995544379
-0.0437728363413
-0.0509678973675
-0.0183445692042
-0.00292195937715
0.0351941005447
0.0250616442637
0.0354481004498
0.00318218067074
-0.0149615634079
0.00540305575939
-0.0300667452391
-0.0100275871331
-0.0107664323479
-0.0493690839895
-0.0397562007884
-0.0449588278406
-0.0219744579881
-0.00483292712799
-0.00969355739622
-0.00934761876222
-0.00126080467101
-0.000909706312792
0.00376131252553
-0.0172957498016
-0.0308905369379
-0.030914863065
-0.00700976555508
0.015572434375
-0.012620967939
-0.0167511819945
-0.0201593633594
-0.00824541022353
-0.0148232146834
-0.0294780073232
-0.0194943293388
0.00332941468762
-0.0638387079968
-0.0463965876589
-0.0326487083612
-0.0212540749658
-0.0368899433814
-0.0348888993289
-0.0344221129984
-0.0286137214907
-0.0035444189548
-0.0233613871078
-0.00431621025445
-0.0291872489557
-0.0278242373994
-0.00100915301935
0.0308745210145
0.0436989880158
0.0877380996456
0.0258485214476
-0.026005509144
-0.0523840704617
-0.0633163452973
-0.0487998926904
-0.0450335238817
-0.0466621653038
-0.0614680937084
0.0
-0.039216724118
-0.0226500446364
-0.0151774308063
-0.00641327440935
-0.00138802200274
-0.0121054707172
-0.020164643236
-0.0255159846048
-0.013654170544
-0.0205985014319
-0.0242693618556
-0.0428288269531
-0.0207656553595
0.0103228530017
-0.00323482077245
-0.00743710892061
-0.00305052011162
-0.00906150549796
0.0113697815077
0.0167115291511
0.0157965169453
0.0208040816365
-0.00104386265548
0.0193419659246
-0.0140795858524
-0.0478760879544
-0.0337432205996
0.0251823077069
0.0346383126946
0.0420979250954
0.0368193999766
0.0222834409209
0.0278864508314
0.051422937804
0.0601664541277
0.0211427408228
0.0607298462848
0.0472907544861
0.0371784241575
0.089769369064
0.102274776206
0.0328075515273
0.0222490844947
0.0258682675587
0.123798510656
0.0546740107152
0.0576039145915
0.15982161513
0.0
0.0
0.120696536002
0.0483567267542
0.0570343755206
0.112819177069
0.134673554341
0.0674809554987
0.0443514648827
0.0294108803666
0.0
-0.005187122575
-0.00947097872654
-0.0113950087914
-0.0204530623558
-0.0335145118114
-0.0312459632541
-0.0210397914053
-0.0393169371387
-0.0309037400931
-0.0278318978333
-0.042326567603
-0.0414658780395
-0.0469029449383
0.00297742439539
0.00298155523406
0.0222323901306
-0.022898747346
-0.0500681734006
-0.029770841968
-0.0219262389763
-0.0323203667905
-0.0177763299037
-0.0334412811292
-0.045059754913
-0.0202185298704
0.0491922615151
0.0257220315682
0.041464617386
0.0489760572985
0.0559709632182
0.0400591734298
0.0168845494762
-0.013404460348
0.0125411658017
0.0257340354024
0.0476757239762
0.0
0.0146363911335
-0.0296385210903
-0.0429803129123
-0.0536402778699
-0.0468719760329
-0.0623116451903
-0.0621763106495
-0.0558204912171
-0.0900449779494
-0.085778968718
-0.0714334295938
-0.0616092014728
-0.0382687731819
-0.0267072244707
-0.000323468178904
0.00622222652055
-0.0104385003928
-0.0270430773159
-0.0288658716289
-0.0342897656824
-0.0186910962829
-0.0288220372424
-0.0289881539285
-0.0423122453644
-0.00296956469582
-0.0268326417573
-0.0351928877335
-0.0333261985164
-0.0369783686645
-0.028748424935
-0.027815310217
-0.0287771921472
-0.0066317265761
-0.0345962094636
-0.0305776508256
-0.0264870385057
-0.0603409648059
-0.0539864721644
-0.0621610444126
-0.049915753098
-0.0325355238443
-0.0349893509733
-0.0393380907958
-0.0474132139014
-0.0428040621335
-0.040395024577
-0.0249549938301
-0.0305784227023
-0.0401406196794
-0.0712657398476
-0.0440554161227
-0.0308862429602
-0.0726394805716
-0.0747909831787
-0.0466379940468
-0.0446168618177
-0.0538996595827
-0.0660822346539
-0.0562939712156
-0.0369376895337
-0.0278750009504
-0.0204200380134
-0.0284722284581
-0.0467969567605
-0.0427285917863
-0.0360505118319
-0.0430786286143
-0.0460133053096
-0.0368062433055
-0.0474413846398
-0.0427805899058
-0.0762307545135
-0.0666303423918
-0.0561057560786
-0.0475866540528
-0.0728012132518
-0.052616615469
-0.0388966813496
-0.0484167695098
-0.0412671555644
-0.0543264556161
-0.0442250038098
-0.0418812531566
-0.0293953087495
-0.0390585902622
-0.0513431187793
-0.0473537919163
-0.0545460239054
-0.0431564570282
-0.0484217529293
-0.050386289774
-0.0517140554756
-0.0475316026301
-0.0267670582571
-0.0393237723706
0.0
0.0
-0.0182492738898
-0.0330266608559
-0.0522242003395
-0.0508417026757
-0.0554665208734
-0.0771458521834
-0.0576999089663
-0.0444838381873
-0.045745283666
-0.04947448819
-0.0528855416458
-0.0750332067126
-0.0463706769694
-0.0561252026046
-0.0571470569027
-0.062551987333
-0.0603414335775
0.00603746763932
-0.0102954579102
-0.0355088544578
-0.0222918215223
-0.00699837367849
0.0
0.0654967244286
-0.00459509352013
-0.0309037468102
-0.0196904941044
-0.0547477641789
-0.0334670697052
0.0
-0.0123549389977
-0.0871933436491
-0.0412400181771
-0.0721495814932
-0.0812436771393
-0.0269912226535
-0.0787655075949
-0.0409121459548
-0.0335611161629
-0.0279552951115
-0.0191155060177
-0.014314431944
-0.0323242822909
-0.0480427144495
0.00877447022866
0.0236723732729
-0.0536862173744
-0.0263763575263
0.0080177809007
-0.0482874058832
-0.0953335298658
-0.0823702243223
-0.0408796563489
-0.0278195039776
-0.0801229687776
-0.0364550577146
-0.0267528165164
-0.030406944567
-0.0527301739733
-0.0532089452972
-0.0528801282299
-0.0719249405703
-0.0574344411431
-0.0616393090547
-0.0803116786327
-0.0658219188741
-0.0503915810659
-0.070935084355
-0.0370508847449
-0.0432962526475
-0.0597894274886
-0.00361391262092
-0.0182253499331
-0.0525738578201
-0.0256635106814
-0.0487374402976
0.0316744268997
-0.070248824054
-0.0538668494867
-0.0445487804693
-0.0382287215515
-0.044208851646
-0.0466676204125
-0.0389358482305
-0.0349377344273
-0.018059545462
-0.0345533892682
-0.0287836503825
-0.0313942886844
-0.0261848610699
-0.0328157301466
-0.0305490425979
-0.0169598145601
0.0
0.0
-0.0494192674739
-0.0437771153713
-0.0482690642747
-0.050967566104
-0.0436094489277
-0.0480002299599
-0.0445152848781
-0.0333612416372
-0.0419612305221
-0.0403325360729
-0.0442149989592
-0.0772164979412
-0.0598974786844
-0.0401156522908
-0.0474844914175
-0.0684831610706
-0.0664539367186
-0.0624457471088
-0.0655913297107
-0.0494454136241
-0.0437342288791
-0.0367925235502
-0.0238654801113
-0.045748355057
-0.0425639865071
-0.0705703414368
-0.0553209391951
-0.0588410081006
-0.0553429575222
-0.0603815054365
-0.0599692053986
-0.0315535000625
-0.0413672027244
-0.0276779107236
-0.0499180659901
-0.0400283656778
-0.0297674122056
-0.0469428724746
-0.0268589335215
-0.0331536738738
-0.0300878900416
-0.0228215771025
-0.041742806486
-0.0377274897737
-0.0277898675809
-0.0174005599967
-0.0184494727519
-0.045751884137
-0.04082267533
-0.0353165001967
-0.0456533623538
-0.0401045878343
-0.052682612907
-0.0538208846587
-0.0379897240241
-0.0284834267807
-0.0202145590156
-0.00872254126739
-0.0232465144622
-0.0177835143061
-0.0283740368501
-0.0413890546171
-0.0138610658472
-0.039208124378
-0.0188112849108
-0.023352608464
-0.012686413515
-0.0108914808006
-0.0178994516545
-0.0174675123116
0.0011623832471
-0.00256857497567
0.008589086555
-0.0165043062564
-0.0154716595049
-0.00619882116188
-0.00663975781693
-0.0192894323208
-0.034126284625
-0.039560385778
-0.0347359108156
-0.0234471337958
-0.0312048601561
-0.0250939972575
-0.0340175895433
-0.0273960477331
0.0
-0.0408285142961
-0.0414253022673
-0.0389336796568
-0.0407787990932
-0.0392835253467
-0.0143407407887
-0.0221336754535
-0.00923735506608
0.0
-0.0495661499059
-0.0519425104351
-0.0139208110547
-0.00905994616812
-0.0190488978521
-0.0251794636651
-0.0184991944906
-0.0359861655736
-0.0437977478346
-0.0540474468723
-0.0386376325965
0.00855567883866
-0.0120761434849
-0.0193189322446
0.00936031779436
0.0197028027098
-0.00284236994249
0.0253530011859
0.0242863035561
0.0276619690942
0.0219575920133
0.0105618520898
0.00690253753371
0.0395846056529
0.0
0.0195569094143
-0.00612403236793
-0.0362172556564
-0.0333122899065
0.0017977913902
0.00232183123981
-0.0123499338663
-0.0354777962635
-0.0334037732979
-0.0409619432061
-0.0341225004481
-0.00886860798692
-0.00986306764695
-0.00108028257955
-0.00817312782933
-0.0104510318048
0.00238586863473
0.0126337542084
0.00953353287106
0.0288425544681
0.0323305544225
0.04137004068
0.0775215528208
0.0328963734952
0.0612875179041
0.0578396465966
0.0366134965387
0.0
0.0277750749448
0.0130731538715
0.0220410423242
0.0128453705142
-0.00619806567814
-0.0101291028573
0.0181696329838
0.00571736606195
0.0416345751414
0.02099230951
0.0349218732592
0.0184908249145
0.00469476373327
-0.011570192516
0.0027777732265
0.00580092622879
-0.0109498048245
-0.0235384840393
-0.0134428580051
-0.0412898546458
-0.0493006930882
-0.0848862750869
-0.0666957111408
-0.0613667007325
-0.0660788837965
-0.0595892284507
-0.0168822185161
-0.0406926833739
0.001774394219
0.0163385687247
0.0102339901269
0.0153170029323
0.0445681641593
0.0376373246082
0.0136442938177
0.0133588849938
0.00207039205309
0.00670780855572
0.0158535063271
0.00852177065288
0.00029032821074
-0.00296979614872
0.0
0.0362676382984
0.0411841379285
-0.0145868242033
-0.0140009190449
-0.0128969797935
-0.00494869895421
0.0174863149434
0.0385812629156
0.00211519978616
0.00411885221314
-0.00889522958585
-0.0301716497049
-0.022951143568
-0.0120712041138
-0.0111013195237
-0.00804294023227
0.00550585188031
-0.0104334742942
-0.0107439463696
-0.00652787322492
0.00107138543103
0.0602866847855
0.029240441177
0.0318514197
0.0240425054934
-0.00169258002433
-0.00184005930965
-0.0212063704808
0.0367150568507
-0.00703527474752
0.00448573281348
0.014196140797
0.00559377363783
0.0147748490104
0.0139514696466
0.00670103878212
0.0145248885115
0.0219114179547
0.00987005597847
0.0275150822966
0.00276719845338
-0.00596874987134
-0.00837606606737
-0.00646981034195
-0.00394720494142
-0.0327034476312
-0.0225838201543
-0.0651735727685
-0.0671745775127
-0.0495723194292
-0.0763809149685
-0.042143458935
-0.0421872168446
-0.0451563610928
-0.0251669910506
-0.0230604446291
-0.03293447564
-0.0241299292858
-0.00495799634864
0.00732358583976
0.00680259820443
0.00632610277176
-0.0121783318953
-0.0233700334478
-0.00686316835784
-0.00431953078831
-0.00338945843091
-0.0268110997617
-0.0523926567237
-0.041093524416
-0.0229387840839
-0.0241600803454
-0.0164614429444
-0.0202080778036
-0.0183373515007
-0.0281146192697
-0.0400208340942
-0.0243057347082
-0.0265615586448
-0.00627098848009
-6.88269704174e-05
-0.0125040093891
-0.020342899912
-0.0660916610153
-0.0650286226608
-0.0468733085756
-0.0430593598556
-0.0383412111562
-0.0391677903542
-0.0129668678422
-0.0131965884051
-0.00944831736398
-0.0178394572289
-0.0202928029214
-0.0296505735454
0.0
-3.37390869595e-05
-0.0297313648737
-0.045013323518
-0.0175315154802
-0.0485400299979
-0.0154980271288
-0.0139567494028
-0.0119395013086
-0.0499904591718
-0.0404136592836
-0.026639392586
-0.0291236112685
-0.0114271313675
0.0137665537515
0.00788452751493
0.0526053011509
0.0169377378283
0.000132563153856
0.00758288995274
0.00835882621831
0.00572686005462
-0.00525501662102
-0.0131872913834
-0.0737029762637
-0.0681739644737
-0.0515475135986
-0.0600427608131
-0.0432029417846
-0.0322776492093
-0.0601891744076
-0.0765538528889
-0.0526707650552
-0.0550002825773
-0.0367543074697
-0.0791008946006
-0.0388076285591
-0.0414147194655
-0.0540783731385
-0.0358277098704
-0.0259431019216
-0.0248030194912
-0.0419273346051
-0.0213566790877
-0.00382364613993
-0.0108290365705
0.00132232004084
-0.00301307067624
-0.0332476761244
-0.0353779070363
-0.0273597194802
-0.0211028445255
-0.0415315061802
-0.0133820643786
-0.0156310253959
-0.0137427564744
-0.0125361072796
-0.0539927156601
-0.0376070681417
-0.0566591044493
-0.0134124480276
-0.0406274102694
-0.0268909497898
-0.0337656444651
-0.0296982471363
0.0192664304238
-0.0361720719279
-0.0304399946785
-0.0306246783927
-0.0258538870009
-0.0215436216506
-0.0159835377026
-0.0661195716581
-0.0560575818481
-0.0540593725959
-0.0505838343604
-0.040012801036
-0.0422567435045
-0.0552021063114
-0.0479042038339
-0.0382194702994
-0.0436910330791
-0.0479012292503
-0.0412936178643
-0.0417889834449
-0.0293401743973
-0.0127840966446
-0.0217169428549
-0.0155400457093
0.000483225783122
0.000688386735829
-0.0192358972104
-0.0088613811675
-0.00162400384313
-0.00604384483637
-0.00695407647966
0.0
-0.0558228070854
-0.0401752104361
0.00947637610343
0.00133828473592
-0.00633799561903
-0.00360308911519
-0.034220038214
-0.0240525167486
-0.0165160931954
-0.0145052866048
-0.0133012701424
-0.0143673078717
-0.0278341252387
-0.0183210292398
-0.0227766052157
-0.0185057102808
-0.0214105971991
-0.0163340612611
-0.0114064686374
-0.0101569106308
0.000723358027947
0.00640519517599
0.00971696865005
-0.0345253186002
-0.00868709806864
-0.0203444239779
-0.0438852797361
-0.0453561318925
-0.0336023903905
-0.0332976111958
-0.013701870437
-0.0226014049332
-0.00506109973
0.00262867435699
-0.00675917323752
0.00218489315634
-0.0219905757799
-0.00989302840236
-0.00577628847137
-0.00794812424439
0.0058178106409
-0.0184397243444
-0.0166522310891
-0.01386310266
-0.01561623093
-0.011856447026
-0.0139109980289
-0.0615513774482
-0.0803771652592
-0.0421388834531
-0.0488308308196
-0.0747544869513
-0.0538181836539
-0.0334956011128
-0.0109705795002
-0.0172140292333
-0.0196110584905
-0.0234196330632
0.00490172207829
0.017911899001
0.0150833187559
0.00853483380746
0.0159546635531
0.0025525662432
0.0281689242165
0.0359960373446
0.0138393914797
0.0157586153049
0.0124750741615
0.0270510859069
0.0267979614147
-0.00330301355609
0.00122541449843
0.0311147474149
-0.0133404770167
0.00296217609602
-0.0325087218124
-0.0201874279549
-0.0407578406831
-0.0215451896924
-0.0402424529432
-0.0414526490401
-0.0252702637678
-0.0280299317311
-0.0318791793812
-0.040136025517
-0.0608149381205
-0.0696290653594
-0.0630071833324
-0.0423896657824
-0.0255225942115
-6.48620098119e-05
-0.0230828393853
-0.0169360500987
-0.0143399729073
0.0
-0.0657215170502
-0.0531064333092
-0.0299861331123
-0.0169248239569
0.0300798469774
0.0426559366661
-0.0207995010731
-0.0495130565412
-0.0375061887174
-0.0386446764079
-0.00632450865392
-0.0294662679699
-0.0301360447421
-0.0389825904217
-0.0241216934234
-0.0310111617786
0.00416971606277
-0.00707277773572
0.000356773408027
-0.0307799672949
-0.057368020103
0.000958538680213
0.00771116676352
0.0148591232739
0.0117854528073
0.000945472797186
-0.00167109128192
-0.00119081374444
0.00721091021648
-0.0048833897521
-0.00887703321564
0.00488726177462
0.00214850247632
0.0132494159104
0.0246184479504
-0.019544612982
-0.0195817842058
-0.0194229379445
-0.042024021065
-0.0701409588367
-0.0450628469033
-0.0262036670454
0.0554108449402
0.113625690432
0.103586482939
0.129762645175
0.103498243263
0.103796288151
0.084789429498
0.0788009901499
0.0793837931067
0.0667506312727
0.0418424369234
0.0158984707891
0.019690205345
0.0154448749536
-0.00469693599421
0.0387794011022
0.0525293305353
0.0455123522326
0.088148461876
0.097800226851
0.115418188171
0.0830246224965
0.0553947989171
0.0336799277435
0.0290316662782
0.0500969112811
0.0436871724285
0.0426266984611
0.0452980789871
0.0432748200309
0.103900479801
0.088184541936
0.0554307615621
0.0551801830373
0.0405224504116
0.00652707681887
0.00854760747429
0.0232029933006
0.0209937611986
0.0271678162921
0.020031342274
0.0270060021531
0.0018613038505
-0.0148204283565
0.0270797248702
0.00798947884123
0.0276643238202
0.0357821268405
0.101443491868
0.0935204106634
0.0
0.0761609672217
0.0649788939949
0.0
0.0
0.0232723682007
0.0383157357927
0.04562987761
0.0816032986777
0.079168484924
0.0954806480849
0.102803975355
0.0744898891029
0.0771627936092
0.0514185431264
0.0468844817679
0.0450803711094
-0.00465610993245
-0.00819251379245
-0.0117569061572
0.0
-0.0136282581451
-0.00537880325494
-0.0247377699838
-0.0402547966072
-0.0261243029545
-0.0489914757158
-0.0202613472136
0.0637924925123
0.0745752861113
0.0409472791903
0.0268519658696
0.0708397255689
0.0619844642428
0.0946574022053
0.0263858134317
0.0158477367627
0.0157457209369
0.0287221583163
0.0384165497708
0.0407722973012
0.034664906463
0.0383720807734
0.0663636625357
0.0750362174685
0.102207084423
0.0657881781034
0.0359211870567
0.0347982199562
0.0595206634585
0.0430927572617
-0.00542260554532
0.0511593048082
0.00897653293624
-0.00216775129539
-0.0343240666103
-0.0453341143618
-0.0240679844409
-0.0294294119332
-0.00727598723247
-0.00652568690845
0.0634567801278
0.0371222343381
0.0443342916896
0.0354276385774
0.0355072247241
0.0242097276909
-0.00659169479772
0.00195152106285
-0.00368830722603
0.0950461045614
0.0796827623203
0.0130767867962
0.069768754875
0.0505518458096
0.027865363594
0.0467419977219
0.0977080521576
0.0916214021661
0.0999509350277
0.0650897202565
0.064629691279
0.0767791059953
0.0483493968398
0.0435386046315
0.05355366164
0.0668245881971
0.0172856977182
0.0
0.0560234300565
0.049562024683
0.0411367361275
0.0638823889091
0.0760604410816
0.0999523620958
0.0806933131198
0.0509230433316
0.0509420268693
0.0757743128782
0.0
0.0427253209225
0.0472798114311
0.080338273749
0.0
0.0
0.0821926267631
0.0976001273657
0.0951301649913
0.109573423214
0.0965871612947
0.0693272536334
0.0661747579361
0.0834204733534
0.0834367961814
0.0455951393778
0.0530317082769
0.0761728127106
0.0626199725849
0.0798172402344
0.127327596754
0.127391855045
0.128868219269
0.105541927982
0.0731610424142
0.0508795234006
0.053664605867
0.0855614942014
0.0859437501331
0.120138955855
0.0730012073993
0.103247682513
0.0541507722919
0.0463314286216
0.0623050173999
0.0525251420109
0.0244482093943
0.0441629148228
0.0274253138782
0.0124018341542
0.0379485514695
0.0310672035402
0.0462655124661
0.0515870137579
0.0291321082095
0.0360992781122
0.0466444068462
0.0418538979406
0.042046795603
0.0414970845394
0.0578767961052
0.0752236629115
0.119825597753
0.135914752722
0.148008879771
0.137734075092
0.120954302592
0.11986632134
0.154926595787
0.115307742593
0.111492946703
0.104268944021
0.0756513783614
0.0850887308927
0.112668819666
0.126764805833
0.110915624647
0.1361524564
0.105314599348
0.0818466746516
0.0843641274931
0.116575578889
0.0919016128649
0.0787524187427
0.0815690426607
0.0963953488011
0.102676922273
0.123351610206
0.119525425885
0.0962185477178
0.109232966326
0.102418252875
0.13176702071
0.103593691182
0.0583048781897
0.0609206071457
0.0600610302429
0.0771369970422
0.108754247302
0.125956202239
0.115069314408
0.114738370457
0.125887251144
0.109432679434
0.0954306043086
0.113948151167
0.0
0.0773007900288
0.0368372580647
0.118250918655
0.113191846664
0.0702851790709
0.0310061163897
0.0402969861996
0.026910435313
0.0361630198401
0.0380392284177
0.0198722246752
0.0599207393208
0.0534897649865
0.0812481140291
0.0929404255314
0.13538099543
0.157653909433
0.232820823091
0.178389793389
0.156745720976
0.157224672103
0.136631328313
0.123227286681
0.109179309864
0.123880689165
0.149277387834
0.148033622732
0.159503762022
0.144357354444
0.106765412106
0.128125475071
0.109641832193
0.0886355897316
0.0885939255337
0.0962579197105
0.101601972283
0.099462026406
0.0814680361233
0.103954708033
0.0917343840361
0.0923358252528
0.0922594321854
0.0904803474559
0.12693692435
0.131501126368
0.104811170065
0.106256055735
0.155944033082
0.154531614254
0.0897818411218
0.0962246622218
0.141159348013
0.224121766929
0.163405422268
0.154856962635
0.111730807018
0.0502572625909
0.0745791092518
0.0627024063125
0.0538942618801
0.041668384667
0.0436077246089
0.0535244863862
0.0511597464068
0.0150134101999
0.0242057962367
0.0439784715183
0.0134508799608
0.0348175466596
0.0671364609931
0.0908814643145
0.054437951385
0.093864422011
0.110432246569
0.115295529762
0.102951980909
0.0936802002266
0.0734692482376
0.10491066022
0.076996161844
0.0914889046008
0.0813013923758
0.0962555950971
0.0923751284149
0.0886255572528
0.0781020202844
0.0983829896848
0.0999263739001
0.103783449908
0.11244868441
0.104811305801
0.0944886478507
0.0933559222493
0.0956661962639
0.087052033753
0.0
0.0
0.0598748745624
0.0864520429715
0.0432028377172
0.0595522201117
0.0471523092511
0.029764978763
0.0326868041633
0.046121070466
0.0630814953273
0.0543210391382
0.0459075389085
0.0748308222436
0.0742297450998
0.0480284205779
0.0764291427751
0.0685615281311
0.0613418874362
0.029150549567
0.024687462314
0.015226473021
0.0175595516199
0.0479964987335
0.0386505412473
0.0288167238707
0.076715072084
0.0923195099544
0.0994823759462
0.0778592498821
0.0593465411509
0.0566520763588
0.0540525392909
0.0495726949735
0.0620898358033
0.0699147697479
0.0128079511012
0.0361796029155
0.0505078075537
0.11050672875
0.087511238039
0.057238536519
0.0797003426341
0.0611056538099
0.0552230825703
0.0472911216669
0.0676419284983
0.0560434440829
0.0507266946754
0.0606004774019
0.0583291133757
0.063453068691
0.0576964452962
0.0495070178218
0.00927409669591
0.0268203770015
0.0208059516387
0.0243059540198
0.0275482475959
0.0314322653058
0.0209054186294
0.0207438800137
0.00483876063732
0.0277010651258
0.0358105597353
0.0284984565893
0.0182375111275
0.0257115243629
0.0270732183396
0.0278774036182
0.0257574446117
0.0239501887774
0.0346559596958
0.0211588335966
0.0332550118575
0.0303130959415
0.0463516233572
0.0473264676904
0.0285126646435
0.0210014944149
0.053127119563
0.0452958716214
0.0299665558642
0.0241528546059
0.0224980125481
0.0255555920066
0.0242703503516
0.0271693863693
0.0474284693454
0.0428294015237
0.0450266044044
0.0593178448312
0.0514924918803
0.0411032506168
0.0435844154487
0.0355163543026
0.0
0.0503371962715
0.0483556740536
0.0375315526285
0.0476639554736
0.0340164845925
0.0255374152249
0.0550863927837
0.0550374668449
0.045805835019
0.0362723679848
0.0441708903091
0.0615076981315
0.0572969868235
0.0520378029664
0.0391934838608
0.0515952256961
0.0419246278109
0.0402749899127
0.0382145701824
0.0453831318081
0.0444573191581
0.0522152201239
0.0601040725615
0.0517574534106
0.0660258996029
0.02115406622
0.0332515991934
0.0223844859297
0.0305492673631
0.00613637696071
0.0233894470846
0.0103841032345
0.00345298810776
6.67163964463e-05
-0.00788522766212
0.0414195025044
0.00084505892725
-0.0125949664385
0.0164967946868
0.0269104019191
0.0299609171749
0.0530782654542
0.0616056692639
0.0297417591233
0.0551809288997
0.0306915216943
0.0121134780374
0.0248690557382
0.0325088272343
0.016804513057
-0.00301321729888
-0.00716790599482
-0.00552886951151
0.010524681018
0.0147369051413
0.0276175158756
0.0366425890145
0.0287707220053
0.0352851885386
0.0290928416473
0.0299142041438
0.0164714227882
0.0214130401965
0.0191839743208
0.0196048852734
0.0262381033626
0.0276008175058
0.0392920609996
0.0311757950721
0.0272278770128
0.0724409312081
0.0717795444398
0.0851925613967
0.0473667067763
0.0550557983079
0.0662636411996
0.0552935174267
0.0885357470764
0.0856370811872
0.0921010065778
0.0950596369894
0.109339688465
0.0911757746033
0.0942972188608
0.119359198616
0.124411190287
0.131540542515
0.12671275947
0.135358068787
0.130153912995
0.108031085291
0.120399123815
0.106635562968
0.0995662682608
0.11917674586
0.0
0.0955449049187
0.0852401855816
0.0737146502878
0.0473968893528
0.0657868927103
0.083550142705
0.094720604854
0.10256467295
0.0976827131627
0.0899606736108
0.0933589568327
0.10368141069
0.0833858522648
0.0952412995217
0.0900808036142
0.102130980024
0.1075845155
0.0954253882948
0.0904065011039
0.110976426183
0.114375319773
0.107194162339
0.12089597089
0.0998341775391
0.100500490204
0.103420761228
0.0775357894577
0.119475267579
0.0981749081105
-0.0342151590624
-0.0768246458319
-0.0773279331927
-0.0658046416073
-0.086683911454
-0.0659815247532
-0.0693736887762
-0.0748641314625
-0.0869808990485
-0.0812634081429
-0.0915118102646
-0.107990291226
-0.0991409660411
-0.0747018674901
-0.0696484879835
-0.0699545102562
-0.0820529091312
-0.0714427163465
-0.0721339289746
-0.0889219144723
-0.0646366878498
-0.0930763330559
-0.0794056189411
-0.0643796719606
-0.0621522842286
-0.063960500383
-0.0322062175778
-0.0209379667391
-0.0339064864988
-0.0259556459503
-0.0270320755408
-0.0450916087759
-0.04621326431
-0.0434487730124
-0.0329715981763
-0.02313440654
-0.0691815556346
-0.0698548328862
-0.0471293500087
0.0209418734473
-0.0274835003398
-0.0923078688625
-0.0876517300192
-0.091611609627
-0.0646501355351
-0.0801438575562
-0.0886602162907
-0.0749483503044
-0.0864669074827
-0.0845631394264
-0.0579197516204
-0.0266888077285
-0.0513023302553
-0.045492663901
-0.0257476182782
-0.0352901646291
-0.0671824067174
-0.0472113364111
-0.048867814377
-0.0582254440604
-0.0495191933395
0.0168950603191
-0.0212138151325
-0.0121382715215
-0.00613175286985
-0.0278227996172
0.0
0.0242924711413
-0.00775381658631
-0.0413467205399
-0.0602271388206
-0.0493219100353
-0.0247588536629
-0.0363917574246
-0.0470913550305
-0.0702406586836
-0.0676354136505
-0.0980626437252
-0.0971007864098
-0.0967641728894
-0.100312720672
-0.114726131279
-0.118781001389
-0.132420533424
-0.106594810262
-0.10222724462
-0.102405958906
-0.0860141510172
-0.0904700308264
-0.104853394163
-0.110105121967
-0.0756795596338
-0.0489821177964
-0.050939726983
-0.0215209356487
-0.0476467112602
-0.053611164225
-0.0432297382809
-0.0162137002818
0.0121749723071
-0.00687372845101
-0.00518882150867
-0.00260413651737
-0.041195571094
-0.0501801664885
-0.0463688522462
-0.0651732294529
-0.0589038322129
-0.0396872062918
-0.0346435175098
-0.0169574376986
-0.0342275250981
-0.0404341220708
-0.0516803125109
-0.0979645787339
-0.0759284555705
-0.0668822364787
-0.0275429512838
-0.0415212822547
-0.0788420135865
-0.0821825361856
-0.0596526679322
-0.0789955973823
-0.0531928628408
-0.0747629019715
-0.0795624219629
-0.0545644837499
-0.0683957549675
-0.102482693491
-0.0910049393829
-0.0949989832542
-0.0861926539156
-0.0911131297385
-0.0590903810092
-0.0569973818494
-0.0297614962826
-0.00928828262269
0.0266431435558
-0.0243910710226
-0.0381281829541
-0.0219757387433
-0.0411274081501
-0.0332786719508
-0.0465540075868
-0.0359120211664
-0.0540592240173
-0.0362569892783
-0.042905473804
-0.0569908647077
-0.0331036248113
-0.0960610481004
-0.0438912788689
-0.0440682341387
-0.0621031559336
-0.0693778707382
-0.0875709904275
-0.0878304304828
-0.0807659102492
-0.099149414252
-0.0835635944662
-0.0758277698434
-0.0489366233547
0.0
-0.117019810265
-0.063637606691
-0.0837439801634
-0.0816710542009
-0.105249784514
-0.10819965583
-0.0758892620674
-0.0556725082935
-0.0304585029994
0.011608649237
-0.00248288997468
-0.0239245061865
-0.0163407247905
-0.0228575859892
-0.018145579322
-0.0426224378157
-0.0676548218254
-0.0537811511147
-0.0617588390863
-0.0372907724284
-0.0340406105212
-0.0121978999348
-0.0340491477874
-0.042280446277
-0.0363723842372
-0.0336218483662
-0.0371849420467
-0.0653926321329
-0.0548165024738
-0.05836622684
-0.0734302805101
-0.0821922603261
-0.079496693242
-0.0921499504193
-0.0759949496552
-0.108701908227
-0.083091072632
-0.0501844990467
-0.0489813222974
-0.0716369716898
-0.0826864669745
-0.0717787627139
-0.0507868304354
0.0153370563344
0.0483256626988
0.0722580386169
0.0281091671321
-0.026703959646
0.0163100052744
-0.0280554994353
-0.0374246692461
-0.0546235433346
-0.0324530918598
0.0115843891773
0.0243964481942
0.0398713528196
-0.000770474744994
0.0191892162602
0.0251305051571
-0.0561158305589
0.0186520311164
0.00511958288618
-0.00465788111087
-0.0345719250389
-0.0696318285537
-0.0891202042047
-0.0690102816912
-0.0547469855383
-0.0764155088502
-0.095935738551
-0.0932145732969
-0.10255541091
-0.0565637670622
-0.0328281559438
0.0223468965246
0.0297156491763
0.0620603299508
0.031824154261
-0.0285188304419
-0.0431873771785
-0.0687193817029
-0.0673021099908
-0.0440011054591
-0.0600823615192
-0.00755702666163
0.0144568702273
0.00827865599083
0.0185462898869
0.053858373224
0.0819075135618
0.072037635044
0.111411128556
0.0360299381823
0.0188108401384
0.0493219211916
0.0
0.0538675108858
0.0241526409394
0.0473043258618
0.0688616001992
0.0686839076558
0.0233938635611
-0.0277926235842
-0.0435930278489
-0.023775848944
-0.0296705687241
-0.034146423526
-0.0113486881725
0.0231108218852
0.00181673515724
-0.0453396214963
-0.0405898836176
-0.04237933282
-0.0693898740988
-0.0260554566246
0.000400197306151
-0.00838089014339
-0.0191344138462
0.00810682467788
-0.0166338209522
0.0305366106336
0.0569973977076
0.0567836120537
0.0645435525548
0.0850680957399
0.104377476414
0.0591938644231
0.113099992182
0.146435228409
0.166125653815
0.128375205128
0.00913774256928
0.0505882558623
0.0718574531179
0.0689059086855
0.0833319382386
0.0
0.0660492359393
-0.0174033194778
-0.0388972165031
-0.0620781345864
-0.0530372432498
-0.0884361958705
-0.113196376764
-0.0880164486046
-0.10135120786
-0.105441011511
-0.0943047729667
-0.0953227621363
-0.0859767050216
-0.0740283528329
-0.0466952434751
-0.0368631134698
-0.0425719018986
-0.0175514714141
-0.0709773650853
-0.0265685443269
-0.0571859591757
-0.0726333963494
-0.071684205314
-0.0670566560105
-0.0428135581873
-0.0309226864463
-0.0295175749471
0.000407046118678
0.038122969188
-0.00502081811396
-0.0697351137078
-0.0483370597594
-0.0377423254874
-0.0410710331972
-0.0725955834789
-0.0793651709127
-0.0601013413836
-0.0424211883234
-0.0197444343094
-0.0774710193434
0.0
0.0
-0.091208408699
-0.0645118559038
-0.054710507994
-0.068164690343
-0.0262985699594
-0.0171400624916
-0.0322160486805
-0.0525028580196
-0.0575056655388
0.0
0.0
0.0
0.0
-0.0146227662284
0.0227095788699
0.0258643206089
0.0879760710677
0.115057814684
0.100409220492
0.0486247418402
0.093979607181
0.0448198497381
0.0137199394519
0.0316111341413
-0.00226096601175
0.0320181110726
0.0391604460455
0.013340552987
-0.00255501305946
-0.00171609360344
0.00109366168428
0.00174123639264
0.0120044264363
0.0199849598928
-0.00752826667057
0.0173489771811
0.0225080718125
0.0499127543554
-0.00652820036436
0.00494336337704
0.0420796006186
0.0
0.0
0.0899405744705
-0.00290083276332
-0.0272178953422
-0.049555776782
-0.0594293081797
-0.0975132880538
-0.0968864031868
-0.0976337568892
-0.082922693733
-0.0624053293672
-0.0440594123769
-0.0456076498899
-0.0417892999024
-0.0265133161733
-0.0346019481366
-0.0284136472992
-0.0346344567932
-0.0808240134041
0.00143443272296
-0.00588269496649
-0.0149007007263
0.0138348831363
-0.00862077151223
-0.0075100202717
0.0325918354173
0.00907120986563
0.00888584105984
0.0259310929819
0.0226692337261
-0.076363677487
-0.0631451070702
-0.0677128703884
-0.0610078925633
-0.0741098599088
-0.0845750257205
-0.0678620782811
-0.0378626503551
-0.0481491697688
-0.0352687492725
-0.0509606867757
-0.0142105313919
-0.0737973839819
0.00828847839184
0.0211392355566
0.0133118456553
-0.00562001559721
0.0162064530262
0.0245337821529
0.0270305885196
0.0128778888711
0.0258863949489
0.00943230034633
0.0173231578092
0.067987345203
0.00296508268499
0.00615988320513
0.0202452683035
0.0085093389488
0.0414206097592
0.0217989872689
-0.00724599336748
-0.0226919730209
-0.0454123878433
0.0
0.0
0.0
-0.000712173587114
0.0338184848377
0.0105503779432
-0.00273974981434
-0.00299803281028
-0.00154539955106
-0.0158806134042
0.00127541663825
-0.00286541349498
-0.0290372183579
-0.0147794141819
-0.0298523074478
0.0233964987093
-0.00227104267006
-0.021492778019
-0.0192557787742
-0.00566138011454
0.0142309371283
0.0286391140552
-0.00256106577707
-0.010298650539
-0.0281900433362
-0.0180283814636
0.0364572164569
0.0455146781652
0.0157045881529
0.00355914886251
0.0177336921291
0.0353465344822
0.0117508029659
-0.0351537639589
-0.0393873854357
-0.0184999346867
-0.0116887718159
0.0211967890923
-0.0552963967113
0.0976101357539
0.109052156029
0.0761335404529
0.0377917219715
-0.00375602814931
-0.0192121987658
0.00215692538528
0.0120002516265
0.00409272057234
-0.0127008779387
0.00357867727916
-0.0396774878929
-0.0143418062617
-0.00837238790618
0.0770288138674
0.0660597563378
0.0508711897324
0.042239152645
0.0503569805225
0.0192824264297
0.0399239196194
0.0816740028749
0.0948991236823
0.0646509268481
0.0890019622572
0.119880725958
0.169811739579
0.144577815833
0.0568734038638
0.0438719799182
0.0283718268949
0.0248411797586
-0.00165266273842
-0.0321420260966
0.00956581183245
-0.0192008529846
0.0280002118666
0.0217403708083
0.0169519812332
0.0132138868915
0.00949516188118
-0.00999504598141
-0.03693669897
-0.00727772190488
0.023277250438
0.029043284917
0.0176310731387
-0.0338442631902
-0.0114048514153
-0.0236600667887
0.0440529732874
0.0569496468182
0.0187835950636
0.0340858676128
0.0401653448912
0.0027895843524
-0.00633723331222
0.0428454528649
0.0569033671476
0.0
0.0123782931247
0.0217037181395
0.0161402085706
0.0316909328842
0.060263821119
0.0410067173754
0.0401051389011
0.0308470615514
0.034654390773
0.0807293584037
0.0712956735679
0.105202573431
0.107645516533
0.10084170844
0.111832705451
0.0801269631068
0.0354879702791
0.0343632487265
0.0335299793053
0.0362432933001
0.0641340080775
0.0474530584533
0.012179261091
0.00749232534719
0.0353466625027
0.011696535436
0.0256458626207
0.0888026620713
0.0699775982751
0.0210153536431
0.0496907977594
0.0185869100141
0.0229276494331
0.0346700320805
0.0132545519385
0.0128588821322
0.0552046375611
0.0547448744459
0.0681029777666
0.0309740338817
-0.000507763904257
0.0221949465777
0.0305810999912
0.024742196943
0.0359153750201
0.021316596875
0.0
0.0594241293771
0.0684321572608
0.0506271420895
0.0358694000809
0.019699568083
0.0631716812791
0.0417389961268
0.0190345742482
-0.013797734912
0.0302390884106
0.0332152199369
0.0539702861286
0.030760225593
0.0530439178419
0.0576596905475
0.0417181796816
0.00100862695033
-0.0171768417416
-0.055860219111
0.000873144724789
-0.0103105069221
0.0284463958274
-0.0206966531164
-0.0367753933537
-0.0961614383323
-0.037023471291
-0.0688246041237
-0.0189791565022
-0.0491981181405
-0.0577730463941
-0.0249636756722
-0.00353977021113
0.00987937071934
-0.000674350073576
-0.00679294686505
-0.0210918195293
-0.0377566894607
0.0403894051695
0.0611804811421
0.048734473567
0.0767570827165
0.0850796411563
0.0508280557985
0.0433760500932
-0.0141230078456
-0.0515828451776
-0.062581701196
-0.0619601375091
0.0
-0.0610202834137
-0.0310996088444
-0.0393357272217
-0.00573189452595
-0.00575281527047
-0.0349303988728
-0.0118710612718
-0.00340918759605
0.00774414392166
0.0113108881979
-0.00414952861134
-0.0312464213528
-0.00694472068349
0.0308266313585
-0.00101041051631
-0.0261848547517
0.000459438591594
-0.0187861725258
0.0605762081162
0.0418828391951
0.0338000959625
0.00730120863007
-0.0130097053103
-0.0281698663478
-0.0218838855142
-0.0179860972677
-0.0353225586768
-0.0234874927048
-0.0248605485366
-0.00546494638307
-0.00294489627968
-0.0110087437975
0.0089017789917
0.0787604113829
0.0881833365152
0.0223098913405
0.0415871262996
0.0625465788167
0.107408350797
0.132651707352
0.0687795658982
0.0321351198495
0.0735655986066
0.0918605988652
0.125491030816
0.0559961568224
0.114908100373
0.0836068756634
0.107957177988
0.0312981665092
0.00950160743912
-0.0033957651433
-0.0194253930289
-0.0346903946413
-0.0203374178246
0.0192623090368
0.0499180472546
0.0376959241695
0.00894300405196
-0.0312271879003
-0.011490208879
-0.00913013430381
0.0207147666382
0.0306354444792
0.0548111512962
0.0337775480904
0.0177341234383
0.0315579367108
0.0249785451726
-0.000197125349218
0.0235782854539
0.00570051214919
0.0
0.0
0.0
0.107917896822
0.0811655259449
0.0243808006265
-0.00755075697989
0.00362911066416
0.0383936588277
0.0
0.0
0.0
-0.0263455210507
-0.0229988352431
-0.00368629064845
0.11061773156
0.106305091179
0.0541656181502
0.0331403869304
0.0333444403822
0.00376485426283
0.0111016914496
-0.00999038207745
0.0
-0.0355158326633
-0.0135396473367
-0.0415060731567
-0.0522697346286
-0.0221012699887
-0.0279962533668
-0.0144888826355
-0.00988362085868
0.00243604640751
0.00598502253126
-0.0206246884359
-0.0394458491237
0.00742708431411
0.0177703009102
0.0235885931153
0.00663869713841
0.00254523586866
-0.0112860569587
0.0136076054156
0.0500875798905
0.0492952540812
0.0796002245543
0.0579291099052
0.0129778315177
0.0045177329779
-0.0156858837103
-0.0324641258232
-0.0241316125656
-0.0130942945182
-0.0175597151722
0.00305160868257
0.025434311992
-0.00443631226667
-0.0432435598375
-0.0549826918825
-0.0524970134611
0.0411159544368
0.015079099102
-0.00241412754991
0.0246728093771
0.0356769154909
0.00364854052714
-0.0461174348778
-0.0369056632348
-0.000157982998512
0.0347963375619
0.029644707682
-0.00309361130257
-0.0257187867276
-0.0388212578004
-0.0400208663669
-0.0228161894539
-0.0327283040954
-0.0519854543032
-0.0344484531277
-0.0124582561654
-0.0489203954669
-0.0449371423483
-0.019845336827
-0.012892373796
-0.00239430757702
0.0056904076561
0.00417306280232
0.00555791253445
-0.00956202549657
0.0330551022936
0.051949922544
0.0520933293977
0.0459810126338
0.0280026676451
0.00442951572291
0.0
0.0
0.0
0.0
0.0
0.0861004398496
0.0319957199398
0.0725501019908
0.105201143445
0.0703477198937
0.0752235342059
0.0851751744943
0.0927076389577
0.12444059423
0.133296742749
0.115670378293
0.0539737052232
0.0854565741818
0.127482861032
0.108274303022
0.0630596102061
0.0210562624188
-0.0120057291438
0.0
0.0
0.0394484314957
0.0384298843376
0.0486674110854
0.0376871476963
0.0141076833234
0.0130538367833
-0.00330529975981
-0.011100635489
-0.0149874092443
0.05582178126
0.0491169752942
-0.0440681842916
-0.0283970798629
-0.0439898761388
-0.0166969669908
-0.011881589439
-0.011812465105
-0.0430462710157
-0.0672596109506
-0.0873342018553
-0.101582453494
-0.0808314908245
-0.0384932412001
-0.0144354821331
-0.0130511248879
-0.0265331996119
-0.0589488190936
-0.0720124164436
-0.0494173498479
-0.0168167485527
-0.0217686339198
-0.0462079945535
-0.0678327971263
-0.0779570333446
-0.0566310624949
-0.028717202797
-0.0517100696119
-0.0642109789338
-0.0718934554313
-0.080277191329
-0.0845361065922
-0.0761890971149
-0.0639159236563
-0.0393729006163
-0.0323143515852
-0.0274373874748
-0.0359508046139
-0.0601544477684
-0.013155481164
-0.00155491876229
0.0134321554229
-0.0191238416256
-0.0357974687098
-0.0148013430521
0.0362270871642
0.0499387175075
0.0302740893474
0.0593137853975
0.0431924990136
0.0201568310716
0.0401199424269
0.0202837313296
-0.00285952331325
0.00046396844456
-0.00894683843914
-0.0310547870338
-0.0262718261222
-0.0345743799607
-0.0245895776398
-0.0194450060062
-0.0113435096773
-0.0170436441375
0.0162010999196
0.0330693907371
-0.00352448900644
0.00320767590075
0.0125408513956
-0.00283223772858
-0.00489173920911
0.0307663655796
0.0178566104663
0.0480780278352
0.0186558964328
-0.0150509123344
0.0013533689123
-0.0380584202665
-0.0520111587655
-0.0101109238152
0.0216516522565
-0.0215838948926
-0.0339219628344
-0.000497359413468
-0.0407582690073
0.0
0.0
0.0
0.0168639820814
0.0110162102097
0.0168036619504
0.00266630902626
0.00612155951864
0.00715917572897
0.00849983330621
0.0474988667328
-0.00240652692269
0.0068178502198
-0.00894842049423
0.015426269086
0.00508749042649
-0.00373978950236
0.00377582462963
0.02607034501
0.0732678747251
0.0687978619675
0.139722176625
0.173215330831
0.111737906857
0.103965412189
0.11028409677
0.106225660776
0.0880505747625
0.0425072324097
0.013662329395
-0.00899993530103
-0.00535304011161
0.00478635341304
-0.00811224264293
-0.0168441339396
0.0246414110503
0.0167848729031
0.00584129650179
0.000892449002292
-0.00253637274966
0.0185746012452
0.0179595625883
0.0812816065905
0.0919876095056
0.113969134052
0.116382091972
0.0714391217463
0.0471900995463
0.0427865606086
0.0355083057797
0.0346281542931
0.0586446244743
0.0627090358827
0.0186528837116
0.0422107386589
-0.00131776190472
0.0408218032155
0.123388758433
0.0
0.0904090567015
0.0231865264454
0.0
0.0287854824154
0.0459844361785
0.014166346395
0.0106780355276
-0.0158421953288
-0.0126782469966
-0.0244986275264
0.0118054306996
0.00819879005287
-0.00155289648586
0.00488248821199
0.0183722964356
0.0232439744185
0.051254445831
0.0591327820223
0.0621390673407
0.0487158923026
0.0432688249315
0.00890771487747
-0.000614499165385
-0.0461755455599
-0.0336770081184
-0.0545914326811
-0.0460151970114
-0.108411141942
-0.0113152241499
0.0348624272806
0.0496445456424
0.03294764894
0.0493006491275
0.0541761864169
0.0264750230682
0.0096521855861
0.0334481239907
0.0285071901648
0.000395804390156
0.0
-0.00303970833512
0.0161705828145
0.0377289468746
0.0797468262021
0.115329589088
0.14970480283
0.108008002886
0.0472049616136
0.0456237579174
0.0488931944391
0.0499104895385
0.0467493490916
0.0344098942377
0.0386735308328
0.0402570489471
0.0211301876441
0.0528828016876
0.0600932530424
0.0564685267533
0.0490029476077
0.0468611965242
0.0491796950652
0.0149512661152
-0.00890388951343
-0.00027081096393
-0.0308795915473
-0.0332991889474
-0.0538463928113
-0.000345006420276
-0.00843623565348
0.0465106717194
0.0356857920943
-0.000971680643708
0.0190021721441
0.0667513376651
0.145557058263
0.10838677688
0.122267476151
0.121034901468
0.0763891986602
0.0289001122173
0.0176981072376
0.0204094954397
0.0508450546515
0.0345672258673
0.00635141711854
0.000838764948097
-0.0077939069306
0.00934248381258
0.0151179348178
0.0140632955669
0.00317017675294
-0.0077429501986
-0.0202127415592
-0.0100578139004
-0.0189243548198
-0.0221533381994
-0.00785361696939
0.00438826147135
-0.00129353007911
0.0236953514636
-0.0170585041826
-0.00248065850748
-0.0143341303114
-0.017837296568
-0.0338052858415
-0.016936367059
0.0046002427918
-0.0208237249234
-0.0328680125476
-0.0605307242154
-0.0802954002998
-0.031562294888
-0.0164079442191
-0.00667550960686
0.00149512369791
-0.0174031436517
0.0133982213455
0.0360486665257
0.0349458535482
0.037570696036
0.0455777390797
0.0319286304529
0.0396897317937
0.0
0.0
0.0
0.0
0.142782659429
0.0615638811557
0.0722662199545
0.0315329386695
-0.0300564765403
-0.00150793159446
-0.0128576208937
0.0
-0.0238585189944
-0.0384276232944
-0.0338687857749
-0.0333534781147
0.00737434638778
0.0436238568649
0.0288347947858
0.0584824648711
0.10726648921
0.142431568565
0.140611294848
0.145316538485
0.143318949119
0.152803911028
0.143542320605
0.0915333921473
0.0733594933968
0.0772718418855
0.0579162160087
0.0694783760667
0.112100354723
0.171137762984
0.144607913045
0.110068837183
0.0724792894697
0.0378973476358
0.021817402352
0.0607813493706
0.039963180724
0.0133506267484
0.0142456824117
0.00420951857408
-0.0206912487743
-0.0188725099808
-0.0498231194951
-0.0463826575124
-0.00576909080268
-0.0365657567859
-0.0119594101674
-0.0168101018129
0.00715985891696
0.00466196068393
-0.0223303548378
-0.0184611669226
0.000869840607433
-0.00835967157181
-0.00992172389599
0.00885930868981
-0.0184066595959
-0.00810004536423
0.00732827388931
0.0110717771494
-0.00587066037709
-0.0574010220888
-0.0541642456395
-0.0498153302633
-0.0364906713255
-0.0196457877333
-0.0135089437246
0.0026061168143
-0.000777369174802
-0.0166918685483
-0.0600376122768
-0.066759319795
-0.0592930457083
-0.00376172665636
-0.00982396837914
-0.0157257370664
-0.00529749620278
-0.039382404314
-0.019608870962
-0.0903355313842
-0.0386008706992
-0.0246496324521
-0.0461426037954
-0.0487937387731
-0.0511333625307
-0.0443580047789
-0.0233222266651
0.000465880944554
-0.00424211926699
-0.0624888777099
-0.050289453863
-0.069185281241
-0.0236590959224
-0.0237663038327
-0.0362724190055
-0.0318798804833
-0.0409293799131
-0.0344441712751
-0.00506084917657
-0.0033155469865
0.00698792050149
-0.0104395189743
-0.0184774133193
0.0
0.0557814906623
0.0643038368242
0.0277610415188
0.0161945076914
-0.0115532939746
-0.0148423811886
-0.0211085512644
-0.0516410390149
-0.0453591783182
-0.0601409171117
-0.0440409588947
-0.0707286680448
-0.0454824414678
-0.0355494595603
-0.0146532851575
-0.0252699450798
0.00256113202222
0.00614657544828
-0.0055044805848
-0.0209668421598
-0.0332719756563
-0.0446444162434
-0.053280584048
-0.0452267323064
-0.0362952600685
-0.0337104420231
-0.0192615573582
0.00484466915738
0.0235907405181
0.0143484180052
0.00969357073251
-0.00496501641992
0.00744154832482
0.0194684542326
0.0248906822123
-0.0095716634899
0.0371975721314
0.0304728781406
0.0250032469781
0.0237508054458
0.0075458514498
-0.0068749121423
-0.00775221588034
-0.022149762486
-0.0314353695592
0.00318299722851
0.0103659962457
-0.00552665826164
0.00560248050463
-0.00758726549209
-0.00539284754455
0.00444372322224
0.0146178666005
0.00493017708398
0.00782981329441
0.0176237966411
0.0336782209803
0.0039518310857
-0.0159259455006
-0.0233430128884
0.00109395720829
0.00496769827184
0.00906492722527
0.0121585618492
0.00190620426913
0.0113436972956
0.0105739687431
0.0148655617524
-0.0099513647051
0.00850343656808
0.025502624225
0.00623332674647
0.0971245563766
0.0912668112587
0.070504615628
0.0338328251211
0.0104680291594
0.00779765948794
0.00855282345138
0.0751069448508
0.0867501313148
0.0709114115919
0.0735234094848
0.130145718509
0.127682685225
0.0899155179784
0.0679422060601
0.0382789151291
0.0594537386136
0.0451203492011
0.00847751589654
-0.0111713260769
-0.0470527358798
0.0381123592875
-0.0163727274213
0.0
0.0565382258936
0.0660427742311
0.0576051557166
0.054875567905
0.0667560718461
0.0671381162121
0.0478775373611
0.0383093632981
0.116219753213
0.159076689783
0.135099594303
0.100674781776
0.0684032521782
0.0351385116152
0.0411015074254
0.0424317725979
0.065920329589
0.0523418608151
0.0369461267078
0.0315998548592
0.0318501194592
0.0210015889531
0.0189475929351
0.020030552999
0.0408919189544
0.0210193831122
0.0290067353217
-0.00581444559156
0.00865055418858
0.0144931993775
0.0389110068232
0.0432800968788
0.0534189904691
0.0389499727768
0.000640126969684
0.01181596162
0.0477571104383
-0.0236308805042
-0.0295209154119
-0.0225683738817
-0.0328117667688
0.00841347989821
0.00573204005826
-0.022898507131
-0.0738059876266
-0.00662311798749
-0.0227163511535
0.0467584470205
0.0861313771641
0.096648230141
0.103350743498
0.119689823665
0.0987374670713
0.120415220544
0.124113143696
0.152164542478
0.160401694093
0.0962354346832
0.0594906683176
0.0390053889316
0.0789395420318
0.0644538382305
0.0512676364919
0.0551305363391
0.018832729333
0.0168364998988
0.00893619821921
0.0341583885878
0.00925707130914
-0.0387013629333
-0.027309640954
-0.0596723267392
-0.0109050371365
-0.02093511988
-0.0270256294021
-0.0118728626137
-0.00454383361188
-0.00865207455367
0.0187321419399
0.0584971402196
0.0476830453267
-0.00985737347056
-0.0239971779418
-0.0893356943807
-0.0356729847581
-0.0216336945442
-0.0135410516293
-0.0249488671831
-0.0352626161318
-0.0154434176817
-0.0129357271604
-5.3302591463e-05
-0.00780134621761
0.0119163801024
-0.0113308909237
0.0
0.0286006288089
0.0146992562749
0.0466300260414
0.0494910589126
0.0394724213515
0.0270986426557
0.000146205434867
0.0217720469323
0.0259345839079
0.0126406759669
0.0191222636178
0.0188484069532
0.0806197785638
0.0529214913071
0.0507335780575
0.0342627548135
0.0323421096223
0.0187735699518
0.0234136607718
0.0235261964891
0.0491521269855
0.0634190754771
0.0706311692114
0.0272165442667
0.0201720786134
0.0385858285097
0.00771032440392
-0.00800292690793
-0.013238143151
-0.0174315795935
-0.000715350565282
0.011877484501
0.0219785729044
0.0255895785117
0.040025938929
0.0267811493893
-0.0111737076019
0.0370706791307
0.0415182765373
0.0983049456744
0.11148717447
0.0968110622868
0.065755543656
0.0768059363855
0.111420464197
0.102108120529
0.120709836904
0.144505608352
0.146168602273
0.118678594834
0.0586032754999
0.0469438839172
0.0359481855136
0.0723062218276
0.059419989081
0.0469540354984
0.0407814193111
0.0386101537834
0.0231285130325
-0.0191116043185
-0.0199623057099
-0.00498114276214
-0.00669515197939
-0.00438083280776
-0.017979209723
0.0015026279334
0.00894594437873
-0.00347502605142
-0.000620181153305
0.00922498597097
0.0208962284614
-0.0158091093271
-0.0114570669439
-0.0127348821075
-0.0211084126312
0.0110222680317
0.0236409296274
0.0212601501252
0.0169095978001
0.0187193354763
0.0189987228825
0.0115055068462
0.0104173528121
0.0495160595665
0.0408739520284
0.0606754530581
0.0464638159234
0.0211062843522
0.0182960501053
0.0115284358136
0.0222878413102
0.029738507176
0.0141052646007
0.00713580364707
0.00279314188811
0.0
0.0258899510115
0.0106185648886
0.0177067001851
0.0334058565635
0.0164693959291
0.00998641487219
0.00188595559375
0.010088221573
0.0215248577423
0.0261147205577
-0.00161121425072
0.0032931263862
0.0431878828832
0.0240230998092
0.0451246271745
0.0420672307212
0.0563636745476
0.0676065992196
0.0696508397646
0.0583117138162
0.0680888700301
0.0562388367354
0.0400544591677
0.0300355599499
0.0497635995806
0.0536368930832
0.0452375566444
0.0585607566237
0.0940995372209
0.0777603478446
0.0877888012232
0.0583852736313
0.0774254895305
0.0702398779299
0.0759271857653
0.0633622739235
0.0742943308917
0.0782338480466
0.0801823749734
0.0420732277214
0.0100510912306
0.0079280178331
0.00190889709819
-0.0277388135852
-0.040455808439
-0.0379235699461
-0.0364642656274
-0.014693091936
-0.0115795311962
0.0224648333293
-0.00361293413064
-0.00760035867819
0.0214132916141
0.0524190172163
0.0360116087512
0.0250862965513
0.0247206141484
0.0119081882119
0.0188637031481
0.026506791847
0.0254018740768
0.0200437783342
0.0361778829797
0.0500836745434
0.00183157260553
-0.0220338126308
-0.0183201851905
-0.0372493460667
-0.043324780509
-0.0497164839751
-0.0417007005927
-0.0444938958613
-0.0348867621388
-0.0342248293152
-0.0263693299793
-0.00577081748164
0.0148368220461
-0.0108793663166
-0.00890415898238
-0.00663715300064
-0.000237503686462
-0.012883778047
-0.0455825671413
-0.0192797541767
0.0413330337114
0.0277004830481
0.0733200231393
0.125697361678
0.130857941484
0.148541297935
0.108736469816
0.0881399517622
0.0744651375066
0.0792021136979
0.0864280178849
0.0
0.0758537425854
0.0987774194474
0.0648204176833
0.0782697724372
0.0531181975433
0.0510055834441
0.0411349746882
0.060373703597
0.0401410803344
0.0851598107398
0.0689471675801
0.0158685293275
0.0439130130818
0.0675590871558
0.0703921296191
0.0793057732567
0.0964015287136
0.101762339719
0.0864838288909
0.0661624361332
0.0577071481851
0.0668468694024
0.0131018622698
0.0401048602269
0.0987173648169
0.101457894087
0.119460695896
0.123155557068
0.125153733129
0.109534622512
0.138714627978
0.134383506866
0.127095587677
0.11023710048
0.0874098017897
0.0628284060303
0.0400065211408
0.0429129394981
0.0368655645714
0.015145315701
-0.0165149988414
-0.0169467401658
-0.0110964689157
-0.0218976987276
-0.000906130644297
0.0181902097377
0.0185219335213
0.0519141225793
0.062720071536
0.0642567673874
0.0389447995124
0.0440092119871
0.0451030291207
0.0500516164019
0.051959327071
0.0352158705448
0.0368881919613
0.106899795408
0.110141411542
0.098593318699
0.0971875099807
0.111670147838
0.116726261713
0.11552359403
0.0937794098134
0.119111676133
0.137898074775
0.124907242489
0.110013032991
0.0973942214366
0.110968456362
0.100836049
0.111918120655
0.0918939398385
0.0694056597627
0.05086745847
0.0828791481523
0.0851742883357
0.074110602907
0.0662921873983
0.0441160699883
0.0256429959931
0.0291879464872
-0.0163679285185
0.0864195174603
0.103279893945
0.0768568169929
0.0771688584017
0.0653481240589
0.0570516820167
0.0341249327991
0.0248096329605
0.0104686835036
0.00813534378684
0.00140463284757
0.0
0.0261641163861
0.0208507944247
-0.00202143537931
-0.00296613844762
0.0
0.0106333877567
0.025277072225
0.0227557829799
0.0267723250806
-0.00972993527157
0.0111662192916
0.0584053539821
0.0638407989905
0.106072743632
0.105445920623
0.100769170318
0.0677589989097
0.0528013974223
0.0993385633261
0.107337521878
0.0947112562204
0.0923739961
0.115897348277
0.120622918726
0.1193322867
0.0968660675068
0.130848905585
0.0575690968035
0.049825976237
0.051071592278
0.0451698493108
0.0222286045247
0.0672276059087
0.0527377993981
0.0266165498918
0.0584145448504
0.0413507002901
0.0615612676737
0.0449811097807
0.0732406912333
0.101671251741
0.0671018292872
0.0507726702364
0.0495242481645
0.05857385658
0.0300396227356
0.0326111859027
0.078628683374
0.0522420602442
0.0513789557965
0.0595580638269
0.0488271317218
0.0624837878998
0.0918447877956
0.115226329383
0.103848494867
0.143735090903
0.143534226862
0.101454103803
0.0923182688167
0.0826202750304
0.0670325779954
0.0489302289611
0.0479416294416
0.0579029667415
0.0627917777213
0.0711324395695
0.0862601200712
0.0532424731043
0.0530886408986
0.0643105889845
0.0581364109812
0.110081839398
0.112856096909
0.0831506221231
0.0873031062493
0.0931810715822
0.0940279562701
0.0836857414092
0.0798922647033
0.0451434007958
0.0617668039669
0.0480825847766
0.0283908867317
-0.000158469583779
0.00802056895899
0.0209708216213
-0.000812979589043
-0.00860142811064
0.0263943474225
0.0227052760934
0.0196245589323
0.0381437356873
0.0305117915359
0.0175382599051
0.0380383476966
0.0912283776953
0.0481887941517
0.0662302735538
0.0630392879006
0.0817256052125
0.0797185758185
0.0757099849909
0.0674918283653
0.0
0.0872578145769
0.0672727208358
0.0613615259085
0.0767549357264
0.0454585534647
0.0434412015872
0.0358936988495
0.0
0.0
