0.0010749426995
0.000136768611422
0.0
0.0
0.0
-0.00525140071476
-0.00106130255463
-0.00389272302095
0.0
-0.00250173436753
0.0
0.0
0.0
-0.0046791329243
-0.00147023565181
-0.0096788389922
-0.00724138116155
0.0
0.0
0.0
-0.0103383876235
-0.0122288421522
-0.0174595668743
-0.0129371525572
0.0
0.0
-0.0137397035474
0.0
-0.0177241237018
0.0
0.0
-0.0190460339891
0.0
-0.0142832465655
0.0
-0.0136497617183
0.0
-0.0156108191616
-0.0182260306919
0.0
-0.0190178058967
-0.0158113452414
0.0
0.0
-0.0154456648258
-0.0163637981735
0.0
0.0
0.0
0.0
-0.0133369836731
-0.0181617626203
-0.0152272042257
-0.0188331295634
-0.0133367461312
-0.0166152253536
-0.0156399200492
0.0
-0.0031386616314
-0.0048275994379
-0.00321267068591
-0.00240428060515
-0.0024742855561
-0.00561282678527
-0.00592301823511
-0.00220473637574
-0.00399759378221
0.000978515526541
-0.000177461826845
-0.00136300224802
0.00537870452263
0.00181510752309
-0.000322455748702
0.0010674555951
0.00177750300739
0.00043250951873
0.00256815848956
-0.00112072497327
-0.00156053661727
0.00169803223032
0.000111832628743
-0.00174440672844
-0.000860172452359
-0.00097274795943
-0.000263354323007
-0.00402360587742
-0.00470074305801
-0.00370421463068
-0.00422583114593
-0.00515103460731
-0.00322911612927
-0.00929585164313
-0.00237109356602
0.0
-0.00259211871917
-0.00775037390298
-0.00807513221217
-0.00467403876841
0.00260432278891
-0.00810493056536
-0.00344557682519
-0.0121461552831
-0.006454094718
-0.00928999534628
-0.00954211293554
-0.0100555760314
-0.0111950128324
-0.011886440953
-0.0134954548641
-0.0110080403461
-0.0113310687748
-0.0145935253963
-0.0127184615846
-0.0161893095767
-0.0203158577923
-0.0144632504894
-0.0120292433157
-0.0184008859112
-0.0229343588331
-0.0217848707638
-0.0210408514917
-0.0184821065143
-0.0207927060433
-0.0179222888525
-0.0215874442674
-0.0220187954207
-0.0217784917394
-0.0287947781224
-0.0246450740093
-0.0243050415141
-0.0276817630237
-0.0279879855249
-0.0254584365449
-0.0200081038498
-0.0197932798251
-0.0239443007726
-0.0245330989428
-0.0245242380475
-0.0299012129841
-0.0289225892697
-0.0248194745815
-0.0243338888666
-0.0226691986398
-0.0190143075345
-0.0261228914616
-0.0256543122315
-0.0294365368186
-0.0311562670594
-0.0327278169343
-0.0298500795396
-0.0270162222827
-0.0309498729738
-0.029159421339
-0.0237310950963
-0.0235021706826
-0.0243617727376
-0.0226977656695
-0.0217640941432
-0.0222193611177
-0.0186234431109
-0.0192232937411
-0.00948586494414
-0.0151144806684
-0.0118257669193
-0.0112011866762
-0.0231786492413
-0.00898067418334
-0.00368598402114
-0.00653662795674
-0.00765133289523
-0.0057800206335
-0.0078616445285
-0.00849027650578
-0.0102604659173
-0.00777524605352
-0.0131209862894
-0.0145738500745
-0.0120156421686
-0.0112415225535
-0.0123170242951
-0.0127322311662
-0.0130913803303
-0.0119020175538
-0.012495098416
-0.0159182192506
-0.0180660204567
-0.0136859657441
-0.00959826993375
-0.0125057297611
0.0
0.0
0.0
0.0
0.0
0.0
0.0
0.0
0.0
0.0
0.0
0.0
0.0
0.0
0.0
0.0
0.0
0.0
0.0
0.0
-0.0233809297231
-0.0203562403496
-0.0239884168779
-0.0255549505627
-0.0275207825418
-0.0253379391398
0.0
0.0
0.0
-0.0280866275545
-0.0303423523899
-0.0299942381498
-0.0249671018438
-0.029707932756
-0.0288436763014
-0.0291821558878
-0.0317734557358
-0.0249378287949
-0.0251354856005
-0.0266616013245
-0.0249291574042
-0.0275039708843
-0.0214180058057
-0.0247624978423
-0.0242772099666
-0.0259316125537
-0.0245639376683
-0.0258738857818
-0.0212064246819
-0.0271049048839
-0.0284117619304
-0.0272823930938
-0.026974392355
-0.0246725736514
-0.0211117267669
-0.0193796120337
-0.0201320904928
-0.023187276742
-0.0225178773614
-0.028439177302
-0.0232413248055
-0.0185821273607
-0.0228437150218
-0.0186856203975
-0.0192745398402
-0.0184433531236
-0.016345810497
-0.0171303564404
-0.0152923927991
-0.0139233263747
-0.0114888410661
-0.0139377048975
-0.0227284417604
-0.00926117279253
-0.0126108900448
-0.0122027821387
-0.0130529635
-0.0129282732684
-0.00937791180709
-0.0147967299692
-0.0116387621813
-0.0162308449957
-0.0131280766403
-0.00884055035607
-0.012892841744
-0.0125079300658
-0.0181739051959
-0.0135376192911
-0.0146757234006
-0.013413758564
-0.0124130379014
-0.0190957222221
-0.0154231484045
-0.0171588947475
-0.0173276949573
-0.0164942046055
0.0
-0.0126379765561
-0.0178095041596
-0.0168858956554
-0.015285063936
-0.0169112503516
-0.0180913093611
-0.0145591231817
-0.0187102903793
-0.0135765021531
-0.0161404641599
-0.0142976137522
-0.0220183774568
-0.0116048967936
-0.0191162606725
-0.0152291724804
-0.0153062708517
-0.0186599251185
-0.0161301629692
-0.0169324485988
-0.0177344050907
-0.0162337448892
-0.0199672877535
-0.0183878511753
-0.0182569422392
-0.0211513406932
-0.0193298729924
-0.0220265937446
-0.0184547703165
-0.0204488187545
-0.0285112923085
-0.0259007306336
-0.0234725864746
-0.0252943658722
-0.0232177396219
-0.0273114018766
-0.0307378205741
-0.0190433824979
-0.0264595776076
-0.0259813851487
-0.0260684282803
-0.0238557395866
-0.0270847546901
-0.0308898913585
-0.0311896810631
-0.03448203976
-0.0317771824926
-0.0315778893116
-0.0278903043034
-0.0281675472839
-0.0308445403677
-0.0298651063357
-0.0308222117769
-0.0290958758583
-0.0289025521975
-0.0309690471976
-0.0311000057197
-0.0290273494658
-0.0312693307875
-0.0309461488073
-0.0350775864995
-0.0269826826241
-0.0237344870253
-0.0251382936978
-0.0234976844069
-0.023434394795
-0.0199726663456
-0.0228669193773
-0.0242165048244
-0.0216150395109
-0.0174395922436
-0.0197413277765
-0.0192288019644
-0.0205753777581
-0.0156780264164
-0.0146159548854
-0.013325826439
-0.0152246416724
-0.0152865894009
-0.0075100487719
-0.0109904890598
-0.011934778321
-0.00843504966675
-0.0113142658317
-0.0164188880529
-0.00909360715089
-0.0144806701024
-0.012987911298
-0.0100458846519
-0.00941278166646
-0.00735866517612
-0.0145389556361
-0.00725362757003
-0.0107372068889
-0.0116151956356
-0.0102626865099
0.0
0.0
-0.011730723692
-0.00626973598593
-0.00977712188969
-0.0119143874714
-0.0103103360553
-0.0083995760361
-0.0116874652893
-0.00741590729714
-0.0123662498988
-0.0142033493233
-0.0162692154683
-0.0138766700699
-0.00988037035367
-0.0157189167494
-0.019833244931
-0.0144183645581
-0.0168888225032
-0.0205224378504
-0.0164623149696
-0.01574120766
-0.0225207448944
-0.0234722386263
-0.0206675268625
-0.0179709976692
-0.0206440915499
-0.0212174601771
-0.0185301144776
-0.0189276325209
-0.0204896846318
-0.0159487675667
-0.0164703652397
-0.0201408466894
-0.0213939061171
-0.0223053985763
-0.0317229912269
-0.0239236296868
-0.0256672572773
-0.0233273284164
-0.0253489787018
-0.0322976925702
-0.0318450553949
-0.0324224677886
-0.0340912639386
-0.0331057119977
-0.0305453987523
-0.0319239257043
-0.0296537089839
-0.0310408666314
-0.032907531884
-0.0308665910545
-0.0323541848856
-0.0291168474975
-0.029676164763
-0.031319435927
-0.0298907044941
-0.0278988094376
-0.0262935866875
-0.0254283076786
-0.0341317677974
-0.024739124565
-0.0271490038019
-0.0212192031251
-0.027028116796
-0.0280356181652
-0.0276332489914
-0.0316767036814
-0.0281114184666
-0.0266405471799
-0.0240073715002
-0.022606902373
-0.0356193065394
-0.0254680442102
-0.0208461342368
-0.0234221535008
-0.0245243743294
-0.0191474571491
-0.0150504737942
-0.0128129492353
-0.0100667590186
-0.0156820434673
-0.0111378406829
-0.0128186692005
-0.0136764656475
-0.0123884446825
-0.006907242828
-0.0143265945241
-0.00970467639902
-0.00524869718181
-0.010780595293
-0.00833833618473
-0.0117047006142
-0.00993791018358
-0.0104361338358
-0.00892199193715
0.0
-0.011160030684
-0.00259408905529
-0.00300218032442
-0.00154986380038
-0.00741143116684
-0.00666578934388
-0.00220118570003
-0.00110912088344
-0.0114941266321
-0.011651127827
-0.00784075671459
-0.0103163176574
-0.00982902028643
-0.0092352837435
-0.00380249484298
-0.00992575023435
-0.0124134578072
-0.0139209078575
-0.00747660324409
-0.00759427670107
-0.0136837013221
-0.0139558063092
-0.0115773348829
-0.0154822740253
-0.0108255194444
-0.0106996164526
-0.0166663432751
-0.0173246165318
-0.0158829436877
-0.0139375239199
-0.0167650599295
-0.0145506616442
-0.0175716300009
-0.0148334679812
-0.00709766338118
-0.0184973239174
-0.0217260568981
-0.0168167488504
-0.0221453002198
-0.0181885723427
-0.0121271827104
-0.0220817109007
-0.0161740790968
-0.00981740436558
-0.0144271750373
-0.0160284047547
-0.00323577749164
-0.0266014039471
-0.0144904709587
-0.0233573763967
-0.0159581320369
-0.0233192783706
-0.0152386584824
-0.0171210586813
-0.0204282587545
-0.0172946313159
-0.0151986286186
-0.0138894780141
-0.0151611786615
-0.0296003828341
-0.0140592744483
-0.0195435691335
-0.0186918462931
-0.023881855993
-0.0229750809073
-0.0262966042814
-0.0266835267449
-0.0242326143562
-0.0272211186215
-0.0213282265755
-0.0278306402475
-0.0262134656615
-0.0269253179515
-0.0198997764154
-0.02175898353
-0.0199994032563
0.0
-0.0131766929519
-0.0124090094482
-0.0111708754024
-0.0133060776082
-0.0143966735925
-0.0108115574386
-0.00865392035796
-0.00450754814873
-0.00124085775223
0.000191727230092
-0.0014784626085
-0.00412228349594
-0.00394278877694
-0.000151871835597
-0.00406881598336
-0.00336404339905
-0.00096461719585
-0.00389786274258
0.0
-0.0146747180582
-0.000337941897281
-0.0013281451783
-0.00330052327419
0.000668154613111
-0.00462520730166
-0.00331789588521
-0.000648366569707
-0.00751954645696
-0.00658192638308
-0.00730525160887
-0.0122683476709
0.000598239366492
-0.00385214994386
-0.00906527405634
-0.00981435149993
-0.0190805568366
-0.0122343140254
-0.0134929523609
-0.0115711497514
-0.0122685822702
-0.013116565567
-0.00708652082577
-0.0212854326899
-0.000750856936671
-0.0129416418269
-0.0122719513131
-0.0124242390837
-0.0121391414832
-0.0142946941358
-0.0127403011626
-0.0169193509781
-0.0215976623165
-0.0141350492867
-0.0233413679674
-0.0192909507516
-0.0101636790383
-0.0151736700466
-0.0156756480376
-0.0187664616666
-0.0151935959848
-0.0163851191111
-0.0101309320585
-0.0154264111292
-0.0209611844645
-0.0168678360439
-0.0191263654772
-0.0156291211006
-0.0194163153923
-0.0151317214244
-0.0150292371976
-0.0169784477072
-0.016994032976
-0.0162987496683
-0.0140312042549
-0.0148134953275
-0.0155064203695
-0.0195031177445
-0.0117787737024
-0.0257992532817
-0.0127354337516
-0.0138410797969
-0.0146347679937
-0.0134256839128
-0.0116271934268
-0.0112309999775
-0.0091395908215
-0.0102363756959
-0.0083147745697
-0.00788034106717
-0.00955299109872
-0.0144828495675
-0.0107122089083
-0.00818630393682
-0.00800978027177
-0.0108752556664
-0.012617971129
-0.0151992299584
-0.0114708568514
-0.0109883913844
-0.0184987333624
-0.0192617571921
-0.0180078920742
-0.0186107336514
-0.0106747176757
-0.0111568282166
-0.00503871587364
-0.00629317316048
-0.0107323178296
-0.00706709522145
-0.00393683630809
-0.00852484741804
-0.00343295496351
-0.00487877368373
-0.00401322986623
0.0
-0.000891864034182
0.000360319782625
0.00186814734332
-0.00118604000782
-0.000137187644822
-0.0025465779418
-0.00283424340573
-0.00123272809364
-0.005005069267
-0.00662532377947
0.00282881491815
-0.014111228162
0.000690756485384
-0.000503746561818
-0.00112625624133
0.00102823011001
0.000227499877407
-0.00264396111133
-0.00609887560125
-0.00704936388863
-0.00211621403269
-0.00639926451365
-0.00489557344773
-0.00488247500578
-0.00935596004852
-0.00700269334112
-0.0079544174348
-0.00596425983507
-0.00756742787619
-0.00682805483131
-0.0124319966202
-0.00513054973828
-0.00992356130115
-0.00972243546414
-0.00698226045204
-0.0193645705509
-0.00914252420498
-0.0130221492497
-0.0125202017485
-0.00876360165809
-0.0127109133832
-0.0175668653338
-0.0151656710878
-0.0138890827173
-0.0155220343339
-0.016871168611
-0.0116747561772
-0.0221802500668
-0.0144865425348
-0.0166481294935
-0.0139362356564
-0.0111551051515
-0.0128635102225
-0.0122457232168
-0.00878180849483
-0.0086029952793
-3.46962362496e-06
-0.00975137455401
-0.0101466204074
-0.0155257637173
-0.010017185518
-0.012398260705
-0.00997952949858
-0.0085387670602
-0.0109351089785
-0.00732235421092
-0.00893583985079
-0.00424166943943
-0.00523531320067
-0.00703334862711
-0.00827601532593
-0.0174860326049
-0.00764924338229
-0.00517418869384
-0.00937909365992
-0.00481066273043
-0.0137629442259
-0.0116548312662
-0.0120153672124
-0.00906255495976
-0.00973544945117
-0.0118150428363
-0.00954838938352
-0.0250138207522
-0.0110190419029
-0.00652198489386
-0.00563080373347
-0.0043908970987
-0.00512109888073
-0.00490819717942
-0.00754763625392
-0.00802038018842
-0.00437427762388
-0.00530154030277
-0.00337202772276
0.0
0.00261901066587
0.00293499920196
0.00245017210447
0.00348908241446
0.00423818255783
-0.000225863979286
0.00530585861579
0.00304102322458
0.00399299880266
0.00212643930635
0.000291921009653
-9.91719322196e-05
-0.00431726202397
-0.00491699822464
-0.00635517463883
-0.00336074238107
-0.00142905213176
-0.00349921531958
-0.0032532571646
-0.00401990157155
-0.00835940653605
-0.00691271390192
-0.0051390275958
-0.0152521403422
-0.00221682431283
-0.00280952881907
-0.00549247171457
-0.00841111349301
-0.00845705451962
-0.00656441325329
-0.00673193418335
-0.00821734367398
-0.00952351307739
-0.0121069548049
-0.0105185194083
-0.0132032024058
-0.00854767251478
-0.011036425035
-0.00919514879024
-0.0110223870024
-0.0115808904293
-0.0120681671587
-0.0114650228457
-0.016076032003
-0.0169941327584
-0.0155992964676
-0.0108060356698
-0.0216171081576
-0.0138164588733
-0.010826006493
-0.0113687402982
-0.0110010672019
-0.0104039021159
-0.0175318113855
-0.0149186922461
-0.0112457826261
-0.0152401126471
-0.0156363665668
-0.0181058414893
-0.0131635681823
-0.0169025850505
-0.0164412832918
-0.0129073169229
-0.0104268432585
-0.00585209440503
-0.000694554335896
-0.0109485586046
-0.0135373264351
-0.00771598911206
-0.00925344822073
-0.00186104202853
-0.0105645317309
-0.00440758708545
-0.00168951334724
-0.00314177908583
-0.00364751980004
-0.00731520376711
-0.0059609010481
-0.00567442311576
-0.0019039719616
-0.00352851016382
-0.00429827026989
-0.00134369495406
-0.0163710495427
0.00126801008662
-0.00203713046551
-0.00367548528407
-0.00368232736085
0.00479730158468
-0.0006278609407
-0.000624324622156
-0.00178059381925
-0.000858470647568
-0.000353819832356
-0.00211574130598
0.0
0.0
0.00378761504741
0.00325238998603
0.00789041112214
0.00300523255318
0.00529072255891
0.00250122628689
0.00423780425109
0.00263129876918
-0.00170012696042
0.00109855927521
-0.0155454201999
0.0015241196365
0.00211763108013
0.00391443664384
0.00218620187975
-0.000296733175035
0.00322837851973
0.00123552568319
-0.00226328307518
0.0
-0.0187470668085
-0.00699519106397
-0.0131946729608
0.0
-0.00354985987831
0.00876277926233
0.0
-0.0222690387063
0.0
-0.000730142361257
-0.00964717712951
-0.00145048979216
-0.0201764051618
0.0
0.0
0.0
0.00720023363031
-0.0243673343194
-0.00264038499167
-0.01216132605
0.00377398135962
-0.00818211718505
-0.0157513702701
-0.0239677796183
-0.0221372122589
-0.0221231837776
-0.0236726932978
-0.0165935806851
-0.0176445302698
-0.0177626633193
-0.0145935686733
-0.00934412404091
0.0
-0.0146286478367
-0.0187162970634
-0.0166191098376
-0.00792147793847
-0.0148610475286
-0.0267095247343
-0.0119127035053
-0.0058026592
-0.00550548602344
-0.00912594984295
-0.0101773790325
-0.0106928338922
-0.00817590373004
-0.00775508684559
-0.00698100943614
-0.0115708115841
-0.00358742554537
-0.00602852362273
-0.00479422660675
-0.00472124774882
-0.00564754960732
-0.00837982561112
-0.00262256601035
0.00059056838956
-0.00863831860153
-0.000868150013265
-4.92591934463e-05
-0.0018339429801
-0.00525643068468
-0.00155075965903
-0.00964526246633
-0.0128654418675
-0.0108036779517
0.00354270963841
-0.0161484526811
-0.0199534791861
-0.0166450020461
-0.0197300187894
-0.0197906056231
-0.0120982282651
-0.00899665896103
0.0
-0.00753852535312
-0.00732030696308
-0.00488807298741
0.00326841867716
0.0031602765097
-0.00147202213433
0.00106637614306
-0.00122286504562
0.00136175866445
0.00373702627759
0.00932394913333
-0.00499109822561
0.00568338807014
0.00150194324423
0.00501111487472
0.00287484326887
0.00555826497398
0.0030203647735
0.00230304740485
-0.00211723715993
0.00114991893436
0.000619875408526
0.00321697293904
-0.0117136429622
-8.52606371645e-05
0.00332236264628
0.00225495039145
0.000540689649693
-0.000908679408943
0.00284124377428
0.00246075312717
-0.00063156686858
-0.00203726012395
0.000632483582316
0.00200656605685
-0.00579104694498
-0.0035189624424
-0.00242666349868
-0.00221602675615
-0.00782145170445
-0.00457353895931
-0.00751537316383
-0.0102634633649
-0.00526494562011
-0.00838068592352
-0.00863156855318
-0.010486191039
-0.019590181193
-0.00790881827374
-0.00465722758891
-0.0084631231546
-0.00983366729764
-0.00560252900569
-0.00837030709093
-0.00562101504169
-0.00753223682169
-0.00957773820975
-0.0101213425409
-0.00701179065161
-0.00943403532023
-0.0067871047326
-0.00297753962479
0.0
0.000611519685283
-0.00630595782986
-0.00596363416488
-0.00888656256612
-0.0107932934786
-0.00746963326946
-0.00952967968195
-0.00808358476941
-0.0174353850196
-0.00353535434532
-0.00488315379809
-0.00573140357183
-0.00336358108455
-0.00478444299546
0.00278297362065
-0.00114271073499
-0.000514020059615
-0.00114481621763
-0.00196857737032
-0.00342323829687
-0.00217344190653
-0.00252951746267
-0.000885907741241
-0.00295493347453
0.00107269708963
0.000523405103428
-0.00459569146114
0.00211179131389
0.00843925950712
-0.00375733857135
0.00165389752764
-0.000584312538269
0.0
-0.00376522378422
0.00837545084211
0.00242306724141
0.00402202948993
0.00559899140676
0.00460997571445
0.0082595005849
0.00599270743193
0.00866498170638
0.00714340867668
0.00490943399627
0.0032615103234
0.00295897587062
0.00689066085219
0.00396124883826
0.00251788237067
0.00346205123793
0.00707943600499
0.00259080559221
0.00609447078394
0.00327012433768
0.00631515675605
0.0076187820116
-0.00339580660303
0.00542206088331
0.0063709940243
0.0038172574323
0.0025777203112
0.00575616488724
0.00522454425113
0.00229935885693
0.00257334842091
0.000564193245033
0.0015682930026
0.00234049378463
-3.69804018523e-05
-0.00389163793846
-0.00240698013079
-0.00550507200988
-0.002931369426
-0.00102680667196
-0.00388438287802
-0.00777625392639
-0.00217944001694
-0.00534624243436
-0.00104091079204
-0.00487367926478
-0.0121652305239
-0.00335453083199
-0.00310245809488
-0.00188329284587
-0.00527280015758
-0.00374737481034
-0.00781723378248
-0.00468709811098
-0.00474879274586
-0.00939788867618
-0.000950308456792
-0.0057196627825
-0.00631655313421
-0.011925497544
-0.00742460761068
-0.011529728421
-0.00977011577518
-0.0104924083541
-0.00992324937712
-0.0108439477805
-0.00646510854666
-0.0071032806145
-0.00839346629207
-0.00496792387016
-0.0145438039763
-0.000899682855334
-0.00603532376241
-0.00131646621878
-0.00101855517268
0.00124799353617
-0.00504569585684
0.000837836055022
-0.00366070562414
0.00266497505698
-0.00528576964095
-0.0013902917992
0.00311165793638
-0.000897366649653
0.000611631785394
-0.00172597090144
-0.0023422414662
-0.000898331152602
0.00293464983631
-0.0015229346446
-0.00240045824234
0.000177528308169
0.000307667446678
-0.00544549313671
0.0
0.00105060034145
-0.000141596666887
-0.00210957299541
0.00060841776975
-0.00187226891385
-0.00159749259299
0.00480867347589
-0.0018197685695
0.0106103394584
0.00625270786734
0.0105908379497
0.00330063277559
0.00274580626848
0.00264478350615
0.000904615314339
0.00604609963313
0.00340124048785
0.00801138147889
0.00789610673979
0.00982473505783
0.00536954982339
0.00543633300714
0.00597998525145
-0.00055842229135
0.013620131847
0.0113400506603
0.00883356478084
0.00796016630747
0.0112296320602
0.00578269759804
0.00546532592344
0.00728513947728
0.00697878448695
0.00780202316569
0.00485625750563
0.00490989914456
0.00442932822595
0.000605474126547
0.00146548340805
0.000786124279164
0.00314970702319
-0.000327978696284
0.000900595392136
0.00397490214677
-9.71310865439e-05
0.00155558898503
0.00256316306476
-0.0037696728888
0.00667207866935
-0.000879389534181
0.000311453958823
-0.000483362702172
0.00130134735588
-0.00418849132106
-0.00289789623494
-0.00106661134421
-0.0028461294561
-0.00102578844412
0.00268469550524
-0.0106507647678
-0.000655614765431
-0.00160620022974
-0.00227500743221
-0.00346868739035
-0.00621411672399
-0.00591740595805
-0.007234150973
-0.00282918306373
-0.00712071348421
-0.00169267522556
-0.00481682968781
-0.00927834311356
-0.00726897377379
-0.0032328285764
-0.00590941291456
-0.0067298436673
-0.00660344935394
-0.00377661173782
-0.00529603711652
-0.00419319109136
-0.00591118517246
-0.00770253101275
-0.00181288700244
-0.0113144880929
0.00209140773548
0.000998695183649
0.0001752601986
0.00198957679598
0.00206323910882
0.000412483794964
0.0035214915774
0.00189337322634
0.00200814666929
0.00328638481069
0.00539020403541
0.0
0.00410374175526
0.00275779305734
0.00479744741873
0.00863140048611
0.00859688429345
0.00934212455293
0.00870512613325
0.00684634806389
0.00938492709569
0.0119868550504
0.0111450767942
0.01380854367
0.0111942682076
0.0129532440182
0.0116096399312
0.012551510104
0.0130015954854
0.011156843527
0.0147096996312
0.0124335018423
0.0131298967003
0.0145888928868
0.0149942407064
0.00951702860717
0.0189252891406
0.016513343688
0.0121463394233
0.014092881516
0.0152110180072
0.013716243468
0.0115720498938
0.00860735186154
0.0142402933686
0.0130054092472
0.00878203361311
0.00941547858828
0.00953854244249
0.00945109562794
0.0106004342004
0.00774956856288
0.00590446237038
0.00391949831987
0.0059952856427
0.00660442443695
0.00455344145093
0.00424676527903
0.00240310864697
-0.00524777726036
0.00345275892641
0.0077338673454
0.0065863266752
0.00281140411159
0.00379634331899
0.00310797195571
0.00320973947641
0.0061894748634
0.00428830976628
0.00186336438651
0.00316371836962
0.00369703118577
0.00164408208694
0.00191534175533
0.00107794557103
-0.00308586374796
0.00660094841386
-0.00366557673344
-0.00452522580852
-0.00103023295196
-0.00496689171829
0.000205590656704
-0.00543729663133
-0.0129032998976
-0.00233970850239
-0.00346797004511
0.000608445597697
-0.00202737062908
0.000526408884512
0.00471994804002
0.00801166428616
0.00592797070286
0.00659740279847
0.00513740435995
0.0104492533538
0.0099709325973
0.0
0.0
0.0
0.0
0.0280561626278
0.0272797641172
0.0239811801344
0.0231039202011
0.0123594655197
0.0149032309917
0.0172308408981
0.0
0.0173748901952
0.0183257436203
0.0148041646208
0.0149423228814
0.0136938325445
0.0195065997758
0.0168439388969
0.0154453044514
0.0205182569731
0.0200457948106
0.019711464228
0.0190035208084
0.0180002479504
0.0193548658076
0.0205629052169
0.0215440135882
0.021774865985
0.0183398414502
0.0205430786093
0.0116287298605
0.0212239521709
0.0152980465023
0.0150103075316
0.00881683932645
0.0204826272726
0.0213272699875
0.0212573522411
0.0151532500064
0.0154193790589
0.0169991227469
0.0193516361846
0.0182474086361
0.016362755347
0.0144923448086
0.010374715374
0.0119943103862
0.0131954885538
0.0152595396881
0.0101239869957
0.00800392841376
0.0114699755145
0.00804808593902
0.00958309231661
0.00663061387976
0.0108742840078
0.00489542379764
0.00833245969933
0.00271383081922
0.010440447785
0.00753641419839
0.00861327503908
0.00762260757712
0.00716124902435
0.00670960043368
0.00483543603133
0.00473941805095
0.00155211953771
0.00303019952043
0.0009242374656
-0.000418407526805
-0.00560934320677
-0.00200088369654
-0.00195572938413
-0.00450273851121
-0.00348640205302
-0.00568839477752
-0.00594845586638
-0.00265250325358
-0.00458324087925
0.00358319602959
0.00328135036742
-0.0056926760084
0.000766144181621
0.00671286133345
0.00330910583404
0.0040759966145
0.00129840110698
0.00316417062119
0.00525198018802
0.00657936267071
0.00628211459149
0.00787008085713
0.00328282681811
0.008504641378
0.00694035665211
0.00954349881774
0.00752146507237
0.00726052568119
0.00786712282417
0.00993971434841
0.0111988192917
0.0125210622924
0.0101594581916
0.0109074610825
0.0121490759751
0.0
0.00685073140034
0.0214061273356
0.0166358229196
0.0173273133537
0.0154101522893
0.0175163568175
0.0191146561977
0.0201950227346
0.0200570248486
0.0217401008435
0.0241983331065
0.0224255660336
0.0199714591709
0.0219067350159
0.0224728343975
0.0234570768154
0.0229350709746
0.0201912178869
0.0277707826285
0.0211985738859
0.021699303282
0.0216558848384
0.0132576307752
0.0220440860107
0.0197932456755
0.0184058918043
0.0181585579409
0.018668098342
0.0165723146017
0.0150897548074
0.0151784606536
0.0135337299159
0.0146582381411
0.0143179028549
0.0130159419558
0.0053516425339
0.0112188025059
0.0149217567118
0.0101408111845
0.0133351724529
0.0128600978534
0.0157365229071
0.0126251690452
0.0111550966212
0.0127715911161
0.0136355075932
0.0117364545747
0.0114942174837
0.010471664638
0.0108391740434
0.01438566109
0.0144643970006
0.00795565637875
0.0128152181067
0.0100406267943
0.00708520373698
0.0101955991881
0.00659040222167
0.00693262929987
0.00647079297328
0.00700006223603
0.00764685687599
0.0018980812529
0.00629552213511
0.00366321306579
0.00450183105997
0.00390304895684
0.000311098372372
0.00117964426478
0.00332116797643
-0.000533067664509
-0.0105512128358
-0.00588600849492
0.00434605787021
0.00222827405644
0.00291454380899
0.00529843460492
0.000574587563855
0.00437122353353
0.00522711499207
0.00628945451059
-0.00170691066135
0.00806526374991
0.00561451983906
0.00520486609498
0.00280879580924
0.00733488433833
0.0113743811881
0.0080444573283
0.00647718898077
0.0098379753458
0.0115424905503
0.0102304395268
0.00976691591074
0.00943944577277
0.0
0.0
0.0135175602998
0.0147317090186
0.0114006723714
0.0171658261289
0.0135924927994
0.014373649067
0.0173452863962
0.0121224880542
0.0175858798827
0.0184475591073
0.00598566997121
0.0210073068086
0.0197498410573
0.0236535206504
0.0222517119194
0.015696438975
0.0201067914504
0.0193688423223
0.0210225589723
0.0246402239736
0.0249889765186
0.0236692678276
0.0213474606136
0.0232895513344
0.0237307941252
0.0260833702727
0.0248904516311
0.0271493733928
0.0231026702818
0.0210317397214
0.0286208272106
0.022278165662
0.0221563253318
0.0212986605437
0.0233815365131
0.0192336960813
0.0200047456136
0.0232023201884
0.0195425519912
0.0150450151621
0.021220245413
0.0178302552929
0.0170214220295
0.0181626327904
0.0150608449399
0.0168136062527
0.00043293196762
0.00959515382061
0.0123769682443
0.0162351453488
0.00553287049102
0.0135671524181
0.0128621528541
0.00638563217025
0.0081904051754
0.0119862462463
0.0105371108033
0.00889897966436
0.00906639220065
0.00575353004998
0.00729847353755
-0.000194923896578
0.00584070797515
0.00397932407217
0.00563673916178
0.0053691369129
0.00816081135617
0.00044816458783
0.00463032993452
0.00292179511431
0.0027642406478
0.00438314508457
0.000770077673612
0.00460113604226
0.00581344366853
0.000972130365771
0.00408880377154
0.0042554986808
0.00165860016085
0.00670125640151
0.00629050735495
0.00637406282929
0.00435027677673
0.00693524309251
0.00256462382257
0.00664588198357
0.00714936063636
0.0110691221679
0.0100896877578
0.0113964758101
0.00971256911917
0.0118681450014
0.014637127286
0.0120735247637
0.0
0.0211850700733
0.0182331554959
0.0126729009807
0.012685284542
0.0245391209635
0.0284639635434
0.0253043419183
0.0234888653911
0.0243923712192
0.0228376074091
0.0209830977854
0.0204138801436
0.026126196928
0.0253862062822
0.0190854773227
0.0217622257732
0.023218400449
0.0200056545751
0.0233281277907
0.0240766331865
0.0233935866718
0.0220757592899
0.0239749203413
0.0238519074869
0.0206638043824
0.0240833918904
0.02242597872
0.0228564584791
0.0223666080796
0.0241951908382
0.0214283352268
0.0242500661042
0.019880944935
0.0194446179441
0.0218464419918
0.0219907682754
0.0231498720401
0.0213804007719
0.0211940049139
0.0220795279638
0.0199310502772
0.0207533296084
0.0242608067068
0.0171478169725
0.0206972950036
0.0189218479683
0.0202994335905
3.46962362507e-06
0.0228360907544
0.0126123427874
0.0125585001283
0.0158631968691
0.0135155863499
0.0138925099339
0.0121093438356
0.0109381323649
0.0070718836348
0.0111824119918
0.0101036417445
0.0081077366248
0.00806684960479
0.00874085786017
0.00862361247442
0.0120639735654
0.00800961411152
0.0132051411444
0.00839334757134
0.00771177989093
0.00859095757334
0.00943723767895
0.00935546914841
0.0105944298601
0.00758294278298
0.00717389221299
0.00877369818293
0.00730883405423
0.00608963113059
0.0131224376012
0.00658725513691
0.00634795841119
0.0047975661725
0.00549900911924
0.00575109740488
0.0
0.0073879441313
0.00528217090875
0.00781425555991
0.012096861379
0.0129656129629
0.0144680944506
0.0106419019913
0.00985052030529
0.00772670695213
0.0127566257992
0.0128425623183
0.0
0.0222095377982
0.0148811290384
0.0130686958513
0.0164284115108
0.0205801772213
0.0276663024746
0.0212399166307
0.0211378814586
0.0250813127477
0.0236786673112
0.024604026657
0.0244564095293
0.0258963179917
0.0282375041183
0.022896227781
0.0291905733798
0.0308043483266
0.0260363314899
0.0324013316082
0.0316973530638
0.031190166881
0.0316142379239
0.0271382910871
0.0280044961203
0.0309264754371
0.0308271742836
0.028705574727
0.0264590471264
0.0258502903944
0.0321313876511
0.0299513368361
0.0283167671744
0.0298553104031
0.0272742635176
0.0285461189959
0.0326233309191
0.0273589704949
0.0250469630265
0.0298541595694
0.0269096604503
0.0247432394217
0.0273308901288
0.0244174271742
0.0296096329262
0.0272631446534
0.0244392886043
0.0212577563143
0.00630966111902
0.0207656708596
0.0207774474308
0.0253552279823
0.0202934227181
0.0171857510563
0.0139241115532
0.0189723771909
0.0206505356701
0.0187114296938
0.0171156062437
0.0127455370317
0.0166635830782
0.0186006845597
0.0151849577345
0.0144742379664
0.0174087455652
0.0181001668952
0.0154698685011
0.0164210735552
0.0160937248109
0.0176364128912
0.0125617319638
0.0159226869381
0.0189166330857
0.0147439075165
0.015094375109
0.0171681231938
0.0141067711584
0.014268238557
0.00601045621946
0.00650131533975
0.00868194482389
0.00536036733141
0.00813362284021
0.00906382230195
0.00528370867563
0.00766303838375
0.00592307514118
0.00872815405692
0.00973890694555
0.0104264320891
0.0107591796619
0.0146854664172
0.0149447434678
0.0178965331654
0.0144007256288
0.0121971455578
0.0
0.0
0.0190724626655
0.0220339116974
0.0274734469701
0.0268592027356
0.0272150908856
0.0279384801326
0.0266348470625
0.0265549058157
0.0273496625283
0.028780609284
0.0258967045906
0.0302896499541
0.0323461104444
0.0309068266275
0.0260212099144
0.0314379311988
0.0279693365385
0.0331352320622
0.0317228525823
0.0283793848266
0.0307032839613
0.0292870714864
0.0297420525196
0.0321125699076
0.0332568259756
0.0279907146589
0.0271489448482
0.0292048638493
0.0324106464605
0.0355563077003
0.0308523776124
0.0271653919859
0.0281219959992
0.0298632189493
0.00905273766497
0.0267224586265
0.0243815355003
0.0281965161469
0.0289742473384
0.0323964346569
0.0296472867536
0.0255221402755
0.0279491419294
0.0289040176345
0.0288192912938
0.029838158476
0.0284266931297
0.0271101129044
0.0288287176401
0.0285665147915
0.0211211863575
0.025014239382
0.0259770983013
0.0196907296221
0.0202442356553
0.0225909990306
0.0200403938124
0.0200103708245
0.0221824423701
0.0171720923253
0.0218744062854
0.0218853362325
0.0244616336659
0.0219008393301
0.0184634322301
0.0237420293825
0.0222696941988
0.0196762678391
0.0258543720366
0.0190317054426
0.0182505726049
0.0191802331355
0.0195687627441
0.0194330838007
0.0203147319892
0.0141119212357
0.0140188847228
0.0166555364084
0.0151099290998
0.0117393026393
0.0135746088549
0.00977170373735
0.0094212803711
0.0102216951727
0.00997475904883
0.00965778711383
0.0106391664826
0.00998222179447
0.015973503819
0.0171652633717
0.0175327137533
0.0
0.018369355519
0.0187136320597
0.0
0.0170042112663
0.0193790578301
0.018059138103
0.0191900617042
0.0234880457694
0.0250373363115
0.0254960223783
0.0262378326095
0.0260925573126
0.0275842757909
0.0272509172122
0.0303949569459
0.0253815144069
0.0313883436645
0.0307264837211
0.0294841833469
0.0320191369375
0.0286700520641
0.0286844743518
0.0339111362839
0.0301118142017
0.0324039933192
0.0324261232991
0.0171356306767
0.0295069237001
0.0299758665611
0.029576765487
0.0374352621413
0.0358148057407
0.0309705392278
0.0367578381653
0.0346221399456
0.0372682168601
0.0364482938642
0.0344961032086
0.0350243317033
0.0340609388719
0.0382915403359
0.0328252819283
0.0228638900206
0.0
0.0476864703698
0.0
0.0255154300228
0.031677163959
0.0353626424614
0.0331624920576
0.0313978181518
0.0335163575902
0.0313650426522
0.0308211209865
0.0281896375997
0.0295942174455
0.02869441099
0.0313793129521
0.0324593875363
0.0229022622301
0.0279507856377
0.027028065461
0.0287683655048
0.0241413954245
0.023986458133
0.0236305314156
0.0182786357044
0.0266456404119
0.0263657068199
0.0201130157582
0.0301288822956
0.0227611713055
0.0215586810741
0.0213444265236
0.0209721398494
0.0232727714785
0.0231873256228
0.0250333216818
0.0215554641168
0.0219105819575
0.0211619727079
0.0203821729339
0.0229682700191
0.0155351913634
0.0216817758801
0.020115297841
0.0191881253663
0.0193756888967
0.0172123962855
0.0156731665633
0.0204077289433
0.0150393166822
0.0197195138373
0.0201417253551
0.0196031990396
0.0199534633799
0.022837960871
0.0227178307305
0.0
0.021647254148
0.0227497089368
0.0251812627558
0.0235369032122
0.0207131208392
0.0251878348481
0.0260541900125
0.0301834988309
0.0311988177083
0.0332175574058
0.030778435924
0.0333737510555
0.0319692456761
0.0315082294471
0.0336249753379
0.0356777777596
0.0353060056646
0.0336123700679
0.0348211904152
0.0342106887674
0.0368997198732
0.0324700028883
0.0417314067498
0.0343497558427
0.0384832504095
0.0347665468412
0.0355058909007
0.0409833904464
0.035710864033
0.0309206283921
0.0312503718234
0.0304929704213
0.0353497018218
0.0330973230356
0.0378839261311
0.0381689537842
0.0354514189745
0.033788931189
0.0358090278515
0.0389874395918
0.0348877941288
0.038254896628
0.0342235437748
0.0366394543588
0.0357910999109
0.0334328666943
0.0374927213536
0.0321791903487
0.0382690573394
0.0357479764939
0.0329139370101
0.0371527791114
0.0358787994182
0.0362859548871
0.0383167057446
0.0372738997383
0.0355771531416
0.0383835135072
0.0326021415082
0.034372912888
0.036240944779
0.0348817929426
0.0334229831123
0.0312507273908
0.034161250156
0.0336614810338
0.0348985095541
0.0287836413866
0.0307332800139
0.0275932883006
0.0257931235137
0.0270894013589
0.0248120085259
0.0240444224984
0.0200224579454
0.0232896810881
0.0254425766957
0.0269198371309
0.0251368307342
0.0241981169239
0.022971197213
0.0181522917387
0.0192193613403
0.0214121020805
0.0167277335025
0.0217068432555
0.0192940118493
0.018897031372
0.0202085474814
0.0221131749868
0.0158573840743
0.0207872964248
0.0181997373398
0.0193038085166
0.0223633535628
0.0
0.0451052788135
0.0273133383341
0.0267583452421
0.0267021600741
0.028114780032
0.0285590062608
0.0281823445921
0.0280246589673
0.0331360522516
0.0309988285675
0.0186392959936
0.0338871683925
0.0356200263716
0.0348098459091
0.0369158066115
0.0295170881156
0.0344765543113
0.0388227982579
0.0347952613421
0.0388117150326
0.0324787593698
0.0370944632576
0.0399910356362
0.0393873862789
0.0384130651325
0.0381301524722
0.0378287992678
0.0401274965093
0.0396220252347
0.0426423352353
0.0401640825726
0.042715168928
0.0462713533016
0.0433648687107
0.0407323123313
0.0385042238405
0.0392329268047
0.0453238577358
0.0480497902699
0.0445071862404
0.0453635960217
0.045139778281
0.0432305644642
0.0442641823745
0.039322648648
0.0381026748874
0.0420505143007
0.0231692463668
0.0409513819111
0.0362811014086
0.0420224999895
0.0388906440506
0.0373127849291
0.0418846092777
0.0364959121712
0.0345698078466
0.0352035800029
0.0421950801169
0.0357108575175
0.0
0.0370634067045
0.036561579461
0.027541592083
0.034878107803
0.0350294704685
0.0324106887016
0.0362368789074
0.0364238946512
0.0
0.0
0.0
0.042425312866
0.0
0.0512436035198
0.0428898201876
0.0433448710801
0.043146886649
0.0365688095151
0.0320935548346
0.0284425519373
0.0338155655133
0.0134732777222
0.0160522278516
0.00663394083235
0.025738213012
0.0195026921413
0.0243347302217
0.0249399488725
0.0237346357846
0.0161865055619
0.0197321451409
0.0249564514155
0.0223052209698
0.0282612166928
0.02186551242
0.0
0.03224773656
0.0341661495709
0.033309090251
0.0351257304134
0.0331624195035
0.0320270125303
0.0337372414657
0.0289528963328
0.0267574585549
0.0280976522934
0.0298504539011
0.0314259754804
0.0301965844543
0.0323931325246
0.0306644955529
0.0299267045339
0.0303899810725
0.0332669643178
0.0305544831445
0.0356204166808
0.0307798458112
0.0365644575682
0.036556370296
0.018445152015
0.0376319796289
0.0408472078114
0.0364916443353
0.0405537277954
0.0409081745633
0.0399884482371
0.0388207250025
0.0387151060095
0.0447655696957
0.0486731543456
0.0479239668563
0.0240495454375
0.0430732819353
0.0371402269026
0.0398220024808
0.0424200910694
0.0434846970389
0.0373067022138
0.0448841798538
0.0440902250127
0.0457375140051
0.0446888565247
0.0464355222577
0.0
0.0407611924524
0.0336722251802
0.0367469046024
0.0356162473841
0.0367082708286
0.0369097545087
0.034892830799
0.0398459838619
0.038155320709
0.0346101007337
0.0401801899307
0.0217215328871
0.0376444336357
0.0366335526127
0.0376761088897
0.0326520700518
0.0430827178648
0.0338746689019
0.0297223583313
0.0279170498467
0.0291025553741
0.0371427409827
0.0394405721464
0.0232443842095
0.0291511900552
0.0257205787536
0.0202638625161
0.0288867726359
0.0213758289402
0.0205033491687
0.0145340251497
0.0280903008669
0.0215085869779
0.0186307743795
0.0220955339577
0.00386598273703
0.0178894416991
0.0285773678101
0.0166567021159
0.00765645878344
0.0225093591644
0.0215514012922
0.0234226815725
0.00106771584031
0.00886349331184
0.013955569897
0.0178733067749
0.0
0.0188347514348
0.0288165014527
0.0254859864291
0.0330154888294
0.0290442529273
0.0229602155228
0.0288294821536
0.0228368873707
0.0211391010128
0.0269243400379
0.0240917216134
0.0160679927658
0.0259120291649
0.0218698999087
0.0168365580312
0.0231813310197
0.0222112344644
0.0218491816452
0.024901954765
0.020772312145
0.0236345712046
0.0261733570047
0.00978663021472
0.0123902159968
0.0297644203882
0.0309692534743
0.0361802755077
0.0353422855156
0.0288190497163
0.0324644133635
0.0371925120985
0.0363426989417
0.0355543593936
0.0223659365792
0.021695797519
0.0
0.0318283778472
0.0366336024109
0.0310597006515
0.0348762560609
0.0367626092002
0.0377961019337
0.0283125785601
0.033244095414
0.0412477835381
0.0253600561342
0.03007497008
0.0321692047712
0.0316751649539
0.0294027610745
0.0348644987149
0.0343788402616
0.036774177207
0.034754715457
0.0430716989807
0.0390351392464
0.0179610796599
0.0245062924976
0.0289485174494
0.0102548351677
0.0283338722848
0.0305385139935
0.0328004852691
0.0391778520696
0.0315267184591
0.0420169850363
0.0350184274008
0.0246880980117
0.0208434366962
0.0172847906572
0.0226446353042
0.0147952060403
0.0287236485229
0.0211952398082
0.0105104975952
0.0155283417738
0.0195324603088
0.0245273565026
0.0138919907719
0.00666870193584
0.0179252595326
0.0165871126215
0.0179185415502
0.00330116637289
0.02072905459
0.0118941246578
0.00869855855889
0.0175229256235
0.0147753701105
0.00571706544579
0.0260718301593
0.00395489777308
0.0017329622827
0.00791351059228
0.0107111798108
0.0
0.00536592963563
0.0190248149998
0.025309241542
0.0139310277699
0.0243948701892
0.0149069745714
0.0200775758349
0.00840188125497
0.0100685808016
0.00940176381463
0.0156110288182
-0.00235217614522
0.0160306124026
0.0116196849125
0.00778736935614
0.0156557488454
0.0155283209064
0.0178555704532
0.00946149091863
0.0188016516168
0.0106710984304
0.021278525699
0.0141102336456
0.0167055246161
0.0198231021926
0.0317099860107
0.0318802569099
0.024041707348
0.0221902807355
0.0290943273529
0.0307309306804
0.0381615211388
0.0274430026227
0.0376580428502
0.0225276067655
0.0155125125259
0.0365091434601
0.0328727584771
0.0288672999536
0.0299808484118
0.034696331271
0.0411027088715
0.0346742515365
0.0360784506391
0.0346091143893
0.0397711483679
0.0326133249627
0.0
0.0245822541236
0.0369166523604
0.0341684700065
0.0340877441405
0.0286625334332
0.033238580892
0.0329747792677
0.0300395408428
0.0354260716631
0.030394505974
0.0284004972124
0.0168141394097
0.0278205947621
0.0309684472845
0.0207048775225
0.0275829582615
0.02427196442
0.0213845776633
0.0258716787287
0.0271827390784
0.012385388153
0.0212332759045
0.0217241508352
0.0
0.0185646871227
0.0161041726854
0.0200903015882
0.019152685603
0.0173901532384
0.0265767825482
0.0146005963442
0.0139321798813
0.0187589804729
0.0103148740124
0.0110180793267
0.0160646215603
0.0189340027082
0.011670886472
0.00601097869991
0.0227194981082
0.00618689800206
-0.003761279094
-0.000512612889682
0.00138806037664
0.00234377073392
-0.000437844220967
-0.00432555493421
0.0
0.000115771416858
0.014834842254
0.0165819802494
0.0122564775791
0.0130808829777
0.0169454374244
0.0105478203856
0.0174050722892
0.0
0.0219978989665
0.0119367926694
0.00187678279806
0.0143922711312
0.0121491515772
0.014130308043
0.0152885973752
0.010155934688
0.0180232943715
0.0186999651488
0.0112614958606
0.0138395734385
0.0170447907326
0.00744482242123
0.00874327440391
0.0171594475198
0.0227567961238
0.0188547761973
0.0188365326092
0.0186743320725
0.0228455652908
0.0188588581658
0.0185971250645
0.0260358422756
0.0270729598834
0.0112958520044
0.0
0.0213432398824
0.0207936214318
0.0153281267892
0.019867372251
0.0193977542835
0.0225210600625
0.0145355071811
0.017755484863
0.0186540036828
0.0241010120054
0.0132876135058
0.00591655621718
0.0161849481084
0.0170858207748
0.0164505640404
0.018036392561
0.00821935509915
0.014779691962
0.0181189813566
0.0172582820385
0.023108960084
0.0188218317569
0.018658528095
0.00770446013515
0.0280448059039
0.0191090020219
0.0198577959619
0.0185582083525
0.0296439461661
0.0191786324762
0.0166458399516
0.0212009358177
0.0173510094114
0.0195897813357
0.0148428228872
0.000784315884449
0.0112890625612
0.0138270776168
0.00483969007559
0.0111142789172
0.0133562806292
0.0110773344393
0.0127627134758
0.00825627482494
0.00839262824017
0.00321434137322
0.00444402863262
0.00505164494425
0.0150313120653
0.00245751131672
0.013464246318
0.00712164809622
0.0115778758929
0.00864026305232
0.00791468976572
0.00631016560227
0.000583988561031
-0.00996461185213
-0.00368802817616
0.0
0.00773105840933
0.0251224643418
0.0143568858988
0.0148925317738
0.0120235611279
0.011734470434
0.00903537317467
0.00764798312773
0.00440904524085
0.00698253123702
-0.00423268264288
0.0156420400493
0.0134803628461
0.00461155833686
0.0203393700729
0.0198902913298
0.0122733793084
0.00802122934436
0.00287210986222
0.000583148163328
0.0111771777924
0.0131564752442
0.00376108965656
-0.00563945093611
0.0147023153846
0.0137958526172
0.0139715947312
0.0140008647468
0.00571029379568
0.0111301544363
0.00986588240988
0.0197084801921
0.0126190309075
0.00931794049885
0.0129174423335
-0.000977857414799
0.0208716948206
0.0185672603459
0.0264005349365
0.0261826678299
0.0296431761032
0.0158642189601
0.0240671720519
0.0219107080894
0.00937030707671
0.00527327481133
0.0234939921676
0.0077176867044
0.0195051476356
0.0294126269701
0.037076398884
0.0329779295038
0.0313819292727
0.0305147381715
0.0318325946687
0.0293119266967
0.0248258501018
0.0322467298747
0.032878906235
0.00936598092309
0.0288286926129
0.0354322305668
0.0290304238593
0.0310273015104
0.0320118149672
0.0274185206758
0.0216532164942
0.015775121529
0.0168018049434
0.0132390360468
0.0129836795865
0.00692213245134
0.0244618282231
0.0213116911023
0.0241612427193
0.0225181262377
0.0194776784644
0.016729150157
0.0205780939896
0.0209890399996
0.0200883563264
0.00800710083074
0.0131260066927
0.0
0.0225350185487
0.0196420344242
0.0281756131755
0.0235192071218
0.0226691815122
0.0221004786226
0.0135807643944
0.0169036371527
0.0138079130639
0.0154783878256
0.01207313687
0.0
0.0
0.00250301019001
0.0107775384234
0.0115315953858
0.00956794079143
0.0126165122207
0.00522804616494
0.00797430049174
0.00701015046594
0.00498746587323
0.0116578177497
0.00622133475431
0.0114027717854
0.0188711280518
0.0102444342984
0.0175461961558
0.00826987357902
0.00738063600442
0.0127704886378
0.0144748115457
0.0211642124095
0.0132153593222
0.00568283605067
-0.0012652697527
0.016323419133
0.0197169994025
0.0210447968906
0.0162566059659
0.0207020772789
0.0215661161464
0.0212810496538
0.0274296582192
0.0209580504327
0.0210059626477
0.0129553381651
0.0102005300513
0.0246948465397
0.0228722649645
0.0140871368391
0.0151462800922
0.0256532115241
0.0290110887397
0.0242263616036
0.0261216614516
0.0189841709646
0.0141025961845
0.0220875437042
0.00808002990222
0.0309750184951
0.0
0.0328913441621
0.0259458117171
0.0197650139727
0.0290461118148
0.0192965454126
0.0245053561597
0.0183230058986
0.00960767901413
0.00991932277959
0.0
0.0225456905786
0.0226649632528
0.0213655619818
0.0206504792244
0.0283148519305
0.0186403001909
0.0226671753296
0.0293593944245
0.0252865210063
0.0372267290588
0.0450472472047
0.0
0.0
0.0
0.0
0.0
0.0324067190484
0.0276712885295
0.0363071740352
0.0267230229597
0.0229208552821
0.018427491977
0.0240519120374
0.0
0.0348433857077
0.0352653132969
0.0322681982037
0.0276121860173
0.0323248644611
0.0234313484559
0.0211163838468
0.0273156688439
0.0255449785707
0.0225134192161
0.0163056519168
0.0
0.0169717888929
0.0126799138752
0.0124769963712
0.0203645507779
0.00674334171418
0.0025904647394
-0.00370118797724
0.0136353546658
0.00260270023901
0.00485358911597
0.00243620603488
0.0
0.00848776799863
0.0136909530148
0.00822138703131
0.00274754309997
0.00880825377938
0.0144412741154
0.010416051866
0.00906190635827
0.0098230278937
0.00760526494396
0.0119288748304
0.0191998672781
0.00681558017391
0.00735434595282
0.00822450936798
0.00350903703812
0.0045586631336
0.00309962233767
0.00720988903211
0.0208974277093
0.0103523800197
0.0172450006429
0.00808255006778
0.0
0.0202856228915
0.0200569222172
0.0283847552219
0.0228733030271
0.0190408304325
0.0235459829734
0.0242610033087
0.023057295906
0.0256867942192
0.0195361386094
0.025622382414
0.00606635409367
0.0275092695973
0.0260031977363
0.0223599684997
0.0215069366763
0.0290631387495
0.0290499262238
0.0171677296404
0.0216040892616
0.0269509260761
0.027660280963
0.0176655987163
0.0144910266856
0.0215685219921
0.024567350641
0.0183507789016
0.00998447278771
0.00815726616866
0.00612995069422
0.00716132570658
0.0049570953789
0.0081022698731
0.00186706965386
-0.000982753317199
0.0
0.0
0.0
0.0
0.0
0.00723781433673
0.0178122427301
0.015165370646
0.0133823732099
0.0121229281887
0.0189371032595
0.0134872987717
0.00776704341901
0.0149658214456
0.0202303504256
0.0148176906936
0.0187586107035
0.0177455005369
0.00681914911818
0.0116409784978
0.00925959465919
-0.000681470830073
-0.00259205592331
-0.00894142262245
0.0
0.00296177970298
0.0110831412449
0.00857164210986
0.00488066642788
0.00267311659344
0.00127394224565
-5.07980662131e-05
-0.00993849026349
-0.0054833578866
-0.00470390486361
-0.00273725049664
0.0
0.0142005043315
0.00597947004077
0.00162381692827
0.00940093293186
0.00413300636483
0.00432112135744
0.00376285111595
-0.00630185698393
-0.00354458963345
0.001403136819
0.00600693058172
-0.00524996418071
0.00729946321055
0.00541678218616
0.00633943040177
0.00136066863407
0.00271903540003
0.00379572705435
0.000983148229993
-0.000578113779819
-0.000924506043532
0.00260215390415
0.0020815807172
0.0
0.00792963584417
0.00441060577125
0.00854892642978
0.00669234191397
0.0116143911748
0.0112880545754
0.00756785803531
0.00353434925079
0.00567913795179
0.0175151116259
0.0111060141212
-0.00107021673138
0.0195843448783
0.0133375413236
0.0139232413524
0.0132096362645
0.0206439575334
0.0169335803646
0.0195971116607
0.0127662848358
0.00861720909336
0.0201828381643
0.0203930381964
-0.000703772186027
0.0152711068099
0.00497584073171
0.0181158440544
0.0116883050931
0.025452503003
0.00452860720432
0.00727504088653
0.011595359394
0.0117258683601
0.0071265870808
-0.0018234562593
-0.00657420024737
0.0110293236378
0.0109035694181
0.00842544181679
0.00659905345647
0.00740372193633
0.00760638784174
0.00338074177565
0.0134064319338
0.0040048944713
-0.00368873637855
0.00479274017299
0.00343198596456
0.0163480147938
0.00989571099577
0.0176960954766
0.00650252826621
0.00758354413428
0.0104822739761
0.000333072355785
-2.84081493721e-05
-0.013985442012
-0.00637551971038
-0.00793363417147
0.0
0.0182029252472
0.0174590255803
0.00255672799723
0.00979374340301
0.00354694062472
-0.00301654616831
-0.00125888148238
0.00649780302215
0.00530670664435
-0.00127649790439
-0.00310529158541
-0.00210588007902
-0.00456499045122
-0.00638788446439
-0.0046270592789
0.000387032892331
-0.00824778599558
-0.0118605465271
-0.00976619635245
-0.00518917504661
0.00182374053059
-0.0109012662169
-0.00543926233766
-0.0185112824996
-0.00895377498859
-0.00104837915848
-0.00440511101222
0.00275033568406
-0.00649460430614
-0.00562764484045
-0.00742854748782
-0.00995572470244
-0.00522011535924
-0.00862077506038
-0.0131966339098
-0.01978880273
0.00106163546443
0.0027643109937
-0.00160944356612
-0.00608894973467
-0.00501573492632
-0.00233800665893
0.000105536587267
0.00281848275846
0.000733296356507
0.00564525151008
-0.00250775562614
0.0
0.00302432117532
0.00244088306604
0.0056283614287
0.00512716451489
0.00458452183289
0.00542824364411
0.0109386458595
0.00842097379334
0.010385372335
0.00368579533645
-0.00413116155381
-0.0140052731035
-0.00121593584662
0.00512009351727
-0.00636017055849
0.0107028223753
-0.00216198620192
-0.00678939273027
-0.0129540352586
-0.0127290830032
-0.00858552264095
-0.012578735585
-0.00687082666334
-0.0208605262809
-0.0111685775314
-0.0118511131727
-0.00307971550181
-0.00937901477497
-0.00945450351865
-0.000380513685549
-0.0103969726349
-0.00840311496787
-0.00594293791539
-0.00240495840059
-0.00994632622149
0.0
0.0
0.0
0.00565188038847
0.000896762513146
0.00289029367055
0.015659710205
0.00457959926618
-0.00518551702986
-0.000134918915156
-0.000204162792938
-0.00529322516862
0.0
0.00310238185953
-0.000624216536611
0.00807974222747
-0.0027509854665
-0.0100530259805
0.000492691543801
-0.00874881263799
-0.00871830535927
-0.00551621853946
-0.00588880890926
-0.000437068845243
-0.0136541483639
-0.00528659228067
-0.00364628823113
-0.0117748227775
-0.0179834294319
-0.0112221409624
-0.0093475807102
-0.00835965688698
-0.00530973563823
-0.0188648949273
-0.0200740069216
-0.0194262240121
-0.0222032000619
-0.0101743786396
-0.0107928997173
-0.0152074057766
-0.0120741288236
-0.00770257693144
-0.0195049239486
-0.0191804594125
-0.0171283791225
-0.0178559270799
-0.0166700692074
-0.0184713301112
-0.0199944696447
-0.0173971482809
-0.0162467816026
-0.0261710410869
-0.0126800242058
-0.0127940195375
-0.0127175173762
-0.00754769248397
-0.00983781286937
-0.0132342745624
-0.0147809867657
-0.0120238145553
-0.0210055511827
-0.00134792838029
0.000742123239524
0.00217365169251
0.00376514819996
0.00046290991977
0.000103249953006
-0.000475825430991
0.00242088978387
0.00557975601069
0.00196679210529
-0.00337559968791
-0.00448462230281
0.0
0.00354419706594
-0.00269835556954
-0.0102213174959
-0.000101839421202
0.00333961966755
-0.00383987442634
-0.00579549472681
0.00287118071341
0.00420213159836
0.00383538366339
-0.00170395613937
0.00296444090604
0.00204146489773
0.00255255454688
0.00582663061408
0.0038846935279
0.00549493012481
-0.000202966216824
-0.000221404488971
0.00590173832735
-0.000180018919827
-0.00404977357007
-0.0174490839787
0.00887265122782
0.000243744121983
0.00451539104562
0.00418670653205
-0.00409533925897
-2.75582565874e-05
-0.00677827983161
-0.00818352854787
-0.0066915373043
-0.00788854254944
-0.0128840963305
0.0
-0.00840974039938
-0.00297934668384
-0.00914118270179
0.00379269969692
-0.00507506362497
-0.00430476645899
-0.00551525664664
-0.00364687607468
-0.00497070383307
0.00280029348191
-0.00533710119832
-0.00293725405052
-0.0219541151914
-0.01252503863
-0.0185573290194
-0.0116767662085
-0.0107681048687
-0.00693623776716
-0.00807813775278
-0.017724327115
-0.0190988493577
-0.0240986818505
-0.0357094933133
-0.0311743232256
-0.0152726391118
-0.015200486009
-0.0133924273949
-0.0207835071282
-0.020722765704
-0.0192516289432
-0.0156747669967
-0.0214280021316
-0.0263000294407
-0.0229643843882
-0.02137657805
-0.0310078033513
-0.0108067084481
-0.0199872678389
-0.0266139825483
-0.0137005884466
-0.0218359929417
-0.0164567817299
-0.0101622880907
-0.0114717032105
-0.0168662298288
-0.00827183486413
-0.0109873816114
-0.0187224397652
-0.00829072198989
-0.0176479131404
-0.017961679459
-0.00975175995154
-0.00970169205657
-0.00445617628431
-0.0067756612479
-0.00869102069059
-0.00783977112432
-0.0158090690037
-0.00996613760729
-0.0172896177884
-0.0129394135831
-0.00744804150466
-0.00436549751637
-0.00881586078684
-0.010742700974
-0.00686534300533
-0.0175763124518
-0.00678821580083
-0.0140083852786
-0.0191450345364
-0.00948843242142
-0.017569767012
-0.00865119784083
-0.00504672229228
-0.00691371923088
-0.00678531698612
-0.00331117224096
-0.0102338164111
-0.00712299442287
-0.011754365327
-0.0104057800613
0.00298616254945
-0.0162647462176
0.0
-0.00825677311263
-0.00610237013228
-0.00913889892453
-0.0199477050466
-0.0138448589164
-0.0164713503237
-0.00693801491298
-0.00992906845431
-0.0100125528635
-0.013299716431
-0.0141355153639
0.0
-0.0109953372076
-0.0144163933333
-0.00918556769563
-0.0162858556597
-0.0199614374202
-0.0164946550579
-0.0199678004988
-0.0169077991441
-0.0250829485
-0.019455447113
-0.0212358860585
-0.0360664722161
-0.00912993394463
-0.0150168758555
-0.0216630125091
-0.0127484743626
-0.0128524992687
-0.0181279629393
-0.0244447550003
-0.0215843823689
-0.0311274158858
-0.0254045083894
-0.0289195409757
-0.030351189193
-0.0288357923445
-0.0314570614726
-0.027369622422
-0.0268976228608
-0.0251499890121
-0.03805597247
-0.0413567280405
-0.028734552791
-0.0333894543336
-0.0393284951032
-0.0450066972746
0.0
-0.0286581783097
-0.0272753008718
-0.0229810408237
-0.0265130533797
-0.0283640713134
-0.0199934630572
-0.0247872872737
-0.0227428272682
-0.0292768000687
-0.0341362334206
-0.0305110572236
-0.035227156668
-0.0214089185769
-0.022602328486
-0.024212884958
-0.0187492385634
-0.0245844576158
-0.0227656349243
-0.0286415048535
-0.0206068345695
-0.0292604619344
-0.0302385493657
-0.0305316588619
-0.0369841321344
-0.0189715363632
-0.0229002671226
-0.0179011210061
-0.0204694875327
-0.0262264201923
-0.018361414086
-0.0216865249237
-0.024627438618
-0.0240413702996
-0.0272679682676
-0.0213725991959
0.0
-0.0206477655664
-0.014518433458
-0.0125736860754
-0.0112116910614
-0.0144387166728
-0.0110497135799
-0.011983583728
-0.00605622713179
-0.0118150929668
-0.0185759977922
-0.0193012961812
-0.00731079048883
-0.028018634662
-0.027089363426
-0.0212788901943
-0.027136374493
-0.0244213187697
-0.0345489035078
-0.0243811241895
-0.027775079845
-0.0408907100289
-0.0273966649426
-0.0273201454095
0.0
-0.0331058360562
-0.0356400786068
-0.0269233601674
-0.0335063584594
-0.034074537297
-0.0279613787671
-0.0357208073934
-0.0382213253994
-0.0338811552348
-0.0311966162618
-0.0317876887854
-0.0396416129377
-0.0264608988935
-0.0300403980603
-0.0326803711321
-0.0298526642645
-0.0301499115689
-0.0331646407959
-0.0276238822623
-0.0314719901493
-0.0378055223865
-0.0411079332792
-0.0412971542177
-0.0471779897598
-0.0326441182615
-0.0408424563206
-0.0355640594227
-0.0467401524293
-0.0448747541947
-0.038804038069
-0.0396172547634
-0.0528629256597
-0.0511960186006
-0.0499233114174
-0.0458433300039
-0.06460667816
-0.0383431267977
-0.0321357948326
-0.0448789082276
-0.0441865427556
-0.0348689526767
-0.0363457934652
-0.0412377045493
-0.0374963583964
-0.0435206102897
-0.0399815097589
-0.0447293605902
-0.0422388065404
-0.034767492442
-0.0352723686771
-0.0377125087181
-0.0437726076527
-0.0398797107467
-0.0435783162581
-0.0473116656676
-0.0433830198033
-0.0478028005479
-0.0409407338102
-0.0507795321447
-0.0549305135311
-0.0443090730174
-0.0399830478305
-0.0427218568895
-0.035774726768
-0.0397169482027
-0.0399669859363
-0.0415885807485
-0.0362808934803
-0.0368276756815
-0.0367316795917
-0.0269565958668
0.0
-0.0334198678922
-0.0331518513243
-0.0323326277095
-0.0332872895357
-0.031783051396
-0.0315205499801
-0.0337163035998
-0.0322778591625
-0.0289391275643
-0.0325177672073
-0.0384948620766
0.0
-0.0305562981869
-0.0341155454015
-0.0332401368837
-0.0305220485411
-0.0333273559542
-0.0366851776003
-0.0400498416761
-0.0393488707837
-0.037352922565
-0.0441213257369
-0.0361722142266
0.0
-0.0364507506665
-0.0356177682024
-0.0407953741988
-0.0479426177662
-0.036926309221
-0.0359405554079
-0.0463572977556
-0.0361102028275
-0.0470556813397
-0.0438682763856
-0.0454187772735
-0.0643710879926
-0.0460317082328
-0.0413982489324
-0.0454765651918
-0.0358096487974
-0.0455392463657
-0.0568552638967
-0.0611094497641
-0.0510519841162
-0.049787817704
-0.0481143924277
-0.0657581986284
-0.0651349174385
-0.0490526797684
-0.049416832015
-0.0494410540716
-0.055291341335
-0.0564851065015
-0.0545744772267
-0.0503010397148
-0.0586970475528
-0.0592158592835
-0.0600879024983
-0.0555092311406
-0.0679051860534
-0.0561377600809
-0.0513933692363
-0.0620616594414
-0.0600219843559
-0.0603491043267
-0.0593803650311
-0.0493047291781
-0.0575928190017
-0.0535905230932
-0.0592000005622
-0.0580171061494
-0.0707347157264
-0.0504498352202
-0.0539178771079
-0.0554195102333
-0.0563031513375
-0.0451709910141
-0.0519821600253
-0.0532570896962
-0.0536509170794
-0.0485018517416
-0.0514265907306
-0.0546934086379
-0.0544339930868
-0.0406348758852
-0.0462472548598
-0.0475956351172
-0.0476847871222
-0.0459752367315
-0.0452486051085
-0.0470046731669
-0.0485422605463
-0.0430098082627
-0.0418490301328
-0.0393058701416
-0.0510184015202
-0.0466164516003
-0.049590393912
-0.0425869230439
-0.0430862086112
-0.0464543382379
-0.0441222325347
-0.0438136929117
-0.0445482289995
-0.0407282770099
-0.0440768380441
-0.0434022868652
-0.060194486464
-0.0413297095834
-0.040814264261
-0.042943328343
-0.0516140538076
0.0
-0.0466841798367
-0.0463492472594
-0.0502417810547
-0.0532549558293
-0.0474184972849
-0.048644227743
0.0
-0.0501481342475
-0.0541706579828
-0.0506058290829
-0.0574657541395
-0.0484434266146
-0.0505314699478
-0.0553581783331
-0.0474325361506
-0.0464388344142
-0.0565190176399
-0.0501937975954
-0.0666811222346
-0.053483876374
-0.0472920972967
-0.0475191902103
-0.0477331821944
-0.052228123596
-0.0554881214405
-0.0582333385715
-0.0523313678455
-0.0545506127673
-0.05754872922
-0.0546088995875
-0.0777963158367
-0.0590568698493
-0.0572628341435
-0.0586235741369
-0.0635006109872
-0.0654394021249
-0.060796659819
-0.0603506187718
-0.0628817521384
-0.0608081270004
-0.0616386411165
-0.0595220045959
-0.0782189065714
-0.0598845485614
-0.0634476239596
-0.0586958178527
-0.0610172425544
-0.0612958984691
-0.0618508737086
-0.0562721786524
-0.0620830018306
-0.0593275649549
-0.0615106456541
-0.0580262520853
-0.0673450477395
-0.0691902751151
-0.0634223824312
-0.0638366077276
-0.0634220679745
-0.0647492130522
-0.065473762129
-0.0635737712622
-0.0658124407033
-0.066503922447
-0.064921250598
-0.0648960967892
-0.0808355972193
-0.0598283714442
-0.060692147117
-0.0611205920766
-0.0586648853894
-0.0580643089613
-0.0603262916623
-0.0586002903229
-0.0604661457097
-0.052068708447
-0.0529097520042
-0.0518863255981
-0.0524953883401
-0.0544389063877
-0.0476242527888
-0.0518968120351
-0.0458468778176
-0.0542418969789
-0.0563294912811
-0.0519325018838
-0.0519025939
-0.0558202996316
-0.0494041483303
-0.0585943101333
0.0
-0.0491167135263
-0.0485944200109
-0.0461725910146
-0.0522305829328
-0.0514511058304
-0.0459507617449
-0.0465992458431
-0.0517215529434
-0.0494286022857
-0.0494313472131
-0.0484946345449
0.0
-0.0501608735253
-0.0564471674483
-0.0536397174608
-0.050559582074
-0.0477381706073
-0.05304160868
-0.0537914957346
-0.0532264942105
-0.0593940391034
-0.0593659859028
-0.0532930842387
0.0
-0.0606281593782
-0.0571736686916
-0.0671394099257
-0.0641232357364
-0.0575104717476
-0.0678938253249
-0.05986182908
-0.0652569385281
-0.073189015609
-0.06661942351
-0.0670084719777
-0.0760643057551
-0.0680226271386
-0.0702502109086
-0.0635230200294
-0.0716642569309
-0.0658780016668
-0.0715789717582
-0.0655733739287
-0.0717995439765
-0.0717595884563
-0.0751161223711
-0.0693686575484
-0.0893080431573
-0.0641624909636
-0.0629859723519
-0.0694920002608
-0.0692288665875
-0.0670928470791
-0.0676226188713
-0.0738221658045
-0.0701214340242
-0.0684355403703
-0.0693421819417
-0.0749384513209
-0.0800275982572
-0.0717266339404
-0.0706850437927
-0.0634880139255
-0.0641592490845
-0.0633808999664
-0.0666607581524
-0.067370346286
-0.0711117062209
-0.0685328714379
-0.0721455647998
-0.073509290459
-0.0727498128188
-0.073506068788
-0.0658318130906
-0.0662393284377
-0.060666602396
-0.0624603428441
-0.0706984844425
-0.0581358756694
-0.0712101317798
-0.0716830610804
-0.0649475704388
-0.0751485884893
-0.0770469319765
-0.060526329338
-0.0630482702592
-0.0605331368416
-0.0603271014623
-0.0592351333071
-0.0621625286933
-0.0647152972837
-0.0635388816025
-0.069159015636
-0.0593599148923
-0.056205593517
0.0
-0.0621959056627
-0.0584246833703
-0.0565665440947
-0.0637787850405
-0.0568350377389
-0.056720887386
-0.0579660648055
-0.0542575255611
-0.0590442530451
-0.0667924749239
-0.0541484436371
0.0
-0.0566786286814
-0.0604128630587
-0.0639528332413
-0.051475768255
-0.0457437326237
-0.0479432575274
-0.0502050696921
0.0
-0.0517515718932
-0.0527263486569
-0.0526909524647
-0.0788498942481
-0.0571895098698
-0.0578720729726
-0.05937804511
-0.0581971438794
-0.058765808059
-0.0631587861445
-0.0615514134153
-0.064584294735
-0.0717537016544
-0.0658216276123
-0.0577649312257
-0.0764046530152
-0.0633159090296
-0.0654488845257
-0.0671284959869
-0.0674412109501
-0.0679982742994
-0.0649455400277
-0.0608296079441
-0.0622413224739
-0.0718189093194
-0.0776442239097
-0.0710963497593
-0.0889775152293
-0.0656661576984
-0.0655929614407
-0.0663818313206
-0.0709377179811
-0.071088763624
-0.074755390491
-0.0704778151362
-0.0724062783817
-0.0751435790914
-0.0677576986531
-0.0775101966243
-0.090045569434
-0.0787085363374
-0.0785270950408
-0.0747399301071
-0.0808680963601
-0.0823227316074
-0.0766800468321
-0.0737842851646
-0.0778425372634
-0.0872637939948
-0.083769927829
-0.0803870381903
-0.0927126253871
-0.0728929392298
-0.0732886562317
-0.0709452572826
-0.0777846545379
-0.0831512369454
-0.07627511498
-0.073925016187
-0.0770883358719
-0.0790267377264
-0.079102702072
-0.0715676942503
0.0
-0.0520588900717
0.0
0.0
-0.0504595326458
-0.0630481026646
-0.0652555801532
-0.065137983744
-0.0689022056419
-0.0648553011731
-0.0677090463132
-0.0687530849001
-0.0655138412317
-0.0620019292348
-0.0620548692823
-0.067125976878
-0.0721132240525
-0.0651474172414
-0.0656356056805
-0.0614797193796
-0.0581499434235
-0.0671286536921
-0.0613608146726
-0.0740516177741
0.0
-0.0592703596307
-0.0584398535327
-0.0592110984776
-0.0582199439438
-0.0566776692477
-0.0594262139696
-0.0595711123011
-0.0573209434802
-0.0614591926965
-0.0617108035455
-0.0633304023286
-0.0780031119376
-0.0613689805837
-0.0660699979566
-0.0672512524795
-0.0696595652472
-0.0627630164666
-0.0685701617229
