0.0
0.0
0.0
0.0
0.0
0.0
0.0
0.0
0.0
0.0
0.0
0.0
0.0
0.0
0.0
0.0
0.0
0.0
0.0
0.0
0.0
0.0
0.0
0.0
0.0
0.0
0.0
0.0
0.0
0.0
0.0
0.0
0.0
0.0
0.0
0.0
0.0
0.0
0.0
0.0
0.0
0.0
0.0
0.0
0.0
0.0
0.0
0.0
0.0
0.0
0.115358229159
0.105683107798
0.058634299099
0.0508263739735
0.0497710910113
0.0391474993666
0.0322326387086
0.011631908621
0.00815213859722
0.00526924708764
0.0181858633443
0.0398052836144
0.0781122626391
0.0739961055384
0.0746542748665
0.126328179064
0.117020809555
0.121114548204
0.104148434046
0.102942625592
0.105120900071
0.10121202638
0.0856730930074
0.077675533311
0.0791679120679
0.0752105270654
0.0507893023909
0.0416895210815
0.0426267211448
0.0649334458138
0.120769446249
0.121969353214
0.0991314369867
0.0783285737528
0.0424313347023
0.0236532340274
0.0129903370342
0.00855628534769
0.00687997301293
0.00389788373506
0.0160651985686
0.0259973724864
0.0321576557183
0.0
0.0362550459697
0.0544504172555
0.0727342564718
0.0858780770398
0.0992477263229
0.104980904618
0.143085543667
0.144462010088
0.163391488919
0.167975628612
0.170874918852
0.177316627992
0.185992911475
0.2260757724
0.213229746227
0.191871575189
0.185313255937
0.175661424415
0.202801844472
0.220939331463
0.223367121227
0.188028761416
0.197264014262
0.207060718308
0.199934244639
0.201260935806
0.220266576705
0.265697381323
0.223237507648
0.179721258774
0.165127038234
0.205357889526
0.210485766828
0.211797511303
0.215902884722
0.220057403855
0.21625220224
0.185377206579
0.20780472935
0.218778775329
0.208587832097
0.204666332072
0.220807660998
0.238634470776
0.258438308691
0.252450932726
0.269819845942
0.276041961744
0.277852955454
0.291827077038
0.322184590381
0.354999501472
0.367910141925
0.350601356479
0.330247575038
0.330030317958
0.352416833963
0.354467125589
0.34840839085
0.358953290927
0.431394356874
0.486601063079
0.0
0.0
0.547100611522
0.564107700872
0.0
0.0
0.470402733261
0.393678792771
0.346368145315
0.316862498757
0.316181023162
0.262308008527
0.230112533428
0.245175698085
0.240880457546
0.25645012123
0.287644329756
0.301703047447
0.314998365677
0.316055967655
0.292535190632
0.315578646681
0.354323075408
0.349445690365
0.304768461161
0.283943731985
0.281149542133
0.303113445427
0.281495567362
0.296323380433
0.30045352671
0.317457052281
0.33473799726
0.0
0.0
0.0
0.0
0.292622266584
0.295901163779
0.299685771558
0.334337654229
0.33262951916
0.302023952176
0.367665270883
0.349184487995
0.293484637688
0.0
0.0
0.0
0.0
0.0
0.0
0.0
0.446986524021
0.468431237133
0.473176764897
0.479012065692
0.47993534093
0.518286356093
0.0
0.0
0.0
0.588373370304
0.651130452007
0.660072882781
0.652795051785
0.6815285482
0.703421988837
0.0
0.64347592915
0.575368985646
0.525930751259
0.491908817127
0.443341757674
0.433888532241
0.419951605932
0.448610161889
0.445073607185
0.458745672779
0.453294670385
0.468792486979
0.456858364297
0.450954506275
0.482666652128
0.518939952838
0.523199807146
0.52891581629
0.512429581117
0.497977902894
0.458369351341
0.464895742121
0.452616972441
0.453017071007
0.455402445754
0.466026259187
0.49180813208
0.514356391857
0.48998383344
0.478722973689
0.497540362765
0.534496941794
0.52070564925
0.469846731018
0.427092324685
0.448515675681
0.439951072716
0.425616501118
0.422954446976
0.423548497513
0.408172348209
0.407685930822
0.404006894346
0.434875856299
0.449091921666
0.409129892703
0.397374327234
0.350400714139
0.330250927718
0.316840440256
0.342098328337
0.390108529888
0.415842385168
0.353502524191
0.348621361399
0.329356246334
0.343258884705
0.351651933639
0.297714522359
0.280746157125
0.0
0.262953264657
0.2406903002
0.231234693828
0.209818357493
0.185778456116
0.203499566411
0.213475239826
0.205904382638
0.187800987759
0.151665609174
0.10941758329
0.0766441155989
0.0464532859875
0.0558009390082
0.0818143384322
0.0848400108036
0.105565144189
0.12557522695
0.149840601508
0.171663389036
0.196769973808
0.151076355751
0.104179801368
0.0845166532811
0.0686783846804
0.038066658345
0.0494949043842
0.0537599605869
0.0362538501375
0.0294008725704
0.0105714356957
0.0392767540328
0.0370139852203
0.0228560139651
0.0102098480735
0.0129987351957
0.031907353593
0.0400320613281
0.0673144064507
0.0791329325697
0.0632373309584
0.0372281567216
0.0138600257081
-0.0393650492563
-0.055403036626
-0.0663889089836
-0.0742491359498
-0.088614638332
-0.0977843415808
-0.0870908183704
-0.0861044974889
-0.117714209553
-0.11266984899
-0.123880427756
-0.129370156804
-0.116255508104
-0.117656701233
-0.147401302399
-0.13387046013
-0.133432917545
-0.123249741322
-0.110371139315
-0.0885668855491
-0.0984488176482
-0.138045007212
-0.146538342588
-0.130884017921
-0.118925696688
-0.120899213464
-0.119385050573
-0.101894228747
-0.0815273782661
-0.0959399867174
-0.0857345140926
-0.0623812805827
-0.0737324961155
-0.0761993678395
-0.0692800707019
-0.0640166043155
-0.0495240562111
-0.0390038500349
-0.0548831153365
-0.0575848647111
-0.0449027775072
-0.0260338747908
-0.00350940303617
-0.00146786107037
-0.00595791733452
-0.014341857997
0.00666865849783
-0.00321253653646
-0.00024421233297
-0.00147807115921
0.00936492104945
0.00690428385885
0.0
0.0
-0.0145482110823
0.00778260553741
0.0261271233063
0.0371305889662
0.0324143163895
0.0395414927791
0.0431363394276
0.0372441317811
0.0561321109353
0.0231275384524
0.0192565876228
0.0190880636728
0.0127330981065
0.0307926849133
0.0597354500015
0.0779013338737
0.0620300164656
0.0768429792201
0.0484749406729
0.0676572823276
0.0710988694461
0.077031968
0.07363093083
0.081113031745
0.0830189117817
0.0850801279046
0.0656344337756
0.0809461657139
0.0888372213571
0.100107007495
0.131520770958
0.137030304787
0.177504694313
0.170016564532
0.150153236007
0.137982798007
0.131036547051
0.122567738284
0.0981325108899
0.116168145312
0.125102864251
0.120315410587
0.115811821927
0.115584991652
0.0718463695249
0.0719795178381
0.100040170583
0.120461507888
0.130349671304
0.145613896639
0.155064944049
0.155806222305
0.135038857611
0.106832731108
0.117807028415
0.110131965796
0.111273196474
0.100334337303
0.0979547331103
0.0782987601327
0.0764213413581
0.0895768651234
0.102497397101
0.0999910897736
0.0697993947815
0.0480688667464
0.052707011167
0.0475656177105
0.0677891691574
0.0665528160678
0.0520195335475
0.0230405165812
0.0412894443459
0.0195527431332
0.0127057343702
0.0243750796394
0.0281490756204
0.0437918063131
0.00916180205246
0.0393656291175
0.0597326697726
0.0960378579343
0.101214684233
0.112745992061
0.139152033659
0.119338013154
0.0859775641979
0.106043449274
0.117902476884
0.084476530133
0.0567910842057
0.0423017966942
0.0605173980658
0.0894141697508
0.0
0.0805977824723
0.0709194569243
0.0944594973885
0.0894436196558
0.0797719271882
0.0406177320655
0.0332846950221
0.0322007425136
0.0574000614499
0.0586187327174
0.0625708208203
0.10307957361
0.095423375713
0.0912888705918
0.107712341854
0.128657980688
0.135640127273
0.166082702862
0.146559424199
0.130112042365
0.13058864998
0.101987208293
0.10008503548
0.079139205557
0.0779531485043
0.100644857097
0.109808823204
0.130879774061
0.177715754065
0.0915021333308
0.0961335174457
0.0948203890813
0.0900803539116
0.0990726973562
0.117785158001
0.141263752314
0.181950767131
0.194527956223
0.237303085776
0.234265011331
0.190726125977
0.147800837781
0.139472501304
0.156869716284
0.180203327108
0.191354465176
0.133155060235
0.145603998914
0.147181099599
0.133234002901
0.083785044443
0.0723451975445
0.0865667662047
0.100202552206
0.145566347629
0.161451861129
0.175478926246
0.143747613491
0.138480294531
0.166926641443
0.190082965807
0.230010573138
0.224951855575
0.26859851114
0.257042813137
0.2762508595
0.279983325359
0.301959738429
0.305634211833
0.247629178209
0.236174301392
0.281299363644
0.356707865966
0.342522894682
0.300176869817
0.293190495546
0.291153915489
0.305630802105
0.332431141684
0.409158167755
0.429667538497
0.0
0.41334968893
0.394218060613
0.359627119406
0.331520504161
0.32550109093
0.29516050414
0.236918620912
0.240289924405
0.266629483994
0.299430446311
0.313012825828
0.357155267368
0.392549061102
0.0
0.434686925454
0.431068937688
0.416670168703
0.427525997184
0.385335869132
0.359301413157
0.36802038568
0.353153152577
0.338143151881
0.354271695761
0.292641150907
0.297489289058
0.304192248533
0.276949445516
0.282598038541
0.295552816684
0.33533981557
0.335170906406
0.330265190501
0.304732918491
0.312415194491
0.26266079021
0.248714033368
0.27613531949
0.271517716249
0.29795326638
0.302925466835
0.262395054879
0.251617038147
0.256111585059
0.274624593425
0.236501755979
0.211574100052
0.192841572314
0.212540692666
0.174446845038
0.156211371629
0.154761876111
0.150487016051
0.150926562336
0.147521748388
0.139753263161
0.124339043455
0.133524973769
0.169379835291
0.155624281737
0.162687503076
0.144417114823
0.150129619533
0.104250290966
0.102530561771
0.101270874526
0.100751134588
0.0911462704349
0.0800762629884
0.0544309854374
0.0657872022449
0.0572877221689
0.0681675192492
0.0513327285879
0.0269883748231
0.0427053824142
0.0693069924817
0.0981067349354
0.0807910243472
0.0679144413803
0.0704737816922
0.0796363605321
0.0848876194605
0.0940058962648
0.0923733179479
0.135167583788
0.155592288611
0.133977982348
0.0882159150368
0.0470485619407
-0.000494473989672
-0.030196725187
-0.032496230096
-0.0272697187959
-0.0321644301862
-0.0263214461769
-0.0409477308058
-0.064793225914
-0.0598571874231
-0.0504663028858
-0.032148357069
-0.00193894955719
0.00694865498766
0.000355234838943
0.0181009334576
0.00432639235243
0.0133101651974
0.00442854027177
-6.75099593179e-05
0.0
-0.0117812305599
0.0148146340286
0.00650392292633
0.00338454376837
0.0185430677612
0.0248826626179
0.0294495283299
0.0513775366572
0.0658197194303
0.0795558176343
0.0928153938471
0.0853078500565
0.0702662617002
0.0681812004544
0.0420714772372
0.0459343896451
0.0517941093028
0.0529947830619
0.0795849460719
0.0632912573423
0.0742667388632
0.0713074098599
0.0604189613715
0.065488690146
0.0696721334187
0.0465080996354
0.0546969255646
0.0698746101394
0.0286126305478
0.0272711630449
0.057715456832
0.0577714891847
0.0567727010137
0.0522143976059
0.0488775890228
0.00578448956191
0.0096468623374
0.012085928194
0.00768481882527
0.0310007182381
0.0240787648484
0.00332832284075
0.0164147729939
0.0127768580648
0.0247726700283
0.0194135410041
0.0229091183149
0.0175018283473
0.0225457725695
0.0248616148399
0.0388447852281
0.01712928924
-0.00948765928077
-0.00709473503555
-0.00454758364595
0.0477137449096
0.00270667046099
-0.00323678408002
-0.0186250182304
-0.0388015903332
-0.0280966500789
-0.0355079445246
-0.0281975358953
-0.0399363651284
-0.0684173261216
-0.0663659161656
-0.0559715271313
-0.0753640342199
-0.102094015942
-0.118303389102
-0.115159958517
-0.124848562817
-0.13215047988
-0.143608118842
-0.133287564999
-0.126063991015
-0.120761732324
-0.129009261655
-0.122398423784
-0.12177426143
-0.0906041421583
-0.0737109708087
-0.044914590495
-0.0679456806948
-0.0374967127443
-0.0324923309463
-0.00153396069442
0.00115910010469
0.0464664513447
0.0975290018229
0.134781600776
0.112807491425
0.116000848288
0.120156052
0.118061221205
0.0
0.118146045044
0.118991730746
0.120856240007
0.117851830809
0.125070946285
0.113832700326
0.104151173941
0.122144210569
0.155845712107
0.188726762148
0.268804867391
0.0
0.0
0.276599579214
0.235830966537
0.19819913609
0.215143530756
0.279509656437
0.278215455082
0.299124463362
0.332134739546
0.345783468755
0.346996674465
0.37208523949
0.401236728357
0.375754518147
0.401383691849
0.434926481278
0.506295024067
0.471649340274
0.435744817724
0.439691384393
0.433863798413
0.407828851068
0.412585231455
0.377130090058
0.400256593375
0.407337371248
0.400071171804
0.3515982657
0.323598121869
0.318835378788
0.319463869897
0.32258267335
0.343586950043
0.311650671183
0.29296653337
0.252515507899
0.245318061588
0.244703087811
0.26940735757
0.255359270378
0.247668820626
0.293727829282
0.372253028952
0.376150970605
0.356563286854
0.360821996563
0.34240314296
0.365085750259
0.30562103974
0.235189929865
0.195670999391
0.210965579582
0.208154639639
0.209669030844
0.197897139745
0.210029570695
0.224630396797
0.280441567826
0.327338308176
0.340393838893
0.30875621312
0.262505154505
0.220122120356
0.205955295178
0.254300653934
0.27320647057
0.287459647782
0.264839651264
0.300284753855
0.285412252235
0.274896116546
0.209325543935
0.259909032789
0.300643947231
0.282632368524
0.244126610252
0.239086975071
0.275030923548
0.3182007294
0.358283722926
0.350689830757
0.331890960045
0.358355792921
0.0
0.0
0.32267336753
0.270131941489
0.166624504745
0.153929464472
0.143083196756
0.177700937235
0.255129308637
0.239190825683
0.199753897216
0.192001858428
0.246624595619
0.237914515428
0.19051050309
0.184258436579
0.0980871460406
0.101626796398
0.117314668177
0.139638404267
0.125451149838
0.130289149746
0.049910760809
0.0581910302922
0.0870520457402
0.0983995909297
0.119613688154
0.0897435568943
0.0833543407827
0.0963422518941
0.206785638625
0.194735198771
0.224611524196
0.172207466773
0.123826501865
0.115777712156
0.136948217734
0.128084730458
0.0667657768689
0.0672368238973
0.0463935039218
0.000586813530809
-0.00402903874092
0.0411867007185
0.0849387734722
0.066668512019
0.0128856731405
-0.0772496811974
-0.156710759799
-0.142036073473
-0.1357318729
-0.0995388802288
-0.111265309469
-0.137077761433
-0.129225035023
-0.136071689679
-0.156568137826
-0.153837276155
-0.149414723704
-0.166915449015
-0.171098568897
-0.151969590716
-0.128599896042
-0.125372273413
-0.128086331132
-0.117209917725
-0.128090711757
-0.130774570999
-0.108854766959
-0.105327882426
-0.0966128510282
-0.0652531707765
-0.0711268299218
-0.0561239537836
-0.0484202321161
-0.0339805109699
0.0469198024864
0.0765972326282
0.0500358852154
0.0196134900497
0.0197578670429
0.0290264656139
0.0195985988751
-0.00442674486954
-0.0230403350969
-0.0141660352839
-0.0172947698854
-0.0246804623362
-0.0237045913165
-0.0139900704175
-0.0103780125017
-0.0188639338366
-0.00822884250107
-0.0105748814762
-0.0138748693933
-0.00644670193366
0.0
-0.0237936336072
-0.043951554816
-0.0431251138603
-0.0504470992087
-0.0551526652563
-0.0350947668282
-0.0195248053589
-0.0222716843804
-0.0407557986623
-0.0435403310827
-0.0709164927904
-0.0723228056352
-0.0707651374356
-0.0456377121773
-0.0783818811756
-0.0819961366746
-0.0892353594587
-0.0835671824287
-0.0927314241507
-0.085365589108
-0.0598511087603
-0.0626606007709
-0.0487293076449
-0.0487840078692
-0.0722434677798
-0.102596475265
-0.0595022304319
-0.0636777743398
-0.0290506776898
-0.0241894732721
-0.0146541957273
-0.0149249057272
-0.0146395816031
0.0
0.0
0.0536421653013
-0.00543831368371
-0.013642160075
-0.00843261699497
0.00884524075584
-0.0143468625987
-0.00631609830842
-0.0208547486026
-0.0486152993417
-0.024709875371
0.00999264529199
0.0274768869352
0.0269239561387
0.0161165781034
-0.0122328904163
-0.0134379955724
-0.0253871054613
-0.0580698861877
-0.0523763251916
-0.0403909007356
-0.0487057991766
-0.0455244302655
-0.0373445232605
-0.063368714072
-0.0724403838614
-0.0885803356134
-0.074916342713
-0.0836561197419
-0.0969907399475
-0.0943732354997
-0.0917886587929
-0.0905924974677
-0.103898613426
-0.0808176691601
-0.081587651647
-0.0986255859338
-0.101528039292
-0.130747573446
-0.125458231875
-0.117545992182
-0.113052227725
-0.101659172278
-0.0784937598424
-0.0667687383132
-0.0712773232528
-0.067528559826
-0.0906867250632
-0.0873993638433
-0.0775864498311
-0.0869315523866
-0.0860965767087
-0.0448641120378
-0.0245497515952
-0.0433419566933
-0.0716554245243
-0.0738817327134
-0.0678239169881
-0.0629426850923
-0.0505911368163
-0.0439865118063
0.0
-0.102813923631
-0.104968191313
-0.0563669358447
-0.0312476207123
-0.0247693507869
-0.0135950907609
-0.00466201261306
-0.022176829592
0.00477261205148
0.0379379387879
0.0459945791887
0.0521266956637
0.0524769951268
0.0409047499646
0.0363621274029
0.003726501857
0.0172458787751
0.0558245792811
0.0622542496994
0.131622754191
0.23999079944
0.0
0.234616740186
0.228426488994
0.2071101258
0.205874298971
0.207123397829
0.171317801603
0.192811146942
0.246869463419
0.264726963048
0.320749843595
0.30492240572
0.0
0.28175683073
0.172179678312
0.136910801748
0.15816821316
0.124019419272
0.100528741543
0.0944246214303
0.0901457869233
0.0819604689619
0.137911825689
0.186454042673
0.21239000292
0.207659550281
0.169394726274
0.160632516606
0.184997663045
0.192955954209
0.210694646101
0.208052980775
0.232081087468
0.0
0.257516198508
0.160492391751
0.107671263962
0.0789724262939
0.0509895501971
0.050232310434
0.0558739355523
0.0619199997595
0.0478457046323
0.0423345518663
0.0701320193228
0.0559252880922
0.0561519259081
0.0400165223044
0.0463187174521
0.0844219385231
0.108770665943
0.119746619586
0.0995131476752
0.0531235385406
0.0422114598637
0.0630737737693
0.0825997033951
0.11696450109
0.197497979487
0.168919106482
0.184424747492
0.145996457333
0.118263899483
0.0939096353682
0.0792835420477
0.0616338296193
0.0522091390336
0.0434679385054
0.0682888521604
0.0218466532894
0.00248926852383
0.0204200764632
0.0281457521617
0.0588951410267
0.0
0.135663819617
0.0
0.0
0.168835161916
0.123950470567
0.0862844559118
0.0816074507908
0.0869393652726
0.0432365112907
0.0132798500097
-0.0112412858888
-0.0591433701798
-0.0511805251046
-0.0432716792031
-0.0507700021388
-0.0470382369382
-0.0617328798913
-0.0828251273498
-0.126795922711
-0.127913468038
-0.149650032879
-0.154071785338
-0.159430541168
-0.200434377451
-0.215823458366
-0.194713168204
-0.203758363532
-0.201692673163
-0.186155531099
-0.176688225377
-0.194662143717
-0.205634231853
-0.209635179489
-0.215025137321
-0.220607852722
-0.244482036156
-0.245828866308
-0.231487220996
-0.222249140018
-0.205438971593
-0.20553785064
-0.191601843053
-0.186246586186
-0.181689945924
-0.204880616894
-0.190849666655
-0.181313278398
-0.178721662057
-0.17952792992
-0.147434003434
-0.168541643525
-0.152188716804
-0.151747297057
-0.151872883848
-0.140534649112
-0.131923489153
-0.123450323735
-0.117415513825
-0.115776728051
-0.139722452597
-0.12858443116
-0.122428338
-0.117129328965
-0.144867439616
-0.143459150362
-0.132069979993
-0.135015691309
-0.138507864578
-0.123127798867
-0.119181495452
-0.124709794292
-0.127863159845
-0.13423627879
-0.13320765813
-0.128728093911
-0.13511323627
-0.132354503532
-0.134618629329
-0.151092358621
-0.122523480393
-0.138790559542
-0.145476375488
-0.133425487763
-0.139306793496
-0.127749446047
-0.146335702966
-0.12831576387
-0.11782577044
-0.112025346394
-0.108879949491
-0.0982902858566
-0.103339213747
-0.0988537600051
-0.100418560074
-0.114144890877
0.0
-0.0918637121145
-0.0987271821355
-0.12589540604
-0.107650523278
-0.114158774223
-0.0920702742038
-0.10202219464
-0.105110528911
-0.133463336296
-0.154894394853
-0.115496733315
-0.15631792212
-0.114922537649
-0.12290279636
-0.11971470397
-0.12145998654
-0.132842581706
-0.120243632327
-0.121490404318
-0.113590637313
-0.108940858648
-0.137577722131
-0.146696892286
-0.217380912746
-0.205777423615
-0.150866894519
-0.165653136345
-0.151940566854
-0.141339867349
-0.173058683604
-0.189170200915
-0.172940214201
-0.183774833674
-0.182222326813
-0.165374590254
-0.198012082152
-0.201097340433
-0.184222042118
-0.189373639413
0.0
-0.187773782518
-0.198802085884
-0.193792025782
-0.199940657532
-0.194542200597
-0.202133949136
-0.23545072273
-0.254048751224
-0.23911235764
-0.244522060746
-0.225506629553
-0.235575428701
-0.241956207187
-0.233104822908
-0.223964393222
-0.230590647904
-0.255997633243
-0.239744666594
-0.236002656999
-0.224308564224
-0.203030683154
-0.208916922072
-0.214476074558
-0.190400039922
-0.187664180472
-0.181461129248
-0.188603900198
-0.198251169174
-0.181705007895
-0.172623813602
-0.16172441208
-0.149258810641
-0.152019769182
-0.151285049279
-0.179716203942
-0.157834323023
-0.160427455893
-0.144753205454
-0.144126487638
-0.140759226198
-0.147637089685
-0.140492804558
-0.141726151278
-0.138207910473
-0.133445344996
-0.166446452518
-0.201398805868
-0.177246432835
-0.155656006451
-0.144374586856
-0.142437803261
-0.137129347483
-0.157839255402
-0.156650168654
-0.14664015627
0.0
-0.192754765068
-0.190114607921
-0.137867479497
-0.113042818759
-0.105598778221
-0.111809050116
-0.126009748378
-0.108878590654
-0.110005314017
-0.107558623491
-0.0901244232487
-0.133480294029
-0.150642647726
-0.162071842752
-0.159156945678
-0.134664398443
-0.111829529815
-0.105211515198
-0.0846091944459
-0.077508020295
-0.113752071016
-0.0937932974998
-0.112290052675
-0.113079791712
-0.0973667759886
-0.121501968731
-0.106949748014
-0.0796519599126
-0.0908784884386
-0.0803592709159
-0.0451133869974
-0.045867771148
-0.0375001605854
-0.0152550095799
-0.0339558856565
-0.0301601471769
-0.0386504638191
-0.00546740345951
0.0192958737301
0.0444729506558
0.0299001358164
0.0088534695432
0.0222354440417
0.0449286244467
0.0504077529831
0.0390229026733
0.0203521859568
0.0441533058475
0.044950989394
0.0540147957417
0.0396728753725
-0.00105786687091
0.00783937452086
-0.000860394412199
-0.00560922370955
-0.00744106544101
-0.00894523728984
0.0140305279393
0.0687458466745
0.072544186153
0.0865967162209
0.070711293727
0.0641897698819
0.0223997540054
0.0125418724708
0.0124456352116
0.0132287649692
0.0126361079378
0.0210511534935
0.0367136187912
0.0438157192804
0.0429574702431
0.0767114783002
0.0628093782786
0.0338019640334
0.0182637281088
0.0200340371854
0.0191072724144
0.0270314345393
0.0681228936896
0.0973096029448
0.0624725432524
0.0656089746434
0.0768520823987
0.0606945021788
0.102724936381
0.108908857201
0.0803926468216
0.0571869372854
0.0448797217909
-0.00856256841004
0.000142906322684
-0.00279091962066
0.00870226491519
0.030380783179
0.0
0.031363268366
0.0283959886826
0.0257310058544
0.0317449562696
0.0570282483159
0.0310850466175
0.025904788452
0.0231045999646
0.0550013617705
0.0806989520583
0.0814451336394
0.0487031995493
0.0372837617452
-0.0246721524174
-0.0407657102556
-0.0346686745367
-0.0606368629634
-0.0688403043698
-0.0392669834149
-0.0423235590397
-0.0305651923557
0.0289046552957
0.00813276150147
-0.0283404589624
-0.0348338721368
-0.0365327094658
0.0201669786698
0.0403703132947
0.0347216486129
-0.0101597169402
0.0390059335832
0.123603745292
0.0
0.0
0.0
0.0524381272062
-0.0168559772922
-0.0707257794035
0.0
0.0
-0.0726226127491
-0.0730440184471
-0.0307750838356
-0.0352271934646
-0.0611186018046
0.0515062105878
0.0272556623366
-0.0520728091028
-0.0610499105767
-0.03759353558
-0.00904160441689
0.0028160839169
-0.00949107343914
-0.0426499780601
-0.0669667141734
-0.076915154997
-0.0973112644688
-0.110414275032
-0.0980464597574
-0.103131933129
-0.0919818659736
-0.108298836329
-0.0995268331088
-0.107383126613
-0.087721399977
-0.0637294799213
-0.00422651903444
0.02077141742
0.0255890055211
0.0456830479194
0.0647025616691
0.0653302495503
0.112204901243
0.0708511456016
0.0281201230099
-0.0245235297878
-0.0516896219352
-0.0759420077469
-0.0634830408833
-0.0662887858463
-0.0347800605987
-0.0513513400538
-0.0579403391517
-0.0659955769852
-0.0727584682822
-0.0721834726737
-0.105783347409
-0.110321345491
-0.130518831403
-0.132626778289
-0.12048951394
-0.103873375382
-0.0976663926531
-0.124784551288
-0.133301905971
0.0
0.0
-0.143158438258
-0.118073698801
-0.116863987416
-0.130130950748
-0.160075487129
-0.172142146343
-0.133296327277
-0.180844936501
-0.110479103198
-0.132758421805
-0.132877691412
-0.172325992919
-0.159915936968
-0.155276206637
-0.160530140463
-0.138836522113
-0.173308536472
-0.178756416971
-0.188577265234
-0.233503477047
-0.184995681797
-0.177816321296
-0.173104329192
-0.165318161616
-0.182023002196
-0.190312373426
-0.180133961969
-0.190591011131
-0.183639171644
-0.177410366735
-0.206487181137
-0.201280241708
-0.186740402816
-0.138241561889
-0.120746541
-0.139939367783
-0.149120331838
-0.156201108231
-0.145011890817
-0.13663064712
-0.152870331562
-0.194356212272
-0.177575347676
-0.159633345951
-0.16311048587
-0.181277228353
-0.178127501385
-0.166607365871
-0.165380028396
-0.189098122062
-0.188442183835
-0.189422760571
-0.186309048199
-0.179505168267
-0.180175940312
-0.21711915597
-0.213253994745
-0.208071758206
-0.209620992805
-0.223083785881
-0.21161311746
-0.221971406676
-0.216158376512
-0.217684126815
-0.213526574865
-0.196654055101
-0.212181477109
-0.198678414539
-0.208678092759
-0.200736460537
-0.203367301024
-0.207357863321
-0.194426651323
-0.211504789841
-0.208707644345
-0.211698039919
-0.210611693136
-0.200356385565
-0.221545554098
-0.212118047349
-0.207624554937
-0.211481226329
-0.220245620313
-0.192577564521
-0.191381966943
-0.189514783842
-0.146042683958
-0.160050685894
-0.13163955681
-0.140911343429
-0.153961143365
-0.158052386146
-0.146742750126
-0.150352516188
0.0
-0.206628208369
-0.140028983915
-0.118363406851
-0.138884508407
-0.130471899506
-0.162696557895
-0.156841388748
-0.154608722726
-0.137894590514
-0.135008609961
-0.171242566794
-0.171294580918
-0.182560205169
-0.140255544127
-0.120020515482
-0.114453323244
-0.0889477775598
-0.0570041164221
-0.107451856623
-0.0903331383044
-0.109987593562
-0.100916072649
-0.100034302014
-0.1368253071
-0.132752307843
-0.121076397621
-0.115235082853
-0.107059169144
-0.113067555608
-0.134418537296
-0.0967980209334
-0.084771458148
-0.0731455627305
-0.0757577637777
-0.0921139235824
-0.0613822114273
-0.028640853106
-0.0123138018993
-0.0119855594486
-0.00135591427671
0.0233977753006
0.0317194956313
0.0470067032004
0.0250275876229
0.0464740898875
0.0424423380583
0.0296724919856
0.0326758959699
-0.0509337840633
-0.0321454269962
-0.00667225677716
0.00901898942397
-0.0138792379207
-0.0295823793503
-0.0407534693124
-0.0349415924839
-0.0362999949234
0.0112694525075
0.0364917433528
0.0469443788261
0.0443579698932
0.0468757778269
0.0474122370269
0.0461346970897
0.0267488770573
0.0169597279013
0.00359565163192
0.0410722938237
0.0705224081884
0.0613788679131
0.107288899756
0.0852718961588
0.117454139535
0.132677400958
0.102683615068
0.11483525554
0.110141991414
0.0792524028482
0.0715907918608
0.074499489537
0.0482407077126
0.0355712030333
0.0685930885134
0.0840428587338
0.104936986936
0.101760157838
0.102372814236
0.120627301441
0.098874737618
0.0648353027506
0.0500079710413
0.0254950327386
0.0190998640962
-0.0119298639204
-0.00270898456763
0.0
0.0315598493353
0.0390987109009
-0.00316793360392
-0.0339049681482
-0.0480124068454
-0.107932525192
-0.0760252950761
-0.0985782059902
-0.0594263299996
-0.0528254978189
-0.0872007885173
-0.0274489231133
-0.0440658262514
-0.0447806007145
-0.0479976392263
-0.0921341792517
-0.110860763272
-0.113995225222
-0.121214160682
-0.115629384191
-0.111688265636
-0.137340377909
-0.132373582818
-0.118433193396
-0.116929716209
-0.110121140894
-0.125297403826
-0.0856397285998
-0.0534056698013
-0.0248869575936
-0.0186197637453
-0.046384012715
-0.0543170684404
-0.0550288573627
-0.0746698427456
-0.0829968172629
-0.0745718406458
-0.04587173965
-0.015900531758
-0.0175442486908
-0.00735173651825
-0.0195364003373
-0.0196833451813
-0.0213211385562
-0.0424331555142
-0.0309092506491
-0.0273219219604
-0.0345484550014
-0.0293794845932
-0.0166792016216
-0.0131093741509
-0.0326112823403
-0.0372489206289
-0.0457056732855
-0.0492910268971
-0.058212280737
-0.0680647699481
-0.0943277175648
-0.103609503359
-0.128504795593
-0.130320642317
-0.128463123908
-0.147786284056
-0.135435766255
-0.134235516344
-0.142253157591
-0.137148992102
-0.140979166797
-0.145781881306
-0.138467464304
-0.135055972198
-0.147194624474
-0.132363501184
-0.136823057722
-0.13442664711
-0.130084203465
-0.132506689188
-0.141444512247
-0.12016139541
-0.139777983388
-0.143942018401
-0.149096708545
-0.147657552264
-0.151610812856
-0.150373814957
-0.147201610818
-0.143298717078
-0.150449610455
-0.136644253024
-0.147221850778
-0.138888750125
-0.13262115886
-0.127232019361
-0.135605788862
-0.150912150447
0.0
0.0
-0.165607723167
-0.142030479245
-0.14697144017
-0.124812507028
-0.131481295746
-0.152529620824
-0.145699825761
-0.149644874958
-0.130925959546
-0.139122260178
-0.146003534371
-0.160895200387
-0.165248972377
-0.205828387296
-0.168451097142
-0.139663094966
-0.145937302342
-0.147613486067
-0.159348312273
-0.156497569889
-0.148549478184
-0.141019918641
-0.16079962937
-0.17234977623
-0.176980590808
-0.196117019396
-0.1823560578
-0.157652302951
-0.164703712715
-0.158228537792
-0.157288011448
-0.178904818755
-0.159022934645
-0.156757885912
-0.129556055488
-0.152634560445
-0.193503014942
-0.152054556705
-0.141217851543
-0.119224495047
-0.100778838965
-0.11214227269
-0.101562739952
-0.118457968941
-0.124104045086
-0.118602438729
-0.161199286581
-0.143068125187
-0.151738649222
-0.142398000481
-0.16512669744
-0.16468958449
-0.156554951973
-0.151171691184
-0.164478862041
-0.178749481725
-0.161198931947
-0.157323476726
-0.139637854437
-0.124774036975
-0.118550464022
-0.0987567539809
-0.0813048840889
-0.0765819794398
-0.10486928976
-0.106639078855
-0.108528179569
-0.0944219899629
-0.0676687289306
-0.0494296470573
-0.0443523133852
-0.0842072063207
-0.102301722951
-0.127930194289
-0.111901310079
-0.101368747697
-0.0835936493726
-0.076830000189
-0.0636978714929
-0.0706181148821
-0.0691518472079
-0.0682902146799
-0.0980638890246
-0.0878903249161
-0.0894877761631
-0.0890383092283
-0.0677428257162
-0.0763141000469
-0.0911676172829
-0.0725047893006
-0.0569065551197
-0.0765773379727
-0.0773972923062
-0.0718405906418
0.0
-0.060585477412
-0.0847226206391
-0.107620480247
-0.100979330593
-0.118880743488
-0.158722428031
-0.110153588508
-0.105230395237
-0.107664779701
-0.118369313491
-0.106868484086
-0.0820660219714
-0.0665502787161
-0.0513113032586
-0.0616073893908
-0.039617884095
-0.0408786768364
-0.0154175332264
-0.0119070137798
3.22492365219e-05
0.0346720284495
0.028808142945
-0.00462468560294
0.0143882156974
0.0208034798283
0.00276221294453
0.0271480758155
-0.00412325412831
0.000283170536691
-0.0118738102972
-0.0203475809248
-0.00738277480559
0.00941525523201
0.045559876941
0.048779669891
0.091828683074
0.0841612248043
0.0436644793241
0.0687223469881
0.0971218116625
0.074966730302
0.0772309312504
0.0573333340706
0.050209501585
0.024057227957
0.0302470689713
0.0140461092282
0.00765226355587
0.00586618305031
0.00720580981162
-0.0109279585532
-0.0188708174899
0.012715085211
0.00299635470016
-0.0236402715689
-0.0360287065116
-0.0427905218878
-0.0385060287866
-0.045809315901
-0.0532150607321
-0.0482967636244
-0.0484948718657
-0.0675383679271
-0.0580195459427
-0.0270487155105
0.00359415860983
-0.0045757142618
-0.0134026401472
-0.00966794468198
0.0302541321794
0.00257372166384
-0.0195621814675
-0.0456630069313
-0.0689635895584
-0.0544438350443
-0.017423255172
-0.00239147734407
-0.00404618602281
-0.0134701224631
-0.0221884533054
-0.0230305422812
0.00952851391565
-0.00320326883997
0.0108429311372
0.0175978653639
-0.00641513654416
-0.0220419205408
-0.0431102206996
-0.0473280327923
-0.0649544870336
-0.067584857968
-0.0666182435439
-0.0787702885019
-0.0831787239444
-0.0968827655279
0.0
-0.083288211577
-0.0641176860195
-0.0697702675869
-0.0873282543334
-0.0700497080507
-0.102669385367
-0.0557146409672
-0.0395811384412
-0.033626278529
-0.0604936784005
-0.0683538804262
-0.0984476570265
-0.118223918718
-0.115774407722
-0.138266329933
-0.161465093857
-0.142896793647
-0.161123456658
-0.119555037637
-0.125302053268
-0.129780944966
-0.126684778239
-0.144602488848
-0.134973009299
-0.119275628667
-0.103941049599
-0.114336994507
-0.1282189675
-0.127404694632
-0.0908007522653
-0.0984572730999
-0.0971078223736
-0.114373488984
-0.109198538194
-0.105603976919
-0.101568331402
-0.0944275843786
-0.121794463743
-0.100160393749
-0.0929363734801
-0.0783550155641
-0.0756147888605
-0.0830759785456
-0.0565592220307
-0.0643310073602
-0.0815013816743
-0.0757641957998
-0.0770398184282
-0.0576105557541
-0.0365263696049
-0.0607502130156
-0.0839241864393
-0.0805975380988
-0.0814212782471
-0.0852534895388
-0.0850090531043
-0.0841013832675
-0.0641982771272
-0.0693921285761
-0.0454150775652
-0.0408447401793
-0.0401974132045
-0.0644626560521
-0.0506179479345
-0.0454514126155
-0.0402626715865
-0.0344328475517
-0.0371966492156
-0.0550568014802
-0.0623310852202
-0.0672456942826
-0.0581581220191
-0.0512838060654
-0.0413211131618
-0.0245679367517
-0.00991678674253
-0.0028142654458
0.0321781683529
0.0282251753667
0.0168774985369
0.00945374224508
0.00537821325804
-0.00899595378255
-0.0199341859656
-0.030899571057
-0.019875972013
-0.0214881262702
-0.0256909577898
-0.022490746238
-0.0402117037343
-0.0361343352758
-0.0385580795033
-0.0490540259423
-0.0469235095817
-0.057110353547
0.0
-0.0382161829163
-0.054881814368
-0.0619544792612
-0.0755502772979
-0.0404073109923
-0.0559323572689
-0.0548707515161
-0.0692826911895
-0.0670234039828
-0.0763549710408
-0.073387650831
-0.0801716354297
-0.10747219293
-0.108484161633
-0.124642289992
-0.107864736354
-0.111492941625
-0.104293224594
-0.0896062731234
-0.0982026969379
-0.119487447531
-0.110202480256
-0.117834410024
-0.117469319807
-0.118647814302
-0.135550586751
-0.152763633764
-0.136255217481
-0.136417161289
-0.121921981281
-0.125041373581
-0.102797747603
-0.111922952474
-0.104617730905
-0.114215985286
-0.144437440568
-0.116217053968
-0.130565226281
-0.122621638479
-0.137330207533
-0.128646061486
-0.117993254036
-0.119854270137
-0.128337026918
-0.14081992183
-0.139352537749
-0.127971991139
-0.13804104545
-0.122402530994
-0.148694452531
-0.138170271684
-0.137430952617
-0.131991314328
-0.141264918795
-0.136227481943
-0.126906263426
-0.117764866884
-0.127770241265
-0.122789516088
-0.109093109362
-0.104164319645
-0.118785111616
-0.108071365048
-0.109881453037
-0.108821545063
-0.107083027885
-0.0999923248915
-0.0882799160207
-0.0832279243097
-0.0863647475302
-0.0683499630688
-0.0564009933971
-0.0368852365487
-0.0256810592671
-0.0235935828009
-0.0735873238677
-0.0832507644691
-0.0999035430802
-0.117954287936
-0.0901571813452
0.0
0.0
-0.0416059768753
-0.0510112368179
-0.0351327641399
-0.0275569917995
-0.0211451539045
-0.00688558559281
0.0061157463796
-0.00943345971806
-0.0116361162953
-0.0128998922363
0.00583032037708
-0.0175319747892
-0.0228751125034
0.0
-0.0471857261794
-0.0225284925157
-0.00205246565566
0.0
0.0
0.0
0.0170914303197
0.0
0.0395517211334
0.0641986037529
0.0879292520341
0.0908472188083
0.0911338972843
0.104455141557
0.0850502739626
0.09411256214
0.0
0.0
0.117865486855
0.133580066098
0.181151804335
0.165235518066
0.168794527772
0.195526044802
0.197579106773
0.158540442961
0.12103445593
0.0
0.0
0.0
0.206687978008
0.0
0.0
0.0
0.0
0.0
0.244379859001
0.224918394038
0.21782795986
0.226555887794
0.208847165176
0.175936359762
0.127191966519
0.108769098087
0.0892440374958
0.0749577395176
0.0639880485495
0.0567231007354
0.0372674566464
0.0176875336002
0.0321958658681
0.0363697420888
0.0595164582849
0.119551279329
0.174184033229
0.192310535359
0.181205953418
0.167074499986
0.14774513674
0.143599581162
0.140383415276
0.11555106731
0.087378552471
0.0975372404682
0.105227339322
0.116916077093
0.149183737598
0.185036303129
0.207364407387
0.191236109239
0.131245407965
0.0708268009324
0.0360787423602
0.00894707877128
0.0287328877805
0.0282085004222
0.0282892083737
0.0255049759984
0.014919314256
-0.00512462762028
-0.00325933913359
-0.0102993246238
-0.00632651379005
0.0031895634221
0.0125196838784
0.0204224513049
0.0281947236247
0.017893254486
0.0311767818968
0.0338796813755
0.0274416978225
0.0303255754244
0.0299534132914
0.0271397440302
-0.00560309122922
0.0
0.0167061384039
0.0254935188242
0.0262712235972
-0.00415685945892
-0.0264707521408
-0.0379985357927
-0.0492456263247
-0.0388371155376
-0.0330970711585
-0.0454909118668
-0.0364134731043
-0.0346192993425
-0.0110232626648
-0.00522242657549
-0.0156117960055
-0.0344465233119
-0.0528045958307
-0.0654477586836
-0.0656726729952
-0.0393541510124
-0.04081926043
-0.0597310441506
-0.0775342331062
-0.0723271725422
-0.0644495924052
-0.0748707494545
-0.0775324384342
-0.0979721072412
-0.0951680220275
-0.087150831539
-0.082296369714
-0.0922387538027
-0.110907371058
-0.102134750908
-0.0916260018135
-0.0773144062551
-0.0753180548491
-0.0916611654568
-0.0924251999697
-0.0917184344953
-0.0872340969388
-0.0945461972681
-0.0977540572362
-0.0913393968186
-0.0926603440075
-0.0737516001276
-0.096040822121
-0.0972044398667
-0.0865829776724
-0.0783713342573
-0.0789308406954
-0.0814607731699
-0.0903586098826
-0.0829446759283
-0.101710118972
-0.0921016357577
-0.095051844006
-0.0924107320119
-0.103777006877
-0.0939801385024
-0.09012263166
-0.089520321714
-0.0912755950818
-0.0896695239827
-0.092465674298
-0.0906260436282
-0.0863709854398
-0.0757109277325
-0.0816039396562
-0.0911953948605
-0.0938681203458
-0.0805833548044
-0.0790473906616
-0.0600916731169
-0.0481111641547
-0.0317293639926
0.0128059195133
0.0837305960979
0.0904753582312
0.0476514089696
0.0137059090912
-0.0167542759455
-0.017113067829
-0.0344947585634
-0.0326418189895
-0.00668062496082
-0.0134517005402
-0.019365886418
-0.000485856133307
0.0360109943821
0.0654852971816
0.0526201561822
0.040081258629
-0.0069056155415
-0.0392281421425
0.0
-0.00383577752132
-0.0197042910277
-0.0294103979329
-0.0279019620145
-0.0162969709155
-0.0096679598492
-0.0345665973832
-0.0586955251587
-0.0971770233535
-0.0982774225436
-0.0829247368174
-0.0694842033366
-0.0654306218116
-0.0624303078316
-0.0900857953725
-0.0729028575668
-0.0667718784421
-0.0644214031332
-0.0693026938449
-0.100900647406
-0.0912717647443
-0.0933636610789
-0.0950106983587
-0.0904799422281
-0.0878197787134
-0.100752725694
-0.0859985178461
-0.0738790343551
-0.059647533131
-0.0528352922342
-0.0650267486604
-0.0773396423899
0.0633701406654
0.0634883080767
0.055250758905
0.0640047019199
0.0319123790125
0.0507864653875
0.0341909935989
0.029565049125
0.0212932577895
0.00992857142319
0.0359482677663
0.0273605174136
-0.00658035073573
0.0194153570591
0.0207406291148
0.00931031076327
-0.0178940281548
-0.0389087877318
-0.0573483598696
-0.0554663277967
-0.0527152773397
-0.0504835383243
-0.056366026023
-0.0387123058575
-0.0576666770745
-0.07263871307
-0.0722976649196
-0.0729742576728
-0.0716057515249
-0.0727674634611
-0.0716642285074
-0.0679687370347
-0.0578077310292
-0.060163072178
-0.0698212182503
-0.103886703535
-0.102744208345
-0.0998156984252
-0.107658194203
-0.0793299299722
-0.0789167179953
-0.0861456866495
-0.0931587796773
-0.0849990774959
-0.0954804046996
-0.120077460144
-0.104649600364
-0.0927225551411
-0.0849225819376
-0.071477396278
-0.0870893713526
-0.0867760876923
-0.0866944720608
-0.0918036781704
-0.0916366560078
-0.0682389405692
-0.075432342684
-0.0740028852262
-0.039087181934
-0.0443152249747
-0.0728301247029
-0.081933760378
-0.114568701184
0.0
-0.118204703245
-0.100392822742
-0.0935667815365
-0.101947734939
-0.0848351959566
-0.111478709806
-0.127118140835
-0.150571210204
-0.115352488778
-0.114501952471
-0.0902138275633
-0.054282314496
-0.0428494334901
-0.0505773570618
-0.037932776873
-0.0432481074124
-0.0379101580335
-0.0353542792944
-0.0315586759324
-0.0276226379959
-0.0117426771893
-0.0229575776332
-0.0313441638644
-0.0458150713069
-0.051850742797
-0.0475135884543
-0.0297748662705
-0.0296728483795
-0.0489959065077
-0.0529395045708
-0.0307855368923
-0.00515305156866
0.0240548050809
0.0418613756013
0.0447218826052
0.0806921316592
0.0812690953856
0.0625729949425
0.0497482940364
0.0749778086377
0.105029480075
0.133123971358
0.102307711751
0.0726378686253
0.0486787734138
0.0570843049626
0.0419585998253
0.0482887553756
0.0486485736787
0.0733406385334
0.104416773712
0.0942883448107
0.1169584289
0.11262674715
0.0986041294072
0.0
0.0901461006093
0.120933212065
0.0
0.0
0.102676081901
0.124541695451
0.153814023278
0.192748383162
0.232102583709
0.22605066544
0.189875053665
0.149300341495
0.111483668353
0.0830203042558
0.0753927180138
0.104567914099
0.0961397223793
0.0970169499693
0.104974188806
0.0931231702372
0.12535039953
0.175188470285
0.137723404046
0.122534113286
0.0567426761133
0.0310737820456
0.0660670346433
0.094505733029
0.145115488895
0.176816185281
0.134784036824
0.110487910345
0.0646412664401
0.0772932139707
0.076294622747
0.054711852903
0.0540161328469
0.0648896608834
0.103123804613
0.0
0.137254681467
0.0961077678233
0.0711602211941
0.0735634131736
0.0688661920623
0.0605657412941
0.0402650537979
0.0313802436713
0.0260050210617
0.0260902435072
0.0397855895477
0.00334072563392
-0.0149024859674
0.0052114834967
0.00600676900001
-0.0250481934716
-0.0111854384306
-0.00315905950885
0.0256573371968
0.0348846602108
0.0110184896972
-0.0489641208332
-0.0834860551334
-0.0915049371359
-0.107570093725
-0.133939269165
-0.136213431822
-0.13970496935
-0.140060078485
-0.101886171554
-0.0907833460942
-0.0912601476815
-0.11753362049
-0.133800063375
-0.139257584798
-0.139166837802
-0.142293354254
-0.134193320937
-0.124764732108
-0.122897078343
-0.125475779055
-0.134079928232
-0.128419746181
-0.131498104277
-0.144055478581
-0.142999380838
-0.151837868768
-0.140684870833
-0.131132814676
-0.13429747334
-0.129359676046
-0.113118685104
-0.108306337678
-0.0967721579911
-0.107604212023
-0.116676804205
-0.115423639964
-0.140378044448
-0.143271419521
-0.124300041589
-0.118589431971
-0.103565553748
-0.105867759097
-0.0817643032871
-0.0817714015348
-0.0645178501996
-0.0122024110711
-0.0214311931438
-0.0582249504561
-0.0779608772795
-0.0646097801359
-0.044265417925
-0.0137970582945
-0.0170879891195
-0.00786727524037
-0.00642382223947
-0.00073260228532
-0.0053315572007
0.0015308260767
-0.00371758453924
-0.00222899724624
0.00850733373556
-0.0233458405097
-0.0131910181485
-0.0201012958444
-0.0263676947788
-0.0311456430488
-0.00730367968287
-0.0180453423438
-0.0274225351797
-0.0306912631696
-0.0321418692996
-0.0242666637675
-0.024266900721
-0.0220822155309
0.0
-0.010790266027
0.00842746966288
-0.00800069452905
-0.0284249885162
-0.0266504639394
-0.0582269257495
-0.0399537478615
-0.0290967243884
-0.037862661905
-0.0384167951989
-0.0579629740144
-0.0405162107334
-0.03514478206
-0.033656976443
-0.0310188695508
-0.0534727996737
-0.049514259329
-0.0610943548734
-0.0453167428081
-0.0465444352404
-0.0334480287825
-0.0300649078036
-0.0223622341264
-0.0287673702019
-0.0613567309934
-0.0489946471297
-0.0548821295795
-0.0453818177453
-0.0385321880456
-0.0642530264817
-0.054709249844
-0.0609811292274
-0.0525136995382
-0.0464939204047
-0.0638077715793
-0.055619933532
-0.0564302320509
-0.0645779400981
-0.0639789696843
-0.0667646929296
-0.0984687170561
-0.0939943433974
-0.0892993001177
-0.0757067710013
-0.0744720224241
-0.0730273946619
-0.0641857892419
-0.0530435406566
-0.0522745571883
-0.0856609714962
-0.0882025521408
-0.089077335081
-0.0847040097241
-0.0706131091932
-0.0865325746623
-0.0944174946989
-0.0858208693871
-0.071651878519
-0.076369907485
-0.0831362729187
-0.0781434468889
-0.0804216431622
-0.0752699110271
-0.0891440212951
-0.0897188949294
-0.0846435108183
-0.096183805517
-0.107600313419
-0.0976719650155
-0.0850783818324
-0.0765576170169
0.0
0.0
0.0
0.0
0.0469445944793
0.0312961102615
0.0104533496924
-0.0271682135049
-0.0251455690056
-0.020471380305
-0.0546616732163
-0.0550319333668
-0.0562065420858
-0.0630915647344
-0.071667449502
-0.06626195074
-0.0595368096402
-0.0644617995885
-0.0596558020413
-0.0532242869057
-0.0435370613636
-0.0147483319299
0.00933250158126
0.00382511295799
0.0
-0.00381658393173
-0.0194209536887
-0.0217273480672
-0.0325680963881
-0.0160950408172
0.00105401232051
0.0266344773263
0.0071409003689
0.00733549446127
0.00310853435742
0.0240062058896
0.0608958469153
0.0792597999447
0.0947346887046
0.0823643232625
0.104869601329
0.108131023791
0.116651785338
0.142128657986
0.159295368973
0.176194709821
0.189049164178
0.174235362118
0.177032230281
0.160139545097
0.131889020893
0.139389137335
0.132212628267
0.141123831982
0.111647935628
0.10634024072
0.113329180956
0.126192019817
0.175660924144
0.210601571028
0.217374149255
0.239466388389
0.259537097266
0.232811536271
0.231724860748
0.219920359937
0.204946400043
0.167324251737
0.147814705712
0.156452013016
0.179217851315
0.201050576692
0.189922745464
0.159865688031
0.152984884261
0.138831211638
0.141566226167
0.12411001266
0.117670689515
0.123788609737
0.127559561393
0.09654717974
0.0889326232863
0.0872635091783
0.0979562241425
0.0798123320994
0.0591467585992
0.0719354198826
0.0579651015617
0.051393315353
0.0336914748877
0.0163936514851
0.0198556970341
0.0181570247726
0.0212236040942
0.0272946804686
0.0
0.0
0.0
0.0
0.0
-0.00359551474237
0.00276413672363
-0.0057011443444
-0.0125241336485
-0.000885198309302
-0.0144779578759
-0.0162355352611
-0.0128157931504
-0.0183415115672
-0.01342003966
-0.00628672622461
-0.0118980932785
-0.0197049058807
-0.0188853098787
-0.0230570787844
-0.022519304548
-0.0240538285139
-0.0390724796724
-0.0367217823373
0.0
-0.0645681528543
-0.0894136109663
-0.0508524326755
-0.0384478636133
-0.0129744739922
-0.0225808339419
-0.0355052611404
-0.0296796895659
-0.0437541309727
-0.050287291047
-0.0659370596506
-0.0715555701265
-0.0789768786021
-0.0768208337033
-0.0738979659779
-0.0726618706525
-0.0669108475854
-0.0749345147483
-0.0747128561553
-0.0919871761197
-0.124592850221
-0.100696287165
-0.10487359738
-0.0901740179832
-0.0788345480981
-0.095756307174
-0.104590389396
-0.0834250704715
-0.0906704164446
-0.0920355239919
-0.0870860310783
-0.104085344635
-0.0960482903745
-0.0934059097801
-0.0901897379638
-0.0972155634659
-0.0975016156906
-0.108053173956
-0.105582547943
-0.105308256499
-0.112042406105
-0.127411125137
-0.132655608712
-0.123575757754
-0.121174730023
-0.129544484087
-0.135129601148
-0.113273018228
-0.106975866417
-0.0964698888539
-0.0829589551129
-0.0948167048751
-0.100437980692
-0.0931457416657
-0.097654960165
-0.0954436903105
-0.109683175684
-0.101900731719
-0.0974794045611
-0.0934521586575
-0.111382373125
-0.0895597189488
-0.073862995191
-0.0660272750258
-0.0950233289196
-0.0818628702651
-0.0765589073913
-0.0684123747186
-0.0652141964273
-0.0631314460841
-0.0594409616348
-0.0551004948138
-0.0477201126714
-0.0492911341129
-0.0284338289667
-0.0323481832363
-0.04648326425
-0.0427635683616
-0.0324500415192
-0.0455316683536
-0.0494809806823
-0.00850226295744
-0.053476493822
-0.0482972704858
-0.0416078970732
-0.0325306061188
-0.0471402859405
-0.0462486713249
-0.0337791209586
-0.0297394546202
-0.0198547043461
-0.0259815743093
-0.0266413133116
-0.0176477503503
-0.0292060137343
0.0
-0.0222878700559
-0.0314477835944
-0.0338791286157
-0.0309836971092
-0.0142650238547
-0.0273419892341
-0.0433905870732
-0.0524456651668
-0.0497797473972
-0.0559610216894
-0.0416172503574
-0.0114538087578
0.000243299838539
0.00364999671683
-0.0319502885688
-0.0434841307809
-0.0344739321787
-0.0470399801262
-0.0517791430818
-0.0563185089228
-0.0961359863046
-0.0570331895498
-0.0436310346705
-0.0639308098326
-0.0550839150399
-0.0574829270213
-0.0677521350476
-0.077173650183
-0.0710245050853
-0.0583647590655
-0.0599654751447
-0.0816936202512
-0.117240535703
-0.108721386925
-0.117510379245
-0.11255877742
-0.112271956209
-0.121741066267
-0.116867065197
-0.0998438988587
-0.101578371593
-0.104102021456
-0.111130155997
-0.0990277613186
-0.0922520361613
-0.092411474973
-0.0925464649365
-0.0881835506617
-0.0991144932718
-0.061597339761
-0.0660671253129
-0.0804792960063
-0.0858957516654
-0.0886932572582
-0.0978084239787
-0.0885711943082
-0.106108171517
0.0
-0.0757741143611
-0.0758778661304
-0.0724252680597
-0.0749297323194
-0.0656570893476
-0.0708173511243
-0.0623778287756
-0.0560251929856
-0.0258433496768
-0.00119836923669
-0.0191360556081
-0.0188327751509
-0.0288838830637
-0.013575037501
-0.00271107659638
-0.0167930627316
0.0076998287242
0.021677759514
0.0146288032347
0.0104713602605
0.0316618741999
0.00740791501614
0.0194387468053
0.0176359930944
-0.00381328887843
-0.0136237614527
-0.0158920965112
-0.0044873580418
0.00511491153562
0.00617938564337
0.00477686879536
-0.00252786609373
-0.00188347671536
0.000839797401805
-0.00718316239296
-0.0103571512624
-0.0277767523393
0.0
0.00192396432863
0.00484621108456
-0.0393887921955
0.0135813263546
0.0397383032569
0.0352509766131
0.0412164158859
0.0379719935821
0.0275223164911
0.0032619795255
0.0158273378283
0.0229321886528
0.0353131624928
0.0154587037847
0.0179773966526
0.00626619474091
0.00391498823304
0.0595346956714
0.084298542915
0.0603572662551
0.075357832992
0.101913185359
0.0722846964288
0.0774180910487
0.0838851560793
0.0999908964145
0.130731492442
0.13113940451
0.125896362484
0.144749758997
0.151115435797
0.190164098094
0.211445441873
0.232623989461
0.254788888374
0.325129398014
0.332079017726
0.320005903741
0.32004352636
0.286119862739
0.260608163909
0.267574360849
0.288382896172
0.287283044245
0.292033273366
0.30908575942
0.305557176463
0.318604073599
0.311391462283
0.278862632947
0.298998419875
0.327351969104
0.340567670574
0.348381416467
0.394631083873
0.391404158333
0.413616067619
0.429588487227
0.447095262346
0.442501170042
0.446371568434
0.449720784437
0.430440555485
0.400099540112
0.343644419528
0.318217881536
0.315587084882
0.293423757347
0.28439879829
0.316120590108
0.309275564745
0.290544371794
0.290225295977
0.298470134397
0.305488724568
0.309411704354
0.316136285857
0.271201642554
0.22201415169
0.200715628963
0.163841530966
0.177027289513
0.201385711435
0.236945557119
0.243988711784
0.303025303262
0.0
0.318742302873
0.0
0.276624109528
0.24860565208
0.209739304011
0.223427186958
0.21538348053
0.201292841669
0.0
0.177821467868
0.135035985633
0.109584466755
0.0599737292227
0.101265903451
0.101387030795
0.140976222336
0.137617423907
0.125038725758
0.106625093513
0.0859461624704
0.0783963672149
0.0918272936013
0.112832487529
0.143588113356
0.177673438144
0.112283591748
0.0594596288985
0.0307284825552
0.057726403318
0.0
0.0
0.0997532332189
0.133133630936
0.223550819894
0.316713574857
0.332229426721
0.0
0.340733321675
0.329590601243
0.0
0.0
0.282548635559
0.212251442831
0.192306637071
0.151392799069
0.114143206452
0.121657535685
0.11873924072
0.133128306691
0.174749262888
0.193213603642
0.194036705725
0.210347777329
0.227392706372
0.214973143595
0.224986763366
0.231389124802
0.204697427552
0.20920552336
0.260777463252
0.285747485169
0.30683147634
0.312165792564
0.277493195968
0.235904378304
0.22415681947
0.216862358877
0.196910040957
0.236827867736
0.241282249682
0.270126436538
0.264782395099
0.257479177894
0.257918266163
0.238612495365
0.239316379363
0.207970180048
0.221559432712
0.243651137073
0.295846781444
0.292208149178
0.288544005021
0.305523692323
0.337692283263
0.336150156646
0.325639868782
0.300169251878
0.292510557562
0.276577434913
0.288069874562
0.286524485245
0.275549640312
0.290809396345
0.244760990643
0.260603490114
0.252939605336
0.250591577614
0.230615873478
0.232781257945
0.247790834736
0.257897972532
0.261273263866
0.284439430228
0.250810723641
0.0
0.204210195432
0.19793441011
0.182533798989
0.179411093455
0.188515939594
0.195024015562
0.182355484954
0.202879362384
0.208481016186
0.137782236137
0.111261630983
0.0896802983582
0.0766479741783
0.076599237044
0.085592318835
0.0975513941064
0.103504054438
0.103120173466
0.111042722746
0.124330469743
0.0919249605459
0.037605757929
0.0151122778044
-0.00423483895272
0.00474395053246
-0.0140949909834
-0.00266372625496
-0.00251901754772
0.00788773041112
0.016715662906
0.00209611504399
-0.0131168861316
9.40165919037e-05
-0.0107495704947
0.000900961730902
0.0272717898053
0.0234922365057
0.00500851355748
0.00661096771858
0.0260841390698
0.00651855468313
-0.0105561040991
-0.0146616874722
-0.0328810634014
-0.0189424359575
-0.025391839846
0.00810370960262
0.0260650448529
0.0452886120458
0.0354201590503
0.0421195988848
0.0421325046366
0.0656708280267
0.068979389783
0.0754319502154
0.0975981333755
0.106163763298
0.0904858678811
0.110903848299
0.0657020304079
0.0132387026242
0.0135598214911
0.00450743245295
-0.00919623771931
-0.0268639238409
-0.0429870407489
-0.0587648862183
-0.0405879317772
-0.0373033813724
-0.0331598446397
-0.0551563247901
-0.0625711999441
-0.0747746832184
-0.0918454691597
-0.0997928845974
-0.0988865505462
-0.0990629382098
-0.0835394427397
-0.0711876047734
-0.0582924599459
-0.0478805116481
-0.01904888691
0.0438595026332
0.00113224613458
-0.031147461085
-0.047218614584
-0.0535788424917
-0.0239665964674
-0.0562090246851
-0.0583686987539
-0.0589114871506
-0.0574927533105
-0.0258079477658
-0.0437565555164
-0.0719505816234
0.0
-0.104597506896
-0.0969206136064
-0.099608995909
-0.0853605831417
-0.0827261817948
-0.129732308601
-0.100497907365
-0.0652599193487
-0.0378983894003
-0.0165799451798
0.0514605831526
0.0087473933732
-0.00436079277473
-0.00471446146227
-0.0121935437666
-0.0408084833262
-0.0308905113947
-0.0382091909991
-0.0376659367965
-0.0337769954501
-0.0204550006764
-0.05480565806
-0.0264979063003
-0.014600025712
0.0085759914225
0.0369480535105
0.0137865901963
0.00706619593312
0.0423358637111
0.0346265634796
0.0603998953454
0.0981624970432
0.103657615213
0.0937305744027
0.0570861157073
0.0525828045388
0.0597972889186
0.0718972957229
0.0738783167865
0.0726181987583
0.0545394879428
0.0896962284237
0.121093745704
0.14803856946
0.155480942037
0.143085173054
0.114261418832
0.112874782234
0.110731253562
0.126763741466
0.12861064413
0.127788742862
0.170242328942
0.190944457563
0.167362676873
0.169559554555
0.187757352075
0.19764812076
0.201675423925
0.170895056701
0.182915294892
0.185126889793
0.236401263346
0.210062215531
0.186315535218
0.195635713783
0.191312160083
0.21425363691
0.216998489351
0.219293530013
0.239564472914
0.230391474374
0.223107444408
0.196391211092
0.179386224868
0.185950206694
0.200010618675
0.213466142308
0.205556109302
0.18759396006
0.166058076131
0.171082934608
0.17888465376
0.187417924749
0.208059136934
0.259553823195
0.234405053043
0.238314518832
0.2402071373
0.26059799179
0.295354668869
0.318029556511
0.335149374102
0.337599278819
0.287237896041
0.0
0.325811401577
0.301319539552
0.297626881352
0.222394410354
0.231649918347
0.220520197443
0.186268287104
0.188848438186
0.185626150137
0.187949275894
0.186184514717
0.163066717774
0.167076473766
0.164969277063
0.160227362256
0.146103097129
0.13793881479
0.16502333868
0.178914387412
0.162751137683
0.154443763466
0.137376367831
0.169738871822
0.185183221884
0.172675564435
0.163457906402
0.194092445313
0.23784327602
0.265239556331
0.254477005232
0.182915595152
0.157403777833
0.141067255313
0.149518725905
0.129599930176
0.103972042053
0.0928538092819
0.0741536024578
0.110153998855
0.125501063442
0.119515022066
0.121610529626
0.102303374762
0.0841681242498
0.0957337340672
0.103394011842
0.145455210739
0.133646332536
0.145202845169
0.104424270376
0.0824820625314
0.051224590112
0.0400861867477
0.0398886402482
0.0391393151826
0.0275558845231
0.023012564548
0.0285233384789
0.0330358201895
0.0249516591994
0.00386090514941
-0.0023246589077
-0.00562298301218
-0.00663371212582
-0.00651808308197
-0.0082656071265
-0.0242855878762
-0.0453379692974
-0.0477607534102
-0.0495707851039
-0.0533593056121
-0.0644628354737
-0.0664592217775
-0.0650412581935
-0.068641968088
-0.0718037395488
-0.0725826363816
-0.0753646043831
-0.0739355408532
-0.0705556665513
-0.0751459099182
-0.0741051469548
-0.0807433336031
-0.06615877454
-0.0666676712778
-0.057972724461
-0.0527862125383
-0.0486176674856
-0.039512498221
-0.0428615141667
-0.0523819332564
-0.053102026602
-0.0475969364181
-0.0470140508646
-0.0474628597699
0.0
-0.0185168539963
-0.0212628161406
-0.0144624485775
-0.0235668303619
-0.0321716356272
-0.04206395722
-0.0441719337431
-0.0286862994932
-0.042270654379
-0.0170380187908
0.00973983013296
0.0101692643481
0.0117536503626
0.0267292387624
0.0248178725944
0.00757258057091
0.00327245622225
-0.00394107048438
-0.0111774643248
-0.0132131727208
-0.0170571340662
-0.0199169755543
-0.036811923662
-0.0246432100851
0.00219892798568
0.0115574748655
0.0017362322937
-0.00105210529101
0.00476979424571
0.00249940904583
0.0210831989792
0.0238389585972
0.0173570126404
0.0430779964715
0.0687009653591
0.0717428074499
0.0783019330153
0.103820201047
0.0966127011871
0.0971573876069
0.09064167463
0.0820664062568
0.0972028413979
0.0708471777754
0.0416877693917
0.0483097106709
0.0201656746941
0.0218655793016
0.0193415213506
0.015612056885
0.010403367076
0.0169373897735
0.0362194030984
0.0290280290836
0.0248621924062
0.0218050993243
0.00943586791608
0.00909026382386
0.024961204836
0.0240017033559
0.0224122295062
0.0158876155519
0.00477721072009
0.00846312908941
0.0124779488629
0.02089771059
0.0378510394545
0.0408340600021
0.0220066753404
0.0496209342811
0.0497506650881
0.0429943820451
0.0192357287543
-0.00322023216164
0.0127019957651
0.01134898019
0.0
-0.0101852378257
-0.027603455535
-0.0215467201176
-0.0107691231363
0.00510446742684
0.0170699728729
0.000792611038975
-0.0133875999591
-0.0273987636107
-0.0201991619999
-0.000109739418955
-0.00697254250975
-0.0302452451258
-0.0386617331218
-0.0309594241791
-0.044095451746
-0.0371224631517
-0.0247887028329
0.0
-0.0369284907424
-0.0204147728675
-0.0443146931084
-0.0140302993755
-0.0159303132271
-0.0288741534887
-0.0140935865104
-0.0182157821093
-0.0082556158173
0.0242352649261
0.0151170279523
0.0184155079256
0.0283043768017
0.030758918806
0.023410037275
0.0172620609241
0.01133713814
-0.00561817324794
-0.0230566584237
-0.00850361841109
-0.00222805817685
0.0189163166718
0.0498751373903
0.089303140668
0.120122042154
0.08303617984
0.0614909463576
0.0630567656034
0.0608262897913
0.0364442689544
0.0315902737591
0.0341775930701
0.0593523028127
0.0446894295277
0.0766266903677
0.0839202003497
0.112148508324
0.138903363655
0.139551386547
0.129065300895
0.114191523671
0.0919181025808
0.0921912836402
0.0760397021398
0.0729288847053
0.0631323006623
0.0606849637914
0.0478048194329
0.0404622089303
0.0460296368978
0.0549270174974
0.0531797425348
0.0579192930644
0.0712261134895
0.058811499555
0.0580048146295
0.0441160304605
0.0414173947248
0.0341251450653
0.0287457238352
0.0228825015
0.0495117901895
0.061661105027
0.0607993765507
0.0613339605424
0.0607677240994
0.0616788960408
0.0517044974288
0.0654613140167
0.0761560935189
0.0801036745046
0.0724954511356
0.0884392832897
0.100188838338
0.125578059035
0.129242464328
0.13826857368
0.144689117758
0.159431571057
0.129924331348
0.115584194074
0.0984335831243
0.0770749029562
0.0809591136311
0.0647577071057
0.0751542933374
0.0771040840669
0.0829615471846
0.0889100967519
0.0730117480288
0.0614694965358
0.0733198903817
0.0454438677622
0.0471356634942
0.0386336942901
0.0
0.0366932942745
0.0282234416036
0.021135760363
0.0228190030203
0.0348516107929
0.0512284000873
0.0451052740537
0.0281519568249
0.0151375768899
-0.00589853977135
-0.00116036196146
-0.012085268159
-0.0166678287185
-0.0219630550612
-0.0201223737702
-0.0130536119818
-0.0155991750608
-0.0190415552493
-0.0104283514646
-0.00955664526554
-0.0234563961267
-0.00583049407757
0.0115832141908
0.00861087625449
0.00963372829754
0.00242413378614
0.000596541114881
-0.0230191321512
-0.00799923626551
0.00199062611166
0.0221220408351
0.0443065429594
0.0616155473732
0.0596159967841
0.0496795534173
0.0350601013025
0.0190191963765
0.0367563723846
0.0270114374148
0.0227340420597
0.0146048307644
0.0147921364882
0.0134489210178
0.0023070142883
0.0223356018356
0.00287492501231
-0.000966261721362
-0.00274634171825
0.00801405082356
0.00323032164948
-0.00507178628583
-0.0210372277667
-0.0204449358
-0.00832433299042
-0.00503835027897
6.133463858e-05
0.00218399397972
0.00674933764148
-0.00337709438563
-0.00321279687452
-0.0117338906536
-0.0128754781098
-0.0159674276314
-0.0170868775992
-0.0142118333763
-0.00746867361398
-0.00960424214174
-0.00130892237908
0.000669094818642
0.00958050605197
-0.00416084404801
-0.0057481319935
-0.0129022409805
0.0113988827503
-0.00547224015361
0.00681808061086
0.010706433522
0.0159001409761
0.0169380353278
0.0392066343063
0.0326669426146
0.0247391813938
0.0243273203648
0.0381256181541
0.0280220773358
0.0257132545431
0.0368496506764
0.0454739841671
0.0368145191721
0.0387229860083
0.0214755498882
0.006612887749
-0.0080369260162
-0.00977164206017
-0.0160246314045
-0.0316394328053
-0.0211689700491
-0.0288170371644
-0.0336871331279
-0.0346917854454
-0.0268421155094
-0.0267260578709
-0.0124440568488
-0.0101701112399
-0.0107639309969
0.00129314099045
0.0115721231288
0.0155175141699
0.0251103400177
0.0189041012758
0.0204733917814
0.0242984887138
0.0202441492639
0.00995057217836
