1.19767823182
1.15914144492
1.12060465802
1.08206787112
1.04353108422
1.00499429732
0.966457510418
0.927920723517
0.889383936616
0.850847149715
0.812310362814
0.773773575913
0.735236789012
0.696700002111
0.65816321521
0.619626428309
0.581089641408
0.542552854507
0.504016067606
0.465479280705
0.426942493804
0.388405706903
0.349868920002
0.311332133101
0.2727953462
0.234258559299
0.195721772398
0.157184985497
0.118648198596
0.080111411695
0.041574624794
0.003037837893
-0.035498949008
-0.074035735909
-0.11257252281
-0.151109309711
-0.189646096612
-0.228182883513
-0.266719670414
-0.305256457315
-0.390931898729
-0.410440290713
-0.423191920368
-0.415798269318
-0.421625947914
-0.451481528306
-0.473862207962
-0.525684423522
-0.526500000836
-0.53758498629
-0.558595866815
-0.58199376966
-0.591595947671
-0.613930951113
-0.593085090277
-0.583841159334
-0.574521931686
-0.61871772549
-0.628445445243
-0.611909066402
-0.643975278234
-0.658574120952
-0.639508269431
-0.658468551834
-0.682040698032
-0.710532625049
-0.73139113466
-0.706988006201
-0.702856134683
-0.712538398675
-0.69195429283
-0.689491307875
-0.641135182146
-0.644556401456
-0.621097473272
-0.557030125265
-0.535857500626
-0.463023074844
-0.407107833177
-0.363733834024
-0.347867124085
-0.353880468406
-0.306640783419
-0.31172534727
0.76712700447
2.0218259028
2.05762439111
2.10403345034
2.11509380233
2.12362250337
2.15952989639
2.24826077245
2.39306668323
2.53787259401
2.67207903757
2.77117729071
2.89011584841
2.89937431349
2.90863277857
2.91789124365
2.92714970873
2.93640817381
2.88738619484
2.84031916284
2.82112309441
2.79057135024
2.77800381471
2.73470274493
2.70733144072
2.63869355195
2.56083730246
2.48298105297
2.45221202554
2.45637255021
2.47487489025
2.47528442774
2.53410313885
2.50355961757
2.51474959344
2.45378621121
2.48421675595
2.52545162783
2.55734734734
2.57120115952
2.58161683799
2.55902927695
2.55234475083
2.52107169389
2.51361427357
2.50615685324
2.49869943292
2.49124201259
2.42991269441
2.38026784717
2.36365543875
2.34062653416
2.31759762957
2.31832906601
2.33655278818
2.38093557457
2.42537790742
2.43437045649
2.46437149428
2.51868682513
2.49586129913
2.52095046124
2.52167889984
2.50480036969
2.50496910869
2.49662992451
2.44440887556
2.3921878266
2.34611957981
2.25607077315
2.23251866351
2.15910014365
2.08387578131
1.97346436907
1.8777179633
1.76400539575
1.626544359
1.440704782
1.27600972586
1.0839686746
0.884001370489
0.667357202546
0.506230635115
0.360412999609
0.231514487144
0.156994542614
0.14116364368
0.169419846039
0.161694974532
0.160618851526
0.224619428304
0.183249005413
0.194413947266
0.199110846067
0.243059900791
0.261521478958
0.292834256724
0.332848645553
0.357458713908
0.379171733089
0.430487982672
0.458762734062
0.479317771468
0.504512348737
0.490875156077
0.499272422908
0.494880463638
0.501697725543
0.496119174684
0.501319212305
0.471936245578
0.486047040118
0.464006924535
0.47783316145
0.499789576166
0.494255371282
0.508179465666
0.50050134003
0.548871213669
0.565368462163
0.593103303461
0.615989953335
0.635572234841
0.656145910637
0.670336261218
0.644672918246
0.624787308912
0.618587383837
0.618380864483
0.579076179584
0.552138546674
0.565360013758
0.566448826009
0.556746463742
0.553852430588
0.545774772323
0.561871672802
0.585724587129
0.585681166814
0.596650761927
0.598980536118
0.601310310308
0.603640084499
0.60596985869
0.608299632881
0.610629407071
0.612959181262
0.615288955453
0.617618729644
0.619948503834
0.622278278025
0.624608052216
0.626937826407
0.629267600597
0.631597374788
0.633927148979
0.63625692317
0.63858669736
0.640916471551
0.643246245742
0.69766426942
0.703381248345
0.713492238142
0.70429211124
0.749848562301
0.790286104853
0.830865813846
0.871445522839
0.912025231833
0.952604940826
0.957187924428
0.965708163228
0.981537809703
1.00656132884
1.04998127589
1.07616749106
1.10958658321
1.14919635304
1.2037523915
1.22805184262
1.25936045273
1.2541785738
1.29627698127
1.36610048915
1.34350401958
1.35365749647
1.34961794311
1.39602195554
1.36521160226
1.35659296637
1.33757222649
1.29925228444
1.27637656919
1.26246923257
1.27582893655
1.28142171456
1.29518701768
1.32251389971
1.28876013316
1.2749569964
1.29673505837
1.271214294
1.25093154278
1.23270803574
1.1983513148
1.15464430413
1.11598140028
1.05022324253
0.992298941859
0.973348402429
0.89250302992
0.891864617965
0.867672525968
0.843426086406
0.823196779096
0.789580727931
0.756243437759
0.727241461754
0.713312923872
0.719252018774
0.727399157332
0.729997036964
0.772065977322
0.782538758288
0.81440917815
0.845245434655
0.862850771491
0.909544319342
0.918203034716
0.931841039913
0.942521139001
0.966877969151
0.995758690104
1.00354629206
0.964080620794
0.980573186282
0.939456681758
0.898340177234
0.845088843362
0.775741391935
0.700162429803
0.631090416995
0.571696140717
0.527641600822
0.459082199133
0.409725762998
0.366521948022
0.308194406813
0.295825726692
0.27038750031
0.271536403237
0.280427227938
0.266449049684
0.275776537355
0.264500478123
0.269396216693
0.279799316036
0.286341924792
0.267446602893
0.27310782626
0.276483296278
0.261798097429
0.262049234546
0.280946090218
0.273052478024
0.259892669261
0.283646771441
0.283846527218
0.270828023282
0.279432623556
0.271700947796
0.252289780027
0.267725739604
0.276897930661
0.274962695262
0.282037229551
0.271684977476
0.279873047881
0.281302172107
0.263528068941
0.254654720835
0.263674860493
0.231518932321
0.231382188884
0.22348173913
0.206730650128
0.223539038943
0.174202857596
0.191857710912
0.163079874326
0.167213866694
0.160783309765
0.162936106739
0.174400384119
0.168720438924
0.131378735432
0.139909034133
0.157618995684
0.142045736958
0.149898203345
0.148733677397
0.150983614209
0.151643814615
0.146530585095
0.128891851459
0.147910081468
0.119234011388
0.130292955565
0.125654879336
0.112727513813
0.0689974079961
0.0707876628793
0.0519367148109
0.0695540691901
0.0476142563834
0.0477100832776
0.0519801838641
0.0526706674047
0.0332295397341
0.0327422023506
0.0417951767216
0.0477634190999
0.0200319346442
0.00344633139809
0.0319219088824
0.0479276914734
0.0120098124702
-0.00284492014443
0.0131516547801
-0.0366153147243
0.00209530088448
-0.0151875657065
-0.0277083953676
-0.0402292250288
-0.0527500546899
-0.053412134417
-0.028809987254
-0.0380850489104
-0.0151761169593
-0.0463638527299
-0.0519062775655
-0.0373862466116
-0.0635823179598
-0.0459057540448
-0.042248755569
-0.0476734805073
-0.0377678963565
-0.0417828437777
-0.0595329968475
-0.0566911794577
-0.0257942399144
-0.0464084561597
-0.0418634952845
-0.0308568870139
-0.0281899804202
-0.0366157526961
-0.0401200553535
-0.0713211197653
-0.0480792118807
-0.0483806903907
-0.0808096133939
-0.056594329194
-0.0619271051163
-0.0571383363528
-0.0753010275802
-0.0448432402296
-0.0477232316
-0.0466179334529
-0.0760257517036
-0.0485896924976
-0.0670103947576
-0.0631992122457
-0.0514592582991
-0.0439026390016
-0.055214594707
-0.0623682524121
-0.0480831519556
-0.0321648154152
-0.0096872457739
0.0107567392588
-0.00424310109861
-0.0291057721068
0.000670635835838
-0.0160480513384
0.00939739311468
-0.0150306001107
-0.0284731308398
-0.0196671399253
-0.0210640429053
-0.0365234573997
-0.0107506591858
0.0196130773441
-0.0122027583992
-0.0158563829379
0.0126630957776
2.94784364461e-05
0.0161989724842
0.0126381967652
0.0111498304211
-0.0146145143266
-0.00958773153929
-0.0107356095449
-0.00699001380936
0.00892354534377
-0.0273764300989
0.00357131340116
0.0155748544329
-0.0113950556553
-0.00111446621931
-0.00785862834623
0.020098342346
0.011823708407
0.0105852813813
0.0293135955553
0.0114399451583
-0.000484830516052
0.156977833111
0.181237517796
0.164763245802
0.148877513906
0.132213228463
0.0680728782504
0.086882019642
0.0443426902737
0.079493190436
0.0924752577141
0.0808994316359
0.0863415581598
0.0681053402807
0.0498691224016
0.0455560546972
0.0621008783366
0.0640056531875
0.055248523558
0.0573780938277
0.0523836708061
0.0433331434138
0.0204358172657
0.0463284803809
0.0722211434962
0.0572330656792
0.0913106894103
0.0623420370888
0.0543722693496
0.0524746482476
0.0833353418302
0.0656004680557
0.053656235788
0.0906006645408
0.0888645985185
0.0707595919677
0.0361348954504
0.0310166507872
0.0660593493376
0.0482112369758
0.0773296768465
0.0666378538249
0.0478117384415
0.0910600817095
0.055951669172
0.0668233399476
0.08054219744
0.0922659953279
0.0838229439737
0.0926346722465
0.0898670188082
0.0978551722902
0.100841714413
0.0677033355594
0.062970469844
0.0831414052816
0.088912574047
0.0909180490014
0.091855017533
0.109243770728
0.0707471637748
0.0610717913654
0.0754632033142
0.0898546152631
0.0733842194599
0.0727798389021
0.0766261890509
0.0804725391996
0.0757448678165
0.0772796217816
0.0846865488346
0.0460099679665
0.0706097630655
0.0762711985143
0.0883059071954
0.0616452476808
0.0732318643825
0.0888149563558
0.0960204603924
0.103225964429
0.0735364415245
0.050231102779
0.0705391605009
0.0696314516785
0.0885932008421
0.0758077838331
0.0733684228928
0.0726920133677
0.0696192991807
0.0850191882371
0.0616441136226
0.0575451824607
0.0601784906938
0.0486347963585
0.068419177859
0.0595148607514
0.0598999421813
0.0934626111483
0.0723094792828
0.0829743647824
0.114093262259
0.145212159736
0.147790828236
0.131126931126
0.133761560501
0.0901071307449
0.089194609183
0.0680143425248
0.0798596741768
0.0740675393629
0.0682754045489
0.062819557405
0.0578199884078
0.0471423340219
0.0616735445301
0.0617752422409
0.0618769399516
0.0695953358455
0.0773137317394
0.0782823638231
0.0658566424894
0.0910262112988
0.0776244031686
0.0859609445022
0.087918192467
0.0908059671623
0.0750724302166
0.0648487719654
0.0877965302028
0.0670994287316
0.107340716416
0.0746380543527
0.113679493895
0.0693406548622
0.0529649195671
0.0892642647094
0.0715274796283
0.0637733469554
0.0771198016691
0.089592767793
0.0671974357435
0.0960168866137
0.0738633381013
0.0515327422089
0.0514945812408
0.062759597879
0.0630293228089
0.0528491719078
0.0426690210067
0.0660503689857
0.0716642127909
0.0952163313712
0.0514474913894
0.0648286028988
0.0771487078158
0.0865161642277
0.0692510057651
0.0707415038781
0.0716771042323
0.0827915545925
0.0924603023114
0.0854200982756
0.0738525387073
0.0720997410497
0.0516230931306
0.0902170616824
0.0545265465494
0.0724505294653
0.0903745123811
0.0624344385933
0.0634897601875
0.0877857909283
0.104768069374
0.139651413336
0.0870203144724
0.111309188894
0.06331379445
0.0793945799047
0.118626980786
0.100669965815
0.0716771467314
0.0778015021206
0.0486583840102
0.041864936172
0.055879613949
0.0656290392472
0.0529543639063
0.0384480354347
0.0626288415659
0.0542825705905
0.0535773002192
0.076193431759
0.0665510834308
0.0433080080219
0.071678935101
0.0659383700279
0.0690098407732
0.0704607635727
0.0745749645274
0.0623378129144
0.0620586566804
0.0561988073284
0.0709457322825
0.0542138869013
0.0357515986972
0.0433932856701
0.0510349726429
0.0263495538781
0.055143383219
0.0481367936681
0.0495806079634
0.0618608711435
0.0573865319337
0.0522626351254
0.0723956216608
0.0233723727445
0.0704842864251
0.0195229519543
0.0220885573366
0.0306305685346
0.0328158577293
0.0555861079806
0.0605974153876
0.0374762684515
0.0461023265819
0.0703219276742
0.0638071530445
0.0564537346037
0.0557012181529
0.066657105364
0.0728461278213
0.065625922955
0.0787789510379
0.0651583471717
0.0638579766988
0.0647574039139
0.0557772881425
0.0679769607471
0.0476876385421
0.0526701325444
0.065130435234
0.0614340484089
0.0613706200629
0.0613071917168
0.0640629039831
0.0655876642549
0.062434655299
0.0444973748682
0.0511879956331
0.0697624246099
0.0375514525015
0.0449963565109
0.0369435214163
0.0288906863217
0.0314383566827
0.0361809923583
0.0133565834253
0.0327529750991
0.018981688329
0.0471912442287
0.0269132629871
0.0324933953951
0.00721559679904
0.0110985013136
0.0461737109633
-0.0121714033637
0.0303959285673
0.00696344821049
0.0300975801338
0.0232207530214
0.0181195754342
-0.0172822493031
-0.00456661184803
-0.0161132498049
-0.0183814874011
-0.00750862914101
-0.0222811534198
-0.0232571219112
0.00360082453965
-0.0391492106889
-0.0282799939751
-0.0374826226359
-0.0300707447372
-0.0225463662398
-0.0193378018612
-0.0115564165442
-0.028855345664
-0.0284375323939
-0.0250519414791
-0.0529028429957
-0.0281701022179
-0.0380177491884
-0.0394265975824
-0.0340793593985
-0.0315556756636
-0.0605768608365
-0.0374725473903
-0.0424594190494
-0.0489856205084
-0.0425761741847
-0.0157402324522
-0.0307047243883
-0.0456692163244
-0.0634896759055
-0.0502348243256
-0.0452334500307
-0.0229220209816
-0.0471373717316
-0.0440470615853
-0.0345924748021
-0.0467619440417
-0.0442688462195
-0.0327643711284
-0.0368105178583
-0.0210895151067
-0.0387652926924
-0.0561745970088
-0.0402546616497
-0.0384132974289
-0.0355344590423
-0.0403136395255
-0.0418241997807
-0.0318761064122
-0.0209209965611
-0.0560413754598
-0.0740008454644
-0.0447204429602
-0.0443114827993
-0.0382692620091
-0.0334589373228
-0.0430905923933
-0.0428941415996
-0.0407455659992
-0.0492772842909
-0.0279022666051
-0.0169034795027
-0.0399477830288
-0.0243891803732
-0.0318516317146
-0.0478716860614
-0.0394061095735
-0.0352456337557
-0.013802910139
-0.0326524985299
-0.0368831547463
-0.000100419672926
-0.0199792707219
-0.0238681623765
0.00181633704255
-0.0198678309221
-0.00453586262405
0.00470371713271
0.00046133917981
-0.00613505373237
0.0113830894931
0.0170674293206
0.0288396893202
0.00282979750689
0.0200871116814
-0.0106912121404
-0.0068001553145
0.0183618376914
0.00033843329089
0.017669553525
0.0109978662322
0.00450756608511
-0.0241202952388
-0.018203496246
-0.0280573939068
0.00508343728202
0.00409103111556
0.00980285865361
0.0115410878734
-0.00236914146472
-0.0113826791537
0.00961306645419
0.0104834518516
0.0286059850897
-0.00451911513509
0.0029277552707
0.0399889532295
0.0269044867504
0.00484483026006
0.0427615815328
0.0302943382106
0.0149122887275
0.0244105629967
0.0230608320968
0.0554192584807
0.0561824359169
0.051888175198
0.0295489418676
0.0274929726191
0.0223351375926
-0.00228404812271
0.00279313053427
0.0213514190035
0.0295454622529
0.0377395055024
0.0459335487518
0.0211909827651
0.0302030866975
0.0806546571233
0.0528152593083
0.0459299806398
0.0499128333417
0.0441250648554
0.0409151183878
0.0499750387794
0.061165296526
0.0558220712385
0.0536699421223
0.0482371961663
0.0811657992462
0.0626149825213
0.0770636920387
0.0747363571672
0.0724090222958
0.0374549450482
0.0743957533131
0.113257158742
0.152118564171
0.132988132463
0.113857700756
0.0947272690484
0.105957070332
0.117186871616
0.1284166729
0.118035351751
0.107654030602
0.0972727094528
0.0868913883037
0.0648166623316
0.0787038136972
0.0925909650628
0.00212444260688
0.0384858008624
0.074847159118
0.0511653940858
0.0274836290536
0.00380186402136
0.00621490857161
0.0329687315786
0.0597225545855
0.0269886729868
-0.00574520861194
0.0723082055107
0.0438252338948
-0.00465169587844
0.0606596262053
0.0624011547342
0.00957080864991
0.0362402104178
0.0634947437353
0.0699732129375
0.108781186384
0.14758915983
0.130060402496
0.166107231783
0.202154061069
0.226242706126
0.282125907185
0.289614873572
0.298608642485
0.307602411398
0.316596180312
0.325589949225
0.334583718138
0.262013259824
0.236818048769
0.258083109731
0.196653274203
0.194865522431
0.138375370191
0.137972076453
0.150176022233
0.18747440249
0.177854066521
0.230935716687
0.302871553752
0.395841244517
0.497880327064
0.553920895813
0.649097990916
0.779881871046
0.893459095291
1.03418967732
1.1543676786
1.24686489139
1.34490285952
1.37515751357
1.41173199852
1.39254931856
1.37336663859
1.35418395863
1.36014546622
1.33805330084
1.22203167542
1.19549537825
1.14874679081
1.10398260218
1.04858119965
1.01944685381
1.00375998221
0.999089232633
1.00514377786
0.998892226303
1.0083901174
1.00823840411
0.981812550588
0.949603085623
0.918529268672
0.886653946894
0.841951168354
0.802493776342
0.750129575086
0.70401273331
0.637825869674
0.590336146076
0.52111490034
0.455206128964
0.422450266025
0.36622925249
0.338506398054
0.311860976291
0.285927073544
0.287634711964
0.274508839526
0.258277883481
0.240595346759
0.240552744075
0.27347848659
0.288614168265
0.309710019514
0.34651284737
0.387982752303
0.398860015597
0.4218638507
0.434491757654
0.487917512468
0.524517969379
0.505946918525
0.569205892803
0.586897047042
0.598898416146
0.617242547595
0.606870747378
0.630007916039
0.625740422774
0.657213088779
0.657988368207
0.652604904389
0.643871941848
0.666644376276
0.671882860127
0.667455896675
0.645140371482
0.645635749708
0.626565163657
0.61546817037
0.580166977403
0.594243085741
0.591442289232
0.595293175326
0.590541926487
0.589229633202
0.605656447656
0.646055835949
0.642928907752
0.657855549715
0.639026859219
0.630001944594
0.634320745494
0.630333282799
0.601232232839
0.580582647778
0.568425392819
0.549298576882
0.532757744619
0.525952981078
0.472407693628
0.465975045416
0.437452003992
0.403537860432
0.412172993574
0.39809983579
0.410107894431
0.432909801016
0.495811960192
0.500092925839
0.504373891487
0.518270023666
0.506912856117
0.509321160287
0.508548672303
0.505343573259
0.535948299683
0.524318884952
0.544622100185
0.54095751088
0.559877060505
0.546003227848
0.544633584285
0.545305552683
0.561183046218
0.569068576026
0.571178637947
0.546605117097
0.556885532717
0.550786859947
0.514943800791
0.479430724818
0.483257439996
0.432941935648
0.428642151992
0.391286707275
0.379054814396
0.368427488788
0.346449925074
0.32751043451
0.310173129745
0.29370302725
0.265517591467
0.249759104915
0.223009196814
0.187883940528
0.165050492469
0.170979168304
0.118369627647
0.110146810497
0.107118531701
0.0808415093143
0.085836232297
0.062199794193
0.0630359329908
0.0635297356454
0.0849245475102
0.106319359375
0.0637078600202
0.0550100260867
0.0622904068106
0.0614591098332
0.0294671817702
-0.00288134708453
0.00172888866002
0.0203905772484
0.0160597907033
0.0548504961381
0.0465378190825
0.0470800719107
0.0514132143479
0.0559833502808
0.0605534862137
0.0316767964141
0.0474048070489
0.0537460812009
0.0637968612762
0.114145716408
0.133528687566
0.154135369321
0.169414021638
0.174751222952
0.239332697269
0.258668612885
0.249697954029
0.252509693538
0.266929060887
0.269594471479
0.281100044775
0.257185513218
0.224111709605
0.211395870605
0.168333301658
0.169779565981
0.123275462879
0.0782668865089
0.0264546258205
0.00443462550351
-0.0066871619886
-0.0324218476229
-0.049406445518
-0.0501375333444
-0.0499589016463
-0.056436644376
-0.0569662332924
-0.0559366425992
-0.0549070519059
-0.0784279292194
-0.0708218680065
-0.0651284820569
-0.0592231213219
-0.0452360865046
-0.0354812478205
-0.0207134278447
-0.0136074044176
-0.00271401660442
0.037163265985
0.0653326280258
0.116721938326
0.162333007442
0.18056485277
0.255062204374
0.347696371582
0.429089750942
0.467111361797
0.569791490363
0.639619097522
0.690779560506
0.74194002349
0.77118563512
0.796473303382
0.78901451416
0.796815745375
0.787920071539
0.772363683111
0.771145555682
0.752724203949
0.746964269263
0.75903622881
0.77136596605
0.783830073144
0.783255052431
0.803645684156
0.805772089077
0.810379751627
0.79048576804
0.75129523007
0.717194514662
0.649501605037
0.573139326678
0.476641946847
0.359339933475
0.257933100351
0.190377989153
0.136522395233
0.0503796647536
-0.00638074796908
-0.0325149403987
-0.0338290659764
-0.0679368736533
-0.0742559655058
-0.0405335240668
-0.0631753970805
-0.0790950067323
-0.0917610259722
-0.0868674903289
-0.0921550776546
-0.0974426649803
-0.0730762410348
-0.10492801692
-0.0950951266411
-0.112559809571
-0.101936716144
-0.0948587963069
-0.106194997008
-0.0831673721919
-0.0759789473763
-0.0844443850655
-0.0852713628186
-0.0729570814279
-0.0502315107706
-0.065104312406
-0.0547544353475
-0.0577428355898
-0.0405928654533
-0.0485002290039
-0.0607875504849
-0.0690971479059
-0.0599565909378
-0.0493980221116
-0.064361374526
-0.0598304030579
-0.066868197624
-0.0737561634788
-0.0785082805821
-0.0685141412251
-0.0496825468926
-0.057644114513
-0.0712848912898
-0.0585550660187
-0.0602022000092
-0.0510368051034
-0.0418714101976
-0.0426206899023
-0.0614508171156
-0.0586541953656
-0.0477192712146
-0.0413569157133
-0.0199651482782
-0.0225203665955
-0.0481180579124
-0.0180439776544
3.2866786716e-05
-0.00843824065207
0.0108393769551
0.00462363103137
0.0248459911756
0.0216004029114
0.0196078394064
-0.00256505664216
0.00734405270773
-0.00285884612914
-0.0075709853073
-0.0462916739173
-0.0415648663409
-0.0753661317845
-0.0470650572162
-0.0758455723052
-0.0847692768058
-0.0902729449294
-0.0845648788505
-0.0755105415389
-0.0920792076576
-0.083998485102
-0.0816324156078
-0.0806449252611
-0.0732505294257
-0.0900597123529
-0.0844619597355
-0.0683287066664
-0.0891396001526
-0.0882905585723
-0.0897026625347
-0.0627870029471
-0.0646983753257
-0.0697009749006
-0.0821571645502
-0.0934865415467
-0.0906324408031
-0.0727054156581
-0.0794333923828
-0.0834416042337
-0.0663298885475
-0.0835987811871
-0.0644938378635
-0.0741034285179
-0.0725403650333
-0.0720401200444
-0.0774806874313
-0.0811789840669
-0.0799272215715
-0.0742040037265
-0.0529945020547
-0.0294078614343
-0.0695609543191
-0.0447281795679
-0.0704614148201
-0.0713828806812
-0.0681910843966
-0.0464676385963
-0.0490717430137
-0.0592112765131
-0.0459333075494
-0.0625227801021
-0.0675600814789
-0.0545215299255
-0.0498365143343
-0.0663387436861
-0.0608271896586
-0.0633221013897
-0.0451225673754
-0.0512054426545
-0.043779694577
-0.0461220893997
-0.0606354925433
-0.0468485994972
-0.0471792067253
-0.056096704316
-0.0289135298566
-0.0708772106868
-0.0487348641641
-0.039885119874
-0.0440967175722
-0.0551400076026
-0.047664304373
-0.0714181093767
-0.0582808284935
-0.0582564055509
-0.0582319826083
-0.037869235658
-0.0357505400392
-0.0520381874195
-0.0563520394397
-0.0496758489746
-0.0662329422549
-0.0527963744396
-0.0677542217209
-0.0365394705292
-0.0545564935904
-0.0717170292404
-0.0536343485551
-0.0372502840122
-0.0535859273588
-0.066867384474
-0.0458077363525
-0.0485658028634
-0.0524998998435
-0.0340769538207
-0.0505404382791
-0.0497647595579
-0.0575308352253
-0.0594000829636
-0.0653559476942
-0.0620755978428
-0.0593530522129
-0.0420883909583
-0.0478832959153
-0.0513660144206
-0.0458884071192
-0.0446519771625
-0.0645386222329
-0.0524411825973
-0.0648468924375
-0.0602303238855
-0.0549284968217
-0.0582981429001
-0.0518658676137
-0.0746770552595
-0.0623436996801
-0.0561962472654
-0.0651712339812
-0.0476397825842
-0.0624897236929
-0.0627109520741
-0.0660059324884
-0.0658449223765
-0.0591997579128
-0.0616135737267
-0.0371294925742
-0.0569776647297
-0.0616763902923
-0.0302338860291
-0.0532209940482
-0.0658032244066
-0.0550098755968
-0.0687963568391
-0.0395390786108
-0.0550186067796
-0.0490338390379
-0.0399828972553
-0.0537973496874
-0.0380816030828
-0.0566371249385
-0.0210475216724
-0.050376940679
-0.0456742239869
-0.0421359345157
-0.0609934735301
-0.0502417816315
-0.0429827853934
-0.0540005777547
-0.0423992038283
-0.0447441676039
-0.0385225899962
-0.0561745847605
-0.0533766695727
-0.0558384941742
-0.067583348875
-0.074385600622
-0.0591228812993
-0.0723896208638
-0.0518448365948
-0.0565885010835
-0.0470085918665
-0.0545516280931
-0.0652459197409
-0.0760126479019
-0.0328043553329
-0.0621666938123
-0.0643156045987
-0.0660251378674
-0.080983963695
-0.0628186030927
-0.0705103117678
-0.0782020204429
-0.0789800251716
-0.0831467805376
-0.0839253166646
-0.0782814074336
-0.0785011446207
-0.0845895149015
-0.0808608623181
-0.0667245868055
-0.083134146017
-0.0901575225874
-0.0791508289047
-0.0460681026484
-0.109974286743
-0.083835979944
-0.0704722851654
-0.0849035113143
-0.0789577684111
-0.104614880359
-0.0868739243066
-0.0908628153225
-0.0926842490608
-0.102172736108
-0.104825252601
-0.0793553989337
-0.0664728820224
-0.100857503826
-0.105490797391
-0.0850747808187
-0.0900113619328
-0.0931536063613
-0.111483622888
-0.104197769359
-0.0867536816166
-0.107043522017
-0.107694370586
-0.0947911995288
-0.095956438308
-0.107265357968
-0.0957968423903
-0.0982502202268
-0.0832315023306
-0.104656960057
-0.118593768937
-0.0970120114747
-0.130995575416
-0.152600666076
-0.128300308658
-0.103999951239
-0.0940305099071
-0.0967010872554
-0.0952170188622
-0.076745129636
-0.0831416030696
-0.0981429389984
-0.109682596609
-0.111992258446
-0.106182620116
-0.104084828727
-0.101109532016
-0.103343129028
-0.0969710624685
-0.111878071006
-0.105890643058
-0.0901825155754
-0.0994010572858
-0.109445856357
-0.108832721361
-0.108525710643
-0.126713858807
-0.0958302121152
-0.133921404704
-0.130621149527
-0.125104758638
-0.12730833804
-0.128108014004
-0.129505924237
-0.153949010406
-0.131642047601
-0.152934719315
-0.142886377249
-0.143578070391
-0.140887763985
-0.136488984505
-0.155099811054
-0.166290835568
-0.16682616852
-0.144756579944
-0.159114209139
-0.160034533691
-0.15157801243
-0.16733097123
-0.159144291922
-0.152254938471
-0.163511679296
-0.16672623829
-0.169940797285
-0.173155356279
-0.171400379546
-0.158619313469
-0.159020132771
-0.14289617902
-0.160074486706
-0.154349559552
-0.139877298508
-0.142462323388
-0.144632029816
-0.157342592908
-0.143105905896
-0.145154175942
-0.141422986957
-0.136137563545
-0.132620688603
-0.148560964681
-0.151743647649
-0.145758615155
-0.141938839001
-0.160959254508
-0.126995942865
-0.129003439934
-0.147324548477
-0.127719185217
-0.131580863416
-0.14645626685
-0.128064278663
-0.136548899001
-0.114885048094
-0.120412975029
-0.122058789294
-0.119054960691
-0.129880841587
-0.105493323344
-0.103457428175
-0.128788066492
-0.112166744633
-0.112691398939
-0.104976347977
-0.102721757431
-0.093714486477
-0.0936454879122
-0.0911577320869
-0.0961642001407
-0.0931516178638
-0.110613191442
-0.103808118915
-0.0951268951836
-0.0998328064729
-0.0907548404271
-0.101209543355
-0.0716729585699
-0.0879554793141
-0.0701543220163
-0.0904402774469
-0.0825538832994
-0.0804092213433
-0.061736766827
-0.0771265382979
-0.0720424578067
-0.0953242431864
-0.0844426349611
-0.0756819066027
-0.0664859980565
-0.079198695941
-0.0706631303801
-0.0633359873027
-0.0659322999908
-0.0788620090538
-0.087292243364
-0.064402033034
-0.0665238975914
-0.0725272598945
-0.0652931054859
-0.0801528119468
-0.0904349329749
-0.05736431581
-0.0164646159937
-0.0783145060713
-0.0583643462162
-0.0603257182277
-0.0649058453311
-0.0640925460093
-0.0570454480582
-0.0732809746456
-0.0923798804351
-0.0621670174503
-0.0731261638271
-0.0806102210876
-0.0669103841507
-0.0804207544601
-0.0820114137574
-0.0755537159554
-0.0750578814208
-0.0745620468861
-0.0564854093457
-0.0784700214044
-0.0477717980334
-0.0597650745791
-0.0658270192933
-0.07333930511
-0.0696506247374
-0.0932505210661
-0.0657592486508
-0.0841076582578
-0.064167531356
-0.072840397228
-0.0540200633096
-0.071817860168
-0.0552530252501
-0.0695383063916
-0.0683518378345
-0.0928333914669
-0.0748573389003
-0.0954062191857
-0.0909073716689
-0.0664853531124
-0.0718519907546
-0.0827050808486
-0.0850467567517
-0.0830390192202
-0.0916242978156
-0.0776671116705
-0.105957870698
-0.11583403966
-0.0943545465792
-0.0796941461928
-0.110463764546
-0.0838559939126
-0.0767774695768
-0.0972847999469
-0.0877012360279
-0.0957448735675
-0.0768789462523
-0.0821676878432
-0.0874170502213
-0.0889779715828
-0.0949138119031
-0.0755796384565
-0.0696610356942
-0.106649199167
-0.0831193749682
-0.0714603356489
-0.0915645422775
-0.073441432452
-0.064858099664
-0.0543880792791
-0.0867910410942
-0.0799495710501
-0.0766780771651
-0.089248801092
-0.0638565758114
-0.0947025933714
-0.0786347382917
-0.0679199348307
-0.0755907725988
-0.070215112806
-0.0872037262717
-0.0855852492589
-0.089218890613
-0.0842345207278
-0.0957977159304
-0.0663346288554
-0.0834681012291
-0.0814273445985
-0.0899533921777
-0.0963243074168
-0.0766040121553
-0.0971247312145
-0.100493040568
-0.0878634399435
-0.0711103174862
-0.0993245435464
-0.0839373805827
-0.0887677849442
-0.0861716895746
-0.0897363653206
-0.106544992759
-0.0734103581654
-0.0822726595625
-0.0959291924287
-0.0971086835445
-0.0817786293625
-0.0722466658768
-0.105715566953
-0.0983008051618
-0.109053798322
-0.0978319667804
-0.0594844322923
-0.0664183023844
-0.0733521724765
-0.0722435441648
-0.0755574866625
-0.0727855447918
-0.0726085085618
-0.0923144791826
-0.0772883792598
-0.0796426982947
-0.0889896793201
-0.069300056991
-0.0959267749685
-0.087832525355
-0.0758347224852
-0.084404022006
-0.0804654733458
-0.0786292849694
-0.0827593928058
-0.0805810061855
-0.0843747023683
-0.0676232559205
-0.0878484657823
-0.0791508008187
-0.070213656057
-0.0829014667238
-0.091526003672
-0.0808466187678
-0.0823797128556
-0.0855420329799
-0.0677455855961
-0.0761805409622
-0.0832264858022
-0.0811558648606
-0.0569702462684
-0.0635819528971
-0.053823319248
-0.0654809874372
-0.0532911254137
-0.0746407469429
-0.0634343249959
-0.0615277644973
-0.0602190796195
-0.0633669458866
-0.0601840576734
-0.0464691250947
-0.0681351887102
-0.0709931534123
-0.052325318352
-0.062804553773
-0.0664368677456
-0.0556259341782
-0.0448150006108
-0.0589582125459
-0.0530571802593
-0.04929918998
-0.0568710755843
-0.0492471887895
-0.0617395907268
-0.0689902864637
-0.0652987911925
-0.051872803678
-0.0677856551092
-0.0847817405738
-0.0649612112825
-0.0786231490506
-0.0700116308502
-0.0468122108302
-0.0866022679904
-0.0857657555266
-0.0688964695633
-0.0723671431397
-0.0559277404688
-0.0956933542088
-0.0738198071538
-0.0760402733128
-0.0697250258962
-0.0650589125235
-0.0776769891757
-0.0836055240793
-0.0909271745029
-0.08915984793
-0.0863141119218
-0.0703486617097
-0.0816193924987
-0.100232119444
-0.079771269922
-0.0897875152075
-0.0891803938222
-0.0865891390474
-0.0676984471333
-0.0751060188041
-0.0694693679383
-0.0658965289857
-0.0793860125743
-0.0662911850152
-0.0787872476393
-0.0667229374786
-0.0546586273178
-0.0425943171571
-0.0641127328873
-0.0632267048588
-0.0826690741326
-0.06797110042
-0.0713708674118
-0.0670266429216
-0.0724515476138
-0.076416407674
-0.0628962819767
-0.0761116596839
-0.074570573341
-0.086214127276
-0.0731017289625
-0.0756461409458
-0.0833416468939
-0.0664663518009
-0.077907032584
-0.0930750323614
-0.108153969402
-0.0856576392699
-0.101201608123
-0.0786412905587
-0.0926971842827
-0.0848326877383
-0.0847417968629
-0.104673713713
-0.0863735766911
-0.106044839732
-0.0995200310983
-0.0890467953521
-0.0965672744353
-0.0914820268099
-0.0797870503728
-0.10217803785
-0.109557145954
-0.107155857282
-0.0884856953631
-0.111243517987
-0.102919871771
-0.103558645726
-0.0952046923329
-0.0930608450866
-0.12268179051
-0.121560635397
-0.109654458065
-0.120955843482
-0.117876526236
-0.12345310247
-0.121927236541
-0.120401370611
-0.114467411203
-0.12316432316
-0.129225801578
-0.136660170953
-0.107280761824
-0.124967499083
-0.128752595814
-0.118610783773
-0.142773112876
-0.143171944396
-0.141872597587
-0.12817263691
-0.139044577857
-0.150907793269
-0.14345023988
-0.153884971545
-0.167028959379
-0.152644953062
-0.148211126614
-0.132282201783
-0.16929733895
-0.147236928052
-0.173400756468
-0.151172299927
-0.138745633728
-0.159047968552
-0.15937990001
-0.162744634916
-0.156626986892
-0.164557963801
-0.162155329037
-0.144322569302
-0.141850761592
-0.155264440246
-0.16298189544
-0.16783853959
-0.153342314195
-0.166175477325
-0.141966956805
-0.141714637337
-0.163020616808
-0.146368559437
-0.133382057765
-0.135117621641
-0.136853185517
-0.142366388575
-0.12963447245
-0.141619203369
-0.129274681207
-0.131399136548
-0.120710828029
-0.136194334737
-0.123261542951
-0.122132391756
-0.129603768439
-0.14708287913
-0.135205068556
-0.124209682553
-0.111584676546
-0.113408135933
-0.133854077795
-0.106164982517
-0.10872422264
-0.111283462764
-0.111346846852
-0.105536410191
-0.102827028141
-0.10011764609
-0.0910323479657
-0.0923445894553
-0.105764113092
-0.0917797328699
-0.102693008388
-0.109998489462
-0.115349732297
-0.108249059573
-0.121120908631
-0.123551400274
-0.109065117677
-0.0992943001098
-0.130893853869
-0.120571762078
-0.0976931841332
-0.105329815803
-0.105367834288
-0.109738085776
-0.102107655588
-0.108477982732
-0.115938700523
-0.127041839979
-0.120430946493
-0.102053234438
-0.106075581865
-0.11517333271
-0.131320389694
-0.114751123391
-0.0871033763244
-0.107879472473
-0.102409450454
-0.101734707889
-0.117801252715
-0.0956913199492
-0.0991200025585
-0.108034961678
-0.106460515256
-0.108306238065
-0.11078401032
-0.105420124807
-0.108070173509
-0.102551258028
-0.0921477256559
-0.124669627221
-0.0868096307691
-0.0906786423591
-0.0955105586947
-0.0763652596972
-0.101628089862
-0.0900212097045
-0.0950500898795
-0.102736224842
-0.103103950671
-0.0772796968395
-0.0931506957203
-0.0900283192114
-0.100225503444
-0.105053789319
-0.114480056301
-0.0901897813103
-0.118090612296
-0.0938041075756
-0.101977022499
-0.0988936555794
-0.110865985738
-0.0998067451174
-0.120960495481
-0.124686528598
-0.098627136365
-0.0935121614524
-0.0914084609658
-0.0899347878032
-0.0884611146406
-0.0773216003571
-0.101217058522
-0.0874390714937
-0.093751975935
-0.0914122331692
-0.086140802698
-0.0901516398011
-0.0840420156994
-0.0892690746236
-0.10455283095
-0.0821749877048
-0.084877543998
-0.0718453917863
-0.101647530857
-0.0740807884694
-0.0865283735581
-0.0671987805304
-0.0702935522811
-0.0639976616486
-0.0908658000186
-0.0612084698124
-0.0476366375852
-0.0477671463051
-0.0428871461877
-0.0375002519419
-0.00743330258365
-0.00237022468308
0.0200995146852
0.0210389265584
0.0386098195798
0.058341906797
0.0715197362477
0.0524984487133
0.074272085106
0.092294993373
0.0995964961786
0.138511222555
0.117618254876
0.137454632434
0.158684833981
0.171894419368
0.206674779933
0.219150163342
0.247983032596
0.276815901849
0.326598114349
0.330513570218
0.348536473455
0.362426668713
0.34022668942
0.327189099978
0.304134127532
0.27019726144
0.239468423449
0.205288150083
0.145091269738
0.1137101998
0.074154859472
0.083792962814
0.034887077256
0.0153683768617
0.0328641045677
-0.00128077173033
-0.0036277946522
-0.00341797582994
-0.0095577456203
-0.00587861513559
-0.00403193162388
0.030031902255
0.0312747346254
0.0471111751747
0.0628984411074
0.0864227429273
0.107019852327
0.140068452024
0.178051199617
0.210686288761
0.283487566953
0.320305741944
0.355652167447
0.411272103363
0.476859791685
0.555564066091
0.651494162828
0.741459542012
0.832266147146
0.921823441444
1.01763326287
1.06078234614
1.10083408791
1.10542456928
1.12783220965
1.11625654292
1.10996941695
1.11238470672
1.1147999965
1.0945213937
1.04691193425
0.99469602864
0.942480123031
0.876479642058
0.777686351317
0.665189614086
0.582434452387
0.473940986706
0.385616863144
0.304937257879
0.236257333667
0.18566494569
0.142267031181
0.129502011882
0.0789224787842
0.061516018861
0.0140374337908
0.0396751711429
-0.00784274350994
-0.0387913075057
-0.0347124674714
-0.0283676110171
-0.0636965102386
-0.0488056371948
-0.0474729382176
-0.0741029901322
-0.0515607417315
-0.0778462675245
-0.0705268572028
-0.0714075563105
-0.0649373893047
-0.0659159240429
-0.052722450051
-0.0550963205224
-0.0367626241208
-0.038184354175
-0.0425110760289
-0.0219585134568
-0.00475052145212
-0.00481408476868
0.0218788978144
-0.00386695747359
0.0029160042305
0.0475494664497
0.0457163187028
0.0675225473968
0.110190052283
0.115859518212
0.139031020684
0.15495405029
0.17523984057
0.197202207218
0.189295369112
0.183986113122
0.199203445718
0.193047569443
0.184938697583
0.204202402807
0.191671146688
0.17913989057
0.200739311828
0.222338733087
0.243938154345
0.265537575603
0.287136996862
0.30873641812
0.34537909769
0.40878931395
0.384100378255
0.395409099698
0.398233940716
0.435271264735
0.452349450911
0.461378719842
0.485334527896
0.459831239283
0.417324317775
0.391771239366
0.36753924145
0.343307243533
0.335709743037
0.240989842733
0.231492032412
0.194846674622
0.158201316831
0.0624511232249
-0.0102041781561
0.0375032919426
0.0191113311094
0.00663859177253
-0.00583414756434
-0.0183068869012
-0.0307796262381
-0.043252365575
-0.0557251049118
-0.0681978442487
-0.0580255442215
-0.0478532441943
-0.064694673421
-0.0654296269409
-0.0808639511331
-0.0962982753253
-0.0211411390021
-0.0768484927952
-0.0759859689561
-0.134188442058
-0.171655272965
-0.169521628024
-0.167387983083
-0.165254338142
-0.163120693201
-0.16098704826
-0.158853403319
-0.156719758378
-0.154586113437
-0.152452468495
-0.150318823554
-0.148185178613
-0.146051533672
-0.143917888731
-0.14178424379
-0.139650598849
-0.137516953908
-0.135383308967
-0.133249664026
-0.131116019085
-0.128982374144
-0.126848729203
-0.124715084262
-0.122581439321
-0.12044779438
-0.118314149438
-0.116180504497
-0.114046859556
-0.111913214615
-0.109779569674
-0.107645924733
-0.105512279792
-0.103378634851
-0.10124498991
-0.0677269778551
-0.0286536470797
-0.0228640312344
-0.0329153008774
-0.0116389341447
-0.00867718263718
0.0240534155817
0.0199135305667
0.0451269566994
0.0703403828322
0.0824385215625
0.11248919588
0.101646825419
0.121800186529
0.158887322341
0.194339776526
0.188376357122
0.179532972977
0.2302362978
0.215224710143
0.248168845014
0.251001651117
0.293311056146
0.324714337624
0.340073900175
0.374539603307
0.421503110811
0.458587809601
0.519795057158
0.5796777773
0.608417379993
0.650143916097
0.70694828869
0.711996105744
0.76206365756
0.767504396766
0.781358450337
0.78078805875
0.815871029982
0.827173711375
0.82741326101
0.83792268091
0.824753219434
0.826596352907
0.822799498562
0.806428478107
0.81051289873
0.792792752185
0.791134281401
0.785368173668
0.779602065936
0.794350282729
0.789528917196
0.784707551662
0.728210779641
0.738223446445
0.718271254304
0.696180226852
0.665517160318
0.647077268358
0.610773281849
0.628578935014
0.578149295267
0.577597714326
0.552621413898
0.543921657635
0.488333200352
0.491356165134
0.418063210788
0.392149351091
0.346178978852
0.32087075806
0.295677406596
0.281166684798
0.289879545968
0.285698120198
0.298859364429
0.312909590473
0.343760112168
0.34607204883
0.36209976787
0.387324743387
0.3848902503
0.382455757213
0.418698400761
0.436213444837
0.461046786753
0.483208023899
0.523933029696
0.535220526581
0.544648368187
0.561118357463
0.577712369129
0.5686600456
0.560536127879
0.541466529129
0.532274109292
0.537190327658
0.519450649954
0.537490739058
0.532847835707
0.522311962664
0.528323916603
0.521186676605
0.505791130283
0.515433857808
0.503123578084
0.47928921036
0.44563818029
0.43139256496
0.423458079916
0.415602205919
0.403533631172
0.384271617843
0.357814930871
0.328752188357
0.329333468682
0.30015065572
0.306559098364
0.297721759099
0.276009040118
0.260034948862
0.254061108903
0.23776349886
0.224883515709
0.201030086243
0.203671832893
0.220991296277
0.219784096432
0.229194233259
0.23793883647
0.265797075397
0.294319067745
0.318971877166
0.343624686586
0.379179635109
0.398700252779
0.412035975246
0.45279252824
0.466221288043
0.481169625564
0.495137284584
0.50783229387
0.523182138582
0.568482495297
0.58851568162
0.608548867943
0.635591064922
0.646860149626
0.683442526255
0.686176098211
0.706561359591
0.705379130791
0.753510920848
0.769490046928
0.764397690544
0.790627586374
0.783855667893
0.802331690214
0.83944373759
0.856431732741
0.86510122532
0.919658558619
0.934442653651
0.977420857837
0.948847621985
0.978102227918
1.01750237866
1.04463033194
1.06596501934
1.10145713601
1.11885125694
1.11000260536
1.1092088664
1.09774022211
1.08558999113
1.08451760246
1.08884437626
1.05440700188
0.987213783434
0.939511743546
0.897758040233
0.867751357469
0.823098785629
0.782953256387
0.719020543567
0.627936636919
0.589010864916
0.508842707744
0.447943827448
0.41225179247
0.396507476289
0.357272928246
0.323669970251
0.313507146347
0.293408923142
0.251184165254
0.247898939169
0.207722995085
0.177388618591
0.195721009044
0.15060977363
0.152023424999
0.126743807918
0.101977825788
0.0935594822518
0.0851411387155
0.0547202268936
0.0656892756542
0.0750781657602
0.0733634064281
0.0587128877173
0.0618166669031
0.0469961941392
0.0496602261128
0.0353640167269
0.0131967087404
-0.00244127831144
0.0484444623828
0.0191118040912
0.0248944261403
0.030953621551
-0.0013720161364
-0.00250384773739
0.0117801546022
0.00105023955824
0.0169380177387
-0.000687400244862
0.00338727134146
0.0125225377811
0.0132782095055
-0.0178885353021
-0.00589310695558
0.00791616698189
-0.0202826515295
-0.0156138685431
-0.0164764701699
-0.00726123767702
-0.00978241250709
-0.00118416526364
-0.0173416908969
-0.0237065046384
-0.0300713183799
0.00155708075372
-4.48167053194e-05
-0.000226099537108
-0.0234594300953
-0.0161099492862
-0.0152092190988
-0.00299650323393
0.00164286599583
-0.001211596436
-0.00674419716084
-0.022340093508
-0.0107991616557
-0.0137850103189
0.0120250373046
0.00707882582491
0.0212034260078
0.005256618698
-0.0251174399384
0.00250258534621
-0.000818210923484
-0.00829292042162
0.030697354622
-0.0107117984146
0.0267366120905
-0.0174382588756
-0.0215607330253
-0.00446239966133
-0.0194782031839
-0.0049069757055
0.00665268883042
-0.0213333116858
-0.0083749716539
-0.0149882390829
0.00944795180211
-0.00990830974555
0.00332287430187
0.00230000190467
-0.0006155588944
-0.00744131246717
0.00807523899839
0.0048595022079
0.0146140426898
0.0271440947143
0.0163864561454
0.0291293398221
0.0289868270329
0.00376076511413
0.0151152917325
0.0265379660179
0.0109759394766
0.0328813067416
0.0348246097722
0.0231339348436
0.0280176627074
0.031497164944
0.0271793336447
0.0215475603416
0.0196373632468
0.0165166268699
0.0420794425683
0.0321999047391
0.0381310024593
0.022049988361
0.0323868748612
0.0253793017898
0.00354545213378
0.00993677798413
0.0298810283438
0.0285265476811
0.0147696198695
0.0385943216607
0.0530768974663
0.0301737006608
0.0310535781267
0.0220686677615
0.038426197386
0.0139065627141
-0.00247302534169
0.016373803678
0.00598634932992
-0.00440110501816
0.0148571915392
0.00853527951156
0.0171781947532
0.00482768216511
-0.00251968564159
-0.0127775767639
-0.0274324186147
0.00359508338523
-0.0426938629
-0.0263518042864
-0.0207767576788
-0.0352841878487
-0.0230958283285
-0.0266071410615
-0.0301184537945
-0.0233349736409
-0.00871785482613
-0.00557650897553
-0.0389754479501
-0.0223212685041
-0.0405027710863
-0.0269914097594
-0.0384323275268
-0.0341880045545
-0.0418605320528
0.0114989222302
-0.0096619308869
-0.030822784004
-0.0191004228491
-0.0239894135771
-0.0415999411482
-0.0101718104555
-0.0124854293269
-0.0285921734945
-0.0167478842251
-0.0126292867199
-0.0188678590915
-0.0059275090272
0.0054945111855
0.00204620761307
0.00970789116492
-2.80383607221e-06
0.00293540369676
0.00300845908967
0.0145965244864
0.0310559686229
0.0306783905808
0.0358114286168
0.0709855467054
0.0959409383674
0.0859768843964
0.0932626814349
0.0915197858548
0.0897768902747
0.0975516861739
0.113598281806
0.0891682422078
0.0818278792758
0.0999411673782
0.0941383118851
0.110700148697
0.109256856241
0.113746275828
0.0731090603403
0.11177075811
0.0785695913415
0.07087341183
0.0696876814286
0.053351178955
0.0347231953253
0.0265214458197
0.0277147845992
0.0154179370345
-0.00786483485812
-0.00035334348851
0.012406197657
0.0229458262781
-0.00140368529137
0.059239316171
0.0699820633884
0.0973098318845
0.0832676086729
0.0897971092789
0.096326609885
0.102856110491
0.102930124327
0.103004138163
0.103078151999
0.0671589483996
0.0517760274058
0.0461648847941
0.0455592763936
0.039432596151
0.0344882489424
0.0378382289641
0.0446093794925
0.0315207781588
0.0468055547985
0.0554663937442
0.0804816392096
0.0393847707225
0.0633696139085
0.0555889609055
0.0782901074106
0.0585361609749
0.063011886651
0.0679522695507
0.0708135461444
0.0737944654342
0.0708709740276
0.067947482621
0.0820988230312
0.082302639616
0.074135584073
0.0876119555033
0.102284322068
0.0944854438717
0.089794006758
0.0748158733943
0.084657165098
0.0913847433019
0.0739409328944
0.0893690851987
0.0963454500636
0.0946621899536
0.107817011866
0.0861196330158
0.0881042045442
0.0809286920375
0.0601395227676
0.0741532454284
0.0736227279619
0.0759548206701
0.071916888679
0.0668709435769
0.0700235165267
0.0579255497428
0.0583463120622
0.0682362076845
0.0561506047161
0.049387131822
0.061935270233
0.060021249546
0.0668681318299
0.0607747588926
0.0383941742786
0.0340376561521
0.0588712548134
0.0548624753206
0.0305225652349
0.0718430867102
0.0367958055204
0.0548774785865
0.021493158993
0.0314232730744
0.0313822856836
0.0227949454031
0.0536175458411
0.0294594416288
0.0411535657117
0.0199409159769
0.0347214248785
0.0237557734137
0.0449523728601
0.0357503454505
0.0218307418477
0.0127876586708
0.0204796458266
0.0284979024265
0.0264360553976
0.0224336523496
0.0166212608485
0.0253250629407
0.00429267901127
0.00221494347721
-0.00209110720761
0.00742941374648
0.015461191117
0.00990816733368
-0.0127859375596
-0.00600513537622
0.00694092418301
-0.0077345304762
-0.00296542470538
-0.0133380180323
-0.0263177300868
-0.0216879396825
-0.0536214395092
-0.0395147939177
-0.0216992093047
-0.0280467700325
-0.026529864992
-0.0389103148639
-0.0458304036036
-0.0204051844129
-0.0228402284607
-0.0237597771099
-0.0329242292991
-0.0501750160296
-0.0339316122452
-0.0152950667207
-0.01009382015
-0.0286108930305
-0.0145300750334
-0.0454971231726
-0.0384926666679
-0.0314882101632
-0.0371541741406
-0.0185679156992
-0.00504599805094
0.0472343336072
0.0113177532865
-0.00952562294234
-0.00297727498184
-0.0156224788501
-0.0162818949644
0.00843225874886
-0.0209011934725
-0.0137962495471
0.0278641689161
-0.00525545485864
-0.00882716001578
-0.0129572212384
-0.00126640571253
-0.00674733720957
-0.0111085986444
-0.00298298011546
-0.0226313731987
-0.00955205613336
-0.00895256119235
-0.0136067321674
0.0200859579415
-0.00981418877737
-0.014214969099
-0.0375067233014
-0.00745869920984
-0.00102264745426
-0.0128506563829
-0.0123469824069
-0.0164747069655
-0.00166621281912
-0.0372093806487
-0.000661776861168
-0.00131024045724
-0.00478212974739
-0.0167341766254
-0.00840675558039
-0.0186462597343
-0.0135483622122
-0.0123978628462
-0.0116751721149
-0.0128806025962
-0.0208757950636
-0.0402106778238
-0.0234046401025
-0.0384215212247
-0.0278902672951
-0.0412558582033
-0.052867004565
-0.0395453509963
-0.0328540782678
-0.0514665467639
-0.0379048549794
-0.0404489084977
-0.0651016171894
-0.0721790010046
-0.0624104207693
-0.0657373823808
-0.0426374887642
-0.0628001037165
-0.0519114067564
-0.0472608556961
-0.0830361705452
-0.076358529491
-0.0655720944055
-0.0826046337662
-0.0551428640532
-0.0729181674692
-0.0574307007501
-0.0523861032125
-0.0473415056749
-0.0422969081373
-0.0372523105997
-0.0599368981321
-0.0683587687097
-0.0477042066274
-0.0680626912576
-0.0666401632863
-0.0571475500957
-0.047654936905
-0.010313156198
-0.0603037664343
-0.0371225660602
-0.059424791852
-0.0565682301782
-0.043579531214
-0.0295834592997
-0.0415886539772
-0.0435720186578
-0.0458429312715
-0.0224865923331
-0.0123542749386
-0.00222195754412
-0.0278872046123
-0.0147418287518
-0.00861924839354
-0.00533374620756
-0.0274953348781
-0.0309903499881
-0.00754099340341
-0.0216159315907
-0.0130420432307
-0.0160430351921
-0.0270734299928
0.00886964567587
0.0226925958401
-0.0162145908175
-0.0154555474161
-0.00602075380506
-0.000990735314115
-0.0028550120076
0.00755742293683
0.0178054780025
0.0197802916679
-0.017679138407
0.0111733006749
0.0247100329933
0.0210684073984
0.0174267818035
0.00071359087251
0.0229815702159
0.038868712915
0.0389334256658
0.0232139739412
0.0469154105747
0.0411214103556
0.0441660226878
0.041974563965
0.0673248317446
0.0823672584946
0.0747166363033
0.0665008939764
0.0947631593694
0.118203208693
0.108936233785
0.081803751726
0.117862594736
0.121561523995
0.141335842411
0.149191799679
0.185723562793
0.159921433879
0.171675494527
0.180905475713
0.145449791785
0.151971318094
0.176522338458
0.164541809986
0.161683321192
0.152147081873
0.13721087439
0.152657437714
0.158084336403
0.164677742287
0.150886353868
0.159514682049
0.121083897392
0.134798335763
0.127626401221
0.115302810572
0.108861312179
0.0888120844256
0.0977690789294
0.0965523913766
0.0925866108841
0.0919536565482
0.0955609402228
0.0767403819583
0.084747939642
0.076830861985
0.067545249069
0.0332188731299
0.017331442153
0.0318699387067
0.0222062788813
0.0372679722758
0.0375249638626
0.0456260605152
0.0366264304822
0.0630616049461
0.0830103063013
0.104745974301
0.120263615185
0.123372865863
0.132419454756
0.140470624557
0.151791579158
0.181400688081
0.211009797004
0.203624703503
0.210615637442
0.266787988603
0.246819811188
0.273737624542
0.255153612474
0.306316676926
0.33347955857
0.337944796934
0.342157861314
0.353169205968
0.373339102485
0.373767412355
0.359699371569
0.361587547336
0.383021902357
0.359924492942
0.338827009647
0.291124311333
0.252237219599
0.266089816016
0.222792260916
0.225444809793
0.23100495842
0.247440257609
0.288589767058
0.286164702449
0.305133720149
0.312159531522
0.367759687453
0.399160777042
0.430139392592
0.48389031153
0.545207976035
0.591138093746
0.662778716044
0.732120487455
0.795938597913
0.84966444489
0.91106349378
0.987182032648
1.03083980697
1.0781614195
1.16816075368
1.25450655331
1.29100438513
1.38646696208
1.52269653924
1.60040554924
1.6885550253
1.78413566797
1.87436889985
1.99633378678
2.12438397118
2.24489066808
2.40558848058
2.56508471293
2.744299492
2.92381307566
3.17546018717
3.35013329402
3.53142450122
3.70768342084
3.89796140684
4.03588008997
4.17447737025
4.3146148813
4.47546034995
4.60255787255
4.70814630697
4.81346203173
4.91877775649
4.9935504327
5.06832310891
5.12157836038
5.15033301487
5.23018564385
5.24678716695
5.24907000231
5.25135283766
5.24281737253
5.2342819074
5.27381274524
5.26433542685
5.25244312275
5.20594239949
5.15944167622
5.06588347573
5.02690795475
4.945293584
4.8467908552
4.74915763535
4.75009055412
4.7510234729
4.75195639167
4.75288931044
4.75382222922
4.75475514799
4.75568806676
4.75662098554
4.75755390431
4.83722937232
4.9024889913
5.03496540779
5.12885092812
5.152974702
5.17709847588
5.20122224975
5.22534602363
5.24946979751
5.30289412739
5.35631845726
5.40974278714
5.44545335412
5.56354831655
5.68164327898
5.79973824141
5.91783320384
6.03592816627
6.10007754888
6.12837475138
6.1456336432
6.16289253502
6.18015142685
6.19741031867
6.18391513885
6.19448090689
6.19040130346
6.19335588348
6.16390955299
6.1551556323
6.17194066257
6.18872569284
6.20551072311
6.22229575337
6.23908078364
6.25586581391
6.27265084418
6.31303306922
6.36562483968
6.40626364875
6.44690245783
6.44337067874
6.43983889964
6.43630712054
6.43277534145
6.42924356236
6.42571178326
6.42218000416
6.41864822507
6.32396968888
6.22929115268
6.13461261649
6.00989800417
5.89999519279
5.73631420781
5.60847110172
5.45872241569
5.40889478854
5.41126953999
5.41523370004
5.38011440233
5.34499510462
5.27995147529
5.20327965006
5.13534426539
5.11229618587
5.08924810636
5.03851062051
5.02067504576
5.00283947102
4.99759919612
4.99235892122
5.01800961022
5.08705446295
5.15609931567
5.2251441684
5.29556926866
5.2887284127
5.28188755674
5.27504670078
5.26820584482
5.26136498886
5.2545241329
5.24768327694
5.24084242098
5.1513397897
5.06183715841
4.88546516106
4.70909316371
4.52918261851
4.34927207331
4.11119583366
3.87311959401
3.63962598467
3.40613237534
3.21709758384
3.02806279235
2.81615633494
2.64344925336
2.47173405558
2.37061154575
2.19520679778
2.04801521499
1.94597061124
1.82960155126
1.76131482829
1.69825774233
1.60629323459
1.52625812231
1.4892646672
1.45914089103
1.45871891523
1.45829693943
1.45787496363
1.49720232995
1.54818138342
1.63093384128
1.74305124114
1.89418490425
2.03611290279
2.2160681476
2.38310131804
2.54850486302
2.72079359891
2.87495113788
3.02910867686
3.19623581981
3.21101324069
3.22579066156
3.24056808244
3.25534550332
3.27012292419
3.28490034507
3.29967776594
3.31445518682
3.22404678023
3.13172113393
3.01765611388
2.91837235613
2.7878239531
2.67556310727
2.5537165344
2.43458945478
2.33306272777
2.2567996402
2.1815237376
2.15910880778
2.11324094463
2.09002092456
2.02128144138
1.91568257031
1.80639038945
1.72190586243
1.62488874951
1.53984182165
1.45796598922
1.36986838916
1.27322547842
1.21704709022
1.15157758971
1.11364335438
1.09741784247
1.03666500353
1.04408367659
1.01695844958
0.97924072764
0.973448860423
0.945099205509
0.918603251923
0.925938348609
0.886046011452
0.871337920321
0.882586184249
0.925418872932
0.955966662107
0.983274304051
1.02369206244
1.07601339999
1.12195495617
1.17878438059
1.23959532518
1.29520355735
1.41050058393
1.43877541686
1.52464133769
1.59386232234
1.66308330699
1.68758892526
1.74843353636
1.74656640332
1.73991922446
1.72520916869
1.70036840281
1.6580841876
1.59772862277
1.52269831175
1.44766800073
1.36915970884
1.31806289338
1.2585549909
1.21687672011
1.17798242845
1.09687649866
1.08066906297
0.989685247912
0.906979464562
0.841939472332
0.756590918828
0.674518800345
0.619186497942
0.544769920447
0.471917259881
0.417218559432
0.355728323079
0.312640575589
0.255950848168
0.22970322051
0.198573334223
0.158017842637
0.122349708928
0.105309027419
0.104801845984
0.107635149756
0.168578004129
0.156776594767
0.171331392497
0.169647332544
0.165805506953
0.15534669007
0.164464797113
0.133076047925
0.149238206194
0.12283869285
0.096581816713
0.0734614584461
0.0579482350282
0.0351092172116
0.0453942844637
0.0159070146856
0.0127491622859
-0.00463899313636
-0.0186347409749
-0.010130697748
-0.0268555631412
-0.0158827387312
0.00759004088082
0.0298809381008
0.0623741735591
0.0979047019575
0.0914674795261
0.131636542118
0.1482183341
0.187675899904
0.178086922209
0.206390499308
0.234769100949
0.256767116985
0.267790793359
0.331458291887
0.295221803064
0.315829921631
0.359137623851
0.326717512261
0.305613589537
0.28458276827
0.279384748864
0.218246535359
0.191781048728
0.110618612181
0.0533169372261
0.0281207978437
-0.00424546889683
-0.04438594785
-0.0831632623513
-0.0799295878655
-0.0721816524407
-0.111399811428
-0.088054760655
-0.10922685723
-0.100999044539
-0.106162671591
-0.104313157697
-0.102463643804
-0.0860444217632
-0.0866792727141
-0.0861906680449
-0.135255319355
-0.095659754344
-0.11060219991
-0.100323442322
-0.124033907186
-0.119371681752
-0.12917934938
-0.128109757351
-0.11270894869
-0.115505463683
-0.0978093100427
-0.132575880804
-0.101093451063
-0.12068969323
-0.0880602374633
-0.129781866105
-0.117842478196
-0.101349962975
-0.1234288194
-0.118869121889
-0.12680770646
-0.117202055777
-0.109248508816
-0.12222406487
-0.111532922415
-0.117794694901
-0.14299073164
-0.123812535104
-0.102324736071
-0.122978585879
-0.140138207599
-0.105231733519
-0.0861943932604
-0.104039950255
-0.115461293044
-0.0893608060586
-0.0995508844053
-0.0958427359391
-0.0983805224997
-0.0745184351902
-0.110294782489
-0.108964326567
-0.124795248883
-0.0990038264619
-0.0991277332848
-0.0885847729232
-0.0895754195144
-0.101776941619
-0.109947637721
-0.101622842812
-0.0847669141409
-0.0926938208748
-0.107389516889
-0.0877784514247
-0.105990771787
-0.0943864246405
-0.0982421277804
-0.0728569754367
-0.116771181236
-0.0845387501013
-0.0998347270116
-0.0816184488749
-0.0970357013949
-0.0979797916738
-0.122134227503
-0.11185989627
-0.0804205902575
-0.102649426752
-0.0879226830568
-0.100011936724
-0.100540296866
-0.100885690249
-0.100651932823
-0.0680835119695
-0.0752581829696
-0.109248548076
-0.0878630745147
-0.115432958145
-0.115484421459
-0.116274477594
-0.0936308420687
-0.0997549517667
-0.113281576663
-0.0971590782681
-0.0953564021717
-0.105283767228
-0.119322041173
-0.109776788385
-0.0937644677016
-0.115689227501
-0.0970651391388
-0.107911919983
-0.118758700827
-0.0817579678473
-0.109504901165
-0.106784164796
-0.0959055030178
-0.0977049501198
-0.0874779662084
-0.110570462446
-0.113735298519
-0.124813410845
-0.100859572427
-0.132542259498
-0.114925697433
-0.114450839441
-0.116391741653
-0.0844246961197
-0.121016792935
-0.109316338623
-0.103025346954
-0.105105213771
-0.105612814937
-0.110239543693
-0.0995409428171
-0.0858640018865
-0.113969920898
-0.0883960618252
-0.0907478513185
-0.0895890553909
-0.076938118088
-0.101260707217
-0.0822688521342
-0.100188721358
-0.0725861850443
-0.116172631805
-0.0801588296798
-0.104721822207
-0.0717483176781
-0.0958437442667
-0.0853883923199
-0.10615021345
-0.111687517539
-0.103252803176
-0.0895003542869
-0.0918150490547
-0.120717460893
-0.115529703792
-0.118839013837
-0.0871816128383
-0.094622660044
-0.0950364024072
-0.101206797927
-0.102522666112
-0.0870883076862
-0.0869039807391
-0.0938531878665
-0.0903130641999
-0.0990419040872
-0.0943257815073
-0.0824106148536
-0.0590199380697
-0.111283491733
-0.0875825167645
-0.0991504353391
-0.12891671063
-0.113023591551
-0.10886135974
-0.0971437807395
-0.084517565807
-0.09837598072
-0.106982258818
-0.114665142637
-0.110538252191
-0.0950882233505
-0.124540978394
-0.110347573455
-0.122089611984
-0.106415741806
-0.105963792864
-0.115741919143
-0.110771279166
-0.11420217048
-0.110676791742
-0.123168921478
-0.141516357998
-0.120163854614
-0.110341969373
-0.129714507282
-0.134835066675
-0.13990318728
-0.116996705292
-0.109413015563
-0.0858885420359
-0.105979384003
-0.115786023654
-0.116234039811
-0.116200618678
-0.116167197544
-0.105128238532
-0.113385014259
-0.10075703695
-0.0973300027894
-0.126190660478
-0.106994054363
-0.116604033017
-0.104659491341
-0.0993940513765
-0.131623240926
-0.105142928586
-0.12126883869
-0.123774112559
-0.109528593314
-0.12494990341
-0.111451247666
-0.109864667227
-0.121895319223
-0.127438123518
-0.115806526712
-0.107673726428
-0.120693197744
-0.124753075775
-0.134116885905
-0.125641216543
-0.128498660535
-0.107023641108
-0.0997894398712
-0.105852445695
-0.13171227459
-0.112548473065
-0.0990676104874
-0.109204868437
-0.115695770846
-0.104400264157
-0.119859786332
-0.117031510747
-0.119107364334
-0.0793026018555
-0.0995586230903
-0.0972556682047
-0.11353336108
-0.102712269541
-0.0891283674903
-0.109364507013
-0.109214184039
-0.126578942673
-0.107849757029
-0.085168179453
-0.0963247716442
-0.102895117423
-0.103747505945
-0.109538635714
-0.100533263659
-0.12208669118
-0.121456656486
-0.148275354939
-0.128866279544
-0.11627093409
-0.123258053351
-0.153597942117
-0.133735864057
-0.148158365636
-0.142309259228
-0.12728937668
-0.15710014679
-0.123371675123
-0.103659744016
-0.133225150538
-0.143426557831
-0.151309992002
-0.148747420293
-0.144263610893
-0.14853378879
-0.1435207701
-0.174817684128
-0.133141295879
-0.142679216588
-0.127837712049
-0.157508953294
-0.149050169041
-0.142632689372
-0.149743210528
-0.153244285544
-0.148150671703
-0.166193746386
-0.147088240944
-0.129700042418
-0.143485386474
-0.149241992039
-0.121330127595
-0.136704342595
-0.11574897941
-0.138265996995
-0.131424033969
-0.124582070943
-0.125431625577
-0.144042907265
-0.120144531591
-0.119027097794
-0.146533584706
-0.131460689425
-0.134006074121
-0.141509241512
-0.174108093021
-0.140149456624
-0.149528655918
-0.148078817308
-0.108368445898
-0.115052760278
-0.106266162845
-0.143130464692
-0.115367473923
-0.107677546312
-0.101034701504
-0.133359837511
-0.134705939137
-0.12311071976
-0.110101209444
-0.114994251118
-0.130462015704
-0.128151314398
-0.13376131855
-0.0961747041977
-0.102594616647
-0.152194652275
-0.114363572165
-0.110465202656
-0.118660915758
-0.108183007766
-0.0657814630554
-0.119487876073
-0.0949007412412
-0.0958954725555
-0.107502178825
-0.10013441708
-0.101309133475
-0.10650398809
-0.110127760343
-0.122390886284
-0.125251689919
-0.132807326755
-0.130261344866
-0.1204751663
-0.137514088409
-0.142917803602
-0.147243005427
-0.144238655072
-0.145590554669
-0.127449461784
-0.136956151732
-0.141804497608
-0.145698731698
-0.163965947361
-0.151728284111
-0.152782559932
-0.169082410213
-0.178338542185
-0.146873351944
-0.173201780454
-0.178830054248
-0.185391670969
-0.183722685392
-0.206795456831
-0.186652867912
-0.180814364216
-0.192259977349
-0.179213618698
-0.190858581392
-0.194832737053
-0.192959580024
-0.219391111525
-0.205487948439
-0.195719677643
-0.190064419458
-0.202836598618
-0.218781379468
-0.216001852641
-0.156529652226
-0.178859072922
-0.216851715481
-0.194725991385
-0.194316004616
-0.189650626987
-0.209858881043
-0.181036749003
-0.183317713066
-0.195038747134
-0.188334042278
-0.190012811241
-0.185730419828
-0.181448028415
-0.182504521703
-0.187525750396
-0.187841970802
-0.192696801783
-0.166067704181
-0.200456958118
-0.181463437094
-0.224874887845
-0.173063992095
-0.195388705336
-0.171005035413
-0.185346625453
-0.187703441956
-0.185424557079
-0.180795100198
-0.176359796348
-0.186087441258
-0.195467974587
-0.176642301004
-0.18155803289
-0.175294302222
-0.180720145898
-0.18339046884
-0.1771009625
-0.182102560265
-0.194722471527
-0.190531106142
-0.193514758062
-0.187632259979
-0.156510457042
-0.176384839706
-0.16084388256
-0.151830939286
-0.170220802211
-0.188610665135
-0.154277657899
-0.140254842725
-0.128683183488
-0.12344198777
-0.110866682239
-0.0782623793412
-0.0896731770628
-0.0635063582769
-0.0573804748293
-0.063554535716
-0.0493321580165
-0.030551798983
-0.0287718431741
-0.00249706782156
-0.0137657824249
-0.0179664351895
-0.0331469824439
-0.0405678413391
0.0211912250897
-0.0521855417027
-0.0307626309239
-0.0644247003568
-0.0354075179649
-0.0721883861408
-0.0244269990164
-0.036082212324
-0.0183398090096
-0.028305386423
-0.00822517792086
-0.024501134675
-0.0255788087562
-0.0180550366274
-0.0355828418223
-0.046884436368
-0.0428029568514
-0.0601523869108
-0.0576630807031
-0.055716609864
-0.0453110216482
-0.0568318718596
-0.0537714618461
-0.0709736836315
-0.0709220163217
-0.0729615009391
-0.0549871341632
-0.0724700613075
-0.0740968901308
-0.0747306538442
-0.0735948847708
-0.0533210728367
-0.0950984380234
-0.0894358034944
-0.0911598619616
-0.0812237603184
-0.103139306045
-0.0992237690853
-0.112723082674
-0.082448525427
-0.11250151192
-0.0950604670359
-0.0827694866746
-0.0868537828724
-0.0600005938486
-0.125641016423
-0.0924036797308
-0.0918275169454
-0.0916501299862
-0.0793773883794
-0.103535811598
-0.086470136743
-0.0935311322426
-0.0836231121357
-0.0611847234495
-0.0593369741409
-0.0790814631761
-0.10930625206
-0.113100432502
-0.0852774977107
-0.0574545629194
-0.0296316281281
-0.0018086933368
0.0260142414545
0.0538371762458
0.0816601110371
0.109483045828
0.13730598062
0.165128915411
0.192951850202
0.220774784994
0.248597719785
0.276420654576
0.304243589367
0.332066524159
0.35988945895
0.387712393741
0.415535328533
0.443358263324
0.471181198115
0.499004132907
0.526827067698
0.554650002489
0.58247293728
0.610295872072
0.638118806863
0.665941741654
0.693764676446
0.721587611237
0.749410546028
0.77723348082
0.805056415611
0.832879350402
0.860702285193
0.888525219985
0.916348154776
0.944171089567
0.971994024359
0.99981695915
1.02763989394
1.05546282873
1.08328576352
1.11110869832
1.13893163311
1.1667545679
1.19457750269
1.22240043748
1.25022337227
1.27804630706
1.30586924185
1.33369217665
1.36151511144
1.38933804623
