0.127213057614
0.12988032557
0.127279621958
0.128776891745
0.122660856835
0.120265027975
0.12229084307
0.12084464778
0.122960492797
0.121684926919
0.127304522134
0.122325139071
0.120968283967
0.124613523458
0.124530793841
0.122798643583
0.12190356136
0.125472437231
0.123262750982
0.124726258652
0.12323602637
0.126509446987
0.123495710515
0.122065771377
0.120609809308
0.119470804022
0.120521627802
0.119784629061
0.121810018009
0.118434395992
0.114327461953
0.115974559564
0.117132243026
0.114433342609
0.110379421069
0.11144812485
0.111156991685
0.10877876681
0.109409401783
0.107284891319
0.107851893965
0.106207596142
0.103516198547
0.102811058796
0.104391359778
0.103151133318
0.100597759466
0.102666585274
0.102516252187
0.0
0.112039690643
0.107623682648
0.108126080177
0.109654281784
0.103082712959
0.101654044293
0.105909446516
0.0946512279367
0.102999320082
0.101430681899
0.103567732048
0.10528554849
0.10551717247
0.112953486645
0.10820791766
0.112919070122
0.111192818753
0.111494386676
0.114914028084
0.117226586927
0.117363773898
0.118173098833
0.117738116584
0.120889995524
0.122658858545
0.12079437081
0.121360792712
0.118100930789
0.11857912903
0.118412662347
0.119260188248
0.122243019074
0.119789725088
0.123862246385
0.123741125012
0.126586007246
0.12851914811
0.130463525763
0.127203311989
0.128253099826
0.127099394075
0.12357729579
0.124744748646
0.0
0.123504827901
0.121625145401
0.116479496753
0.119502685539
0.0
0.0
0.0
0.1185225843
0.123046884069
0.127481299142
0.129040939765
0.130376299985
0.132874315128
0.141349657841
0.144473124445
0.141675204428
0.144629796288
0.148741717352
0.143206752905
0.145938512434
0.0
0.14172505298
0.142466117573
0.138222871523
0.137527518712
0.141824113862
0.0
0.134067827188
0.125689562694
0.120723301831
0.114557360397
0.111126693339
0.111011826775
0.109671771544
0.107670159327
0.104915890819
0.0993590285778
0.0988164061955
0.0975701432259
0.100250357245
0.102332676571
0.103587043166
0.106752879943
0.107495303868
0.107349089237
0.108173794543
0.102436872191
0.103558619026
0.100467575782
0.0974828217956
0.0993527328368
0.0978700348881
0.100616422134
0.107123595493
0.115888188344
0.0
0.115413481158
0.11252110183
0.109548036778
0.112725898722
0.115264514745
0.11295260592
0.113196332132
0.111846453339
0.115703491537
0.120244467283
0.128789417486
0.130022222415
0.130068321475
0.128883554656
0.125898503697
0.125315554521
0.136088153157
0.0
0.138629946268
0.136051427624
0.130000156009
0.129166580184
0.127965114298
0.126182529369
0.127720981337
0.131352810336
0.125598049777
0.124801743028
0.119869355197
0.116246350765
0.111814594842
0.109911528378
0.105170039751
0.10430465792
0.105032717957
0.102158766716
0.103169031922
0.102607715965
0.102525329441
0.0
0.0
0.0
0.0
0.0
0.0
0.0
0.0
0.0
0.0
0.0
0.0
0.0
0.0
0.0
0.0
0.0
0.0
0.0
0.0
0.135368638571
0.129758017839
0.131215666106
0.134232036367
0.137355872232
0.138205612622
0.0
0.0
0.0
0.140878722179
0.148505317677
0.143951969015
0.13946881888
0.147998700728
0.149905027534
0.150683503603
0.147649357448
0.158502688648
0.0
0.0
0.0
0.160994866468
0.158164734803
0.150738656667
0.13967192192
0.13939790514
0.138261445944
0.133405656898
0.131481193581
0.129668039709
0.128997562192
0.127768811431
0.129850518488
0.13537423115
0.130059679254
0.12909598383
0.125428334177
0.126638526483
0.128175702909
0.128286137978
0.126186815281
0.12711394263
0.130413418383
0.126615899574
0.125277964513
0.125491771189
0.128121813703
0.131930390008
0.131795977368
0.126713580015
0.124564952144
0.0
0.121495073501
0.125896554459
0.126091210546
0.128046534142
0.130394179804
0.130087651542
0.129536783686
0.133180429585
0.128209550829
0.132123778754
0.130027777825
0.129679182249
0.131648841801
0.134935666515
0.134920025714
0.13297377336
0.131503502312
0.129893809961
0.133140964919
0.129306711948
0.129383552414
0.128222016646
0.126299008489
0.127865263202
0.0
0.138930288004
0.143035511894
0.142092736171
0.144935856568
0.143012405315
0.143967641828
0.145485279464
0.147704327334
0.14744756745
0.145084075254
0.142642802089
0.140933196678
0.144253467117
0.1490066594
0.149532204359
0.151480655358
0.148091515879
0.14647692814
0.143734096006
0.140647129206
0.135886461065
0.135845091834
0.130563361965
0.133360420429
0.130535334934
0.127869009214
0.126685096539
0.125299171651
0.125810478077
0.125623084964
0.124774977697
0.127766522529
0.126047080957
0.122705870778
0.123009016511
0.12204049594
0.125987017202
0.12525246428
0.129014733898
0.130930199406
0.139331246688
0.0
0.0
0.0
0.14251930948
0.137342918538
0.135788646569
0.132498257268
0.129593815637
0.128789179398
0.127268133278
0.128245256879
0.125931352831
0.0
0.122094532077
0.122257668819
0.11952610899
0.120247408448
0.1159192835
0.112922224214
0.117828512261
0.11599137757
0.117819960024
0.115866357953
0.117891560896
0.114572032899
0.112989650581
0.118087391804
0.118999514106
0.119409588748
0.122379457549
0.118575057509
0.124605996776
0.124039138332
0.12481899931
0.122328071152
0.120071022493
0.114529325422
0.115147156105
0.115121252679
0.114401328449
0.113480686687
0.115707668288
0.117657157189
0.122205752392
0.12056240685
0.125545044645
0.127260217551
0.124734812016
0.12763665717
0.122413559444
0.121914853667
0.121282475468
0.125149040505
0.124056352033
0.0
0.0
0.118970548005
0.116995864484
0.116917197575
0.121549162746
0.120251754604
0.121600819581
0.12006623049
0.115778699422
0.116536098335
0.115478430465
0.112002518241
0.108065320335
0.109018080138
0.106604133657
0.108461380008
0.109006709811
0.106051736072
0.111507561277
0.1159975366
0.113868719614
0.114463362572
0.120973011445
0.124343097277
0.123606654794
0.121409483085
0.124654473702
0.11796810302
0.119203346401
0.117140205698
0.114221046329
0.11375305084
0.111529610774
0.110697342569
0.107631074339
0.106197118185
0.107860783351
0.104967994115
0.0999944671441
0.102893427377
0.102619415301
0.105995589432
0.108212264849
0.104336590033
0.104075881937
0.095546779269
0.096853310316
0.0981478474663
0.0993725062575
0.0968455831525
0.0959402039171
0.0977426265404
0.0942024516354
0.0941485366747
0.0884003703277
0.0930628376381
0.0917097461721
0.0935835158818
0.0952033670878
0.09315629311
0.0996133017369
0.107753570014
0.108013816657
0.103786743215
0.102634718391
0.106437950482
0.107034601731
0.101417600043
0.0997184655853
0.0940900060627
0.0814024405571
0.0799102305135
0.083466862656
0.0824349064999
0.078865130405
0.0774639328811
0.0766224137502
0.0810041839721
0.0769209382699
0.0815952687791
0.0773611173362
0.075594370661
0.0767643876323
0.073725597446
0.0749673428236
0.071559081895
0.0689457878582
0.0705618634388
0.0780162610019
0.0754266341177
0.0679101124063
0.0654183105679
0.0631419999806
0.0585496516018
0.065294770318
0.0
0.059229960315
0.0580893877723
0.058363613981
0.056839866025
0.0602271597131
0.0612765788394
0.0565079327614
0.0515959220167
0.0614779787785
0.0569466275142
0.0543805520328
0.0536177669323
0.0499224431086
0.0517380413731
0.0503468249071
0.0485096119025
0.0472102243516
0.0477485221621
0.044684100608
0.0393092940592
0.0448347304481
0.041618525251
0.0447105280002
0.0474364150951
0.0
0.0613484938191
0.0571051135862
0.0570656704881
0.0555775785203
0.0561796722535
0.0553767409399
0.0538933766837
0.0549328637713
0.0462125563971
0.0505893681876
0.0437096206842
0.0461779354252
0.0467908372264
0.0397647545135
0.0409562755283
0.0372004551896
0.0400050083424
0.0441634524396
0.042282451848
0.0420562907348
0.0410018924204
0.0503865246556
0.0503246584766
0.0535973910217
0.0588519062088
0.0495646199679
0.0445663556317
0.0428980422758
0.0452157610112
0.0377423087445
0.0490559040581
0.0368618025098
0.0390809923507
0.0377192440829
0.0307723015881
0.0391087709445
0.0419901170677
0.0384353666553
0.0446529414897
0.0430540214322
0.046227847101
0.0417695773285
0.0379306337012
0.0353618936581
0.0394860711176
0.0518962608453
0.0494509981171
0.0479287357841
0.0489985213568
0.0423760682066
0.0431613335193
0.0423982929909
0.0405382705225
0.0389846079389
0.0463630597686
0.0356379175653
0.0329805509675
0.0370387973155
0.0354586432625
0.0338293352621
0.0359640832763
0.0342758389718
0.0450561604238
0.0324667169678
0.0312474274493
0.030940936243
0.029949322975
0.0314681929251
0.0335428494147
0.0278017386665
0.0
0.0274590562941
0.0293073357822
0.0295515454405
0.0286342524853
0.0309250854327
0.0272642097967
0.0328585428182
0.0272020347544
0.0313077287623
0.034770292056
0.0279049406363
0.0317471970119
0.0307764858439
0.0300521909908
0.0337827859146
0.0321386698672
0.0351071488069
0.0333289142796
0.0361436808582
0.0338211886814
0.0335930416516
0.0337383771207
0.0311199747313
0.030196798674
0.0352203301852
0.0332105569722
0.0356961174011
0.0362096177523
0.0315278943533
0.0399403260393
0.0334759634674
0.0337650570623
0.0349868974584
0.0337260307548
0.0369334522197
0.0339852876792
0.038608937861
0.0362326480585
0.036617811579
0.0387643159999
0.037887004719
0.0
0.0374339321508
0.03837454015
0.0391593245057
0.0385079606015
0.0361514694606
0.0388940611725
0.0378332469616
0.0383086898816
0.036725754319
0.0344013595642
0.0351370791977
0.0368284489559
0.0386983710631
0.0355767494138
0.03823501746
0.0374501770478
0.0410885022497
0.0378222632334
0.0398726356856
0.0396751414773
0.0440984669037
0.0404418530672
0.0393835981631
0.039036580252
0.0384717473411
0.039408779817
0.0377237532183
0.0404048835695
0.0338730652218
0.0349463256412
0.03618524816
0.0354180865514
0.035227682314
0.0363996831619
0.0329895734417
0.0334296572366
0.0346584419623
0.037261159721
0.0356969554444
0.0351602009117
0.0332805082487
0.0334594371412
0.0339952773975
0.035946317465
0.0460673841176
0.035062779366
0.0349751499904
0.0355086034304
0.0361061610178
0.0373912330378
0.0354910067962
0.0327840826438
0.0355358701729
0.0
0.0325052268663
0.0354572988911
0.0276576953005
0.0321579872537
0.02572562179
0.0274623807273
0.0292916191436
0.0293214940182
0.0310767366564
0.0269075101022
0.0345955625155
0.02265530223
0.02715924934
0.023244335776
0.0251160329415
0.0223062350469
0.0228800433975
0.0257415560598
0.0221745105945
0.0219226713348
0.0216403041825
0.0246116796381
0.0293489529334
0.0276613591616
0.02914799749
0.0290744486864
0.0271023788417
0.0305212571077
0.0275204875678
0.0276804244993
0.0271327214443
0.0251010932152
0.0281861417826
0.0254305385911
0.0242527474007
0.0239515225983
0.0342641888157
0.025507737495
0.0275090542462
0.0267181676902
0.0265527350945
0.0235394773557
0.0264744669579
0.0256453808581
0.0204873895844
0.0216525450415
0.0274995609503
0.0248673369802
0.029179478474
0.0315344076133
0.0324281353827
0.0342534659827
0.0326900979799
0.0323750934432
0.0317286512556
0.0299509028488
0.0295715002418
0.0290361963796
0.0352153726384
0.0305602885147
0.0260282036692
0.0248484533208
0.0275051155227
0.0219685542317
0.0255103326165
0.0239497581248
0.0228982360544
0.0236963981727
0.0213841582833
0.0230107352988
0.0226720010195
0.016780128395
0.0193029806213
0.019643836286
0.018707832122
0.01548318969
0.0192694739119
0.0177591042953
0.0177972085492
0.0175005208571
0.0168682379047
0.0140791224603
0.0175997742448
0.0139490145186
0.0179335562325
0.0198039647719
0.0172775091874
0.0170853850333
0.0168884390459
0.0147491682452
0.0181531512259
0.0173383980711
0.014990617774
0.0176416876331
0.0165550032912
0.0
0.0183129367654
0.0167141473547
0.0154117758034
0.0185886163925
0.0131808140361
0.0127804071384
0.0208984938941
0.0125702379691
0.0149189277111
0.0148756636559
0.011797693195
0.0182518167989
0.0175845316077
0.0185235885167
0.0220566176537
0.0175665505462
0.0162761456799
0.016848627631
0.0176927950542
0.0178460624566
0.0195011849781
0.0161654211594
0.0191083474483
0.0166953462685
0.0146807816681
0.0146263329377
0.0158622224522
0.0129156950771
0.0118443622117
0.012814945747
0.0177389007481
0.0157944347611
0.022534060372
0.0198656681738
0.0190031293106
0.0170537714385
0.0228588161074
0.020597365958
0.0189931154112
0.0183051924372
0.0177688871129
0.0151025424356
0.0132266042502
0.0126487782326
0.00985980454874
0.0117384958945
0.00494015059384
0.00613121655401
0.0121528955832
0.0110743343457
0.00972583796737
0.00893391599215
0.00654501033701
0.00688981040412
0.00871820523989
0.0103419884619
0.0100687751584
0.0129068124507
0.0175877922483
0.0178356341123
0.0188087574137
0.0
0.0265536593629
0.0226689291743
0.0188055965182
0.0212218708353
0.0130349709497
0.0122995511872
0.0119259224169
0.0083202661737
0.00705385932068
0.00182421492213
0.00236205012733
-0.000267000360293
-0.00225074597808
-0.00443634326083
0.00341386269754
-0.00204578228501
-0.00545089784437
-0.0052859321822
-0.00722735906805
-0.00592567100581
-0.00385063039893
0.00978226950415
0.000368117743939
0.00126684718913
-0.00206935629479
-0.000906291563682
-0.00456884608427
-0.00417157883509
-0.00656261068646
-0.00309594707143
-0.00504761804898
-0.00350143834806
-0.00752260187445
0.0
0.0
-0.00253346755264
0.00354998522555
-0.00129428926534
-0.00118033448565
-0.000242653766584
0.00236864006712
-0.00222901423157
-0.00641797963153
-0.00527969401415
-0.00589049532826
-0.0104331170309
-0.00728944956186
-0.00814857422583
-0.00757309080576
-0.00528001476098
-0.00453859019105
-0.00407763636072
0.0
0.0062699348819
0.0
-0.00656618626251
0.0
0.0
0.00842960140869
0.00402710972497
0.00675717815311
0.00722221325353
-0.00223592317183
0.0
0.0
0.00694159298109
0.00378113774146
0.0
-0.00489587380578
-0.00371827371421
0.0
0.0
0.0
-0.00708532387696
0.0
-0.0070798563942
-0.0109215507429
0.0
-0.0109571864374
-0.00911499639378
0.0
-0.00804771919054
-0.00723873675304
0.00235352821338
-0.00166162395032
-0.00053874372025
-0.0041395589109
-0.00542716003942
0.000143362443218
0.00455322750264
-0.00297240144719
-6.71517159644e-05
-0.00132427444723
-0.00842551094083
0.0
0.0073311633153
0.00425210870263
-0.00255727292125
0.00125663992303
0.00523116058128
0.00451211504372
0.00817981101515
0.0106933179523
0.00935466396123
0.00923630189065
0.00608789731622
0.00601308161293
0.00754760519072
0.0095642480133
0.00756985688558
0.00850458517918
0.0169022594916
0.0168829545342
0.0169110152803
0.014819164976
0.0227146973106
0.0246458717224
0.0209583084727
0.0222368564953
0.0182239685627
0.0211646141295
0.0227048095877
0.0234800612463
0.0250328014001
0.0226170098454
0.0205800538734
0.0199379214474
0.0202146609814
0.0178414812954
0.0
0.02751010839
0.0208208619701
0.0210825628391
0.0207742845606
0.0257275960713
0.0206324763811
0.0245666042002
0.0208837882104
0.0
0.0235517646437
0.021511316733
0.0210371795998
0.0211553058855
0.0202174050998
0.0243006361431
0.0203131025931
0.0224333456945
0.0261527760522
0.0192027383778
0.0250320725435
0.017822847697
0.0213189928727
0.0206959492317
0.0182065874037
0.0200545964783
0.0213199665375
0.0272055988941
0.0
0.0232653249252
0.0216817448733
0.0249994830451
0.0246212534977
0.0229510395721
0.0224053160204
0.0235655717758
0.0212960285888
0.0225036246738
0.0209453695132
0.0193652617639
0.0200145418191
0.0180693065195
0.0173280790018
0.0187317958264
0.0176370348873
0.0177635601401
0.0201220767847
0.019165094282
0.0173273420426
0.0205628302703
0.0180056094413
0.0170850568727
0.0183725884298
0.0180192760632
0.018264053131
0.0184386094932
0.0168123232075
0.0182369648444
0.0181680694718
0.0153751165878
0.0150022670525
0.0165619388651
0.0139753718995
0.0145095583992
0.0182724665724
0.0137853683743
0.0176485052765
0.0168576262237
0.0151940390003
0.0171021313252
0.0184462662509
0.0177231466912
0.0134984135184
0.0172825617043
0.0175596020129
0.0180988463549
0.0183885254814
0.0165254000107
0.0211830432146
0.0198460584034
0.0179091661652
0.0189305102683
0.0169372180765
0.0172237402589
0.0200091455395
0.0142906219272
0.014560508212
0.0166590014947
0.0163816065854
0.0145945221318
0.0127611397481
0.0187865345669
0.012151467242
0.0138666320476
0.0128312549831
0.0132451301957
0.0
0.0081693294519
0.0121686905758
0.0121024723637
0.0140845934548
0.0118029875711
0.0113200254102
0.0132029852574
0.0123173349289
0.0131555235405
0.013070752579
0.0121380054057
0.0101848185048
0.0118172887157
0.0162516396782
0.0154720488838
0.0137222365517
0.014460152444
0.0161954050761
0.0170591953733
0.0179189761343
0.0211900789107
0.0192991852312
0.0173356679053
0.0167142907023
0.0162030629799
0.0154590859033
0.0154248843546
0.0119753141402
0.0114568791425
0.0127358921892
0.0181481279811
0.00906374203982
0.0109718516577
0.012326980368
0.0126454942917
0.00997340438394
0.0138237927482
0.0195525312628
0.0152269568373
0.00980015545851
0.00604829175794
0.0057242985071
0.00678186738773
0.00377145889436
0.01633322829
0.0183623390021
0.0148944504814
0.00963654255746
0.00790770106668
0.00242591903203
0.00336259343905
0.000754116605024
0.00101914474145
-0.000675270807676
-0.00476931519213
-0.00508915091102
-0.00870277343339
-0.00991129362981
-0.0125139779401
-0.0118728874373
-0.0150326515549
-0.0184790399186
-0.0194078459818
-0.0203162310952
-0.0240562861414
-0.0269867499067
-0.029692766127
-0.0313608093987
-0.0341288598466
-0.0329267964902
-0.0336158375509
-0.036830697703
-0.0360540545448
-0.0342678671453
-0.0332431942041
-0.0354512055244
-0.0350940235237
-0.0359238519774
-0.0354338228877
-0.0386698299668
-0.0384524325682
-0.0409338180368
-0.0429371017419
-0.0418094207511
-0.0415851332536
-0.0444359358945
-0.0440804008754
-0.0453560098608
-0.0421192255093
-0.0430516561587
-0.0406927379872
-0.0423703441944
-0.040692411485
-0.0410466790444
-0.0439794901803
0.0
-0.0423471143125
-0.0455330225661
-0.0434950859824
-0.0474499711559
-0.047699014447
-0.0485089736121
-0.0508552188749
-0.0503162067582
-0.0516401183491
-0.0465306476396
-0.046493377612
-0.0468543393953
-0.046704836431
-0.0459761364021
-0.0437083055368
-0.044871265472
-0.0456349962813
-0.0424841302927
-0.0414218342416
-0.0390836516905
-0.0325751886669
-0.0319825463481
-0.0306201715434
-0.0306684898911
-0.0293318052861
-0.02934471902
-0.0287044483051
-0.025296917597
-0.0289444045047
-0.0300328774438
-0.0289384486358
-0.0283341355829
-0.0278654278347
-0.027892725793
-0.0260000278319
-0.0301598756839
-0.0290478931681
-0.0244283482197
-0.0257825066119
-0.0231792091327
-0.0240818768666
-0.0212070096169
-0.0196970743811
-0.0165130007946
-0.0192448926949
-0.0187901385132
-0.0177002013286
-0.0184784887805
-0.0146751306987
-0.0149154956167
-0.0155447887349
-0.0134384796286
-0.014248384228
-0.0153691181032
-0.0114824354374
-0.0129949636789
-0.0131879260656
-0.0117848840119
-0.0119732013461
-0.0127563975911
-0.007437488088
-0.00763131847216
-0.00114508237818
-0.00249129237151
-0.00330240198376
-0.000108618486902
0.000930100613268
-0.000529825318561
0.00255141447016
0.0
-0.00164098460853
-0.000155854553981
0.000143625440914
0.000360057793466
0.000889237993766
0.00106122507896
-0.000505247542473
0.00150240985152
0.00250886752122
0.00600417229563
0.00542459232667
0.00293702603683
0.00171536544555
0.00225632001502
0.00391559118732
0.00679595776494
0.0101970825737
0.0057490072936
0.00405299465614
0.00501899987688
0.00548466495676
0.00591002731216
0.00526107952668
0.00856617277462
0.00658584254031
0.0
0.00719045899417
0.00554554094741
0.00544843571565
0.00985535292766
0.00729267768862
0.00902140118928
0.0103633804243
0.00973070742111
0.00885280608581
0.00703294652143
0.0166664986317
0.0107173584682
0.0141376602111
0.0131941736939
0.0131186490485
0.0152389869992
0.0147329654556
0.0167874679941
0.0205792003543
0.0220499954495
0.0229840124934
0.0258355239088
0.0312613069396
0.0269726137214
0.0324218430633
0.0284574712475
0.02923580114
0.0283660258769
0.0311800422084
0.0304869635148
0.0333125708948
0.0371432211528
0.036045063618
0.0391376675237
0.0367883366227
0.0353917961619
0.0358894949784
0.0385899048507
0.0377244762739
0.0385338573734
0.0391266199138
0.0407372775144
0.0439684359882
0.0429475612103
0.0477737646151
0.0474330106909
0.046773528864
0.0481692153897
0.0523482194325
0.055844242547
0.0575527012964
0.0573076517838
0.0544412805618
0.0564849513084
0.0548554973378
0.0585542035428
0.0548979434685
0.0542166461462
0.0565478298481
0.0692982674441
0.0642262566246
0.0637080720287
0.0642904411554
0.0714029485143
0.0696760079636
0.0645815008258
0.0622793881332
0.061445173017
0.0591988714505
0.0553738529042
0.0560868792009
0.0530736527969
0.0519249441104
0.0527553976788
0.0486589575178
0.0479630283446
0.0475153742468
0.0462819605576
0.0479844947261
0.0515504437102
0.0504705416844
0.0480829894514
0.0495032270956
0.049500332754
0.0486075378017
0.0484611948797
0.0482492224962
0.0509245612142
0.0494450889233
0.0478759560073
0.0481481203239
0.0462412787579
0.0432318000745
0.0464575549714
0.0447910861529
0.0
0.0421249360665
0.0444527441964
0.044859562753
0.0430956152472
0.0477827521621
0.0477092041361
0.0471946592563
0.0436768866184
0.0472322309142
0.0428535288436
0.0398741483939
0.0366307155418
0.0422059990049
0.0345538411974
0.034549748769
0.0357623864869
0.0376543476964
0.0357329303215
0.0375375914867
0.0359675488857
0.0318600783778
0.0328649904836
0.0323358297305
0.0324564034809
0.0393886899202
0.0384429300505
0.0374285967421
0.0368560845901
0.0352157723104
0.0472908293529
0.0445243319611
0.0386043143214
0.0357380374929
0.0360812555835
0.0343164034133
0.0408404295392
0.0373942019494
0.0374807218183
0.0
0.0
0.0
0.0
0.0
0.0
0.0
0.0
0.0
0.057421139895
0.0
0.0
0.0
0.0568674004263
0.0536776727425
0.0492958285388
0.0442753238422
0.0418911619046
0.0387893866306
0.0350356888889
0.035956072103
0.0313717610547
0.0296371484881
0.0291350023734
0.0352238467308
0.036396304134
0.0305466461921
0.0246705206629
0.0213432258883
0.0203024738579
0.0187180617732
0.0126044504896
0.0129347242917
0.00898595844189
0.00810460208947
0.00776208369056
0.00748112682972
0.00343902946216
0.00147259774259
8.6840595749e-05
-0.00343640787304
-0.00513655810891
-0.00274957767936
-0.00476866258448
-0.00802469594151
-0.00607309632423
-0.00866993634911
-0.00834479817722
-0.00727839685415
-0.00938729299219
-0.00957456607378
-0.0111686310287
-0.0133577341646
-0.0139398479681
-0.0127196379655
-0.0132232133035
-0.0123982027287
0.0
-0.0188430015086
-0.0142611293509
-0.0125810894303
-0.0172264070061
-0.0143593169877
-0.0185378918642
-0.0177275202659
-0.0209858198899
-0.0170571496565
-0.0174056355399
-0.0172851804115
-0.0177744156319
-0.0174967243303
-0.019026991281
-0.0151348134884
-0.0105586953909
-0.0128217179017
-0.014264865574
-0.0164320875395
-0.0189676267005
-0.0227064886752
-0.0198689181786
-0.0213189705266
-0.0241489594316
-0.0255990020147
-0.0269219373513
-0.0252953342755
-0.027285395017
-0.0260008071478
-0.0293307074078
-0.0294790139845
-0.0315396395241
-0.0293115461478
-0.0329404008358
-0.0323383641118
-0.0338593118592
-0.0325179864521
-0.0321167364472
-0.0327527947964
-0.0344077911089
-0.0319274368449
-0.0340112325158
-0.0362687338232
-0.0314385818774
-0.0324020059114
-0.0330913575565
-0.0299845835713
-0.0341018329243
-0.0317798180805
-0.0316841941718
-0.0306959798979
-0.0292702578178
-0.0295829640341
-0.0278224413988
-0.0289920368686
-0.021216503376
0.0
-0.0157112615625
-0.0167946607728
-0.0197832987698
-0.0214075639759
-0.0236891216936
-0.0227026030387
-0.0243168021491
-0.026905253644
-0.0232758111538
-0.0273359738254
-0.0266203745098
-0.0282634202034
-0.0291444193211
-0.0295371642367
-0.0315246045498
-0.0277263657029
-0.0248215745123
-0.0285517888235
-0.028154728093
-0.0282146002206
-0.0271800424349
-0.0278986769657
-0.0246999679176
-0.0270286050894
-0.027723934085
-0.0262039372707
-0.0272291215017
-0.0277636014757
-0.0254371952692
-0.0277300968661
-0.0245753677153
-0.0262392512429
-0.023771512594
-0.0223504242366
-0.0237436366669
-0.0232624624955
-0.0224298125914
-0.0242574652409
0.0
0.0
-0.0227714989959
-0.0256157230551
-0.0246818109049
-0.0247488245413
-0.0262383232935
-0.027373632219
-0.0269931628467
-0.0282473097685
-0.0244637369167
-0.0248849218881
-0.0276003812798
-0.0233036380275
-0.0255019137831
-0.0254236808355
-0.0229095486609
-0.0225832070616
-0.0239937014651
-0.0213791714029
-0.02615202041
-0.023297351899
0.0
-0.0225958034573
-0.0223406722912
-0.0167795090556
-0.0112580621726
-0.0214860496243
-0.0200712923614
-0.0190800895532
-0.0222978669581
-0.0173656115762
-0.0194196177488
-0.0198876175702
-0.0169844737547
-0.018546881646
-0.0192384257186
-0.0176679390421
-0.0215873022307
-0.0187163469727
-0.0185907659142
-0.017727598546
-0.0192989757174
-0.0202402358502
-0.0152704630861
-0.0107957606757
-0.00826713592329
-0.00936369574053
-0.0108635221793
-0.00851663509905
-0.0107198061211
-0.011082272275
-0.0110799234466
-0.00815492721202
-0.011653696598
-0.0123816033256
-0.0116634634478
-0.0122518435049
-0.0125878035799
-0.0124207353061
-0.0116942560729
-0.0130723908412
-0.0137218274728
-0.014479450561
-0.014380164505
-0.0128595632265
-0.013602883683
-0.00995019945931
-0.0144766856688
-0.0137042618851
-0.00819243971102
-0.0100050026624
-0.0138131622662
-0.0164096043873
-0.0149214729008
-0.0164089186654
-0.0163151831668
-0.0181804709164
-0.0177604929315
-0.0203400157373
-0.019108915966
-0.0186854283002
-0.0241871627133
-0.024040345201
-0.0222277310496
-0.0193607739152
-0.023166147857
-0.0254881256015
-0.0266565846654
-0.0229893668025
-0.031247014983
-0.0274908373495
-0.030102267132
-0.0282839950609
-0.0289712099648
-0.0286332644372
0.0
-0.0304960141208
-0.0261707283694
-0.0292092522257
-0.0274424596443
-0.0248062674324
-0.0301145407977
-0.0235544015764
-0.0216363663672
-0.0227902418573
-0.0250645178469
-0.0275811085041
-0.0254209338667
-0.0255872410271
-0.0218527091776
-0.0251646403812
-0.0236607330819
-0.0213059797174
-0.0206999261385
-0.0225327993084
-0.021770999902
-0.019427010049
-0.0209511657327
-0.0175828186949
-0.021676847652
0.0
-0.0179066771356
-0.0164158900404
-0.0192536090356
-0.0171646434308
-0.017520055301
-0.0145978248585
-0.014926858475
-0.0154140333513
-0.0140063068651
-0.012723055985
-0.0108281414174
-0.011779777114
-0.0134907359208
-0.0112850633031
-0.0120671600902
0.0
-0.010171479345
-0.00804540520069
-0.00816138689152
-0.00893752625498
-0.00235199454609
-0.00830610435214
-0.0117930823395
-0.00984257016428
-0.00842501677405
-0.00442258994736
-0.00605198778004
-0.00753128016713
-0.00978465132143
-0.0063434256228
-0.00737251542456
-0.0105860853206
-0.00799764208635
-0.00949027897475
-0.00720487730846
-0.00522322509412
-0.00455558182548
-0.0091919628337
-0.00482853743505
-0.00676420770038
-0.00800939242816
0.000784503323161
-0.00569204571298
-0.00511053858578
-0.00479964841447
-0.00548361834817
-0.00731224440815
-0.00452641271511
-0.00461716260418
-0.00479864955765
-0.00389289611386
-0.00304557615835
-0.00671101301355
-0.00558538623242
-0.00107917537695
-0.00525230380563
0.000191904324844
0.00129785999328
-0.00541185954263
-0.000701047361854
-0.0015846519693
-0.00243986913992
-0.00270297578017
-0.000842227699396
-0.00171186198475
-0.00315401341432
0.00359019546283
0.0046120377081
-0.00204674027952
-0.00410821621578
0.0
-0.00447822253491
-0.00742620662633
-0.00914030976551
-0.008355455771
-0.010053240024
-0.00765383761542
-0.00934016052543
-0.0119478786281
-0.0132928404687
-0.00943522461977
-0.00871363119239
-0.00306568547266
-0.00902010739952
-0.00920314818123
-0.0102541560557
-0.0107683438517
-0.0125501898299
-0.0135638197818
0.0
-0.0116051522472
-0.00938796720435
-0.0132369854798
-0.0126151405504
-0.0154484975835
-0.0138354720769
-0.0126562838376
-0.0162286858136
-0.0172457858571
-0.0138544061004
-0.0128230419748
-0.0172182646643
-0.0191334476432
-0.0176019745362
-0.0164376062566
-0.0158431043546
-0.0133356067177
-0.019219016995
-0.0165321704128
-0.0162043115351
-0.019163768659
-0.0223439133159
-0.0237852292985
-0.0210006457156
-0.0211807013276
-0.0194356676461
-0.0183327814237
-0.0248110644988
-0.0272845183623
-0.024006825055
-0.024315022094
-0.0240579584644
-0.0234641614358
-0.0203036137061
-0.0209308956981
-0.00813315092989
-0.0126561001001
-0.017513243486
-0.0121534202377
-0.0192604431413
-0.0230282108155
-0.0202711226251
-0.0215875856497
-0.0231526203844
-0.0257799036291
-0.0260357010979
-0.0249312877413
-0.0263917204514
-0.0258715540844
-0.0280930095818
-0.0290700412231
-0.0254170523224
-0.0261160256358
-0.0232530434558
-0.0276573844886
-0.0268566362381
-0.0277220980071
-0.0278818993873
-0.0300057949232
-0.0276593334426
-0.032180032718
-0.0293688318634
-0.0307391545659
-0.0309223583855
-0.0327772945845
-0.0310702887996
-0.0290627202967
-0.0301464121367
-0.0318605642019
-0.0334295006379
-0.0320354186727
-0.0325125653114
-0.0305511984934
-0.0308335326645
-0.0326716414142
-0.032203780563
0.0
0.0
-0.0334268285664
-0.0325940460906
-0.0334461278115
-0.0294018801054
-0.0298372835087
-0.0306208187822
-0.0276712639449
-0.0260159081338
-0.025842216396
-0.0296906418477
-0.0266381873441
-0.0290310429141
-0.0275412820179
-0.0285277275727
-0.0296893704544
-0.0242490299776
-0.0278857223227
-0.0269669514936
-0.0279837980885
-0.0246164707969
-0.0266690819164
-0.024500439774
-0.0257769767922
-0.025405997986
-0.0261048147401
-0.0343740511985
-0.0314839608352
-0.0256885757565
-0.0287511931216
-0.0293158449563
-0.0312736093089
-0.0295106065609
-0.0294436191345
-0.0299910049547
-0.0325579926136
-0.0254325867818
-0.0241306347973
-0.0226973714668
-0.0243339908976
-0.0238136022235
-0.0231762329132
-0.024122270083
-0.0248070288362
-0.0238727970394
-0.0253256938569
-0.0240692808334
-0.0269853861268
-0.0247826015523
-0.024232868059
-0.024915147576
-0.0265738697976
-0.0215417809048
-0.0205959276235
-0.0203109544979
-0.0192116913383
-0.0178031365777
-0.0181430443022
-0.0182905039417
-0.0205396912197
-0.0178672158782
-0.0225399754669
-0.0198512209293
-0.0178507199454
-0.0183876586632
-0.0162783682262
-0.014771896115
-0.016868431091
-0.0112790327019
-0.0137941419336
-0.0119721910063
-0.0119765201747
-0.0127421249589
-0.0116655113838
-0.0134833594082
-0.0129414294047
-0.011873578143
-0.015532577062
-0.010856432829
-0.01342371717
-0.0143343753997
-0.0114321873688
-0.0114998595933
-0.0134758863013
-0.00904576719679
-0.00828478512147
-0.00887709639025
-0.00607549307027
-0.00497587375025
-0.00641102238304
-0.00646309962848
-0.00499082637756
-0.00462640256333
-0.00278287497148
-0.00321541338257
0.0
0.000980521601842
-0.000115845884284
-0.00522746561966
0.000681068317262
-0.0014305579304
-0.00189238204595
0.00255816650891
0.000125751828163
0.00477433305973
-0.0026684848721
-0.000909569896355
0.00158546198447
0.000223411803166
0.00245510738562
-0.00115188830701
0.000129320949171
4.92024675161e-05
0.00202821214843
0.00484404665986
0.00291022008111
0.0088388993013
0.0112366749084
0.00228304721646
0.00462198698941
0.00782465048135
0.00995330234654
0.0117402665909
0.0108994864103
0.015504436792
0.0157444578613
0.0207139474345
0.0156299288436
0.0153087679068
0.0151070085699
0.0189171039314
0.0159846136918
0.0170306798093
0.0144396794284
0.0
0.0249279154783
0.0208016703676
0.0151774008304
0.016220185127
0.0139648758574
0.0154530773496
0.0152841261834
0.013712353057
0.0104688010395
0.0104203778088
0.0119399411124
0.0129241080848
0.00827949969902
0.00975850818657
0.0116166320757
0.0117968624566
0.00936215317163
0.0100838076087
0.0101360220454
0.00836962904625
0.0102882011533
0.00993484292345
0.00916409629567
0.00982806494671
0.00672871686571
0.00973327441325
0.00509007240142
0.00632920019819
0.00909671467647
0.00532093133661
0.00490181455125
0.00748555211761
0.00773695830185
0.0179031800902
0.0250845953032
0.0191278130322
0.0163976437258
0.0158283767503
0.0145799794661
0.0126451395897
0.0130051970504
0.0156629049279
0.0133158466002
0.010746941872
0.0184506424408
0.0157534183742
0.0195467302933
0.018432463693
0.0223717228537
0.0192067233914
0.0182534147755
0.0198067658364
0.0213054622477
0.022924474496
0.0212264521018
0.0213168844624
0.0
0.0247450500181
0.0232384751986
0.0213366143364
0.0199594966053
0.0226670418879
0.0179590872784
0.0275114944199
0.0228490493411
0.0223312665738
0.0226343337918
0.0221142597269
0.0201046285855
0.017413525677
0.0191731728296
0.0179529036768
0.0206471762641
0.0161047513656
0.0171838218995
0.0145813982374
0.0126875747867
0.00891727080813
0.0090771069047
0.00454845938733
0.00563532539614
0.00698314089766
0.00338647582682
0.00334283832495
-3.9279941172e-05
0.000978358911653
0.0117731362591
0.00761959174025
0.00845204192366
0.00279701942541
0.0033676682868
0.00463229959147
0.00503516810338
0.00675723586281
-0.000497504469085
0.00232728216947
0.00217360671415
0.00390465032162
0.00159963201091
0.0019303779486
0.00149796007417
0.0020042835992
-0.000354748507424
0.000934733318831
-0.00392050251622
-0.00171004482697
-0.00162347968532
-0.00262263129954
-0.0039125393034
-0.00329165309628
-0.00314574552324
-0.00136975419727
-0.00354046387599
-0.00503783408965
-0.00420866904211
-0.00797275287283
-0.00169870558665
-0.00149953472955
0.00165159790125
-0.00423306198467
-0.0049137800669
-0.00305300340104
-0.00275296808822
-0.00432077242425
-0.00324831741054
-0.00786170803764
-0.00852298263932
-0.0117533924214
-0.0133945924279
-0.0129220349666
-0.0129018273316
-0.016518765039
-0.0142927037653
-0.0147343411636
-0.0163798199021
-0.0187621836362
-0.0177864687647
-0.0166022229826
-0.0171139059351
-0.020393567271
-0.0203924105578
-0.0159733705043
-0.0166586837701
-0.0184747312734
-0.0183795735525
-0.0152633757055
-0.0160519761773
-0.0150807170752
-0.000522277380933
-0.00354873711193
-0.00378661503661
-0.00438904188326
0.0
-0.00564453843359
-0.00764424589493
-0.0101585006965
-0.0102737656526
-0.00785861887495
-0.00766014095052
-0.00501480620179
-0.00776438535321
-0.00967822104516
-0.00833362300279
-0.00887467505914
-0.00958623933768
-0.0123004045717
-0.010188685999
-0.0120603851499
-0.0134331946865
-0.0144649464713
-0.0108426362021
-0.00757521290173
-0.00674408825769
-0.00987905391878
-0.01090597502
-0.0113788761343
-0.00885928486049
-0.0112923989539
-0.0140109178433
-0.0125561254231
-0.0139765952085
-0.0115128591173
-0.00967291734624
-0.0133720511695
-0.0135705771433
-0.0155576664066
-0.0176665705649
-0.0212322915896
-0.0167534118917
-0.0195242925044
-0.0168986215297
-0.0169892313857
-0.0160739462668
-0.0144302834599
-0.0128823010567
-0.0115005969107
-0.0161292018607
-0.0139921181138
-0.0133141861331
-0.0134203597784
-0.0154849756507
-0.0142757923701
-0.0123385969108
-0.00988810035328
-0.0100357122868
-0.0102170083915
-0.0131248959843
-0.00953126773812
-0.0115591091071
-0.008891155597
-0.00377529930628
-0.00525161687722
-0.00577466544378
-0.00553708776631
-0.00755389970492
-0.00655240136406
-0.00489283134585
0.0
-0.000747271771045
0.0
0.0
0.0
0.0
0.0
0.0
0.0
0.0
0.0
0.0
0.0
0.0
0.0
0.0
0.0
0.0
0.0
0.0
0.0
0.0
0.0
0.0
0.0
0.0
0.0
0.0
0.0
0.0
0.0
0.0
0.0
0.0
0.0
0.0
0.0
0.0
0.0
0.0
0.0
0.0
0.0
0.0
0.0
0.0
0.0
0.0
0.0
0.0
0.0
0.0
0.0
0.0
0.0
0.0
0.0
0.0
0.0
0.0
0.0
0.0
0.0
0.0
0.0
0.0
0.0
0.0
0.0
0.0
0.0
0.0
0.0
0.0
0.0
0.0
0.0
0.0
0.0
0.0
0.0
0.0
0.0
0.0
0.0
0.0
0.0
0.0
0.0
0.0
0.0
0.0
0.0
0.0
0.0
0.0
0.0
0.0
0.0
0.0
0.0
0.0
0.0
0.0
0.0
0.0
0.0
0.0
0.0
0.0
0.0
0.0
0.0
0.0
0.0565680614507
0.0
0.0
0.0
0.0
0.0
0.0
0.0
0.0
0.0
0.0
0.0
0.0
0.0
0.0
0.0653973646713
0.0694867721362
0.0737150843768
0.0871704903362
0.0835877869279
0.0869684976503
0.0928692211753
0.090589223316
0.0844567183229
0.0792024295279
0.0821665809336
0.0803299978118
0.0891089071056
0.0868621429022
0.0885854748411
0.0871536408571
0.0913798421381
0.0848076435766
0.0862081933058
0.090043057192
0.0985792719934
0.100239699798
0.0
0.0
0.10096670368
0.0912694867658
0.0871177050996
0.0854425561588
0.0793072950219
0.0754161908646
0.07348130846
0.0769212916824
0.079788788788
0.0779293071103
0.0687809432607
0.07790329419
0.0711744384061
0.0692696103778
0.0644539570922
0.0662619367849
0.0714178473509
0.0712562570631
0.0664471631101
0.069317883925
0.069214025597
0.0657562889138
0.0660016325667
0.0626379327848
0.0617295546053
0.0632802793352
0.0609619556848
0.059515287358
0.0633898113224
0.0629273997218
0.0532373150547
0.0494036011879
0.0472715589259
0.0466225991983
0.0476331677267
0.0493024640625
0.0524797598604
0.0516633227831
0.0503806340753
0.0493547408362
0.0438607585528
0.0445972434594
0.0464890044312
0.0483174959607
0.0459410444231
0.0475671793632
0.0527228075584
0.0557022032713
0.0510912879788
0.0
0.0461417365408
0.0422979839342
0.0421326679239
0.0373715290623
0.0365758690336
0.0348026289986
0.0332890181899
0.0296154593925
0.0333797417937
0.0339987373219
0.0325178458152
0.0356834534948
0.0369900528701
0.0310624033685
0.0276597742149
0.0313731523214
0.0298084283913
0.0326181921059
0.0304500760119
0.0279034396962
0.0
0.0296325046587
0.0305386759226
0.0295677163006
0.0262968865688
0.026866582757
0.0247101488383
0.0261365213995
0.0199433081481
0.0208462825393
0.0182146501002
0.020671429778
0.0180902621175
0.0221980381596
0.0196793189051
0.0189877456343
0.0192413247519
0.0156262000254
0.0146570981029
0.0133021128231
0.0117530162792
0.0103188456288
0.00898004646324
0.0108334229568
0.00816499477798
0.00999587759212
0.0100221814033
0.00860562072941
0.00863449909826
0.00822348377576
0.00630192813181
0.00549226864623
0.00686223366051
0.00857312575132
0.00705233242882
0.00793188396429
0.00760443917881
0.010663560156
0.0123824428608
0.0108225468802
0.00870425298601
0.00670524413952
0.00972162920463
0.00815126346521
0.00663770699845
0.00337901613917
0.00406146847846
0.00150879961929
-0.00443376717609
0.00254425368365
0.00519151169808
0.0119191495165
0.00904062862302
0.00790516210159
0.00759325940515
0.00855661145506
0.00839173496847
0.00956666269112
0.00781218082434
0.00988060648185
0.00980805259992
0.0129403174404
0.017996395033
0.0153210488975
0.0102845853028
0.0088392446761
0.00487594863351
0.0048522835009
0.00244857384427
0.00306198477644
0.00543465591411
0.000769305197737
-0.0035282205378
0.00174119343985
0.00307711478869
0.00161779897113
0.00160011193142
0.00317578635214
0.00331283690064
0.00113616696556
0.00172638315966
0.00371753897708
0.000737455007457
-0.00139286538505
-0.00297158794974
-0.00498028868978
-0.00662191316209
-0.00299486795863
-0.0100844156901
-0.00712972537254
-0.00712955208483
-0.00509403239526
-0.00834096497545
-0.0119820747772
-0.0101565145591
-0.0125968811094
0.0
-0.00690956025525
-0.00277827337539
-0.00267577389153
-0.00238940705311
-0.0018020327909
-0.00138987496791
-0.00155107898097
-0.00542633221304
-0.00120935500957
-0.00337960012675
-0.00305991664327
-0.00669136668047
0.00143345795119
-0.000812547276937
0.00443419595286
0.00351529934444
0.000502126410647
0.00550206617341
0.00184643475164
0.00348239729895
0.00229165201263
0.00357285219799
-0.000839079965499
-0.00785901669079
-0.00188542449463
-0.00159382151957
-0.000960112883591
-0.000984293947443
0.000299854765682
-0.000469088657364
-0.00164397500032
-0.0049299921601
-0.000302306198024
-0.00200775293064
-0.00395230416195
-0.0114553551978
-0.00286254745902
-0.00168522327183
-0.00134224760899
-0.00399494736763
0.0025702040471
6.71134705681e-05
0.000738654214732
-0.00176919721014
-0.00280783551865
-0.00377409956818
-0.00252771433349
-0.00337431678752
-0.00161114367579
-0.000627577279189
0.00159336209818
0.000289924786739
-0.000421934356349
0.00181207998162
-0.00322086964897
-0.000926633345303
-0.00203238556479
-0.00163236178395
-0.00250858220934
-0.00384784444313
0.00145188773655
0.00317309482793
0.00392059391498
0.00701997971875
0.00947640701026
0.0112519054546
0.0103840687503
0.00931841954471
0.0107707838365
0.0114844273536
0.00482163423016
0.00224171009495
0.00484961025789
0.00339751237089
0.00505151796498
0.00397221580362
0.0019631627378
0.00441505351306
0.00522642821093
0.00288954900558
0.00582360364733
0.00583515445231
0.0031172984698
0.00304219483589
0.00264988330264
0.00876742826945
0.00758649312391
0.00834945959088
0.00883686605068
0.00743660345381
0.0114328453573
0.00776148577596
0.0107204164193
0.0172604489089
0.0125018855922
0.0
0.0149375705391
0.0185173163675
0.0180632596482
0.0181479458283
0.0188690681692
0.0172234673786
0.0162989566849
0.0139894547345
0.0125139321638
0.0170465271678
0.0141434637123
0.0138979039213
0.0124258678514
0.0139938078671
0.0150102002258
0.0152883391553
0.0151708928145
0.0142467831912
0.014314401026
0.0132201609868
0.0112161731599
0.0133234813669
0.00826737773924
0.00912943194955
0.00977148442372
0.0108825439867
0.0130370402596
0.0118861539875
0.00991291770506
0.010380432024
0.0113463050477
0.0121352905214
0.0121276185773
0.0115897885787
0.0101787841021
0.00829336803535
0.012009124405
0.0135850283188
0.015195234519
0.016025655392
0.0148998658525
0.0151917142889
0.017048068981
0.0157276664044
0.0187202243949
0.017627576504
0.0152068975923
0.0132018064831
0.0173338042515
0.0169636773062
0.0211655690374
0.0145705522502
0.018091813397
0.0278107291315
0.0218840829477
0.0158138824601
0.0185019770179
0.0130406086092
0.0138869930906
0.0112261769867
0.0147467521714
0.0139984393738
0.0130925481738
0.0150484988186
0.0139140745906
0.0170028977578
0.0130431715603
0.0118341901665
0.0104619295725
0.0131077462812
0.0118087150854
0.0114009617617
0.0140578309502
0.0124285416945
0.0136732251045
0.0105332308597
0.0112938720264
0.0125092042047
0.0111954714112
0.00832554718136
0.00876076021357
0.00776988818651
0.0110849612071
-0.0011315158591
0.00589809927677
0.00361177567711
0.00527924962604
0.00672484853166
0.00528583072509
0.00496877408528
0.00594904944614
0.00639547790248
0.00873138719262
0.003088394965
0.00509584920689
0.0
0.00541907120452
0.00487259577626
0.0060756108982
0.00559524378919
0.00607449088417
0.00128598192881
0.000889839958364
0.00118954083602
0.000332015980749
0.000685949223418
0.000598610536226
-0.00507219765494
-0.00155849914098
0.000584696065608
0.00185412358845
0.0017906806305
0.00147960243721
-0.00143673543054
0.00258927378484
0.00137284570041
0.00230669757187
-0.00138497454089
0.00043223007713
-0.00393726398986
-0.00146403778324
0.00163186768772
0.00112324467749
-0.00106603243502
0.00442201085823
0.000829690245043
-0.00158983091031
-0.00344392899584
-0.00115795239475
-0.00159861200178
-0.0028489520253
-0.00452029801841
-0.00351018096255
-0.00216832907774
-0.000876083029947
-0.00391988128137
-0.00322146436302
-0.00495833022062
-0.00670628125655
-0.00755062412673
-0.00548114274501
-0.00559225463993
-0.00614157057676
-0.0101762355067
-0.00559427046818
-0.00383678574271
-0.00449097205312
-0.00356424285158
-0.00699485238121
-0.00520485172675
-0.00665098492511
0.0
-0.00267766917884
-0.00334447809464
-0.00461741018575
-0.00437850837158
-0.00294453478864
-0.00242794199744
-0.00302934488348
-0.00293546997564
-0.00271409502134
-0.00319440871145
-0.00451870744995
-0.00180461194228
-0.00629103703705
-0.00847503407148
-0.00817010123058
-0.00938799611496
-0.00304506386606
-0.00475109988492
-0.00586532346028
-0.00524744277092
-0.00783978719106
-0.00653579374281
-0.00528857613348
-0.00593853726077
-0.00328148986017
-0.00537028241432
-0.00598013241704
0.0
-0.000888449987232
0.00387022206198
0.00205322693968
0.00381357806925
0.00289270229123
0.00310413208334
0.00496123358314
0.00655409289293
0.00619151225852
0.00536126479361
0.0081320247098
0.0
0.00837234967862
0.0074731355194
0.00654399855294
0.00653108837429
0.00537785720449
0.00829711102947
0.0048047529518
0.00621121775399
0.0103289151063
0.00883769387313
0.00387130825066
-0.00509026925523
-0.000801107134852
-0.000324520617732
-0.000152827464866
0.00156808654942
-0.00156900682058
-0.00767912521242
-0.00573037442702
-0.00528948761027
-0.00696774588914
-0.00606422264714
-0.00536828755857
-0.00477199970543
-0.00499642818486
-0.00737186253349
-0.00558412059792
-0.00509791980061
-0.00871992219653
-0.00566191680401
-0.00708939632895
0.000799880188129
-0.00774362264181
-0.0087386305668
-0.00791647946427
-0.0120590053295
-0.0062494856619
-0.00525803774136
-0.00744403802832
-0.00400702129888
-0.00172520279445
-0.00799168827865
-0.0054174868922
-0.00264671012604
-0.00423583863399
-0.00586566925228
-0.00359871332047
-0.00928377995646
-0.006988577563
-0.00522769576562
-0.00594465163522
-0.0035779409005
-0.00579409670464
-0.00673968123563
0.000505266680718
-0.00194047050619
0.000658022725158
-0.000526383055175
0.00234725465481
0.00113062918921
-0.00308138835402
-0.00271265894691
-0.00132251124954
-0.00194412604023
-0.00106726783465
-0.000890879417412
-0.000846112149928
-0.000573428743651
0.00112326597059
-0.00128413943232
-0.00314010307474
-0.00230339177532
0.0
0.0
0.0
0.0
0.00232228558259
-6.44396846861e-06
0.00056481483885
0.00516343881773
-0.000897913059454
-0.00570057017229
0.0
-0.00578265781996
-0.0047734825731
0.00501991029985
-0.00319110813592
-0.00384433178173
-0.00236909823316
-0.00612342102962
-0.00257035405631
-0.00218422717228
-0.00263575347215
-0.00498691988769
-0.00731836247076
0.0
-0.00458558056889
-0.00647662062197
-0.00334012789337
-0.00226954012482
-0.000883658955453
-0.00532924055272
-0.00571004454723
-0.00301780451945
-0.00153671007081
-0.00535004334402
-0.00438928054855
-0.00629419013968
0.00158628138105
0.00380542480765
0.00588118833108
0.00609606970556
0.00492497696865
0.00333044254339
0.00212036211126
0.00332872843944
0.00232116804715
0.00252440630603
0.00384748617656
0.00245100676521
0.00675121568497
0.0068590292091
0.00770634991655
0.00657641461001
0.0125102575562
0.0239258262634
0.0
0.0
0.0
0.0
0.0
0.0264158982628
0.0243068545475
0.0197557889517
0.0160025257927
0.0173935224548
0.0139982690378
0.013888260642
0.0152232881927
0.0146834359807
0.0137068667186
0.0117542013012
0.00844056662762
0.00471083186443
0.00425599135754
0.00444142504218
0.00877083949398
0.00877516194914
0.00909336371643
0.0106240129621
0.0101174387681
0.00845705843815
0.00666146158646
0.00653839978202
0.00535828320395
0.00534592591732
0.00651553160472
0.0080452515121
0.00385199349765
0.00534472549632
0.00569390372646
0.00384016086431
0.00797748248465
0.00757652938527
0.00534896860642
0.00529564238726
0.00453257277611
0.000937500307097
0.0041771068184
0.00516604999726
0.006660919766
0.00733774532617
0.00976257376214
0.00575547702098
0.0118277137611
0.0048641821463
0.00429847892068
0.00627856150531
0.0142820091503
0.00463281700196
0.00814840640084
0.0066358484753
0.00567024692634
0.00882502490846
0.00757772671577
0.00580260823462
0.00476985530786
0.00458998582339
0.0150442330431
0.0199460544536
0.01495167343
0.0
0.0114577064845
0.0154183602994
0.0100126388545
0.0113741028584
0.00814630895599
0.00926325706217
0.00768601642823
0.00595171308895
0.0
0.00753411711887
0.0067559274285
0.00747790040497
0.00703061526437
0.00703030203716
0.00759250731731
0.00351782514932
0.00531091648403
0.00375444877247
0.00448875175174
0.00602168871301
0.00511983679986
0.00605413931767
0.00179075307203
-0.00388835090553
0.00534020421773
0.00254086462483
0.00277403103749
0.00425511673153
0.00353349810671
0.00190554785167
0.00632792343281
0.00310177246495
0.00325130004965
0.000652499651833
0.00332997653888
-0.000193645173419
0.00394306202987
0.0101032429068
0.00118533607119
3.68346014201e-06
0.00220668656829
0.0027074851817
0.00295650354619
-0.00112997730746
0.000628716802508
-0.00194669835914
-0.00268467498802
-0.00975892931491
-0.00550464367082
-0.00551139398431
-0.00409642388736
-0.000327665568576
-0.00457536722775
-0.0010624279361
-0.00391759865687
-0.00642617859913
-0.00327898309472
-0.00269552482349
-0.00305417081204
-0.0102891321792
-0.00971084924567
-0.00808920665676
-0.00836013896182
-0.00554391039845
-0.00540824315729
-0.0040065100331
-0.0027071588485
-0.00508158257507
-0.00571453930075
-0.00973933554475
-0.00951707166147
-0.0108120695115
-0.00877779839877
-0.0096997532306
-0.0123585840799
-0.010637891106
-0.0136493744788
-0.0157669735206
-0.0174834485504
-0.0147929847371
-0.0154127210742
-0.0167774310662
-0.018826086255
-0.0241256956238
-0.0199995820899
-0.0203344404849
-0.0200135931937
-0.0186456012212
-0.0213463372849
-0.0200535228992
-0.0188834096917
-0.0206426278882
-0.0240887782413
-0.0234458676745
-0.0254660390947
0.0
-0.0227713983868
-0.0223319317471
-0.0234101219176
-0.0228060855244
-0.0217935348296
-0.0244629182336
-0.0255107590884
-0.0241954825569
-0.0222917579549
-0.0258265396931
-0.0245280006307
-0.0285077866509
-0.0285696429666
-0.0302253869685
-0.0256106235775
-0.0277434455418
-0.0266122715826
-0.0266841741799
-0.0294898219488
-0.0274120761671
-0.0302219964113
-0.0304030660849
-0.0296007896395
-0.0327991329878
-0.0276082721991
-0.0295127944141
-0.0281158876011
-0.0298215008066
-0.0303761805028
-0.0302226909852
-0.0325114283418
-0.033252105705
-0.0325811286776
-0.0313505682904
-0.0331701228981
-0.0340262027034
-0.0338781708441
-0.0271291312388
-0.0325055331826
-0.0357635677875
-0.032918033446
-0.0345263754195
-0.0361306201067
-0.0374474545497
-0.0351512679753
-0.0363973108284
-0.0370093584521
-0.0398671828037
-0.0369527792144
-0.0389743488972
-0.0360162995181
-0.0354507961674
-0.0332593233622
-0.03251920875
-0.0224300508882
-0.0256691065617
-0.0261403657961
-0.0282961739452
-0.0292232236468
-0.031401187437
-0.0294482740559
-0.0307669719478
-0.0197246924933
-0.0147566134392
-0.0143344512647
-0.0218338148751
-0.0234814881534
-0.028102614744
-0.0321338671657
-0.0308920824432
-0.0323375314477
-0.0376021535113
-0.0277552049248
-0.0330463723571
-0.0322481227459
-0.0217473277932
-0.0185000266031
-0.0132584705786
-0.0131755971126
-0.0164402156953
-0.0197185569231
-0.020814632658
-0.0237254088462
-0.0329705120218
-0.0288780552808
-0.0270775122891
-0.0298891092358
-0.0313622691663
-0.0275725197936
-0.0321248394039
-0.0290994370743
-0.0343441333285
-0.0331533751527
-0.0350044722248
-0.0357066116957
0.0
-0.0382922623558
-0.0382486258869
-0.0406501623058
-0.0385062216473
-0.0393971694266
-0.0394611833774
-0.0409809261249
-0.0401648051122
-0.0368608949032
-0.0404268001799
-0.0420951016839
-0.0430718038636
-0.0418358932181
-0.0419192343646
-0.0434035853628
-0.0391076232366
-0.038015608261
-0.0356326452347
-0.0381077140004
-0.0370889024579
-0.0380022900543
-0.0393104269712
-0.0387477503154
-0.0423719109621
-0.040000273113
-0.0386078680422
-0.0376244313734
-0.0354021006166
-0.035844282361
-0.0333498406594
-0.0371058551048
-0.0376407422766
-0.0388978929308
-0.037409008509
-0.036734309207
-0.0459404739782
-0.035987342137
-0.0358009400012
-0.0362107417093
-0.03540004987
-0.0321331163836
-0.0320646229899
-0.0349501406458
-0.0331693937838
-0.0328725145238
-0.0311159430082
-0.0325214596098
-0.037612607957
-0.0327419023109
-0.0310015055273
-0.0361103290635
-0.0356134681787
-0.0316193502271
-0.0332201228565
-0.03136518898
-0.0338118473319
-0.0316110871884
-0.0338202417492
-0.0316672506529
-0.0375006442932
-0.0324583233957
-0.0287708016137
-0.0318161177458
-0.0314001928988
-0.0292076304611
-0.031548416234
-0.03004346414
-0.0315112723652
-0.0355510709877
-0.0311210012406
-0.0308339738274
-0.0319387859956
-0.0333391354113
-0.0293441706282
-0.031546233595
-0.0314690113383
-0.0289805644822
-0.0284196243261
-0.0295423621412
-0.0293626407895
-0.0304533059914
-0.027089889491
-0.0319258414446
-0.0340422212845
-0.0274601750248
-0.0280464016605
-0.0253909784243
-0.0259289103682
-0.0293554519349
-0.0288146852291
-0.0257449922368
-0.0277784015301
-0.0270046298928
-0.0243907826473
-0.0272898644651
0.0
-0.0280304932703
-0.0236102226488
-0.0243494208861
-0.0230560104954
-0.0239585126083
-0.0224660886029
-0.0221175798139
-0.0261621531007
-0.0228436335282
-0.0240535850837
-0.0248555984779
-0.0292440526659
-0.0163708911402
-0.0228189812222
-0.0226203161508
-0.0212030362078
-0.0213917381547
-0.023251438516
-0.0219850336625
-0.0214929884955
-0.0196080786284
-0.0177491585098
-0.0197381519941
-0.0235772937197
-0.0228754760757
-0.0185118134543
-0.0214294895842
-0.0234662809683
-0.0223196066657
-0.019390879285
-0.0216250228272
-0.0215126246373
-0.0249523059772
-0.0219944280417
-0.0213240500931
-0.0286708816646
-0.0183191951185
-0.0223050203273
-0.0207875994756
-0.02157372224
-0.0235667537123
-0.0221009855985
-0.0203686621622
-0.0219345415791
-0.0233090435542
-0.020064250966
-0.0226852329179
-0.0212422860535
-0.0204788813617
-0.0197072220385
-0.0212843500334
-0.0176131904831
-0.0222035487548
-0.0202064246823
-0.0226890466305
-0.0248893491956
-0.025002737251
-0.0236022784056
-0.0238590114087
-0.0275660626423
-0.0249632422938
-0.0251692389268
-0.0256153546893
-0.02431231039
-0.0236380740584
-0.0277379906341
-0.0246749378685
-0.0233767337902
-0.0241943730558
-0.0254042160237
-0.0262468877265
-0.0306594545917
-0.0236807985901
-0.0261291700497
-0.0238770805828
-0.023674695747
-0.0252646763678
-0.0198349736411
-0.0234868832631
-0.0244475810801
-0.0251421847089
-0.0253737813908
-0.0242306390074
-0.0247279671656
-0.0225904710144
-0.0248084321856
-0.0213014086786
-0.0242658070089
-0.0236438172092
-0.022961514196
-0.0244499766733
-0.0256188862363
-0.019859177655
-0.0274977027779
-0.0281253843063
0.0
-0.0253847426081
-0.0272265790269
-0.0263158514777
-0.026457759875
-0.0278239356936
-0.0298964290837
-0.0334042876072
-0.0275063906619
-0.0273875327532
-0.027245763374
-0.0273808408752
-0.0312587175262
-0.027869457216
-0.0301449502485
-0.0283725737276
-0.0304191393459
-0.0329025861323
-0.0318370201462
-0.0353787168887
-0.0344207503302
-0.0356532463565
-0.0381045745767
-0.0346237024964
-0.0360268867462
-0.0361106462121
-0.0352066840576
-0.0368432665366
-0.0379719075451
-0.0360455925797
-0.0354633477783
-0.0398918538239
-0.038161255557
-0.039318444429
-0.0372401731774
-0.0394279623507
-0.0454251266298
-0.0360444485523
-0.038661283586
-0.0416781873016
-0.0369673757774
-0.0410963093628
-0.0404035073136
-0.0422355721835
-0.0452370800255
-0.0465628492823
-0.0470598680158
-0.0471194004924
-0.0495489348511
-0.0508419593183
-0.0482270056076
-0.048153635681
-0.0489391840565
-0.0505038524443
-0.0480842480087
-0.0483239047983
-0.0498488146141
-0.0516148381346
-0.0534946696385
-0.0535657453969
-0.0532233237135
-0.0509240921266
-0.0511731736982
-0.0504894795951
-0.048956640964
-0.056471893641
-0.0531759943044
-0.0538496049232
-0.0515752039916
-0.0519049686242
-0.0521851096485
-0.0548616580594
-0.0548409002282
-0.0508995829466
-0.0509844505766
-0.0501561547544
-0.0524689107241
-0.0506786491502
-0.0500700355686
-0.0532348046276
-0.0512144837519
-0.04975388631
-0.0506727025355
-0.0521570911819
-0.0593923687554
-0.0496373087646
-0.0524370133695
-0.0488236284783
-0.0497912739845
-0.0497124110945
-0.0482071806573
-0.0475623612812
-0.0504006708717
-0.0492615875081
-0.0492069767549
-0.0487151139375
0.0
-0.0483463300408
-0.0456762026687
-0.0477796034008
-0.0457678395017
-0.0433052360948
-0.0485494982371
-0.0504928534553
-0.0519243004732
-0.0494358537105
-0.0509258036346
-0.0516991527249
-0.0550495084988
-0.0473516194622
-0.0496991804221
-0.0477987775639
-0.0510563436603
-0.0494424126974
-0.0500648622154
-0.0463697581482
-0.0511297797408
-0.051670827495
-0.0535546063675
-0.0522038144146
-0.0543994493025
-0.0530923791248
-0.04737332268
-0.0513378604407
-0.0514622209168
-0.050585138503
-0.0501470441303
-0.0488539064465
-0.0427850497706
-0.0476118555524
-0.0457659735173
-0.0471095379558
-0.0498151890347
-0.0464874636735
-0.0468832302081
-0.0445665971965
-0.0432722301417
-0.0474731387941
-0.045826002751
-0.0471238393208
-0.0469638313481
-0.045616052349
-0.0480486569099
-0.0478579429917
-0.0519609997218
-0.0465800505651
-0.0439975669952
-0.0489711080894
-0.046072397872
-0.0477337881625
-0.0504275598401
-0.0474273427108
-0.0492675884267
-0.0493470160321
-0.0453972646681
-0.048725796585
-0.0462316799835
-0.0489216254671
-0.0476588022443
-0.0463221712797
-0.0478588028334
-0.0467025467931
-0.0513119044639
-0.0467194229848
-0.046492204038
-0.0495745189175
-0.0495511354789
-0.0477927740735
-0.0482471690168
-0.0469160895967
-0.0475641023952
-0.0476963506756
-0.0469475394159
-0.0454128220267
-0.0459637068581
-0.0441293690385
-0.0431280038467
-0.0461953622242
-0.0457131562622
-0.0421585193694
-0.0461379999539
-0.0443725977575
-0.0444471717113
-0.0381422169659
-0.0436738047526
-0.0410241802189
-0.0406882938579
-0.0410584459613
-0.0382106107245
-0.0394245556793
-0.0407464648032
-0.0396230904345
0.0
-0.0388032418639
-0.0366206246141
-0.0332483058439
-0.0382375224547
-0.0371435205909
-0.0371865494193
-0.0389228306925
-0.0362688568901
-0.0364018736604
-0.0349205631015
-0.0338163531493
-0.037252436842
-0.0363463598026
-0.0345951142317
-0.0344171120742
-0.0337071242991
-0.0322411181978
-0.0312247357838
-0.0308537229972
-0.0329459837928
-0.0331077707787
-0.0318764849506
-0.0297544594543
-0.0355544237452
-0.030780624741
-0.0308846659274
-0.0277804220823
-0.0225012346098
-0.0218240376326
-0.0226300943832
-0.0259147029512
-0.0243178068408
-0.0242568578623
-0.0265612585329
-0.0285383824506
-0.0286489002301
-0.0267773548801
-0.0296914002842
-0.0294821435289
-0.0269400734915
-0.026150882037
-0.0284681956385
-0.0255822569388
-0.0286592040635
-0.0269324280404
-0.0234273031268
-0.0256518513007
-0.0230390060272
-0.0256157565906
-0.0268025104515
-0.0241233304472
-0.0258858900255
-0.0264802906246
-0.0253137098658
-0.0247246165676
-0.0269114277989
-0.0250073491557
-0.0271335674389
-0.0249063004012
-0.0279294021243
-0.025207559325
-0.0221641571806
-0.0242450689054
-0.0239071475131
-0.0237663501588
-0.027392178017
-0.0232140291505
-0.0207302596317
-0.022997540235
-0.0211479411483
-0.0233204414446
-0.0216533791753
-0.0200932276563
-0.0228487003132
-0.0231587570543
-0.0203117550998
-0.0262865274139
-0.0268043206331
-0.0243967243611
-0.0230009639546
-0.0241599080694
-0.0217386957338
-0.023644498414
-0.0304856555903
-0.026043731272
-0.0220255498129
-0.026214351232
-0.0248505167886
-0.0248035157662
-0.0246887120226
-0.0238334744969
-0.0205202206377
-0.0201880526094
-0.0230077298302
-0.0219232716127
0.0
-0.0232309310121
-0.0245921642375
-0.0255161062823
-0.020872533604
0.0
-0.0259652759907
-0.0221437197643
-0.0236511454903
-0.023976575157
-0.0259738341943
-0.0254640328964
-0.0266242372987
-0.0249693655619
-0.02352533979
-0.0238579929277
-0.0225112648332
-0.020050634656
-0.024681772918
-0.026659147491
-0.0264668885253
-0.0214137245168
-0.0267956357832
-0.0228810250731
-0.0270960488929
-0.0236007499554
-0.022228273652
-0.0251998278949
-0.0268617321981
-0.0262385856781
-0.0284598538878
-0.026845649949
-0.0275390321717
-0.0303587685537
-0.0299458785097
-0.0288776028366
-0.0343297159048
-0.0292401456845
-0.0291870344101
-0.0304867072933
-0.0309896085441
-0.0268268793515
-0.0296758444883
-0.0264258601042
-0.0294037845019
-0.0283821246104
-0.0283618055909
-0.0273690282146
-0.0343345924582
-0.030939340635
-0.028811278568
-0.0300860434318
-0.0328982887828
-0.0299717759278
-0.0330596005174
-0.0327880707389
-0.0271336963133
-0.0293303948646
-0.0304742695305
-0.0292956623389
-0.0323879517925
-0.0277390844492
-0.0317170913268
-0.0319134733905
-0.0343073813278
-0.0290871469921
-0.0330061492269
-0.0337476512851
-0.0321087637679
-0.0364213926666
-0.0353872180099
-0.0347913060019
-0.0382457901605
-0.0354690529516
-0.0383882906255
-0.035360168818
-0.0370114078286
-0.038093830369
-0.0373751823217
-0.0389279478939
-0.0387937386694
-0.0384168723282
-0.0426514292077
-0.0397425512816
-0.0445603690594
-0.0437477661082
-0.04034976265
-0.0414776603435
-0.0402874217903
-0.0410672097927
-0.0435552301679
-0.0441132422247
-0.0422378091627
-0.0444860068996
-0.0442066560137
-0.0459257581832
0.0
-0.0441690462071
-0.0468621907331
-0.0489481674675
-0.0467079245486
-0.0459892556442
-0.0448239797034
-0.0435361553149
-0.0353540362756
-0.0422830786765
-0.0433244624377
-0.0430869356282
-0.0507021860481
-0.0426066558379
-0.0417166371748
-0.0386167513986
-0.0397163311258
-0.0436213124399
-0.0441511526134
-0.0445560648334
-0.0419694363578
-0.0453060226634
-0.0447221850077
-0.0426039363456
-0.047392168765
-0.0453562867573
-0.0429276627105
-0.0425121741493
-0.0438445049371
-0.0436074171135
-0.040933949236
-0.0415185182068
-0.042963904259
-0.0424334180692
-0.0453475708848
-0.0442563133686
-0.0534566211167
-0.0443130643587
-0.0423029868813
-0.0395779677423
-0.0430739273744
-0.0405708422754
-0.0408715409458
-0.0408481474291
-0.0423156032366
-0.0403044146897
-0.042786583281
-0.038071604621
-0.0403557534751
-0.0364291039178
-0.0365225413876
-0.0385814378053
-0.0380094078426
-0.0386858835957
-0.0377397492493
-0.037386214231
-0.0375056191953
-0.0383088271732
-0.0381143223155
-0.0341704187257
-0.0401120782445
-0.0351278955418
-0.0369241726277
-0.0351075332498
-0.0346274285829
-0.0382706882141
-0.0374759370989
-0.038101550326
-0.0360057181029
-0.0358932322663
-0.0367231173686
-0.0348120280408
-0.041323851305
-0.0360882636018
-0.034381597166
-0.0338973295044
-0.0290291052544
-0.0313799093929
-0.0302125709827
-0.0330544177892
-0.0322737125794
-0.0316315379993
-0.0323011721979
0.0
-0.0305838234382
-0.0308978888234
-0.0291901154637
-0.0314869402023
-0.0318941766792
-0.0277727387851
-0.0292905610401
-0.0349562661708
-0.0327202964305
-0.0308625579044
-0.0350720016309
-0.034416121965
-0.0362067204565
-0.029574416469
-0.032147055759
-0.0338842989156
-0.0311654970073
-0.0336740817297
-0.0318562314258
-0.0326010376454
-0.0300355003084
-0.0354280405379
-0.0328567190955
-0.0306884825472
-0.036135535353
-0.0329432667991
-0.0336310086327
-0.0325544457342
-0.0356300813304
-0.0319073956527
-0.0337993086211
