0.0
0.483697559643
0.494824831629
0.495726164246
0.491883900192
0.498120266464
0.488374564284
0.491207999188
0.492626974983
0.487062113085
0.48324232746
0.486333910194
0.486065653367
0.483390313258
0.47666645684
0.472572707739
0.463529357033
0.454719547174
0.450120833479
0.446693796339
0.434593581061
0.422118422743
0.417711676369
0.417041219625
0.417608568946
0.415590734543
0.422466291129
0.428429111509
0.428829963728
0.429906022155
0.432317686109
0.43897354674
0.441190986481
0.447861790226
0.44139835469
0.437009747126
0.432649348212
0.438740846254
0.437958604637
0.439708334357
0.0
0.0
0.0
0.448612116097
0.441866068209
0.437048697003
0.0
0.0
0.0
0.0
0.226397501069
0.0
0.0
0.0
0.0
0.0
0.0
0.0
0.0
0.0
-0.030591219606
-0.027762680842
-0.0309651128696
-0.0376009194654
-0.0425754764707
-0.0471090597626
-0.0508851257634
-0.0612820672564
-0.0634731784891
-0.0675445191442
-0.0706584890474
-0.0672553309701
-0.0664090131544
-0.0683896937723
-0.072750567539
-0.0749152011602
-0.0742262338285
-0.0908802996878
-0.102434315866
-0.106397234326
-0.101835204842
-0.0948787101751
-0.0965450293072
-0.103566872726
-0.10265124772
-0.103235577964
-0.10616930733
-0.102685822348
-0.0954113596036
-0.0822176524036
-0.0781216202181
-0.0714352051211
-0.0761402175843
-0.0776885592334
0.0
-0.0673812997436
-0.071618304617
-0.0712328741222
-0.0628696395268
-0.0554014850907
-0.0483006695022
-0.0383086664422
-0.039925230158
-0.0485991345836
-0.0548559536095
-0.058007829675
-0.0592377171289
-0.0609583577895
-0.0600989660159
-0.0577926218448
-0.0593025526591
-0.0618663799818
-0.0614256012807
-0.0636012997838
-0.0616773422107
-0.066259717507
-0.0707138137069
-0.0747352217292
-0.0786543252871
-0.0840889660003
-0.0858029086009
-0.0852748800529
-0.0807807637374
-0.0821181490977
-0.084513776926
-0.0818726238947
-0.077216979296
-0.08163767004
-0.0834325145913
-0.0816043535599
-0.0777807276201
-0.0760746514709
-0.0744114769142
-0.0651542037688
-0.051073351928
-0.0514513349747
-0.0586809043862
-0.0653595509297
-0.0604044331542
-0.0541127992819
-0.0494281940373
-0.0490889392427
-0.0460015495196
-0.0440174692217
-0.0469134777531
-0.0470848088055
-0.0428380438801
-0.045436889763
-0.0567728426323
-0.0615657229917
-0.0618748625816
-0.0706028410184
-0.0749013843064
-0.0761251005206
-0.0797124616473
-0.0760325467056
-0.0684467293209
-0.0695459441903
-0.0698922594691
-0.0710252223984
-0.0646162162199
-0.0574199149515
-0.0542587199447
-0.0475187674476
-0.0423233638012
-0.0315937253814
-0.0187540123233
-0.00647138553761
-0.00834900840612
-0.00589831142381
0.00414751909674
0.019122106906
0.0159173794872
0.0148849406482
0.0176983401012
0.0204365395757
0.0241619294175
0.0272924651604
0.03449310195
0.0430995134951
0.0422890621552
0.0459849603164
0.0521321421729
0.0598966685733
0.0701214662754
0.0
0.0
0.0
0.0
0.0
0.0
0.0
0.0
0.0
0.0
0.0
0.0
0.0
0.0
0.0
0.0
0.0
0.0
0.0
0.0
0.0
0.0
0.0
0.0
0.0
0.0
0.0
0.0
-0.00772259594852
-0.0141734908053
0.0
0.0
0.0
0.0
0.0
-0.0101798371601
-0.0106079592975
-0.0131242921416
-0.0124619941164
-0.0153607353991
-0.0188462718089
-0.0188758875571
-0.0224085979095
-0.0283243926747
-0.0317399529111
-0.0340144076611
-0.0361801503433
-0.033909414601
-0.0304673837756
-0.0321431537336
-0.0326614056012
-0.0315923724938
-0.0272369527693
-0.0219992747749
-0.011811572867
0.00238555638001
0.0134049572347
0.0158759544702
0.0156669889053
0.00867853813191
0.0055770236929
0.00559785951247
0.00483298469462
0.0032096769993
0.000300414055219
-0.00307875714103
-0.00335030072264
0.000779954340584
0.0020817737087
-0.00436739560826
-0.0123488819836
-0.0174392977749
-0.0199628323034
-0.0206495195243
-0.0207946179864
-0.0246117532261
-0.026761522275
-0.0247542689553
-0.0208696273071
-0.0210707990845
-0.0187074611035
-0.0194395439198
-0.0210706962088
-0.0216974817289
-0.02252251766
-0.0236490857392
-0.0238209857246
-0.0233996320587
-0.0237528843231
-0.0206941933237
-0.0181482329109
-0.0171779423577
-0.0178153979145
-0.0158661394265
-0.0127064174247
-0.00874191752827
-0.00615159800473
-0.00403233694046
0.00397787996852
0.00658323769675
0.010275802605
0.0
0.00131100478203
-0.00281877791801
-0.00399754809836
-0.00209334021638
0.00646669548124
0.0126322717583
0.0205258825347
0.0238390856255
0.0274103131619
0.0266347227578
0.0214535512787
0.0248484734054
0.0226668777361
0.0206769320106
0.0265663671177
0.0324391133037
0.0297156590582
0.0435798204298
0.0389912883351
0.0416324669468
0.0359149579107
0.0298700300598
0.0201555616715
0.0116085245995
0.00721183632377
0.0044234900708
0.000649195002266
-0.00430442983017
-0.00676112598329
-0.0081635491076
-0.00912654580183
-0.0124744702342
-0.0129947866512
-0.0164211136342
-0.0142778934439
-0.018322928486
-0.018522356929
-0.0176370208629
-0.0158562723479
-0.0130606653414
-0.0149676804908
-0.0157283045243
-0.0116386751389
-0.00540468694953
-0.00876482282323
-0.00819515093839
-0.00992642881168
-0.0177931169666
-0.0243853378454
-0.0265044124822
-0.0276824082012
-0.0240702213571
-0.0208349902981
-0.0168871259547
-0.0151151168174
-0.0130581339689
-0.00825155993157
-0.0058858795683
-0.00178164152573
1.59787841612e-05
0.00503104173381
0.00934081211088
0.0115598400967
0.0170697768941
0.0209782598338
0.0295771596772
0.0265288981818
0.0282808593217
0.0259977675818
0.0211981574728
0.017214588515
0.0126308530521
0.0123771009212
0.0120655085592
0.00971813770413
0.00847112146986
0.00966131935594
0.00809828089254
0.0126552227551
0.0166633515822
0.0191511067882
0.0306455066462
0.0354239742129
0.0432263628277
0.0501144770293
0.0540814347376
0.0509622075347
0.0520214200203
0.0569167533286
0.0624172782923
0.0591971822267
0.067583691809
0.0763967562951
0.0718020764555
0.0678810308963
0.0
0.0
0.0782350239271
0.0856629804858
0.0867799159573
0.0930367527514
0.100837138055
0.104839780678
0.111186607268
0.106323101935
0.103164907802
0.106800600541
0.114126985233
0.128028934122
0.14014859089
0.142234953849
0.148036381301
0.170227459214
0.170275844247
0.179768377773
0.199493436965
0.0
0.0
0.192205219448
0.182644918643
0.182559860961
0.187759514883
0.185158245954
0.159319695511
0.149218544796
0.130846833925
0.12808208947
0.142031665647
0.139246238187
0.128707525801
0.128359386057
0.127480423686
0.121163777742
0.111885632883
0.106984588056
0.0908863648479
0.078935075192
0.0706320997034
0.0694831267313
0.0640925662452
0.060587263833
0.059001612259
0.0619558880118
0.0649322568869
0.068870411944
0.0671518457988
0.0754009666429
0.0960119796649
0.103249385376
0.0986106227228
0.103246222552
0.101743853808
0.0975921416539
0.103240772731
0.110684992731
0.121381385278
0.120231656406
0.124106089263
0.135918281851
0.142508999589
0.145246951847
0.14944528647
0.159194262063
0.163179902391
0.166542178637
0.175599503543
0.17164377708
0.184489151352
0.183059638879
0.181258710279
0.194384047082
0.204826078568
0.203006915652
0.205336045886
0.193722581294
0.192794469464
0.195686047049
0.192787101705
0.174724192216
0.165005137008
0.151192155782
0.143289142283
0.134231785521
0.123585644467
0.120961201681
0.122508097469
0.117151746472
0.111093690094
0.111996941078
0.104404972307
0.0909756985625
0.0
0.0696423421476
0.0694807916324
0.0596035042992
0.0525259057201
0.0566819350574
0.0467631367307
0.0488096576148
0.0563990429045
0.0618917575719
0.0753134839894
0.0848244460708
0.0945080215238
0.0927626342785
0.0920303234065
0.0979582596927
0.101137153081
0.094519165144
0.0929187001628
0.0816346359192
0.0
0.0844604086998
0.101376503675
0.112837965897
0.125892709635
0.127626883399
0.128431202007
0.130975589199
0.127372535207
0.118193577268
0.111480674936
0.0
0.0
0.172126316614
0.198434126789
0.199781186465
0.221203500817
0.228734951382
0.218394823634
0.0
0.0
0.0
0.240137140642
0.226000239957
0.210723034183
0.188213286316
0.173515624986
0.177982554817
0.157449674287
0.158031648091
0.174756368846
0.192312229524
0.199771987671
0.206706564981
0.22248618999
0.221583875176
0.214689559957
0.230653236593
0.270786062259
0.0
0.286094137101
0.273839837867
0.270092044663
0.0
0.273046386283
0.288519317432
0.306463129516
0.0
0.35798667339
0.337930758025
0.0
0.369903167938
0.383009760398
0.40065227244
0.403571756017
0.412013002404
0.426199203707
0.437316806462
0.436258370613
0.446514724481
0.459345006897
0.449356097255
0.450597882833
0.0
0.0
0.498605971316
0.493866054126
0.0
0.0
0.0
0.0
0.4935573279
0.0
0.46163667679
0.421672485896
0.374665425643
0.0
0.34848469659
0.332506460957
0.315162657016
0.0
0.0
0.308092347776
0.329080691217
0.0
0.0
0.0
0.0
0.0
0.0
0.0
0.0
0.0
0.0
0.0
0.0
0.0
0.0
0.0
0.0
0.345459750458
0.346213709391
0.356723999503
0.0
0.367389071887
0.36482988322
0.357305475936
0.329873557249
0.0
0.300370729947
0.285661489459
0.280835048988
0.275613931343
0.254581456923
0.224885743179
0.208468357596
0.200325996831
0.190114602467
0.17611157835
0.166474074253
0.155143153458
0.147727725175
0.136348174821
0.126779301694
0.126703695559
0.12627746575
0.125715345187
0.128235662146
0.125508026902
0.132145908386
0.120748109545
0.119512674737
0.120267117194
0.116138473255
0.122849253209
0.123333773795
0.12281599059
0.108024227149
0.0912563472432
0.0834906219872
0.0743229699146
0.0641946909706
0.0503439237523
0.0387457345046
0.0308166655349
0.0254530488067
0.0233365458561
0.0323440107647
0.0
0.0
0.0225669202584
0.00352473580076
-0.00868995768503
0.0
-0.013209982299
-0.00904239516644
-0.00679563899497
-0.000421628334483
0.0147429864794
0.0222496165736
0.036455623536
0.0465442622172
0.0452884806324
0.0395748074818
0.0389204416113
0.0362720001776
0.0458128496136
0.0469720827288
0.0415599662848
0.0448753285651
0.0534015767175
0.05914680405
0.0
0.0440904500731
0.0269034290622
0.00920975250421
0.00199299577108
0.00463119014769
0.00306482759936
0.00697711268797
0.00818127853695
0.00129659079823
-0.00877024985103
-0.00271633572608
0.010610455147
0.0136307568188
0.017907034303
0.027729196232
0.0287352166789
0.0
0.0411226106095
0.0415064585401
0.027635563826
0.0172275642816
0.0166059956447
0.010847451774
-0.00234268199581
-0.00994795837716
-0.0196645469156
-0.0248899509662
-0.0274417374935
-0.0289043282556
-0.0172700047358
0.00327117293906
0.0207985959818
0.024492608284
0.0255832771652
0.0355619810499
0.039274822591
0.0357498324324
0.0283852410047
0.0264014536646
0.0133306610085
0.00312322378903
-0.0027218850552
-0.00832304614812
-0.0113797475071
-0.01129871253
-0.00527679294614
-0.00284445786075
-0.00472475217097
-0.000542772019623
2.70264556541e-05
0.00166033204296
0.00360346827955
0.0028154136392
0.00403873082746
0.00696297074144
0.0054738499845
0.00512059500788
0.00277385175257
-0.00810843900682
-0.0111478929204
-0.0148545831779
-0.0177798644696
-0.0100104176132
-0.00478086728876
-0.00788346614694
-0.00907225222292
-0.00266580506015
0.00358911223829
0.00871836003154
0.00779178752123
0.00509575151311
0.00428292905069
0.0032442574587
0.00263878648506
0.00275611393563
0.00445312023383
0.0127069001538
0.0142088604784
0.00844735948117
0.00392787255582
0.00362274996729
0.000620280581056
0.000371535652788
0.00353664387963
0.0132052786733
0.014585526975
0.0133629077343
0.0172807775505
0.0403659109313
0.0367132649373
0.03373772569
0.0297009978783
0.0227652710537
0.0178214274668
0.0185622275215
0.0
0.0133341852576
0.00596677202614
0.00558709658898
0.00251116357431
-0.00244697691107
-0.00403848728112
-0.00184657865899
-0.00173330039648
-0.00155465583312
-0.00258789860628
-0.00735113723053
-0.0102442499767
-0.0135653593703
-0.0161218987532
-0.0133598424538
-0.0140753889396
-0.00727698401737
-0.00784000227641
-0.0167293881297
-0.023746567136
-0.0338567783503
-0.0459716717885
-0.0539715135404
-0.0568571916325
-0.0672881910558
-0.082017912033
-0.0882639799414
-0.0906309758768
-0.0892800948984
-0.089516973088
-0.0857730116533
-0.0796560714465
-0.0719455227678
-0.0629648528608
-0.0527569931812
-0.0398021473699
-0.0383843792163
-0.0393623137531
-0.0368176858036
-0.0242547133849
-0.0206896720357
-0.0322237927476
-0.0360286522837
-0.0359828325234
-0.0311614408433
-0.0295996414887
-0.0273824982287
-0.0259741620964
-0.0205635407413
-0.0144140058999
-0.00835369440912
-0.000793591996256
-0.0109868553634
-0.0172608515484
-0.0222557995713
-0.0199441650087
-0.0341851391058
-0.0507502333346
-0.066104077526
-0.073514800396
-0.0816971693976
-0.0912730533819
-0.0923903794862
-0.0867657690445
-0.0868509056783
-0.0899612120584
-0.089275669038
-0.0833100693805
-0.0846126295745
-0.0907964075741
-0.0919011832481
-0.0951597955366
-0.0961320892045
-0.0939273055518
-0.103159911615
-0.10383414225
-0.0968374379593
-0.0893366570068
-0.0914985122602
-0.0945558464252
-0.085107156604
-0.0780181020839
-0.0637671833724
-0.051991399587
-0.0378009567387
-0.0346212826802
-0.0284081393197
-0.0239612096475
-0.0285529857967
-0.0232227763263
-0.0265475523909
-0.0282176185411
-0.0138890068693
-0.0125047732907
-0.00765142782033
0.0
0.0
0.0364350507447
0.041019816789
0.0432014075084
0.0371135086403
0.0377920408932
0.0576602399829
0.0
0.0
0.0427789881096
0.0228295678496
0.026258652145
0.0277611761821
0.0236864068041
0.0251181944019
0.0214927769002
0.0222441336213
0.045637057783
0.0627548902856
0.0616539424384
0.0615335728822
0.0686596255073
0.0744800120215
0.0843130750156
0.072887673164
0.0569213509045
0.0565088802118
0.0877560935326
0.0740607028934
0.0
0.0872723321974
0.109645304191
0.126241503957
0.15191422882
0.176959502989
0.217672864949
0.0
0.0
0.0
0.298455507215
0.277721052033
0.277764913475
0.282831599586
0.292847155102
0.281008091212
0.264675509083
0.268623273569
0.274063083568
0.0
0.0
0.0
0.26752300134
0.275721436164
0.0
0.282962821432
0.268821540238
0.27445325019
0.248681053687
0.247202899748
0.275294629843
0.268196583477
0.250654591387
0.255749107166
0.0
0.0
0.0
0.251287115279
0.274983456004
0.0
0.0
0.0
0.294867895336
0.298125000864
0.303582511128
0.315579129573
0.0
0.364203144528
0.374284413162
0.39717102827
0.440356054238
0.454536468194
0.463028745105
0.489031970066
0.49788208206
0.0
0.0
0.0
0.0
0.0
0.52675916767
0.511632787171
0.508311277452
0.0
0.0
0.0
0.0
0.522422261491
0.520542167716
0.0
0.0
0.0
0.501587497502
0.488022380115
0.485606530985
0.0
0.0
0.0
0.498681599915
0.0
0.487301581946
0.485496145174
0.499364212062
0.0
0.0
0.480651962684
0.458808674722
0.434518231656
0.419073897804
0.412943480088
0.417833498647
0.401131595661
0.366628511023
0.349872176394
0.350890876705
0.0
0.0
0.326460063801
0.290000761068
0.278556980411
0.264636065562
0.247165363506
0.238940658844
0.228897109898
0.22455821959
0.222334248434
0.232030020491
0.229452491781
0.224452944668
0.228873492205
0.235701113772
0.237806519761
0.254580498681
0.242680101235
0.235424702637
0.239401325882
0.239916389708
0.245396025925
0.24458999202
0.24557612093
0.260998817863
0.300588645276
0.0
0.32417192511
0.329025213371
0.320590836698
0.319841283148
0.321923489927
0.326345358585
0.33925888664
0.348379855577
0.357921704383
0.36062580155
0.360972622149
0.367574052516
0.362747639437
0.344873768963
0.346495004765
0.354038198818
0.369450774275
0.0
0.35699308515
0.331561411509
0.326420367201
0.335179124101
0.330648165389
0.310762545737
0.288239074471
0.280657675361
0.276559312852
0.271695688025
0.25024635766
0.2293194797
0.225422086118
0.22305664338
0.209635110533
0.210276359369
0.220483299975
0.0
0.205229769252
0.184358751144
0.182130890517
0.0
0.0
0.0
0.0
0.0
0.202627758538
0.238066990744
0.0
0.239878909586
0.234150692427
0.232519866315
0.227597004991
0.205413604691
0.186510787053
0.172755838967
0.153842037858
0.143904847283
0.166135891793
0.150436307646
0.126633863295
0.105036075226
0.0871851046326
0.0735819610522
0.0614730516551
0.0628239244832
0.0586067240731
0.0538832721597
0.0523293817719
0.0497244682047
0.0524383791032
0.0518224537782
0.0474943997233
0.0368933012856
0.0280594282411
0.0193755517652
0.017924764207
0.0201258724907
0.0145454516508
0.00547569418484
-0.00853271657344
-0.0155447026716
-0.020300275752
-0.0281791264531
-0.0309807198648
-0.031497791218
-0.0225933659188
-0.0132363114701
-0.0155107539052
-0.0232034746096
-0.0194491501069
-0.0221279628907
-0.0256346054888
-0.0191519636251
-0.00388143349341
0.00858406423484
0.0199816367855
0.0369431719533
0.0511056938652
0.0518794840905
0.0492778520671
0.0
0.0
0.0772104011574
0.0956558457914
0.111132818616
0.113932564158
0.113961672386
0.1137091252
0.0956101819621
0.0737245721093
0.0567265032478
0.040084615347
0.0257570839618
0.0234601511208
0.0116039737779
0.022196177588
0.0313985139904
0.0419148528193
0.0449345657186
0.0519199944511
0.0679052520785
0.0796127059156
0.0941258426519
0.117031042661
0.130748763352
0.0
0.133770239155
0.134092092101
0.119513112086
0.0994387123368
0.0952386122005
0.0739653469225
0.0
0.0747638974485
0.091612465845
0.0
0.0
0.0
0.093160753632
0.098438278224
0.0927782635945
0.0900361216618
0.0
0.119044498129
0.141605309816
0.160673059101
0.179631809951
0.179209297903
0.178502865682
0.173121825412
0.176421052709
0.172014157347
0.172228232778
0.155959341404
0.160247135088
0.160552830753
0.154441229963
0.157071610213
0.143041873054
0.151655718332
0.164566795852
0.162414908562
0.15220902431
0.141273816743
0.127887638064
0.120428445062
0.0944126516103
0.0595441589031
0.0
0.0314402916971
0.0305365721893
0.0262693187292
0.0264430957527
0.0289636662801
0.039384588517
0.0502141391411
0.0593935912609
0.0568890868109
0.0485804105624
0.0522808999161
0.0601842856124
0.0559460292669
0.0476464906819
0.049400139821
0.0530092484678
0.0440970179766
0.043828047363
0.043342271924
0.031907832521
0.0287812366118
0.0288796713812
0.0251521878274
0.0269966065519
0.0251285866576
0.0233865210013
0.0207842779649
0.0175192939905
0.0308136614196
0.029575422959
0.0350524366477
0.0454773801036
0.0426852618721
0.0401872511492
0.0262075423807
0.0174273470084
0.0166685401913
-0.00212297571429
-0.0154285236297
-0.0200256085255
-0.0264554071451
-0.0375837915996
-0.0379175341808
-0.0413221860559
-0.0464128636078
-0.0410696539971
-0.0333326448792
-0.0317762065552
-0.0264292216648
-0.016378706615
-0.0113359090182
-0.0069801646202
-0.00968477374906
-0.0221661476708
-0.0251702571187
-0.0203647243247
-0.021191039211
-0.0189221133977
-0.0174007985224
-0.020029370165
-0.0155093586441
-0.00337048890231
0.00761816972888
0.0
0.0231430308726
0.016815989167
0.0141358965517
0.0108432839177
0.0111500207391
0.00927366854279
0.00192294367713
0.000989070987696
-0.0030446419647
-0.00665112973273
-0.00957599119623
-0.00668381696773
-0.0124205429895
-0.0219090207963
-0.0286047800232
-0.0331656438303
-0.034155258924
-0.0373588058707
-0.0409231146694
-0.0414221223985
-0.0347950715335
-0.0312101099766
-0.0286492222333
-0.0286420493193
-0.0244054766854
-0.0181503707837
-0.0160211125538
-0.0151629135245
-0.0149402334318
-0.016939743134
-0.0158211073297
-0.0176607057734
-0.0227061143609
-0.0243109268774
-0.0224609223217
-0.0223901747624
-0.0207049857856
-0.0178180930367
-0.0190838393283
-0.0204579398355
-0.0160187099592
-0.0147354702281
-0.0145464762098
-0.0122092412278
-0.0122229730024
-0.0125444714499
-0.0169085257216
-0.020041642805
-0.0251393632002
-0.0260858551542
-0.0264835512546
-0.0299098958974
-0.0311715371077
-0.0354798465851
-0.0387913878818
-0.0423414782276
-0.0432191885442
-0.0427216555023
-0.0437901085502
-0.0438981387255
-0.0402604934958
-0.0348205026875
-0.0317288309519
-0.0278980529199
-0.0212287623289
-0.0176369987208
-0.0106450893235
-0.00725565855812
-0.0139461000661
-0.0139086889312
-0.0189646062526
-0.0202656675084
-0.0192180759161
-0.0153822503345
-0.012095168317
-0.00951056600971
-0.00831132858674
-0.00613695564977
-0.00813040858672
-0.0152154576742
-0.019672659368
-0.0231451145693
-0.028388512454
-0.0298612652953
-0.0220088999982
-0.0167260786688
-0.0227525549508
-0.0292018823494
-0.0338384269954
-0.037370073638
-0.0397213955689
-0.040089031628
-0.0409406100933
-0.0403255153324
-0.0427814482109
0.0
-0.0458730832094
-0.0516754803939
-0.0549727332073
-0.0597676335327
-0.0642677846886
-0.0690460122144
-0.0720898765343
-0.0739171155454
-0.076228333365
-0.0762245841707
-0.0770391376189
-0.0829756922003
-0.0881442071162
-0.0892393004794
-0.0881134381939
-0.0873002668817
-0.086458280014
-0.0893863470838
-0.0912839702064
-0.0915293226868
-0.0944616444098
-0.0940893775669
-0.0958282530314
-0.0919177162192
-0.0939173443389
-0.102908748034
-0.106988731908
-0.106726235344
-0.10921969988
-0.114701689903
-0.121916254235
-0.125082800482
-0.119435504996
-0.11442298559
-0.11474933116
-0.117384737442
-0.123064349789
-0.13070525288
-0.137528637869
-0.148372211086
-0.157078323783
-0.164170604115
-0.166194457911
-0.144851032195
-0.131037923202
-0.125436559233
-0.124548225081
-0.111862232775
-0.112800900022
-0.113530382348
-0.12715046939
-0.124311167996
-0.115247859559
-0.113954373924
-0.132024600019
-0.144352807754
-0.149710606957
-0.154239321655
-0.152639323863
-0.1552831371
-0.16081204358
-0.162479831071
-0.16014584775
-0.156785264163
-0.147372474947
-0.148780242567
-0.151002874042
-0.155310663483
-0.157325911286
-0.152042339564
-0.155976813019
-0.15248490306
-0.151749706928
-0.151635811871
-0.1488316657
-0.145157269687
-0.144901483872
-0.143335620521
-0.142027910813
-0.140835964611
-0.139526759007
-0.13803501035
-0.133872124174
-0.131574891907
-0.131619926718
-0.130040341711
-0.127201233917
-0.125967762959
-0.125784663867
-0.124596865304
-0.124236485367
-0.124778813274
-0.123187486285
-0.12263434759
-0.121609246563
0.0
-0.121412988612
-0.117086678503
-0.114391390679
-0.112734992102
-0.111765846986
-0.108573919716
-0.105699076016
-0.106271096452
-0.103092375385
-0.0906903051069
0.0
-0.0736551241637
-0.0857878194904
-0.0934607842136
-0.0948902895567
-0.0975959721751
-0.0984588748777
-0.0965097274225
-0.0948519557516
-0.0964338805108
-0.0954008414027
-0.0901710848929
-0.0864377758335
-0.0832349040098
-0.084455704401
-0.081789805529
-0.0869883747339
-0.0882056736153
-0.0854963736467
-0.0868339282891
-0.0876525432578
-0.0902208030312
-0.0908869946999
-0.0942502720821
-0.0975445231675
-0.0950907056647
-0.0942360431121
-0.0949560404764
-0.0943490025322
-0.0925305845727
-0.0894939811749
-0.0887038588403
-0.0866421933872
-0.0823983335266
-0.080358867821
-0.0818897323426
-0.0800168642073
-0.0796193750073
-0.0797710212889
-0.0785973107863
-0.0767689554477
-0.072715255238
-0.06716200741
-0.0662162443063
-0.0710253274161
-0.077867391516
-0.081042207133
-0.0847082369045
-0.0855769057965
-0.0837804556677
-0.0811546157623
-0.0777317796474
-0.0794754619865
-0.0799240843282
-0.0770724559189
-0.0737818927933
-0.0744881710415
-0.0773278097481
-0.0805781939016
-0.0850138306557
-0.0863140979404
-0.0838730864653
-0.081290564521
-0.0782155237108
-0.0807862688749
-0.0776612488968
-0.071485218262
-0.0720524923033
-0.0752552781579
-0.0788589797274
-0.0811273120693
-0.0833940499001
-0.0857833224196
-0.0903181220315
-0.0968481008945
-0.104665416019
-0.110493579126
-0.113254508031
-0.112301202036
-0.114724135391
-0.116555522164
-0.119092529894
-0.119558892354
-0.118871747768
-0.108917554386
0.0
0.0
-0.116523923179
-0.110552685096
-0.107603004197
-0.105847597131
-0.10373208375
-0.102318047863
-0.102720587779
-0.0997148360196
-0.090140058703
-0.0907393819694
-0.0839326792159
-0.086860736893
-0.0890204052993
-0.0891443955511
-0.0843471258602
-0.0816727527356
-0.0827547049254
-0.0788583522404
-0.080501484085
-0.0817549805555
-0.079330413056
-0.0771100436309
-0.0764303583119
-0.0753021022407
-0.077593103289
-0.0772024661344
-0.0738453028841
-0.0724112814939
-0.0725371503519
-0.0709467946053
-0.0702216069198
-0.0698400622757
-0.0666904941652
-0.0656501435773
-0.0649977142626
-0.0641388558344
-0.0603892715057
-0.0547122907227
-0.0488393269926
-0.0487728213328
-0.0517959262706
-0.0506645972883
-0.0249590387355
-0.0264348915955
-0.0330236337171
-0.0295419022865
-0.0295181756332
-0.0280744203973
-0.0299725028028
-0.0327512848161
-0.0355637312609
-0.033553768189
-0.0312199270568
-0.0336495916451
-0.0331373603825
-0.0350267510418
-0.0347546286715
-0.0338917440431
-0.0348225518326
-0.033596368786
-0.0299517971753
-0.0261729722997
-0.0220578758885
-0.0174846831142
-0.00822394836496
-0.00334568386167
-0.00567706184639
-0.0119980304983
-0.0114826701877
-0.0108277013796
-0.00761236593229
-0.00294258447654
-0.00899432239246
-0.0129556084359
-0.0161955194401
-0.0161742585168
-0.0130883871952
-0.0041526561585
0.0101075305123
0.0237992886528
0.0371840478365
0.0320145573922
0.0415750469078
0.033186671562
0.0301115311229
0.0262754371584
0.0225107767292
0.0202403651535
0.0230195343196
0.0276274824882
0.026600613008
0.0194978627313
0.0187667717593
0.0168943959137
0.0
0.0193292648812
0.0212392287758
0.0207098806842
0.021842841053
0.0231960330809
0.026691973222
0.031726657004
0.0342893865207
0.033295688619
0.0353777944401
0.0346142759532
0.0267293170207
0.0296579481583
0.0261566732922
0.0251054581106
0.0238580717394
0.0207542441473
0.0207268550564
0.0136299423185
0.00752025020964
0.00441732769575
0.00542648756476
0.0108661609121
0.00927011351035
0.00621660966304
0.00684613945292
5.85347677897e-05
-0.00396507185585
-0.00209406123257
-0.00459169837208
-0.00101901160718
-0.00192550040681
-0.00264903204543
-0.00637989260458
-0.00755199259261
-0.00664040177511
-0.00632100891992
-0.00696746216004
-0.00544090336302
-0.00451724019755
-0.00755528536689
-0.00748884719323
-0.0092210170159
-0.00960686396786
-0.0084020995112
-0.00574618616331
-0.00536971416109
-0.00353411541808
-0.00792640501944
-0.00709626855649
-0.00854251305254
-0.00812531491945
-0.00850724491483
-0.0117345834379
-0.0134252318147
-0.0137206275478
-0.0161763003744
-0.0159745906565
-0.0164415288511
-0.0166073971576
-0.0155812020573
-0.0163762332613
-0.0147330507663
-0.0114431131206
-0.0106441445957
-0.00969348228069
-0.0107141783761
-0.0116995371334
-0.00630723966646
-0.00351271965218
0.0022154088633
0.00946893509095
0.0138229683002
0.0224094059058
0.0391743274557
0.0380722726817
0.040588597854
0.0348145691465
0.0289637171351
0.0252139655287
0.0237769640376
0.02173984302
0.0144320688069
0.0109106915251
0.012427404611
0.0133291948793
0.0152644089863
0.0117421298923
0.0140072269364
0.021388428669
0.0251762433397
0.0243562980802
0.0262000230311
0.0328677720257
0.043236357234
0.0
0.0638110044165
0.0674822172534
0.0656759278075
0.0650912794238
0.0660821647724
0.061248693273
0.0609966709052
0.0568062922945
0.0570639324015
0.0547637851274
0.0549600770112
0.0612730298717
0.0644098978692
0.0648443375423
0.0617884552946
0.0472808525205
0.0398697046894
0.0347804895195
0.0229534787898
0.020101717775
0.0239013213231
0.0265463910487
0.0
0.0376739841196
0.0114820145486
-0.00508934787289
-0.0145602932002
-0.0244326601116
-0.0340406639692
-0.0413123328892
-0.0442535756605
-0.0449084832751
-0.0482260967698
-0.0548382020707
-0.0605583551446
-0.0665784942244
-0.0720522724365
-0.0736208908618
-0.0507226928875
-0.0571455654942
-0.0537318430265
-0.0508859527732
-0.0493286262215
-0.0452236070888
-0.0424073658273
-0.0429868663522
-0.0458992478214
-0.0441017076275
-0.0430525296661
-0.0409828007976
-0.0375802149346
-0.0359026626979
-0.0342522064677
-0.0366360157601
-0.0332482307948
-0.026291331329
-0.0200911630882
-0.0186036819651
-0.0216945261268
-0.0264895971794
-0.0290144902199
-0.0283129096213
-0.0321797652277
-0.0383434398159
-0.0451366859559
-0.0532558130989
-0.0623621376323
-0.06592062286
-0.0677532285235
-0.0685935715894
-0.0718292037693
-0.0778604671603
-0.0800601954125
-0.0755782117192
-0.0654754782082
-0.0623146673139
-0.0632925033218
-0.0658152645965
-0.0668714570633
-0.0660629631386
-0.0623293695043
-0.0625768685802
-0.0576634611954
-0.0503994490509
-0.0457503901035
-0.0466168408758
-0.0447465343603
-0.0439155003588
-0.0445231994546
-0.0461927489576
-0.0495920378504
-0.0514004184727
-0.0456318357189
-0.0426632815531
-0.0395976199099
0.0
0.0
-0.0353905179058
-0.037605836658
-0.0434012394789
-0.0481010538566
-0.0527977575198
-0.0547045393762
-0.0607477914394
-0.0632134995616
-0.0634194159788
-0.0606595383737
-0.0615284157177
-0.0664156949665
-0.0644101430798
-0.0590928716822
-0.0595823942205
-0.0546649850984
-0.0386992296086
-0.0276644993565
-0.0272141236713
-0.0318731580492
-0.0284867877863
-0.0289302721819
-0.023872664975
-0.0201887943946
-0.0131724419509
-0.0150175997027
-0.0150506488458
-0.0107634534019
-0.0122360222476
-0.00984347181744
-0.0094351319058
-0.00757807799715
-0.0107486627335
-0.0142199845642
-0.00642874771964
-0.000928446738639
0.00418557130102
0.00871996533665
0.0131428667459
0.00976044837804
0.0123501568064
0.0100837850767
0.0342663104598
0.0264276529075
0.0274985521635
0.032092776104
0.0411983864919
0.0512305200431
0.0518864713246
0.0664326056876
0.0865908864249
0.0798716739933
0.0715333014318
0.073489182695
0.0742709358692
0.0760196690298
0.0654999011673
0.0670810037865
0.0562567814209
0.0541950594211
0.0507929455206
0.0448301608002
0.0366564589739
0.0309628428378
0.0244809508398
0.0189121968798
0.01366602099
0.0137913568826
0.014428544001
0.00712807612222
0.00358839598645
-1.5978784161e-05
-0.00226866501546
-0.00175578128221
-0.00551859041149
-0.00776520734747
-0.00845813653009
-0.0107202708623
-0.0167648487362
-0.0227033981903
-0.0279810137208
-0.0301380558231
-0.0335552216329
-0.0368921760067
-0.0394512460646
-0.0415408669716
-0.0436215376242
-0.0471837581576
-0.0515979332128
-0.0534292563288
-0.0565173906139
-0.0596893776077
-0.0609437518808
-0.0626260940699
0.0
-0.0539386972377
-0.0542516292623
-0.0514400435377
-0.0468057155461
-0.0489485368972
-0.0505292125379
-0.050649918985
-0.0512069926182
-0.0522832704148
-0.0520917076323
-0.0523934919403
-0.0483375949879
-0.0440197789869
-0.037553730487
-0.03228591951
-0.0312049232031
-0.0323485078806
-0.0291353404684
-0.0249878002945
-0.0141584441039
-0.00381884167757
0.00208641409862
0.00394854744177
0.0107104958466
0.0090497811976
0.00963590297929
0.0111198260065
0.010867956204
0.018991646345
0.0229625811689
0.0236936274303
0.0186332047215
0.012832674631
0.000308628802467
-0.00409409223415
-0.00413745737595
0.000190417003321
-0.00175099562968
-6.23450931782e-05
0.00943586983382
0.0140406095489
0.0178800003425
0.0270115732456
0.0426788498057
0.0435855912084
0.036552197035
0.030005048528
0.021953847838
0.0162104443493
0.0151072667411
0.0193896606111
0.00590497056056
0.00252861376902
0.0109654516688
0.0134442202757
0.0135162006054
0.0103421795548
0.00508753656113
0.00503113023773
0.00330401169078
-0.000234436423279
-0.00662889044541
-0.00964585007643
-0.0114914719323
-0.0117720602518
-0.0130294653114
-0.01457357732
-0.014813053584
-0.0158470003307
-0.00985793615007
-0.00790932221586
-0.00469041074598
-0.00165315152272
-0.00533104332924
-0.00924513725069
-0.0148689568497
-0.02267574469
-0.0272288416587
-0.0316857843152
-0.0304127676703
-0.0336265249889
-0.0356922000169
-0.034777936489
-0.0320763203187
-0.0282286789253
-0.0264239539065
-0.0258582709695
-0.0226693285456
-0.0198413045621
-0.0165389840253
-0.0120654449209
-0.0108024569665
-0.00971388706242
-0.00775054645939
-0.00317353323792
0.0
-0.00153131834796
-0.00522077884997
-0.0060131945264
-0.004450160839
-0.00402398072019
-0.00467348131827
-0.00227454968002
-0.00142132390579
0.00259776863708
0.00771668221664
0.0106768101389
0.0129497365967
0.00773779238002
0.00608121071009
0.00176897166287
-0.00104490677685
0.00105570815121
0.00340164896596
0.00475227829463
0.00356455970577
0.00666314950103
0.0110851951458
0.0174704970544
0.0282761328707
0.0330870662743
0.0355827525492
0.0376241904696
0.0452704836217
0.0
0.0953298691002
0.0
0.112560653045
0.111977593519
0.111061601913
0.110918440835
0.109044461578
0.108567534108
0.109695671062
0.110927092808
0.114899010121
0.122305385071
0.125363252787
0.127517202783
0.125597893045
0.127023667495
0.126599758565
0.13131079693
0.131630966562
0.126456174173
0.12344888604
0.121005238268
0.120402593049
0.128636277818
0.12886629197
0.126649520739
0.125606753659
0.125019514094
0.118926002523
0.106874286055
0.0962633990791
0.0919487639771
0.0878082682192
0.0852699362528
0.0862149029718
0.0891733820483
0.0911259417754
0.0873488200159
0.0804109012534
0.0752329694404
0.0730140096457
0.0706294888252
0.069866523923
0.0686093775228
0.0702135941942
0.072527819983
0.0756108126262
0.0777878077799
0.0823014359523
0.0770077323085
0.0750142271871
0.0724264663489
0.0737186708777
0.0762540657486
0.066069055215
0.061350569047
0.0605286084295
0.0604238740918
0.0590078682149
0.0561470459018
0.053389032581
0.0523072865007
0.0497008533795
0.045186827839
0.0452062488428
0.0407180520686
0.0
0.0407443801012
0.0429441499606
0.0431359316183
0.0428609234412
0.0485636005629
0.0524823596864
0.0541623826778
0.0575208943317
0.0591161594325
0.0567001282016
0.0556717569469
0.0555675616544
0.057726263552
0.0596048198785
0.0668534451643
0.0682989263157
0.0638492279594
0.068304738093
0.0704347453949
0.0656056479231
0.0644973361644
0.0719389168434
0.07222115353
0.0694043440854
0.0698031804951
0.0741282494822
0.0710377186093
0.0687103113323
0.0633587114094
0.0597129546912
0.0598342007567
0.0602568353936
0.0637973953705
0.0665571304306
0.0681867060972
0.0739002892269
0.0791717983056
0.0775507814563
0.0795806865912
0.0844231588609
0.0885005022396
0.0896235039562
0.0859293761651
0.092369934303
0.09737540443
0.0953066733222
0.0899912521307
0.0915451919703
0.0975889142546
0.0950524007903
0.0889386285152
0.0834425851109
0.0818574270212
0.0786141414255
0.0828026347711
0.0809268570611
0.0778639274997
0.0731200741826
0.070472139339
0.0703040607651
0.0745865893912
0.0778378410402
0.0822476925446
0.078284855469
0.0763915102631
0.0696029340364
0.0678907517521
0.0675217969342
0.0752341880212
0.0741488711044
0.0720136492188
0.0649947186376
0.0571185292879
0.0533572447884
0.0541893120107
0.0631296557375
0.0813361488283
0.104274282047
0.102745471782
0.0
0.102145932413
0.087016721759
0.0795219533697
0.0787810020669
0.085141945618
0.0768790314603
0.0740213436136
0.0719016338732
0.0746973412708
0.0676411497492
0.0596924712
0.0545410402664
0.0496035341739
0.0470394523107
0.0411335395524
0.0
0.030591614131
0.0295934332635
0.0305183871736
0.0291643577892
0.0306091108796
0.0208762974856
0.0137581529408
0.00472086818781
-0.00294832695668
-0.0127505486159
-0.0190923194144
-0.0298856269065
-0.0357490320955
-0.0344511758219
-0.0359392105261
-0.032644869677
-0.0340131710766
-0.0359268654434
-0.0362853018376
-0.0353705027279
-0.0324989185927
-0.0290042275223
-0.0287875602198
-0.0260264515538
-0.0256647325173
-0.0216737815334
-0.0218897188792
-0.0240016699788
-0.0271939772115
-0.0246365474825
-0.0208516098163
-0.0190453704155
-0.0172390388004
-0.0162116196947
-0.0166834992649
-0.0244395861094
-0.0285835003472
-0.0302441646965
-0.0252576461614
-0.0196831491749
-0.0174369742882
-0.0196686138926
-0.0232876263934
-0.0275688884323
-0.027810951208
-0.0262714477226
-0.0296212743942
-0.0309759765098
-0.0281141320936
-0.0326088883841
-0.0382342958641
-0.0402773720172
-0.0412738240535
-0.04176768436
-0.0388889493966
-0.0419233640259
-0.0460383100935
-0.04702481579
-0.0478623254113
-0.0480688812497
-0.0502595059839
-0.0541970578096
-0.0539400909744
-0.0530138591945
-0.0374419641784
-0.0460601046758
-0.0503124692412
-0.0493170134135
-0.0495805098388
-0.0506435305252
-0.0491047972255
-0.0510646272142
-0.0508816559361
-0.0497388318069
-0.0455877377902
-0.0432855291656
-0.0405453827303
-0.0416570971919
-0.0407754239278
-0.042506631193
-0.0460370249302
-0.0466934181788
-0.0510804504036
-0.0508919057505
-0.0386996408388
-0.0325948562732
-0.0364178763532
-0.0386777670867
-0.0424258059331
-0.0443120480617
-0.0486953008295
-0.0499318970097
-0.0468862363624
-0.0464117769434
-0.0471823835639
0.0
-0.0514436495546
-0.0459933849761
-0.0191005725076
-0.0112917569093
-0.0215136330852
-0.0260408420219
-0.0227885349636
-0.0197079951638
-0.0106807644571
-0.0108767167931
-0.0112457990923
-0.0142247638894
-0.0208728450449
-0.0233009637928
-0.0249501380468
-0.0192156535459
-0.0110454891608
-0.00310139949385
-0.0141708553243
-0.0246565580032
-0.0272527389346
0.0
0.0
-0.0106992303799
-0.0274134207488
-0.0361677872537
-0.0421488157921
-0.0450476579578
-0.0479279262962
-0.0532684429226
-0.0567892949473
-0.0579205208539
-0.0579440854889
-0.0597407964803
-0.0606755536458
-0.060556719731
-0.058615975005
-0.0571914975463
-0.056108374824
-0.0582291044902
-0.057219964591
-0.0549837847843
-0.0551372596906
-0.0559752579021
-0.0522747213785
-0.045124654589
-0.0363656408367
-0.0249043974729
-0.00394018947064
-0.00709521993297
-0.00751625394731
-0.0142673606127
-0.0213003526181
-0.0142623939904
-0.00182036081574
0.000116101500772
-0.00133998248195
-0.00346680577496
0.00246681471827
-0.00426360599964
-0.000555739846423
9.51558519593e-05
0.00468658895401
0.0359346097657
0.0580299189319
0.0635223124362
0.0622643220009
0.0740367721733
0.0595042168417
0.0568861393438
0.0698303753333
0.0464006927699
0.0304785919663
0.0232603884755
0.0158555633073
0.0
0.0
0.0149981138583
0.00375341232154
-0.00268093852633
-0.00166861095221
-0.000840052192279
-0.00260330906161
-0.00352710016745
-0.00118467210468
-0.0134243476121
-0.0261325039946
-0.0298684979366
-0.0274307973608
-0.0346892245339
-0.0375722707521
-0.0355389610694
-0.0386042966037
-0.0457557834338
-0.0482210442652
0.0
-0.0130100696558
-0.0122573903909
-0.0124862958559
-0.0121401862312
-0.0115224328543
-0.0188312992439
-0.0224722204559
-0.0253470926029
-0.0269435575362
-0.0227771966085
-0.0210996450739
-0.0206781225164
-0.021967635943
-0.0154942109194
-0.0121402829857
-0.00641166155478
-0.0064301832208
-0.00695740142956
-0.00775900319445
-0.00637649743006
-0.00145928258064
0.00133537207477
0.00589046349768
0.00965256729248
0.013961833425
0.0162290165829
0.0197278614554
0.0233292879589
0.0232125476233
0.0255030215058
0.0263546346928
0.0260875908919
0.0218749645685
0.0202952968525
0.0179053629509
0.0216751950657
0.0247038971979
0.0285844074218
0.0329221333778
0.0389032734336
0.041414597436
0.0405182261637
0.0349088119961
0.0323434674231
0.0326428467692
0.0351333803634
0.0318006240756
0.0296808108004
0.0242818628167
0.022240484824
0.019305941379
0.017238370026
0.0233651574568
0.0290047603394
0.0341346754356
0.0376566122565
0.0420186585921
0.0441251111613
0.0466995196788
0.0474475318627
0.046785999228
0.0501668945755
0.0515869065043
0.0522806475573
0.0535268085466
0.0525551932121
0.0504484287947
0.052130610456
0.0530656872211
0.0493878322695
0.0489779946591
0.049343881596
0.0504775391271
0.055086292559
0.0646901449208
0.0708723030085
0.0703409354569
0.0649103462106
0.065039813221
0.0628780974074
0.0593708059364
0.0535708172304
0.0512998065409
0.0470110518428
0.046008153829
0.0455074624162
0.0477386626866
0.0485317827213
0.054402971261
0.0596482551881
0.0627193890319
0.0579092049731
0.0577965274002
0.0550431535994
0.0527195412708
0.0
0.047831547235
0.0474179729972
0.0483225008969
0.0453290260175
0.0434264972276
0.0446563133724
0.0432014124477
0.0430408216362
0.0417878459713
0.0359299358621
0.0325886927925
0.0294082157039
0.0319912590792
0.0305178523955
0.0283824468917
0.0278767335826
0.0271328859607
0.0290707571993
0.0276541405233
0.0279585065833
0.0229007448398
0.0164628272497
0.0152358854706
0.0148055255797
0.0181174504776
0.0170243403516
0.0144655734899
0.0105082630566
0.00666342225052
-0.000606311873566
-0.000543934862889
-0.00840248435267
-0.0154205088646
-0.0213394266859
-0.02528648998
-0.0299198888055
-0.0305872971066
-0.0334950613291
-0.0359754828977
-0.0389069376179
-0.0415370221322
-0.0457761439922
-0.0481926573243
-0.0466616885166
-0.0462988802425
-0.0493983809746
-0.0522255688581
-0.0573966232366
-0.0586636429133
-0.0568307049863
-0.0542799909472
-0.0553857662772
-0.0531419680418
-0.0497255518943
-0.0511901919226
-0.0522846110751
-0.053722040762
-0.0509850573063
-0.05039342867
-0.0503090350568
-0.0469570137966
-0.0472397841713
-0.0467080336449
0.0
-0.027648859836
-0.024919245083
-0.0328048152059
-0.0389842257674
-0.0419839339762
-0.0338294662267
-0.0347968588923
-0.0332677126642
-0.0296921020837
-0.0305919550308
-0.0300786106241
-0.0306785649309
-0.0318618568616
-0.0298925877374
-0.0301137048793
-0.02966681798
-0.032163230399
-0.0360379255129
-0.0386731715136
-0.039349687659
-0.0366636330088
-0.035376915924
-0.0345193672455
-0.0337996485773
-0.0316548041036
-0.0287892965884
-0.027100347295
-0.0247417063353
-0.0217103065054
-0.0198549281354
-0.0191909296528
0.0
-0.00895176588918
-0.00891132182424
-0.0113913106706
-0.0117131357239
-0.0148134416649
-0.0175823779676
-0.0193394864758
-0.0232858917521
-0.02552782224
-0.0283921852621
-0.0289348379479
-0.0327474996407
-0.0335276817502
-0.0349717378765
-0.0369389110357
-0.0378032625591
-0.0378618682547
-0.0380675938788
-0.0378835368717
-0.0364721832881
-0.0343476111702
-0.0327027910011
-0.0237771704589
-0.0259666434191
-0.0261587026998
-0.0251245261073
-0.0208506315937
-0.0236551998668
-0.0270199700014
-0.0315955838985
-0.03516406393
-0.0380092243691
-0.043279950449
-0.0472513253489
-0.0509354895918
-0.0558729440102
-0.0600434715548
-0.066522791096
-0.068008221385
-0.0698686016438
-0.0720169452963
-0.0736292358101
-0.0742223353031
-0.0749985118205
-0.0762236829295
-0.073039219326
-0.0749568918937
-0.0777103782563
-0.0703862479663
-0.061635895919
-0.06626509574
-0.0676232818555
-0.068153367334
-0.0672323719674
-0.0694882819775
-0.074059717402
-0.0783811155938
-0.0807214030036
-0.0827220399347
-0.0884478329319
-0.0922375880409
-0.0947985430931
-0.0967869689405
-0.0941571411314
-0.0911472144911
-0.0938653124201
-0.0947669245977
-0.0978085505879
-0.101655553937
-0.105603745858
-0.107073192993
-0.112489785216
-0.116908220767
-0.119575761728
-0.121451981838
-0.123402256049
-0.125713742273
-0.127543968795
-0.128968100484
-0.131277441904
-0.133444577297
-0.134666284384
-0.136016099039
-0.137065842895
-0.136079891612
-0.135639324763
-0.134709578116
-0.131676728645
-0.131232196628
-0.129776789572
-0.127642568016
-0.123921132643
-0.120974775677
-0.12195364672
-0.122429876989
0.0
-0.121220317965
-0.115973144322
-0.110350665545
-0.107116367503
-0.104812741826
-0.101744211296
-0.0981131201057
-0.0937894374967
-0.087888580691
-0.0810399774001
-0.0758365601537
-0.0742603931586
-0.0717734352193
-0.0701610209613
-0.0655438382884
-0.0581571637956
-0.0591236686787
-0.0582128756547
-0.0557210883888
-0.04916605922
-0.0429498480595
-0.0386956968597
-0.0414236744548
-0.0459958158294
-0.0492001695323
-0.0510091980053
-0.0533017466358
-0.0519468071569
-0.0481114532672
-0.0445071745837
-0.043555089241
-0.0409672350565
-0.0378473043281
-0.0334277309335
-0.0292445909073
-0.0273458614965
-0.0298682575416
-0.0319643189191
-0.0351964573958
-0.0324084279357
-0.0265699526198
-0.0243085243785
-0.0217230279248
-0.0197236778756
-0.0170060599425
-0.0175755576789
-0.0163497387043
-0.0168002474086
-0.0148192568642
-0.0162237774529
-0.0218405328421
-0.0240300933799
-0.0275471620577
-0.0355071153186
-0.0361359587589
-0.0289314621567
-0.0218625068566
-0.0138476710965
-0.012923625421
-0.0167472705619
-0.0124897706246
-0.00850047372063
-0.00728220664425
-0.00760185416905
-0.00722256547985
-0.00849161269235
-0.00596168050897
-0.00302886889692
0.00100598434542
0.00654755401424
0.00563143072083
0.00390977861118
0.00805221965958
0.0128211936142
0.0171077176445
0.0168876628403
0.0122372823552
0.0162204792829
0.0219169027006
0.0271555588436
0.0298761309127
0.0287826631781
0.0284969058468
0.0277463531621
0.0261651609241
0.0257161662969
0.0235245653247
0.0252267646111
0.0284541278418
0.0298278624756
0.0316433933799
0.0340408142157
0.0343107964677
0.0362980744577
0.0452658769763
0.0
0.0325678028375
0.0274894137178
0.026462057191
0.0324014526298
0.0294490943308
0.0241538690144
0.0241037005919
0.0231999850508
0.0181235372063
0.0111175239671
0.0111880367771
0.0142190581263
0.0216854158608
0.0244520145879
0.023665410468
0.0202499953788
0.0143339379135
0.008284108704
0.00604051165178
0.00653679104497
0.00427966621557
0.00219219932902
0.00209977816496
0.00782247866245
0.014646597846
0.0188341973619
0.0169243538282
0.0168932014782
0.017275720885
0.0137927382374
0.00943440304662
0.00543757445488
0.0052351437137
0.00313504010162
0.00139359487285
-0.00015439593258
0.00337794749741
0.00586188683253
0.00805559937168
0.00838313900698
0.00896429921115
0.00609903018628
0.00112116571165
0.00178888142438
0.00202706644551
0.00191055293751
-0.00158875875037
-0.00332789840046
-0.00108186094189
-0.00144822509968
-0.0015742176276
-0.00230819330211
-0.00148865216983
-0.00119458434038
-0.00108365571735
-0.00251520695098
-0.00665873001661
-0.00871208587889
-0.00771032754759
-0.00967777049484
0.0
0.0
0.0
0.0
0.0
0.0254689862096
0.0164933079685
0.0127914604928
0.0106858098866
0.0119033857368
0.0137129221863
0.0
0.0
0.0
0.0
0.0
0.00392423492011
0.00447315165287
0.000790714586863
-0.000333296809448
0.00068315875425
0.000947871479538
0.0018949276475
0.00256015546366
0.00494338518592
0.00734038566991
0.00996959554077
0.0110457784419
0.012779856296
0.0146386393851
0.0163016545644
0.0184914461891
0.0209680739765
0.0224774673613
0.0218358805146
0.0
0.0272361798843
0.0297965114859
0.0358096661724
0.0377124424439
0.0401869511889
0.0446602466971
0.0501694042827
0.0492123994305
0.0489558532957
0.0522436632096
0.0538914649774
0.0539105090461
0.0574168003807
0.0593102368462
0.0639238468461
0.0740975420928
0.081659559842
0.082293639692
0.0799544018694
0.0782977062574
0.0757184819434
0.0694247536063
0.0702392733403
0.0671354865882
0.0654694480991
0.0648321344073
0.0628734690232
0.0594740669843
0.0581734758723
0.0583374446436
0.0638420932982
0.0687232506873
0.0712490817655
0.0726772223674
0.073889892656
0.0783550883943
0.0796090508734
0.0770158041964
0.0746862209156
0.0705768649434
0.0681747809239
0.0675528599338
0.0664996193486
0.0661931759512
0.0687557144435
0.0711514526526
0.0727776849859
0.0709601448205
0.0700930643682
0.0699274782289
0.0685743768079
0.065471582949
0.0660370067189
0.0706089320944
0.0766590057126
0.077216377727
0.0796842577259
0.0793127139771
0.0788942057139
0.0757727699512
0.0729769839144
0.0676585930774
0.0616758919555
0.0601514240567
0.0588354491077
0.0597316289782
0.0570204812193
0.0576132524786
0.0574636054465
0.0568549764255
0.0521252872737
0.0537640906959
0.0603192263651
0.0634828045214
0.0667355174608
0.0679297042163
0.0690174218568
0.0677139260813
0.0672499126173
0.068515526976
0.0677775004252
0.0697115754334
0.0645479905089
0.0603886729525
0.0618464350413
0.0632460862459
0.0596230951369
0.0606575751878
0.06349293705
0.0641815968596
0.0587668796321
0.0586263972263
0.0626291952068
0.0611796798678
0.0545104079045
0.0
0.0466366766758
0.0462309750806
0.0441150686213
0.0419757625177
0.03765382792
0.034221403903
0.0324233972729
0.0314473474299
0.0318168219588
0.0321087523099
0.0316432888883
0.0337423436679
0.0356350186661
0.0361691368154
0.0343271275005
0.0333471704485
0.0334635984235
0.0327239661816
0.0301690841386
0.0296500635331
0.0320585849814
0.0325585687709
0.0320358623768
0.0315044141457
0.0324829984134
0.0291160352146
0.0206786427352
0.0113884820318
0.00410185172999
-0.000246501944285
-0.00220103849172
-0.00372455058488
-0.00780697123006
-0.0114159954033
-0.0135784594509
-0.015616539589
-0.0163907515091
-0.0197182653862
-0.0220180421591
-0.0257043640994
-0.0287058386538
-0.0291397196376
-0.0297727873081
-0.0329064608377
-0.0337865184587
-0.0350594018725
-0.0374830273019
-0.0416902106152
-0.0443524284371
-0.0494940935989
-0.0520498609876
-0.0556328596131
-0.062417432945
-0.0703824362732
-0.0744577534833
-0.0779888184562
-0.0844001620355
-0.0890895562789
-0.0954523173618
-0.102304553381
-0.107197722246
-0.115681028735
-0.124381448249
-0.127977560627
-0.131564408541
-0.135527341446
-0.142323372289
-0.146934517649
-0.148064210175
-0.150069013531
-0.152213299261
-0.153265711464
-0.153771837397
-0.154907943552
-0.156045692752
-0.155306867544
-0.152261561866
-0.147155796454
-0.142713442011
-0.138857485641
-0.137689218629
-0.138831882041
-0.137597690558
-0.138395370733
-0.136499430805
-0.13666768223
-0.135198615701
-0.134760803417
-0.134307829796
-0.130932149682
-0.129094327633
-0.130844660814
-0.133213533613
-0.130430079724
-0.126679460443
0.0
-0.125259355853
-0.120525583781
-0.11860060584
-0.114526300181
-0.109445307433
-0.108428236999
-0.109895480421
-0.110350239183
-0.112633348267
-0.115743093426
-0.116809148532
-0.117091521365
-0.115370721175
-0.115475840372
-0.116133948365
-0.117246126378
-0.117239811207
-0.113804044734
-0.109325195121
-0.112059460799
-0.114750073901
-0.11474229057
-0.114103545269
-0.116437316927
-0.116216281113
-0.113488532619
-0.111493734076
-0.11088479239
-0.111963876434
-0.11306879033
-0.113215352261
-0.115284245335
-0.117095824199
-0.113347336808
-0.109157211769
-0.106242572893
-0.105644609848
-0.111286636577
-0.109872069641
-0.107068421233
-0.103439086284
-0.0977767039308
-0.0924641634995
-0.091719576884
-0.089432166881
-0.0829722169331
-0.0861212732539
-0.0844736877968
-0.0857649394052
-0.0826006464264
-0.0845470950472
-0.0910206507919
-0.0902093109675
-0.0829375122816
-0.0847341411827
-0.0899008779477
-0.0897618579575
-0.0914687489061
-0.0940763342236
-0.097197816948
-0.0939254780753
-0.0938645367197
-0.0975613326413
-0.0979052931912
-0.0972864485619
-0.0974056881427
-0.0967801876912
-0.0950179332969
-0.0950784426938
-0.0939473237262
-0.0927839207609
-0.0941601359814
-0.0904623129709
-0.0842979865473
-0.0829895898382
-0.081839216488
-0.0813424065438
-0.0833988012658
-0.0840431797641
-0.0827935539563
-0.0791038331773
-0.0775448638909
-0.0768633133799
-0.0784481270938
-0.07750378121
-0.0759846643537
-0.0771881294267
-0.0779776968768
-0.0761645703364
-0.0747415240555
-0.0742099652385
-0.0701737513455
-0.0669131926058
-0.0629949847652
-0.0599434632404
0.0
-0.0579321847351
-0.0599022533397
-0.0600417701965
-0.060050258359
-0.0600571893939
-0.0590220726169
-0.0589209331364
-0.0556526690216
-0.0518706580388
-0.048938593781
-0.0466100641711
-0.0462183414917
-0.0459474660982
-0.045952350059
-0.0471769162097
-0.0446243418016
-0.043519064362
-0.0435676150027
-0.0441990739463
-0.0460789896739
-0.0462485777978
-0.0447031778459
-0.0456783793051
-0.0436030284877
-0.0438628239478
-0.0428562698239
-0.0459312711714
-0.0508132476519
-0.0504581494684
-0.0507879922897
-0.0509987183042
-0.0531262231448
-0.0534278866339
-0.0502217955297
-0.0481881086624
-0.0486140345906
-0.0491300329293
-0.0497086016567
-0.0503221868231
-0.0506777381836
-0.0508032160608
-0.0498006009434
-0.0494494892795
-0.0478197046544
-0.0457249464522
-0.0421133320349
-0.0413712617238
-0.0420319528247
-0.0406580820317
-0.0423687243442
-0.0392702913564
-0.0341455901783
-0.0344972270349
-0.0376940861663
-0.040462599453
-0.0415770995687
-0.0385923075499
-0.0360893988751
-0.0357423579116
-0.0363755393727
-0.0332352927399
-0.0317057558646
-0.0307467422598
-0.0303579193645
-0.0287608406758
-0.026927334467
-0.0259888784583
-0.0217136300353
-0.0206769158911
-0.0187238102141
-0.0164973498152
-0.0134725786782
-0.00986819230907
0.0132551068036
0.0205260758316
0.00752398815245
0.00983362912827
0.0112584060697
0.01739788296
0.0178354857404
0.0275797821268
0.0259619057977
0.0289569671712
0.0236614623613
0.0195793639945
0.0185299934257
0.014536637189
0.0127533008666
0.0187801722169
0.0142595662378
0.00998113976025
0.0136189390199
0.0129546781288
0.0114029111618
0.014778321762
0.0
0.0226378056389
0.0251202338836
0.0234312685627
0.0270953067563
0.0304302240314
0.0211949328536
0.0197454544007
0.0162437603519
0.0154015867856
0.00608019263303
0.0012621097514
0.000486805800993
0.00544468631001
0.00917989153054
0.015167290625
0.0216748819095
0.0237468199534
0.0223011571374
0.0192089417333
0.0172452152558
0.0175322139464
0.0211272826648
0.0173060934232
0.0132113449745
0.0114165144588
0.013476110108
0.0173745900834
0.0167052646818
0.0193281649234
0.0190418765733
0.0203400319674
0.0210030945096
0.0238418090109
0.0178866552047
0.0209812116832
0.0197644974445
0.0208375859162
0.0262090247322
0.0366291145394
0.0337777484521
0.0299647546626
0.0303926835262
0.026516178669
0.0249573128753
0.0247916451395
0.029009500019
0.0270813919128
0.0305051537318
0.0267265201277
0.0245344675479
0.0250250620348
0.0324811354674
0.0366478315139
0.0391081527977
0.0346161008788
0.0332205254933
0.0310678045674
0.0280456837326
0.0273268538114
0.0248472299112
0.024728637412
0.0236423712171
0.024460211424
0.027218392948
0.0283682433343
0.0273848414826
0.0290910159045
0.0298106833605
0.0276999367691
0.0265399862027
0.0269642119476
0.0258185644237
0.0267269289034
0.0264948893231
0.0281323265107
0.0279776470944
0.027358313477
0.0263726742452
0.0247082111018
0.0248712478623
0.0244971506591
0.0236081904505
0.0228605427
0.0234894540585
0.0249223653498
0.0251350864809
0.026037465696
0.0270175011925
0.0281806248924
0.0284014107312
0.02862032583
0.0313141271563
0.0330235457062
0.0361959444269
0.0360211412298
0.0
0.0309587934724
0.0267807425667
0.02501558728
0.024456310643
0.0261432035453
0.0270142777581
0.024202315688
0.023830878146
0.024529930245
0.0261557981652
0.0256760231203
0.0249460008057
0.0246694880326
0.02766918274
0.0264678542637
0.0309293171735
0.0354581570466
0.0351474296769
0.0333255892103
0.0386079478523
0.0389869043067
0.0387525396318
0.0393184386661
0.0443318636196
0.0475636700025
0.0504168164433
0.0514136541282
0.0538212767432
0.0560279495137
0.0619940834981
0.0740518842381
0.0731769478551
0.069899044357
0.0673084411093
0.0670315850268
0.0715947061901
0.0758253150986
0.0795694593691
0.0776382919046
0.0857606507883
0.088472784797
0.0783849008999
0.0730055975012
0.079193116126
0.0684981944845
0.0687368008185
0.0733268655337
0.0722433899999
0.0678538800331
0.0695792748463
0.0692329729196
0.0620784132009
0.0570564436387
0.0525421144976
0.0487559187958
0.0486437150699
0.049641957483
0.0509204443617
0.0542541358052
0.0533919812397
0.0544251136871
0.0524386180176
0.0503231180563
0.0542382176638
0.0628788448377
0.0624202766044
0.062233800158
0.0603659492202
0.0632589274727
0.0703575892096
0.0720294163485
0.074366896141
0.0736646131424
0.0700429437173
0.0672028107927
0.0648381758783
0.0576375406213
0.0520671652082
0.0484235394537
0.0484756386953
0.0439202810027
0.0432982788269
0.0427047330912
0.0360674279811
0.0300058842554
0.0292125573817
0.0291833652316
0.0273933589279
0.0244371000992
0.019757757477
0.0114096765546
0.00584202003667
0.00474458428479
0.00297433621526
-0.00766608584568
0.0
-0.0189674677984
-0.02296682392
-0.0191782057183
-0.0190892877717
-0.0142632723682
-0.0158043323054
-0.0174827943187
-0.0228752044162
-0.0217230289454
-0.0297152530423
-0.0315333733233
-0.0502652166568
-0.0575759795282
-0.0651010591346
-0.0744554785714
-0.0732871971655
-0.0881194943408
-0.0968023972355
-0.104713718301
-0.106143199341
-0.105173078715
-0.109265529462
-0.108802689427
-0.114526497187
-0.116598445644
-0.117050024638
-0.11485216047
-0.116788377
-0.116820758546
-0.113085676032
-0.109146789807
-0.108197767714
-0.108697150333
-0.104498025163
-0.102289401636
-0.0995815924204
-0.090186139801
-0.0835451425682
-0.0811206115306
-0.0696925937879
-0.0723286404818
-0.070525937954
-0.0698963964848
-0.0684073031307
-0.0625678327215
-0.0570310344684
-0.0623735773398
-0.0697065162855
-0.0710763047735
-0.0722821940989
-0.0793401084022
-0.0817845814344
-0.073516491689
-0.0797802846876
-0.0818741676604
-0.0752207709426
-0.0746005079686
-0.0754645734074
-0.0757747460413
-0.0792922632635
-0.0812561470866
-0.073762553552
-0.0588378869538
-0.0463072631422
-0.049825920714
-0.0617543724106
-0.0602399974355
-0.0459689065963
-0.0361856261488
-0.0238998086916
-0.0154150484259
-0.014507488027
-0.00527316204398
-0.00532546574899
0.000865510002676
-0.000485480119195
-0.000942773651842
0.00599133371856
0.0152800918941
0.0186155209048
0.0189365035085
0.0167284793838
0.0107140258964
0.0177304591673
0.0317002920642
0.0338269823613
0.0295998123285
0.0395298080328
0.0346737865924
0.0239333995643
0.0130846234349
0.0134770132084
0.00539105919782
-0.00884052868729
-0.0120569574307
0.0
-0.0267026340228
-0.0312351331231
-0.0179284479843
-0.0127767071909
-0.0220035003674
-0.019374345073
-0.0141361212923
-0.0152835231392
-0.00981082397451
-0.00513420328086
-0.00249822163189
0.0116107853427
0.0190825445391
0.01975566301
0.0129846758536
0.0218717649766
0.0345309379112
0.056494388674
0.0591654344571
0.0584943842871
0.0608790074876
0.0525786099258
0.0439755679571
0.0387997058009
0.0435433932778
0.0495453015563
0.0619676682982
0.0696261606277
0.074988267083
0.0709140618931
0.0672559043905
0.0721064849964
0.0632552606905
0.060919295805
0.0643085282932
0.0570458028075
0.0521647310159
0.0457505965916
0.0468079971428
0.0499587106456
0.0526205177178
0.0575895637347
0.0450277921824
0.0387047584605
0.0420653861778
0.043135660511
0.0476480046278
0.0438739149669
0.0368615216023
0.0325884507925
0.0285992353164
0.0254765515955
0.020157414935
0.0120162685856
0.00265751694058
-0.004328296212
-0.0070105933618
-0.00881606242228
-0.00760890072525
-0.0117975685293
-0.0158623231739
-0.0202047156982
-0.0230644350038
-0.0249833520326
-0.0238878786608
-0.0252289478769
-0.0271217056018
-0.0266377313707
-0.0198570528671
-0.0185762120672
-0.0119410542319
-0.0136904555177
-0.0204013539439
-0.0218155897563
-0.0232385280664
-0.0201285302698
-0.019157106997
-0.0228690719476
-0.0240020061753
-0.0232117942196
-0.023358510833
-0.0267959713238
-0.0298560156636
-0.0380703989706
-0.0385521248889
-0.0316542596003
-0.0327187621155
-0.0329158801836
-0.0317175267142
-0.0326158096336
-0.0327614494432
-0.0313086278036
-0.025332268858
-0.0259292220964
-0.0297655655611
0.0
-0.0442671863545
-0.0487965132269
-0.0475841392403
-0.0533466164944
-0.0517716252193
-0.0457272135212
-0.0327868026007
-0.0262083088972
-0.0209682649769
-0.0158429246154
-0.0165624759677
-0.012139408129
-0.021363559591
-0.0281438026782
-0.0390830756576
-0.044746406089
-0.0404468104751
-0.0331736381224
-0.0323762254365
-0.0495918300035
-0.0683981809361
-0.0778038177597
-0.0827449139309
-0.0849340530101
-0.101005429085
-0.110240295866
-0.121988892131
-0.124416954598
-0.121071918284
-0.112981696744
-0.103766301889
-0.0854765553618
-0.0758782054747
-0.0681295773246
-0.0576537919508
-0.0482647318163
-0.0392878980678
-0.0353376172172
-0.0322162046867
-0.0398254228471
-0.0462246825484
-0.0372831263783
-0.0348263221729
-0.0338064934539
-0.049991848196
-0.0612819234356
-0.0615200126917
-0.0649449010347
-0.0595926570345
-0.059230360091
-0.0778507137222
-0.0874053964998
-0.0875198321865
-0.0947169089851
-0.0966947803054
-0.103454976989
-0.108831302312
-0.106835781251
-0.092802152953
-0.0816711460349
-0.0799710143681
-0.0774488081094
-0.0564879999964
-0.0528121657491
-0.0457401770398
-0.0263372511327
-0.0170475978645
-0.00620024572223
0.0107147950609
0.0210283894902
0.0276087494207
0.0327691917405
0.0270013189521
0.0173423277117
0.0163088513515
0.0254741128347
0.0358849570767
0.0535808594297
0.0404245825536
0.0418698372135
0.0449378634455
0.0452970514089
0.047765984068
0.054064931518
0.0
0.0623863253443
0.0430727589789
0.0344786206999
0.0376706964763
0.0353875917706
0.0397127816038
0.0528378643408
0.0557703042275
0.0571406152826
0.0
0.0
0.0
0.103983042296
0.0980976819393
0.0906557683289
0.090313779101
0.0937483360415
0.0983207233729
0.117120949343
0.123207446114
0.114573688563
0.106671809771
0.113989545045
0.11496278818
0.123277121666
0.124025528699
0.129575907029
0.133475554265
0.128526958022
0.114772245521
0.0897280809435
0.0624215024758
0.0
0.0383228128018
0.0347163600718
0.0321243924882
0.0286291609631
0.028319613259
0.0326739924539
0.033757479446
0.021948024737
0.0217516553192
0.014783667626
-0.0008558426013
-0.0125116126918
-0.0170472049724
-0.0187427353517
-0.0152115035319
-0.00578878441315
-0.00472365386982
-0.0139790592315
-0.00893172619902
-0.00805768152994
-0.00584416379754
-0.000317180897387
0.0137227462481
0.0104780646085
0.00736434061048
0.00898286651038
0.0125420674914
0.0245875491361
0.0360565326861
0.037241726443
0.0383073189889
0.0394826985332
0.0455421362243
0.0422870611654
0.0324916448129
0.0217486094203
0.0210378357413
0.0155808213392
0.0103352892806
0.0100389209355
0.0179829610902
0.0247596920115
0.0218687249707
0.0126389706058
0.000534565941478
0.0104127013489
0.0248477308775
0.0357576610781
0.0388270354788
0.03269908101
0.0347492684508
0.0376956766564
0.0393933003035
0.0426112679828
0.0461639763795
0.0501957334857
0.0542336760488
0.054278845798
0.0569955497337
0.0535128666602
0.054433596069
0.0499497358832
0.0484688177153
0.0408300536553
0.0303443370784
0.0285098322494
0.0219765532212
0.0162619459457
0.0148618836119
0.017288402255
0.00987944560299
0.00317858169318
0.00376263721037
0.00977400334385
0.0143804404369
0.0172743133844
0.0187805198488
0.0255582410439
0.0283117742655
0.0319956372003
0.0273878163104
0.0238550162341
0.023567346027
0.0215648896098
0.0184484060406
0.0134643419263
0.0192149498335
0.0254861172915
0.027501846117
0.02728206867
0.0280961338781
0.0324055195991
0.0
0.0
0.0
0.0
0.0
0.0
0.0
0.0
0.0
0.0
0.0
0.0
0.0
0.0
0.0
0.0
0.0
0.0
0.0
0.0
0.0
0.0
0.0
0.0
0.0
0.0
0.0
0.0
0.0
0.0
0.0
0.0
0.0
0.0
0.0
0.0
0.0
0.0
0.0
0.0
0.0
0.0
0.0
0.0
0.0
0.0
0.0
0.0
0.0
0.0
0.0
0.0
0.0
0.0
0.0
0.0
0.0
0.0
0.0
0.0
0.0
0.0
0.0
0.0
0.0
0.0
0.0
0.0
0.0
0.0
0.0
0.0
0.0
0.0
0.0
0.0
0.0
0.0
0.0
0.0
0.0
0.0
0.0
0.0
0.0
0.0
0.0
