-0.59242607639
-0.594953670811
-0.597481265232
-0.600008859653
-0.602536454074
-0.605064048495
-0.607591642916
-0.610119237337
-0.612646831758
-0.615174426179
-0.6177020206
-0.620229615021
-0.622757209442
-0.625284803863
-0.627812398284
-0.630339992705
-0.632867587126
-0.635395181547
-0.637922775968
-0.640450370389
-0.64297796481
-0.645505559231
-0.648033153652
-0.650560748073
-0.653088342494
-0.655615936915
-0.658143531336
-0.660671125757
-0.663198720178
-0.665726314599
-0.66825390902
-0.670781503441
-0.673309097862
-0.675836692283
-0.678364286704
-0.680891881125
-0.683419475546
-0.685947069967
-0.688474664388
-0.691002258809
-0.69352985323
-0.696057447651
-0.698585042072
-0.701112636493
-0.703640230914
-0.706167825335
-0.708695419756
-0.711223014177
-0.713750608598
-0.716278203019
-0.71880579744
-0.721333391861
-0.723860986282
-0.726388580703
-0.728916175124
-0.731443769545
-0.733971363966
-0.736498958387
-0.739026552808
-0.741554147229
-0.74408174165
-0.746609336071
-0.749136930492
-0.751664524913
-0.754192119334
-0.756719713755
-0.759247308176
-0.761774902597
-0.764302497018
-0.766830091439
-0.76935768586
-0.771885280281
-0.774412874702
-0.776940469123
-0.779468063544
-0.781995657965
-0.784523252386
-0.787050846807
-0.789578441228
-0.792106035649
-0.79463363007
-0.797161224491
-0.799688818912
-0.802216413333
-0.804744007754
-0.807271602175
-0.809799196596
-0.812326791017
-0.814854385438
-0.817381979859
-0.81990957428
-0.822437168701
-0.824964763122
-0.827492357543
-0.830019951964
-0.832547546385
-0.835075140806
-0.837602735227
-0.840130329648
-0.842657924069
-0.84518551849
-0.847713112911
-0.850240707332
-0.852768301753
-0.852712321146
-0.852656340539
-0.852600359932
-0.852544379326
-0.852488398719
-0.852432418112
-0.852376437505
-0.702528502501
-0.552680567497
-0.402832632493
-0.252984697489
-0.103136762485
0.0467111725187
0.0521885096898
0.0491595175544
0.0461305254191
0.0510662852227
0.0375491856409
0.0413801173468
0.0245560438679
0.0462922164812
0.0365901818262
0.0365578419085
0.0309649144895
0.0336881813932
0.0321405145553
0.045406818057
0.0599247803
0.0452881721391
0.0412798661035
0.0544135312535
0.065673922911
0.031530623385
0.060241226794
0.0442789771464
0.0419251796391
0.022778202117
0.050741241511
0.0401839798573
0.039056281097
0.0371676371846
0.030776531183
0.0375016384732
0.0389298559229
0.0235301948436
0.0313670430797
0.0364185012476
0.024000021088
0.0193352983012
0.0197958403506
0.0106955844845
0.0202080938221
0.0152705029254
0.00861571749295
0.0198722254159
0.0164636987726
0.0130551721294
0.0197367421757
0.0331408266813
0.0379805701814
0.0272112340784
0.00283590716846
0.0139117682382
0.0172532229757
0.0199226240362
0.0146292220529
0.0138493188837
0.0153096603251
0.0132841699273
0.013856668721
0.0151641431461
0.0214826260372
0.00243468880934
0.00554029194266
0.00971083225501
0.00706849832519
0.015171140765
0.0100496503554
0.0108520680518
0.00653072994627
0.0235870985265
0.0226728312747
0.0143725667617
0.0181032782758
0.00148260722531
0.00777071654969
0.0129876505164
0.00858274404598
0.000960960180326
0.00951321661049
0.0074153718341
0.0214255808176
0.00773250611185
0.00722776938708
0.00736214056187
0.0154927207856
0.00425786066797
-0.00412778353201
0.00243211607054
0.00780663298393
0.0165177996885
0.00439790812019
0.0056591713957
0.0172258467435
0.00867077258063
0.00902081472774
-0.00410147123964
0.0163194941911
0.00286955676197
0.0176895571314
0.0100105363221
0.0158036220932
0.00631551967972
0.0185943365344
0.0118952680314
0.0117694819732
0.0104990656722
0.00687554666117
0.0150501276885
0.00907901130501
0.0157081712513
0.0192402847623
0.00441561291346
0.00337265096403
0.00165485776053
0.0112978460834
0.00330056393324
0.013888615173
0.0254138329457
0.0254766684596
0.0288600067235
0.0182276070139
0.0195569468826
0.0136058688951
0.0280839937104
0.0199500471952
0.0134509764644
0.0100361943795
0.0111794597432
0.0258176952436
0.0109714225091
0.0142580839485
0.0207217572009
0.022164468117
0.00575631443411
0.0147942577233
0.00108612173493
0.0120477463553
0.00544308416143
0.0188426522808
0.00586797811615
0.00380155411949
0.00173513012283
-0.000331293873823
-0.00239771787048
-0.00446414186714
-0.0065305658638
-0.00859698986045
-0.0106634138571
-0.0127298378538
-0.0147962618504
-0.0168626858471
-0.0189291098437
-0.0209955338404
-0.0230619578371
-0.0251283818337
-0.0271948058304
-0.029261229827
-0.0313276538237
-0.0333940778203
-0.035460501817
0.0102340312084
0.0124201433844
0.00565633646773
0.0136081979386
0.00995954376452
0.00913184272573
0.0101213252393
0.011110807753
0.0121002902666
0.0130897727802
0.0297730245687
0.0148071648265
0.0174248011888
0.00680498696595
0.0119384823388
0.0142182425395
0.00951793772792
0.0244439056739
0.0291435958425
0.0199145773894
0.0229136580944
0.0135092436138
0.0193945905691
0.0300775070044
0.0187699189848
0.0303936353139
0.0163428510386
0.0208989533557
0.0247626546479
0.023527155741
0.0302043354904
0.0354500749404
0.0261059520104
0.0332927765671
0.0295581435816
0.0154569109337
0.0247341448026
0.0175166700417
0.0246998765705
0.0266213498675
0.0270149986818
0.0224388662452
0.0199572140702
0.0324919105009
0.0272382375008
0.019479182761
0.0248042409381
0.0298491404525
0.0202610433625
0.0236205658284
0.0371536016912
0.0272451271746
0.00989526741949
0.0405710414926
0.0382576703771
0.0343887741761
0.0441874401915
0.0419625965457
0.0350462094532
0.036894048941
0.029900385039
0.0364833516375
0.0486841064352
0.0339361345541
0.0278129456701
0.037209986982
0.0353720422225
0.0228453799737
0.0211314446761
0.0354575789433
0.00638057587111
0.0398852835992
0.0396001286658
0.0361139597129
0.0261939646341
0.0361626278076
0.0374225238887
0.0386824199697
0.0410500539973
0.0406285894572
0.0268398223332
0.0283000063413
0.0294055069681
0.0219970979877
0.0327732475914
0.0446940309341
0.0185618526828
0.0243640431114
0.0307242647601
0.042149007672
0.0514160367334
0.0431191490574
0.0352934675028
0.0384203433126
0.0442541010403
0.0540390356694
0.0418252461022
0.0465681650766
0.0592725559425
0.037822125964
0.0477219406464
0.0446866774223
0.0492628338324
0.0415205604552
0.0468437972498
0.0486229493829
0.0510582775187
0.0315280393088
0.0436828917732
0.0433352076376
0.034013645869
0.0383856603954
0.0439491919969
0.049012271366
0.0382240829935
0.0445314115467
0.0477428566665
0.0456949980657
0.0399401408125
0.0395379767115
0.042126351915
0.0427093551496
0.0343833179844
0.0500815852355
0.0343959142878
0.0410321655068
0.0527207972398
0.0428111585297
0.0437127245225
0.0464520457484
0.0467384517581
0.029554962714
0.032125311044
0.0489147705225
0.0234209342376
0.0403680746975
0.0373958143312
0.0544473995627
0.0559297877976
0.065236529075
0.0626477939474
0.0628789789169
0.074261752911
0.0753522992942
0.0637112042975
0.0499167131346
0.0612102928878
0.0545986785676
0.025523497199
0.0237590353509
0.0106224161045
0.0297352995522
0.0309857564486
0.0143260758067
0.0271320667485
0.0289174959958
0.0165417330068
0.0229762368775
0.0476389430943
0.0583404722707
0.0530390946694
0.0808555826545
0.141999344911
0.15023514667
0.164516857122
0.179938147524
0.195359437925
0.166296449176
0.17608580352
0.159539493198
0.164156814342
0.167872924394
0.160006028161
0.152139131927
0.144272235694
0.162219093393
0.142657469969
0.156770290719
0.130440638074
0.12593227537
0.105501974486
0.0864879760612
0.068215745028
0.0544240158093
0.0527508653437
0.049628398924
0.0642110098866
0.0487305743014
0.0584160699978
0.0594007436355
0.0523232844191
0.067165961237
0.055043886293
0.0603266105551
0.0536622142596
0.0515655533622
0.059232711808
0.0701086878239
0.0615229256914
0.0629608306837
0.0591164983551
0.0597432443068
0.0460774393081
0.048605971316
0.038961194767
0.0449222835403
0.0506399381505
0.05209059135
0.0399796518504
0.0538293628192
0.05842687744
0.0538889484062
0.0468992231568
0.057870523597
0.0532424970052
0.0323711000579
0.0410889716331
0.043304546524
0.0252825861864
0.0246667020027
0.0410243064387
0.0487086535332
0.043334012571
0.0375514641188
0.0533882982421
0.0304303582508
0.0456163251758
0.0359360675834
0.0475591734292
0.0540256507935
0.0464361360523
0.0352612445702
0.0166015714717
0.0194470184424
0.0284567227801
0.036171091173
0.0231352243738
0.0311280860889
0.0376040429255
0.0240335092098
0.0222326962501
0.0129845266931
0.0084994451836
0.0322760413474
0.00666579885805
0.0161880101652
0.00582203781048
0.0195118964019
0.0127652548168
0.0351346999779
0.0221184848945
0.0356941564391
0.000836284760557
0.0148460671364
0.00781440984274
0.007463219249
-0.00370108302136
0.00330852144265
0.00712756974396
0.00883216983136
0.010272775293
0.00544144482092
0.00401461723711
-0.00319497314084
-0.00045803023981
-0.002560439585
0.0122380834267
0.00041590447368
0.00363252548402
0.00684914649436
0.0158056555273
0.0133714083484
0.0140206678641
0.0258777824982
0.0159132421739
0.0230962120068
0.0076646350846
0.0117957857607
0.0326545572867
0.0315321457404
0.0247028797271
0.0127898508893
0.0233172506722
0.0338446504551
0.0263612092163
0.00661543778914
0.00824011425288
-0.000504879998768
0.0423474326945
0.0105359007282
0.0214378557044
0.0148274985252
0.00892722749303
0.0224423620295
0.0218583970207
0.0225071836583
0.00703547366332
0.0214569481517
0.00681689567119
0.00475735776193
0.00959000820555
0.0105774749317
0.0266201701054
0.0142171287832
0.00353973719244
-0.00720428386739
0.0211609441005
-0.00718624170364
-0.00882656827862
-0.0104668948536
0.00495770250837
0.0111886363784
-0.0103891898239
-0.00211731736481
0.0204669028646
-0.0144917019967
0.000436540517174
0.00987315019662
0.000214899662958
0.00376925922603
0.00428877627209
0.000965887976769
-0.00413977173522
0.0108679733885
0.00889256727932
-0.00103127597334
0.0186975804316
-0.00601486548993
-0.00742799569282
0.0123569433513
0.0272647328126
0.0164925482609
0.00125338893502
0.00443156140961
0.0219269848638
0.0145410070955
0.016563424257
0.0248632005874
0.0181650805088
0.0202747208368
-0.00925404164333
-0.00307316350783
0.0126287890398
0.00594206995547
0.0126107618238
0.0010040438106
0.0056434352366
0.00437149047268
0.00753747375163
0.00149958386517
-4.60527387336e-08
0.0165887495031
-0.0158469305825
0.0189132547288
0.0101609698888
0.0283912084016
0.00580319513034
0.00892120925735
-0.000449211523853
0.00915445533036
0.0349184335985
0.00665106873849
-0.0106385139786
0.00611278098285
0.0106285092254
0.0151442374679
0.0196792264326
0.00954046960024
0.0126438029603
0.0147382484032
0.0169677277322
-0.00542326368201
0.0225461796577
0.0136804817522
0.0212339818676
0.0177832117774
0.00158262231499
0.019012094844
-0.000205839199555
0.0120278066218
0.00550796603808
0.00238614336493
0.0145584518115
-0.00446300045025
0.0373284754309
0.0110608287659
-0.00510013284466
-0.0046054599044
0.00808117058676
0.0160234419004
0.0172910226313
0.0140278318351
0.0223441437779
0.00296441443723
0.0178535324936
0.0074482824647
0.0270446512872
0.010320099728
0.00921278196408
0.00641064839867
0.0176310641527
0.021392284313
0.0192305301722
0.0148249352759
0.0168482033482
0.00639829330043
0.0140103975932
0.0201561958282
0.0128773959576
0.00510648404852
0.00248346296559
0.0197842916338
0.0049716096292
0.023188052013
0.00261519615932
-0.000607357680975
-0.00382991152127
-0.00398625266718
0.00605089157456
-0.00389033265737
-0.00367989995309
0.0157349992173
0.00636627445692
-0.00624588314409
0.0131495097501
0.0145859720206
0.011128950231
0.0298367895211
0.00948798843576
0.00167695618272
0.000760690408272
-0.00114014909986
0.00713405529239
0.0160330109667
0.0216320495973
0.00597877135184
0.00487801210585
-0.000957535118031
-0.00434251787388
0.00724441097534
0.00022218691933
0.0130609516357
-0.00571902037762
0.00150335906241
-0.00454165718658
-0.00810969386009
-0.00539669188322
0.00520769360548
0.00735229609242
0.00780167889508
0.00628028848198
0.026120814755
0.00696964194938
0.010459770232
0.0017707044825
-0.00132429312142
0.00966650849358
0.00497178614865
6.43405919725e-05
-0.00327904537101
-0.00081488441427
0.00164927654247
-0.00335837928844
0.00539096374876
0.00597021690133
0.000582151521232
-0.00199940263977
0.00666653786377
-0.003958531166
0.000199471378316
0.0119879300159
0.00608063739132
-0.000264838269609
-0.00697627235935
0.00188020058568
0.0176433595454
-0.00101074832448
0.00676098730392
0.0154476803866
0.0276380410787
0.022809077437
0.0274757598822
0.0133277988557
-0.0262008330242
-0.0382465510577
-0.018729872074
-0.018489013418
-0.0114414398926
-0.0166993961934
0.00330158042553
-0.0014513413364
0.0288007963225
0.0354386117506
0.0499646859539
0.0561186735924
0.0400405826954
0.0502627893949
0.0580030777988
0.0578870648247
0.0586059538766
0.0493315363633
0.0560085368178
0.0603650887902
0.0431226072046
0.0397187446168
0.0387323243285
0.0434764832128
0.0446562883299
0.0500412032517
0.0529576345631
0.0593124972556
0.0611812224399
0.0683748364881
0.0846141740307
0.100790445649
0.0966649083129
0.0935010214343
0.105716130588
0.117854546851
0.0994337440608
0.100389658129
0.0987863026526
0.0887998001343
0.0645974891718
0.0687009706105
0.0555922199886
0.0681472540565
0.0497098948693
0.0510786741193
0.054618697107
0.0557111493579
0.0420437230273
0.0537178650469
0.0661611494777
0.0594342815166
0.046590691141
0.0544873656484
0.057133831018
0.0539193212094
0.0554665328998
0.040124570797
0.0454431984363
0.0300041118603
0.0271633678843
0.010615586286
0.0216007598062
0.0120862418428
0.0222461053135
0.0170821134382
-0.00150922380324
0.0145480132193
-0.00588182386901
-0.00388439796519
-0.00791613702834
-0.00668003467322
0.000857140575754
0.0139124324586
0.0269677243415
0.0357975107858
0.0315178004532
0.0238526995078
0.026565630934
0.0288854524082
0.0256265396399
0.0326863370727
0.0160212536087
0.0217708429908
0.02101206713
0.0226746642586
0.024873541045
0.0213913069703
0.0337958592105
0.0123118140647
0.0108581063082
0.0147985580695
0.000169968222286
0.00750996690637
0.00405869114575
0.0172301215749
0.00701029462721
0.00509932343094
0.0195843569062
0.0151301421904
0.00853796331752
0.00612678395503
0.00859656850092
0.00488533622153
0.000273147283885
0.00409819870898
0.00442444656293
0.00109050227829
-0.000667348723952
-0.0172951434042
-0.00205654157731
0.0105810044501
-0.0163371113169
-0.00010914007116
0.0016951953219
0.0189529077458
0.00843342271593
-0.000113755776374
-0.00495068530391
-0.00585864005202
-0.00960467129195
-0.0119360593419
-0.00765005680459
0.00330143859637
0.00733177452971
0.00580778932359
-0.00112852003595
0.00588435433304
-0.00471668608364
-0.00709681759513
-0.0048880510749
-0.00255711710947
-0.00587960409061
-0.00346582155863
-5.54319395729e-05
-0.0196874619423
-0.00215589609613
-0.00256066709102
-0.00274846527199
-0.00476907814647
-0.016219607895
-0.00854822379921
-0.0132206190672
-0.0102015511882
-0.0110317353219
0.00855805795861
0.00183758379011
0.0111138328246
0.00169354079102
0.00186991921276
-4.1098061218e-05
-0.00645014366119
0.00763621999186
-0.0203487614041
-0.0012679839537
-0.0100686088577
-0.00512914435764
-0.00593136467189
-0.0112842768824
0.00662841562857
-0.0021088783583
0.00371395323672
0.00818012176507
-0.0241208864633
-0.00203668194111
0.0105245597035
0.00604483796364
0.00527459344756
-0.0101322988571
-0.00659819515716
-0.00306409145722
0.000470012242721
0.00152423537641
0.00579112488912
0.00449310614834
-0.00971276851777
0.00534048032205
0.00884382942586
0.00675164554387
0.0190138260474
0.0177044428221
0.0189018251233
0.0220869366886
0.00896381702716
0.00966461455553
0.00797470876294
0.0114087693541
0.012287089741
-0.00807073674642
-0.00674073814767
-0.00717156930609
-0.0076024004645
0.0159511870049
0.0142328285396
0.0125144700743
0.0107961116091
0.00907775314377
0.00735939467849
0.0056410362132
0.00392267774792
0.00220431928264
-0.00621659078394
-0.0146375008505
-0.0230584109171
-0.0111995202648
0.000659370387532
-0.00745491652777
-0.0167780600933
0.00967122359622
-0.019524442154
0.00924185915457
-0.043789186353
-0.0246141258787
-0.0158504538221
-0.0263051222818
-0.00240794958821
-0.0118427210895
0.0119324098844
-0.000140751557172
-0.00416495285475
0.00936517694431
-0.0237231797067
-0.0352011267707
-0.0278087565012
-0.0284874806012
-0.0103100785143
0.00786732357261
0.00218329191394
0.00753948190647
0.012895671899
-0.0104323438836
0.0187781323261
-0.00835794605516
0.00915742176318
-0.00200280554795
0.000504539774306
0.0491389116313
-0.000900110296046
0.00441939587357
-0.00864442224454
-0.00999692030139
0.0246152089689
-0.00277637502253
0.00795840555831
-0.00284162184635
0.00125308683989
0.00567694789554
0.0174341805573
-0.00436142882152
0.00908764426172
-0.00852468339011
-0.0121733835706
-0.0158220837511
-0.0120752522588
-0.0191561914054
-0.0192855167355
-0.0149778065946
-0.0114398911735
-0.0181820831628
-0.00536524873283
-0.0105175160924
-0.0114562341342
-0.0118994872385
-0.0220356039065
-0.00640747976048
0.00120489623595
0.00881727223238
0.00148576782951
-0.00360952162197
0.0087860188511
-0.00573132438939
0.00325879821255
0.00302243911139
-0.0058189817409
-0.00310063573416
-0.000680269868816
-0.00464814451796
-0.000678311409123
-0.000272848299616
0.00714768372085
0.00379340720736
0.00861659159955
0.000148266248217
0.000804368082843
-0.011535939192
-0.00732149765183
0.0125121477377
0.00545780868716
-0.00351422643677
-0.00354868547966
0.0177778182807
-0.012276298959
0.0164050949484
0.0101978902577
0.00983442125253
0.000325459877287
0.0136416045075
0.00618695154956
0.0174709241643
0.00627653090101
0.00836931885907
0.00439497020589
0.00260514466124
0.0153490438182
0.0030031438451
-0.00182595567516
0.00368908156135
0.00401457628232
-0.00630153219045
0.00225136655216
-0.0105570094357
0.00940211485105
0.00155114128498
0.00176283093042
0.0171207622636
0.00746841162483
0.0124052632376
0.000329063777895
-0.00423204380018
0.00743630748261
0.0024180328655
-0.00207301654235
0.0168105845715
0.010800423892
0.00746257485313
0.000337435023481
0.0145075513666
0.00943398754161
0.00418842239921
-0.00508848454483
0.00130645507523
0.00633106629803
-0.00721947753243
-0.00392215807867
0.00479278775452
-0.00460195021409
0.00943690990164
-0.00138635776486
0.0165873508897
0.0135770415432
0.0143122576876
0.00219509010546
0.0295189098376
0.0229661705743
0.0256035599762
0.00776465231478
0.0168877406072
0.0218911730213
0.0248824042191
0.021938995371
0.00717248700742
-0.00323808215738
0.000997534902234
0.00600003407504
0.00053851106986
0.00409860030142
0.0104794668766
-0.00770358015442
-0.00650216284988
0.0092882624706
-0.00453945413258
-0.0023147799497
-9.01057668201e-05
0.0223298507045
0.0149533845729
0.0135200802025
0.0393497204719
0.0337399842278
0.0324074111779
0.0244678740963
0.0410345111248
0.0218722804462
0.0317220630965
0.0278412472738
0.0232780289755
0.0200608113916
0.0177240802678
0.0216244521761
0.0101835471966
0.0141069767825
0.00975188309335
0.0195974036838
0.00303680264273
0.0169153094055
0.00801165363342
0.0152704383467
0.0239787257009
0.0241419422435
0.0282529716793
0.0195221028432
0.0232233974132
0.033307620825
0.0244504876801
0.021787583263
0.016926894575
0.0246007270754
0.0140079101816
0.0203255174036
0.009591058589
0.0191817665543
0.0230978433918
0.0254390840308
0.0244819196714
0.0240400881337
0.021318318192
0.0269957323051
0.0127620831677
0.0128725257262
0.0305944026582
0.031792461848
0.0328388062282
0.0386604949989
0.0288412053264
0.0145633743067
0.0234592696875
0.0323551650683
0.0281372387389
0.00944599965414
0.0109270111943
0.0177182772161
0.0128949184021
0.0160107469487
-0.00039872524315
0.0107159167633
0.00774085060125
-0.00537615017132
-0.0100695926647
-0.0153863347923
-0.0082084806627
-0.00859845601749
-0.0117119101064
-0.0150676568756
-0.0102446517855
-0.0168038271946
-0.00822739118224
0.00253589092451
4.60527387336e-08
0.00805988981919
-0.0134571157237
-0.00722853253044
-0.0142259607345
-0.0142533326287
-0.0132057006483
-0.00758881654406
-0.0185387956187
-0.020881572512
-0.0155345437074
-0.0170752039577
-0.0114524151496
-0.0165212296739
-0.0174776165059
-0.0172730555846
-0.0225906426654
-0.0229011195201
-0.0288607251234
-0.0198966871651
-0.0286253837061
-0.0207425600317
-0.0128597363573
-0.000777335663915
-0.00641987283822
-0.0108702523801
-0.0195437692708
-0.0172603367664
-0.0104092134148
-0.0123076049679
-0.00769893204212
-0.00835255369293
-0.0195193135863
-0.0231444806496
-0.0216700858203
-0.0182639179484
-0.0192223422385
-0.0121477593188
-0.0248943407008
-0.023571985765
-0.0115456387714
-0.0105081584927
-0.0119433993614
-0.0110876251097
-0.0269381395256
-0.0175956915967
-0.0135881180384
-0.017494002833
-0.00741866382185
-0.0193351718765
-0.0242011793579
-0.00637184798346
-0.0285694352902
-0.0188373815201
-0.0138497133911
-0.012624352601
-0.0173597970186
-0.0206013959977
-0.00686250369363
-0.0168385625682
-0.0160518337402
-0.0162873917042
-0.0204184971089
-0.0197754128413
-0.0211254267044
-0.0226790472564
-0.0233385945665
-0.0258945880983
-0.0234815461274
-0.018700325045
-0.0335139230313
-0.0113107977945
-0.0170993657952
-0.00943426736132
-0.0314159625755
-0.0212534749156
-0.0219977359978
-0.0286028360369
-0.0265306966228
-0.0264072456729
-0.0201617763827
-0.0267189651561
-0.0137427162653
-0.0149526408867
-0.0268318197093
-0.0194089410291
-0.0188388918886
-0.0227002017419
-0.0127880817064
-0.0201019683913
-0.0257178419253
-0.0229951699864
-0.0204809667981
-0.0292400158932
-0.0251502422954
-0.0258948643505
-0.0350474596661
-0.0351048543214
-0.0226319414871
-0.0207082490682
-0.0305565203581
-0.040175924777
-0.0416377802116
-0.0330022891981
-0.0447810006232
-0.0349979493581
-0.0222719326698
-0.0228377850711
-0.0191263809101
-0.012050385849
-0.0313286443211
-0.0371506381337
-0.0339296998638
-0.0333827245974
-0.0261407408464
-0.0436282099306
-0.0286042622413
-0.0330650124253
-0.0375257626094
-0.0230451544353
-0.0219908184547
-0.0257745438666
-0.0273827097047
-0.026324691139
-0.0284499639975
-0.0334689554591
-0.0216165430989
-0.0375165098155
-0.0305235821651
-0.0240955299945
-0.0318418727228
-0.0230735480446
-0.0213174776412
-0.0175654971109
-0.0179644274313
-0.0103439013131
-0.0236480334027
-0.0086320988399
-0.0265247156674
-0.0229172135842
-0.0281553797506
-0.0152378702808
-0.00872499032828
-0.00434369941969
-0.0105247873451
0.00650700306442
-0.0072600221795
-0.010944396369
0.000571148123856
-0.0154756647833
-0.00236778968789
0.000706277504608
-1.21479090713e-05
-0.0139332155006
-0.00822943362067
0.0178015678804
-0.00404262272483
-0.00140699727595
-0.00369821861878
-0.00427480545014
0.0023644289974
-0.00486730604456
-0.00265873407387
0.00542568662187
-0.00820864045061
-0.00310784083122
0.00434823632617
0.00679771291642
0.00599515301986
-0.00182374057017
0.0145989666701
0.00600502620048
0.00951946409313
-0.00444287931697
-0.000986676958593
-0.00513851275258
-0.00917683281239
-0.0132151528722
0.0211759514998
-0.0147504037505
-0.00271168663231
0.00229159581164
0.00431688609465
3.03079712514e-05
-0.00955414463439
-0.00744001700235
0.00468237987205
-0.0117119634333
-0.00898906296799
-0.0034727115963
0.0100680013569
0.00494402815204
-0.00325835941832
0.0173770018209
0.000296498487544
0.0232147428661
0.00991294139678
-0.00295177816364
0.0238463315367
-0.00641612113647
0.00404636927513
0.0176933851061
0.0121260384299
0.0227063819987
-0.00256358424251
0.00599169652797
0.00315463317498
0.00685011762244
0.00356703690205
0.0133378856362
0.00233711304143
0.0319472712251
0.0615574294089
0.0911675875926
0.120777745776
0.15038790396
0.179998062144
0.209608220327
0.239218378511
0.268828536695
0.298438694879
0.328048853062
0.357659011246
0.391660851064
0.425662690882
0.428784577503
0.431906464124
0.435028350745
0.438150237366
0.441272123987
0.444394010608
0.447515897228
0.450637783849
0.45375967047
0.456881557091
0.460003443712
0.463125330333
0.466247216954
0.469369103575
0.472490990196
0.475612876817
0.478734763438
0.481856650059
0.48497853668
0.488100423301
0.491222309921
0.494344196542
0.497466083163
0.500587969784
0.503709856405
0.506831743026
0.509953629647
0.513075516268
0.526382339716
0.496855909112
0.519315133197
0.490006324198
0.513128230097
0.492187870249
0.476112018701
0.460036167152
0.443960315604
0.427884464055
0.411808612506
0.395732760958
0.373011056975
0.315668446824
0.346904994433
0.345502263009
0.311644973609
0.341310662358
0.35198993336
0.32525748006
0.283439732106
0.259202495266
0.219704088188
0.226011152298
0.241387308243
0.218843155224
0.215968329452
0.213758773661
0.208981843378
0.259743691568
0.259746059583
0.264178381321
0.214785767871
0.213387041284
0.24016298834
0.225387704698
0.210026012523
0.221269065712
0.2325121189
0.286315110167
0.316611503377
0.323993441333
0.281615378316
0.277561930465
0.285292503371
0.2816150371
0.29233957478
0.301407357011
0.235080859826
0.212134509998
0.216683913916
0.1892243081
0.141587485369
0.135618642904
0.0952440105338
0.0734037233914
0.0726653624824
0.0719270015734
0.071493697359
0.0583295226568
0.0629485332076
0.0400065124162
0.0312331813283
0.0347829658698
0.019993603518
0.00754799336158
-0.00329827056465
-0.00486549007045
-0.000191307753559
0.0197933061978
-0.000791546042873
0.00394134383013
0.00253437053128
0.00685369916201
0.00398435035979
0.00266270932173
-0.00472950310772
-0.0149930473077
-0.00530111787721
0.00675736406038
0.00601298174776
0.0395828983131
0.00475762150652
-0.0107590335641
0.00690086211813
-0.00587970875366
0.00433320229921
0.00860876884854
0.00118880535054
0.0107343104177
0.000314581185119
0.00517501142272
0.0133466582317
0.0214045387152
0.00845162817086
-0.00246893176932
0.0130087743572
-0.00356429041932
0.00227054130147
0.00484455635552
-0.0111761158056
-0.00990380354736
-0.00950031984585
-0.00616546240486
-0.016592314939
-0.00934592556529
-0.00123804818946
-0.0246895387028
-0.0259235773145
-0.0279451712489
-0.0228759391926
-0.0155765067674
-0.0356973554866
-0.00721381538228
-0.0190016549247
-0.0145364531507
-0.00765110778738
0.0125998064948
0.00338771035585
-0.00539531068635
-0.0158098396232
-0.01623151817
-0.015690224682
-0.0182336575425
-0.0207795306594
-0.030125026731
-0.025311044774
-0.0252490051744
-0.0124763987972
-0.0023202417353
-0.00596272236661
-0.00305408011482
-0.00491614643484
-0.00784085359001
-0.0100440268555
-0.00701748903607
-0.0195699758584
-0.00826078384506
-0.0129778805076
-0.00301435155267
-0.0105238537113
-0.021167378905
-0.0204279859316
-0.0196885929582
-0.0114337471338
-0.0218823222835
-0.021606741311
-0.02215285871
-0.0183053537047
-0.0270519997688
-0.0169701653701
-0.0259036152984
-0.0239307332699
-0.0219578512413
-0.0199849692128
-0.0305093715864
-0.0297419369117
-0.0482076331563
-0.0255187825886
-0.0231543374483
-0.0238140872349
-0.0357889629137
-0.0337646170098
-0.0329133839098
-0.0305502354026
-0.009095640457
-0.0221375406109
-0.0178181792805
-0.031576138189
-0.0240866998554
-0.0218182557569
-0.0108818352164
-0.0224268061714
-0.0281966392801
-0.0263853051122
-0.0264154293113
-0.0298923517989
-0.0183063705823
-0.0128527686839
-0.0251660446029
-0.0181777557608
-0.019486068903
-0.0194885640631
-0.0255769910884
-0.0303103986614
-0.0368001854897
-0.0275536915046
-0.0338208089569
-0.0259453992918
-0.0290332001751
-0.0217583495168
-0.0324348037921
-0.0336715256848
-0.0349328494079
-0.0220860891527
-0.023458595339
-0.0225352467468
-0.0296198089086
-0.02670643727
-0.0253771194412
-0.0273446678379
-0.0291049741229
-0.0355620893996
-0.0137345167016
-0.03835338699
-0.00726662399246
-0.0285496994887
-0.0208127202322
-0.0188310132279
-0.0132548049473
-0.0145524294518
-0.0102239251277
-0.0170232865424
-0.0174921469672
-0.0105433680358
-0.0132434818742
-0.00668354622576
-0.0249656792863
-0.0244021525607
-0.0124286909211
-0.00614546559864
-0.00893579055546
-0.0234777516158
-0.0188922542733
-0.0183637375396
-0.027206747338
-0.0273296584552
-0.0122155627492
-0.0229258375793
-0.0124342612226
-0.00545874060851
-0.0149766262475
-0.0245670172341
-0.008165316136
-0.0070428922533
0.00066577365536
-0.0125973445052
-0.016055142752
-0.00757555993377
-0.0123643535149
-0.0169039716629
-0.0272737365529
-0.0154800660966
-0.00984322514913
-0.0126477775375
-0.0226716305714
-0.0178993108851
-0.0210609751599
-0.0184679725606
-0.0158749699613
-0.0161142165396
0.00407489734317
-0.0100101023083
-0.00211718752241
-0.00812709676516
-0.0149282017553
0.000131139752336
0.00234092177309
-0.0123249376719
-0.00110271447711
-0.0106667074802
0.000556016861363
0.00275540078804
0.00965289590479
0.0180265404142
0.00632890865106
0.0248798935689
0.0173148380083
0.0232870805131
0.0398266549632
0.0280992360431
0.0190009779148
0.0102520457098
0.0244451212892
0.0151312606987
0.014900071013
0.0174006384166
0.00737049988491
0.00480633560763
0.0137362369386
0.00301699381473
0.00901927484174
0.00560241430096
0.0171892957311
0.00307566506092
0.0190360994122
-0.00624106083122
0.0105243581402
0.00494398342284
-0.0028038478482
0.0188923103186
0.0107837545558
0.00786818880329
0.00388028606816
-0.00408501939194
-0.0128288837408
0.00408833508924
0.00605650597742
-0.0103929659915
0.00682543039348
-0.00562127605291
-0.0256880274558
-0.0405013245385
-0.0283350186333
-0.0161687127281
-0.0040024068229
0.0081638990823
0.0203302049875
0.0324965108927
0.0446628167979
0.0568291227031
0.103557909989
0.105090497113
0.106623084237
0.108155671361
0.109688258485
0.11122084561
0.112753432734
0.114286019858
0.115818606982
0.117351194106
0.113763673274
0.110176152442
0.106588631609
0.103001110777
0.0994135899451
0.0958260691129
0.0922385482808
0.0886510274486
0.124585486154
0.133180638643
0.141775791132
0.150370943621
0.173689983131
0.197009022641
0.22032806215
0.24364710166
0.26696614117
0.29028518068
0.31360422019
0.336923259699
0.360242299209
0.383561338719
0.393593209108
0.403625079497
0.413656949885
0.423688820274
0.433720690663
0.400816777963
0.367912865263
0.389341076527
0.410769287791
0.388468272966
0.36616725814
0.343866243315
0.321565228489
0.299264213664
0.230811432835
0.189771383877
0.165739813166
0.166698352251
0.171353391826
0.131891077795
0.130929907286
0.136873088505
0.165675782721
0.159310349019
0.160477932497
0.157443349137
0.20359800115
0.238992433355
0.266093771932
0.284997621168
0.283789785248
0.252885430716
0.287240934263
0.274912515644
0.307268997148
0.305185094269
0.299701942245
0.287961592462
0.276221242679
0.224221023473
0.204111556092
0.196692658997
0.189273761902
0.181854864806
0.174435967711
0.167017070616
0.188055210828
0.218987111276
0.211976283284
0.194788026509
0.222762517263
0.227223237199
0.211884822045
0.207281679815
0.202678537584
0.194865889058
0.145555088182
0.13655127355
0.123076132113
0.117069772138
0.103249543662
0.0952466435347
0.0951692689046
0.0828520550394
0.0824768050951
0.0889819585475
0.0674742304286
0.0788979301776
0.0611261402607
0.0540305950789
0.0578105491108
0.0506774408053
0.0568237834822
0.0417706026031
0.0490086439699
0.0466509274454
0.0324748100763
0.02781420508
0.0173131043077
0.0234768084997
0.0124934228133
0.022329499114
0.0197805305424
0.0187137315256
0.0152872258453
0.0128588990244
0.0204503274462
-0.000124261594403
-0.00681277885816
0.0100374061277
0.00459985435605
0.00650425622494
-0.0060271985054
-0.0156792812613
-0.00663123895505
-0.00709665376168
-0.0122577956043
-0.00921961505986
-0.00618143451543
-0.00314325397099
-0.00302430665001
-0.0176447106898
-0.00505510309107
-0.00583009269099
-0.0182464262414
-0.00513782622465
-0.000990001788666
-0.0148583229442
-0.0106395717753
-0.0185217120041
-0.00276790424395
-0.0137057204939
-0.00486965456656
-0.00735553837789
-0.00774403141886
-0.0114556523264
-0.0110914366026
-0.00749745217006
-0.0082680115386
-0.00718176914043
-0.014972933709
-0.00598685009172
-0.00780440899589
0.00362831068986
-0.0110989495384
0.00373568377926
-0.0241187763567
-0.00517543481966
-0.0144037459535
-0.0137612965066
-0.0135947344924
0.000552163678768
-0.00754502861975
-0.0215570582651
-0.00211858028509
-0.0161922382554
-0.0118780935171
-0.0153456230226
0.00193510845015
-0.00348135273684
0.00109823013404
-0.00506381895627
-0.0172827871644
-0.0115344987962
-0.00791139099555
6.72307732372e-05
-0.0147620123013
-0.0216835540042
-0.0261034173724
-0.0272560183708
-0.0284086193692
-0.0178096222686
-0.0155751865818
-0.0203966246872
-0.0301521706839
-0.0300939358774
-0.0299814952316
-0.0261218170201
-0.0200972628281
-0.029460698655
-0.0157998886927
-0.0320358563264
-0.0126174653531
-0.0220544656442
-0.0201931878467
-0.0252010428649
-0.0197063364944
-0.0345804899186
-0.0255757267626
-0.0331486145851
-0.0220936634779
-0.0210202627694
-0.0276431029486
-0.0215704819766
-0.0275558323273
-0.0169008578213
-0.0329384051772
-0.0170808520234
-0.0417585017885
-0.0277760805402
-0.0252121601865
-0.0345855791012
-0.0223290936116
-0.0375342493204
-0.0361573186036
-0.0211944928411
-0.0369824007189
-0.0300944114953
-0.0249325262447
-0.0338313770347
-0.0431827493772
-0.0409773217501
-0.040553670859
-0.0388378950502
-0.0371221192413
-0.0413919849974
-0.02645866192
-0.0433907241802
-0.0424089107854
-0.046062652337
-0.039980019459
-0.0292844540569
-0.0530467121898
-0.031957049627
-0.0323660405283
-0.0411074758796
-0.0352698754078
-0.0302939378736
-0.0573546638213
-0.0440429872235
-0.0287995699047
-0.0356219780092
-0.0351941304504
-0.0288284741932
-0.0346097526543
-0.035273109431
-0.0394856824122
-0.0539146579496
-0.0314470648593
-0.0279747793534
-0.0267567756782
-0.0248075906764
-0.0243062558323
-0.0113529847931
-0.0175602690673
-0.0244437741405
-0.0190718908701
-0.0137494994067
-0.0233742322013
-0.0241273558153
-0.0286721936304
-0.020729042174
-0.0122423803338
-0.0230096446665
-0.0166545218255
-0.0172680231466
-0.0211248525453
-0.0210633422329
-0.0135489303507
-0.0137964043262
-0.0260511846052
-0.0125402790294
-0.01813965802
-0.0178795259308
-0.0244905576868
-0.0157753877938
-0.0271858790009
-0.0288316807253
-0.0260965269138
-0.0235486780063
-0.0202626703167
0.00989972054701
-0.0276772024669
-0.0278906066555
-0.00143660185574
-0.0197259502235
-0.0127423896981
-0.00524670074964
-0.022908374348
-0.0223731989926
-0.0259159163991
-0.0238581933438
-0.0339828150142
-0.0196778294746
-0.012015383991
-0.0119219012909
-0.0247249679605
-0.00786767885902
0.00586340114675
-0.016505505416
-0.0106145975417
0.00215243321843
0.00277391667889
-0.00222331949603
0.0270243279414
0.0186209513358
-0.00323690148916
0.037133458575
0.0280216592362
0.0272621732378
0.0221879234629
0.0290780586249
0.0277246697585
0.0213758277134
0.0423969081552
0.0468073200274
0.0442861520768
0.0414012415872
0.0270337301419
0.0274929956432
0.0279522611445
0.0350872965587
0.0306266787749
0.0110540253326
0.00709272407781
0.013730003255
0.0258155709312
0.04721187825
0.0375398828165
0.0376274433106
0.0214357660609
0.0255774608984
0.016021279844
0.0257444889839
0.0230522144639
0.0444958338813
0.0367130699616
0.024919890492
0.0341936548976
0.0470722567562
0.0262649502235
0.0359298604134
0.059658247012
0.078992252979
0.0561532685852
0.0641444790729
0.0755291597695
0.0929820806735
0.0945815527363
0.099268632988
0.113076499659
0.127908680876
0.142740862093
0.182425806229
0.157443346626
0.193971230947
0.196723541281
0.199475851615
0.202228161949
0.204980472282
0.207732782616
0.21048509295
0.213237403284
0.215989713618
0.218742023952
0.221494334286
0.22424664462
0.226998954954
0.229751265287
0.232503575621
0.235255885955
0.238008196289
0.240760506623
0.243512816957
0.246265127291
0.249017437625
0.251769747958
0.254522058292
0.257274368626
0.26002667896
0.262778989294
0.265531299628
0.268283609962
0.271035920295
0.273788230629
0.276540540963
0.279292851297
0.282045161631
0.309682934217
0.319084035754
0.312538658658
0.281013222258
0.260403593316
0.288849348983
0.304704912069
0.279678667395
0.28830980373
0.318563699577
0.33597797142
0.33256382638
0.329149681341
0.325735536301
0.322321391262
0.318907246222
0.315493101182
0.312078956143
0.308664811103
0.305250666064
0.301836521024
0.233030446552
0.241457987456
0.233858898519
0.181842999442
0.159809796724
0.146369468838
0.127420118819
0.1084707688
0.107441526899
0.104295521426
0.118085917366
0.112906540872
0.110021066127
0.108364213943
0.106707361759
0.0833929756247
0.0632047924574
0.0475202880721
0.0681879911054
0.0519572207208
0.0476003508778
0.033077276285
0.0343001462745
0.026409127717
0.0221995087465
0.0201754782516
0.014307531012
0.000478328413384
0.00189731154157
0.00323001675991
-0.00142687088958
-0.00423135043694
-0.00321541836638
-0.00510524509464
0.0104588287069
-0.00811300957879
0.0016019351262
0.00161635732849
0.0168742441901
0.00679818782793
0.0123213615691
-0.00475754071712
-0.00427498440975
-0.00589138739856
-0.0122347225008
-0.00256862144677
-0.00936888314629
-0.00960433173818
-0.014547619354
-0.0182537938019
-0.00645616326678
-0.0130484469668
-0.0155812457366
-0.00676554318945
-0.0359770230698
-0.0284842787783
-0.00487089543261
-0.0139374267094
-0.0106827017829
0.00451709671057
-0.00463193984743
-0.0176406639351
-0.0034283052332
-0.0185230551501
-0.0103214542757
-0.00545739614966
-0.0194405435036
-0.00356062425172
-0.00249862537941
0.00259462285372
-0.018329772323
0.00562737180303
-0.0207577132057
-0.0197821480855
-0.00245691877918
-0.0120414133385
-0.00691154409172
-0.0126600780531
-0.0352633272428
0.00264297934241
-0.0212330650225
-0.0155800065901
-0.0193421357255
-0.00693562737303
-0.00627332982005
-0.025145739487
-0.000654142158419
-0.0146763676782
-0.0226405868302
-0.000677506597469
-0.0199270415173
-0.0135169464472
0.000951668671949
-0.0163221756813
-0.0181021254554
-0.0157971343829
-0.0122099250649
-0.0271492367321
-0.00864038505077
0.0146971032618
-0.0100070583183
-0.00936918324361
-0.0145627082134
-0.0197562331831
-0.0132526211578
-0.0248567451129
-0.027201995583
-0.0391900756939
-0.0170081093235
-0.0256367131533
-0.016010064345
-0.0294380144793
-0.0161318947123
-0.00611593954645
-0.0130730911362
-0.025941013069
-0.013531957157
-0.0173807453531
-0.0176235324519
-0.0352528929458
-0.0326241640988
-0.0286548996837
-0.00795604844579
-0.018758860805
-0.0281947106803
-0.0180321190138
-0.0255715781489
-0.0211204710387
-0.0211894432362
-0.0227544472232
-0.0304118335554
-0.0215031818121
-0.016834062735
-0.0324405096297
-0.018653566043
-0.0164520111555
-0.0264015059798
-0.0170631508904
-0.0396490590995
-0.0292189434529
-0.0269670727893
-0.0388843549609
-0.0292500147851
-0.0211936738522
-0.0325849226205
-0.0300459341186
-0.0292896777839
-0.0239540023761
-0.0295343500733
-0.0259955665532
-0.0302217109758
-0.0151555538127
-0.0198712592466
-0.0363360364503
-0.0398258813742
-0.0222482712799
-0.0170221316529
-0.0313804424253
-0.0360471188985
-0.0370474288056
-0.0185711595385
-0.0125013055124
-0.0424553255174
-0.022126896203
-0.0262641603739
-0.02795061641
-0.0291241107143
-0.0469807593719
0.0060275265005
-0.0438643187509
-0.0334256755883
0.00795881597672
-0.0143902168654
-0.0122838978927
-0.0303631081667
-0.0235368782165
-0.00917183160768
-0.00474778477853
-0.0166149861433
-0.0126430519465
0.00295862012581
-0.0111338869248
-0.0120816637818
-0.0280095406056
0.00498893535517
-0.0156860709811
-0.0200938667624
-0.0158201105648
-0.0148335832303
-0.00690416160474
0.00907059914744
-0.0112994785672
-0.000756517478611
0.00189186023726
0.024288096555
-0.0175056224859
0.00483067116049
0.0233174182907
0.00282022647315
-0.0176769653444
0.017142233364
0.00243030758103
0.00151715454219
0.01038133214
-0.0017905596308
0.00756420979769
-0.000518348225481
0.00950561712018
0.0275708632506
-0.00547646879739
-0.00424852776243
0.00726239808556
0.00518704209334
0.0152009929786
0.0198546239371
0.0179969259311
0.0429043169449
0.040256254424
0.0484673330298
0.0356250567395
0.0303604665754
0.0581338006435
0.0152417564627
0.0141969172711
0.00754144791497
0.0117597590553
0.0210638353315
0.00838478852661
-0.00409837649845
-0.0085564253892
-0.0137370937214
-0.000282596261306
-0.00475311886936
0.00931027386741
-0.0258486308328
-0.0125839342716
-0.0240649402164
-0.00863607940332
-0.00463023047708
0.00956986159325
-0.00125468956368
0.0449852552112
0.0301768000482
0.0403855796542
0.0267810613076
0.0473564472471
0.0223451050454
0.0497948164619
0.0843135767923
0.105312527932
0.143463702583
0.15291148436
0.161810559293
0.170709634227
0.179608709161
0.188507784094
0.156003887456
0.173983908001
0.143599290001
0.151773212591
0.16796322709
0.172439661395
0.207238113389
0.196990412265
0.194930037587
0.205313649264
0.176668791985
0.194084078366
0.189000131452
0.190351589713
0.174214280909
0.179033593775
0.178769375988
0.19038808401
0.182591253709
0.188319686002
0.203554829674
0.196007320325
0.182850313639
0.16453577295
0.165245789709
0.156224563539
0.128637427026
0.127230419394
0.142600263863
0.130959590237
0.124680487364
0.109154406976
0.107501528962
0.122813438494
0.118476362816
0.13453574562
0.14094495942
0.129832515416
0.109644567004
0.0894566185922
0.116296796893
0.130475326471
0.118716944328
0.114730501211
0.101344605557
0.122974207095
0.151051620359
0.183545420042
0.206819549925
0.1921918917
0.174592034026
0.190473222306
0.189235177445
0.18993528694
0.1916147323
0.239999224715
0.285710798018
0.283522495295
0.28552239778
0.295968582318
0.280251479907
0.273526797926
0.23304161466
0.280047933238
0.221841129015
0.197681138803
0.217749643307
0.190466182441
0.179192015227
0.167917848013
0.156643680799
0.158977793634
0.181952547916
0.219096918
0.20391441929
0.202575814056
0.201237208821
0.180219535718
0.179767706309
0.151288997001
0.131319004154
0.0948361428142
0.0911963566659
0.0588933211895
0.057471896121
0.0691692604865
0.0417365677919
0.0250203301559
0.0226289814901
0.0109821515736
0.0196186177535
0.0185574625001
0.00146744844319
-0.02732943924
-0.00168809533739
-0.0204171066793
-0.0133190621849
0.00302535734027
-0.0242342816413
-0.0135339188346
0.00532404608348
0.0106790313843
-0.0220714379317
0.00786111981314
-0.00957979254582
0.00154068582565
-0.0191299299997
-0.00233045987088
-0.0121690383954
-0.00141504150392
-0.0472856909546
-0.040163707227
-0.0213718699177
-0.0343649365308
-0.0449657415859
-0.0367073864565
-0.0414547614409
-0.04920355221
-0.0307455531407
-0.0263861016187
-0.0448730396811
-0.0387686981935
-0.0226371834226
-0.0337540396065
-0.0393339509924
-0.0420154249412
-0.0223580394685
-0.0294909469385
-0.0270458481803
-0.017117451147
-0.0125235935396
-0.0248485646781
-0.0322763690428
-0.017592290986
-0.03572141681
-0.053850542634
-0.059780912322
-0.0587252125539
-0.0545951909815
-0.0523319396655
-0.0585608514746
-0.0564273064682
-0.0530972861523
-0.0527512081368
-0.0338111284279
-0.0311805793472
-0.0518983712713
-0.073317326677
-0.0730367414995
-0.0597410001339
-0.0502968795093
-0.0565212709294
-0.0497008641159
-0.0518625249383
-0.054139451374
-0.058633576758
-0.0433808673779
-0.0281281579978
-0.0639989249489
-0.0459800297852
-0.0469594638064
-0.0425671308574
-0.0376951905673
-0.0403066497194
-0.0504676665314
-0.0350322700823
-0.0162377855235
-0.0336183581993
-0.0290007345391
-0.00803088161684
-0.0378671243879
-0.0327994559699
-0.0302792738311
-0.0326751971688
-0.0457646038068
-0.0429296540708
-0.046812718062
-0.0322227980527
-0.0230631130841
-0.0380960011694
-0.0341282325389
-0.0315902403088
-0.0413280145861
-0.0243508649859
-0.0271575319616
-0.0239715565071
-0.038655500312
-0.04868226947
-0.0479942602331
-0.0236500074238
-0.0213733018443
-0.0350644124537
-0.0277483784176
-0.0191200592165
-0.0467626667369
-0.0514872624649
-0.0369765181834
-0.0567640503581
-0.0387867728357
-0.0376656472913
-0.0234905570027
-0.0268688213457
-0.0405011249232
-0.0306965806819
-0.0189791664116
-0.0266237202368
-0.048843644959
-0.0486885918271
-0.0587737914899
-0.0463529530049
-0.0502365925465
-0.0377666998216
-0.02585565331
-0.0493748059312
-0.0319551983133
-0.0214680252178
-0.0171917343251
-0.0284755316048
-0.0575819582922
-0.0340459497479
-0.0490063168172
-0.0610750094842
-0.0341171842411
-0.0439685020255
-0.0215917672535
-0.0253502323405
-0.0166507897306
-0.0182598553398
-0.0219547974645
-0.0315873075888
-0.0422051954165
-0.0528230832443
-0.0604923245339
-0.0533795139168
-0.0520549079371
-0.0433215627987
-0.0487374121967
-0.0461622565659
-0.0420862322417
-0.0414153229229
-0.0476580323237
-0.0428153240176
-0.0441162538094
-0.0514131775394
-0.0432220700895
-0.0550071409951
-0.0487963196108
-0.0444844289557
-0.0230954277225
-0.0370303794745
-0.0241261537921
-0.0176430135131
-0.01994145306
-0.0241558997373
-0.0498013850401
-0.0412148826105
-0.0386227933495
-0.0367185913671
-0.00468327646811
-0.0478819165445
-0.0279015663083
-0.0273195271524
-0.0386095603488
-0.0151864885314
-0.0343648003954
-0.0156952209315
-0.0313227186404
-0.0309343644391
-0.028918873379
-0.026903382319
-0.0498354259017
-0.0202343376044
-0.0289490954736
-0.0135628698715
0.00273840581841
-0.00672581586166
0.0122501888648
0.00364352857103
-0.0300411141317
-0.0352089545804
-0.0211846110414
-0.0265446431858
-0.0308763997987
-0.00545506126974
0.000607519555869
0.000388396629523
0.0070719628582
-0.000311575260183
0.0267350768935
0.0211911063648
0.00653742396459
0.0176792505506
0.0489340131683
0.0468791588679
0.0633515263435
0.0599610805035
0.0484728380034
0.0676401129856
0.0776396492174
0.0870217526605
0.096368896399
0.105782066558
0.0863273585284
0.0927272844089
0.0594095055213
0.0357251907051
0.0370678594258
0.0364460402359
0.0426855879266
0.030430829024
0.0168584103888
0.00817860085812
0.00716142735785
0.00563640658763
0.00635267272756
0.00485359116153
0.0033545095955
0.00126403352844
0.00829892161311
-0.0109432188116
-0.00651964299826
-0.0183923117139
-0.0029721655673
0.00836078122572
0.00320057119745
-0.00641878921289
-0.0108561947289
-0.015293600245
-0.034626834999
-0.0213686532111
-0.0218697099121
-0.0329783055996
0.00518658555441
-0.0131387723662
-0.0238724992387
-0.0411759335379
-0.0252226265053
-0.0153586272044
-0.0215419856878
-0.0170761247628
-0.0176881372344
-0.022855911235
-0.0124247261117
-0.00175761846248
0.00259496733776
-0.0238469524657
-0.0132418713947
-0.0051679320369
0.0248268220774
0.0321446060177
-0.0184422903478
0.0168861112414
0.0263809937211
0.0276224883814
0.0193516398243
0.0110807912671
0.00280994271002
-0.00546090584711
-0.0596383338706
-0.0471470660394
-0.0761601266979
-0.0939505294416
-0.14748137249
-0.16735327752
-0.170917471777
-0.174481666035
-0.168213973846
-0.188773308296
-0.161169495511
-0.155364373883
-0.125582272793
-0.128517799663
-0.12012340079
-0.0782032643739
-0.0926199975172
-0.0836404386051
-0.0648992742847
-0.0500962940999
-0.0358075760473
-0.0412304397886
-0.029905459545
-0.0205324291015
-0.000204429434216
-0.0109512747909
-0.00299460482755
0.0149063762533
-0.00941226661703
-0.00185606117347
-0.0275374593002
-0.0302525964631
-0.0212339450226
-0.0197808248675
0.0099946985252
0.00322000092961
0.0155101521164
0.0055995417217
-0.00187571797641
0.00240658764865
-0.013521699194
-0.00153874677311
-0.00432950595064
0.022227010476
0.0164096330821
0.00882376189057
0.0026747060227
0.0120990016943
0.0315580520309
0.0264267678959
0.0180510951323
0.0415195458822
-0.00509839387127
-0.0150979170675
-0.0117874802925
-0.00144114560467
0.00653081376803
-0.0152123174002
-0.018494897673
-0.0274833042048
-0.0315788291758
-0.0240294472933
-0.0107370228737
-0.0105439417311
-0.0223333851817
-0.0341228286323
-0.040304327711
-0.0205749696312
-0.0483300992718
-0.0510842049573
-0.0458311506385
-0.0458808453073
-0.0288043973976
-0.0370403257673
-0.0292870825199
-0.018750541338
-0.049268959578
-0.0558303082596
-0.0647967601677
-0.0577841648764
-0.0545572945827
-0.0439584352158
-0.0219973015487
-0.0323714021744
-0.0660252974945
-0.0544014010356
-0.0608554661861
-0.0512776263742
-0.0355518988264
-0.0310081948384
-0.0350946935867
-0.0259943269215
-0.0366242376356
-0.0207504149258
-0.030088351784
-0.0160587896195
-0.0324314217252
-0.024191496453
-0.0319097324697
-0.0185955855415
-0.0603246970387
-0.0577589715632
-0.0705177075005
-0.0683353651135
-0.0536091256514
-0.0453557939485
-0.0598736098031
-0.0655225889025
-0.0676409501972
-0.0623760358266
-0.0556672745295
-0.0507520406553
-0.0575015618476
-0.0600325549533
-0.0716754134391
-0.0886447533882
-0.0592735143347
-0.0522451499991
-0.0435789604348
-0.0178583898535
-0.0525204955316
-0.0501397343794
-0.0351841897371
-0.0166278124928
-0.0494609148918
-0.0609587521797
-0.0644645942604
-0.0328292706249
-0.0518372785693
-0.0456961508148
-0.0391951611164
-0.0317274959783
-0.0475759012223
-0.0317454067014
-0.0263622929272
-0.0185336771256
-0.0527701753865
-0.0477780077598
-0.0483519722642
-0.0489259367687
-0.0494999012732
-0.0500738657776
-0.0337771498975
-0.0351234315802
-0.0276310497528
-0.0305262558782
-0.0066711991187
0.00273725700076
-0.0305213002767
-0.0361382883733
-0.0255725126317
-0.0434730824808
-0.0135652540969
-0.011601662497
-0.0112577527382
-0.0148493452252
0.00241213273517
0.00641680608043
-0.0143014856848
0.00843776052074
-0.00647698574023
-0.0213917320012
-0.0126366968683
-0.0253111075619
-0.00574565634843
0.000557700495835
0.00439650177964
-0.0239193995062
0.00258739687257
0.00918054753709
0.00387027593157
0.0106399803029
0.0136512118459
-0.0169825090666
-0.0229166523322
0.00996832689832
0.00787771639393
0.011363229642
0.0161688576842
-0.00915368297574
-0.0146893280298
0.0143521900534
0.00834730745512
0.00868262275049
-0.00259368695106
-0.0138699966526
-0.00975404758277
-0.00813316244133
0.0233390985602
0.0160013671806
0.0232563626336
0.00441682538942
0.0139320300448
0.0263871681059
-0.00653545751372
0.0107938904607
-0.0125963616187
-0.0159167835792
0.00137292314391
0.0116893709707
0.0149324520139
0.015397068994
0.0258829197706
0.0294985014571
0.0373540235953
0.0629019760614
0.064226542235
0.0568476990201
0.0103652203812
0.0171190629108
0.0268728552146
0.0167558487029
0.0136439715948
0.0351533006823
0.00234343853083
0.031193505037
0.0321881226486
0.0244886361649
0.00100913989985
0.0248606466492
-0.00703706467146
-0.00266398614096
0.0169887389116
0.00164350528418
0.0443863913476
0.0424215982025
0.0572607270866
0.0738705887113
0.0788261892862
0.0571328181574
0.0589956378601
0.0503468319364
0.0413080012481
0.0480401257499
0.0517567630918
0.073754264024
0.0781396115193
0.0714023005708
0.0667304122219
0.0537107963136
0.0632872150085
0.086996539826
0.0542080776961
0.052327075135
0.032090381235
0.0516841785958
0.0484223739411
0.0392791349694
0.0490256459889
0.0565743796512
0.0553871392982
0.0291601747285
0.0341583413693
0.0362858502312
0.0465825475727
0.0549826861525
0.0428835169075
0.0307843476624
-0.00130972329636
0.00768060449338
0.034254429622
0.0259152322257
0.0287422536629
0.0463055446768
0.036349195347
0.0163148407918
0.0298842654104
0.0303662383902
0.0426860687173
0.0223462379877
0.0302551868824
0.0332972913409
0.0366282093445
0.0466565914721
0.0299023726951
0.0449378118859
0.0422109356306
0.0463333641912
0.0595846877848
0.0727426373655
0.0403413526788
0.0646658480677
0.0750985275273
0.04988353039
0.0713727172533
0.0674795284663
0.0659444892259
0.0582172302473
0.0581459683486
0.0794400540775
0.0703782414851
0.0728038995375
0.0620196407989
0.0530723971104
0.0631347273877
0.0618058618739
0.0583847669998
0.0627896811047
0.0680625737118
0.0636442925542
0.0744583526126
0.0786802937747
0.0836684001485
0.0568822826112
0.0506157480799
0.0652579661058
0.0482605826967
0.0759604029375
0.0818769579954
0.0517951560425
0.0550445737984
0.0583448506735
0.0615461575339
0.0639092427896
0.0601562161425
0.065276461719
0.0513419337992
0.0332396643421
0.0417685599649
0.0521767002393
0.0625848405136
0.0824196242393
0.102254407965
0.12835090214
0.166405540605
0.218460502793
0.275258480534
0.235231747741
0.290887040036
0.34370650756
0.341101094563
0.409037889348
0.466421491003
0.540247432696
0.614073374388
0.671279922866
0.705338318254
0.739396713642
0.773455109031
0.807513504419
0.841571899807
0.838869891589
0.836167883372
0.833465875154
0.830763866936
0.828061858718
0.825359850501
0.822657842283
0.819955834065
0.817253825848
0.81455181763
0.811849809412
0.809147801194
0.806445792977
0.803743784759
0.801041776541
0.798339768323
0.795637760106
0.792935751888
0.79023374367
0.787531735453
0.784829727235
0.782127719017
0.779425710799
0.776723702582
0.774021694364
0.776677035523
0.727248089812
0.6778191441
0.5812561616
0.592911545396
0.499517065237
0.450718621967
0.407057682195
0.445564328615
0.394814965957
0.339103570054
0.249884248738
0.212217528263
0.19644349512
0.180669461978
0.181495419063
0.159828271739
0.148049603687
0.153680403967
0.143324362222
0.155185352129
0.153163599448
0.146176634951
0.15354915705
0.157802160369
0.170642451529
0.176905289776
0.20592118253
0.204551284253
0.203181385977
0.2018114877
0.184878018179
0.150475200628
0.151354563379
0.113856159946
0.1146841967
0.125628585645
0.129105197226
0.118982754407
0.143122254186
0.124464785833
0.11471795493
0.108851857321
0.0990560229085
0.102651209828
0.103867922121
0.0849073635528
0.0760089903356
0.0817752572663
0.0675045482568
0.0629893345071
0.0692905583272
0.0651450926377
0.0639575961103
0.0485549281785
0.0553987900382
0.0475377911951
0.0603665856095
0.0430165129893
0.0473058902516
0.0352029435725
0.0348402673636
0.043013848673
0.0268351518599
0.0166140589881
0.0598781574691
0.0344145060663
0.0345251198929
0.0334853148803
0.0227147408081
0.0126671101269
0.00864243741396
0.00798007599576
-0.00509333735262
-0.00842605555489
0.0179466142791
0.000768747365054
-0.00469951405231
0.00458178994544
0.0127998217763
0.00678449771756
0.000513786039765
-0.00708129217487
-0.0146763703895
-0.0200649271986
-0.0123273136279
-0.0298063036498
-0.0423431645557
-0.0258090921896
-0.0369399084715
-0.0486023629917
-0.00872096559219
-0.0395278061592
-0.0395017074596
-0.0330791342128
-0.0144608914124
-0.0301710491531
-0.0559109017368
-0.0533715529112
-0.0489728985255
-0.040319858511
-0.0530503153627
-0.0531580365892
-0.0464873066776
-0.0505121493743
-0.0255599800437
-0.0487395344113
-0.0515173603859
-0.0512564583536
-0.0505245667396
-0.0484914750035
-0.034782570813
-0.033186170474
-0.0510291516747
-0.0372943929295
-0.0233353567618
-0.0422284586459
-0.0295013011025
-0.060064587075
-0.0350925665988
-0.034509439986
-0.0391205720259
-0.0503732070523
-0.0278101088656
-0.0351888824645
-0.0331856845889
-0.0429971402657
-0.037044551082
-0.0253213069253
-0.0175268237341
-0.0332170812192
-0.00753881595583
-0.0400848026856
-0.0223910506238
-0.0278539931122
-0.02847559156
-0.0233276812911
-0.0262526091169
-0.0213962069475
-0.01906812086
-0.0154571716887
-0.0289939112063
-0.0183741875193
-0.0304505538305
-0.0193340720333
-0.0204058580955
-0.0183684991052
-0.0203281595729
-0.015577081533
-0.0268283932843
-0.0226710356923
-0.0358153756024
-0.00269267119286
-0.018431200239
-0.0322137994853
-0.0184479111222
-0.0137232010275
-0.0031629964722
-0.0248234209173
-0.020637445164
-0.0321607861653
-0.00226944459059
-0.00332190830203
-0.0140285652613
-0.00634931439875
-0.0190277497071
0.000844899765654
-0.0198547029142
-0.0166605573777
-0.00220354371727
-0.0114932761832
-0.0133964874091
-0.00373010204748
-0.0060494088255
-0.0107103468899
-0.000592908833093
0.00447167868556
-0.0151394977709
-0.0127818327753
-0.0104241677797
-0.00724484297707
-0.0142378746554
-0.0193386380862
-0.00694860971463
-0.0286215631375
-0.0321170341086
-0.0155751974983
-0.0134181320536
-0.0205149968859
-0.0222022441629
-0.0211778488769
-0.0261423355005
-0.0181136242274
0.00591718078512
-0.0203155042132
-0.019096808245
-0.0345314576901
-0.0288074945861
-0.0172097359622
-0.0289464549311
-0.0233048178776
-0.0215818354376
-0.0223015823569
-0.0248884478981
-0.00731719179747
-0.00647399612584
-0.00605866952503
-0.0100658355475
-0.0174511029499
-0.00328732712252
0.00941167948653
-0.00668709540106
0.00280118697811
0.00754433241679
-0.0125972943677
-0.0158093762204
-0.0164934305727
-0.0176540098254
-0.0287163016086
-0.0291063958964
-0.0297106510519
-0.0310927014819
-0.0139083281782
-0.00249594940457
0.00451306212106
0.0110765845819
-0.00783036710064
-0.0104070189442
0.00828364721575
-0.0128883795696
-0.00588010600089
-0.00509620928974
-0.00501073206753
-0.00079449951856
0.0132784578251
0.00248181409988
0.028183640107
0.021416378204
0.0108291112271
0.0169950686106
0.0059523861899
0.0199058285963
-0.00153711168505
0.00738581154827
0.0230135187974
0.00280077827922
0.0145265925847
0.0250243569326
0.0266167740611
0.013699424051
0.00926509259536
-0.00776374648606
-0.00293672601383
0.00633922120384
0.0141082003748
0.0254768971144
0.0276350476328
0.0240358956613
0.019541743992
0.0150475923227
0.0117648682872
0.00554933175029
0.0206338853219
0.00790557338128
0.0116168837102
0.011193900154
0.0240053757704
0.011322388194
0.00209995601387
0.0211956369925
0.0101575371635
0.0014789401587
0.0103807702531
0.00395376399226
0.00841814789403
0.0128825317958
-0.00460508222128
0.00184766821613
0.00044688287991
0.00158198365565
0.0440694538527
-0.00852697426146
0.0028602326824
-0.00356575255542
0.00355515064346
-0.00805610185746
-0.0118207035637
-0.0148961323961
0.000377423926838
-0.00417018679184
-0.00538787383082
0.0162377724094
-0.0030123419423
0.0220617370538
0.0191653981645
0.00289577396644
0.0253672846789
0.0478387953914
0.0852138528899
0.122588910388
0.159963967887
0.165154350168
0.166520775818
0.167887201468
0.169253627119
0.170620052769
0.171986478419
0.173352904069
0.174719329719
0.17608575537
0.17745218102
0.17881860667
0.18018503232
0.181551457971
0.182917883621
0.184284309271
0.185650734921
0.187017160571
0.188383586222
0.189750011872
0.191116437522
0.171860945035
0.157722299491
0.153920012203
0.150117724916
0.146315437628
0.14251315034
0.147370331778
0.201875516711
0.18089906732
0.174065676233
0.167232285146
0.160398894059
0.153565502972
0.151258299317
0.148951095661
0.146643892006
0.144336688351
0.146083346508
0.147830004665
0.149576662822
0.141771893299
0.105354226277
0.108128703747
0.0836316676793
0.0722976783656
0.0457644739787
0.0574016287531
0.0399987887558
0.0534023209782
0.023453701819
0.0386148710655
0.0441443185746
0.0207111906855
0.0303192193609
0.0322468372398
0.0367872508027
0.0293062683927
0.0471454813599
0.0453265018809
0.0200686789788
0.028126403142
0.0232278498487
0.0331897237376
0.0241869741875
0.0304762382873
0.0154705801528
0.0140978839335
0.0363986799333
0.0272139741468
0.018087563543
0.00896115293919
0.00548763700571
0.0210056086517
-0.000948023210072
-0.0135102599277
-0.0254185926848
-0.0385754954495
-0.0198883487333
-0.0379320905358
-0.0152793708585
-0.0262261948799
-0.0446571189274
-0.0540026724212
-0.0614135136383
-0.0581865766611
-0.045990530359
-0.0396563724414
-0.0292444161933
-0.0418995636424
-0.0151247580263
-0.037432824601
-0.0134552918012
-0.0163977843535
-0.0106029517177
-0.0305923182375
-0.0256855496978
-0.0417210852458
-0.0194964403265
-0.0330241794073
-0.0174631233105
-0.0390166251048
-0.0409646829436
-0.0220785924489
-0.0319573297678
-0.0460408504517
-0.0449298897803
-0.0317917364629
-0.0468795657402
-0.0391382667589
-0.0439143057613
-0.0243261000712
-0.0420673990225
-0.024129120068
-0.0345659231902
-0.0271049273263
-0.0412105598747
-0.0361759157262
-0.0381854795751
-0.0201278681961
-0.0522724774424
-0.0383456473829
-0.0484288143322
-0.0283236683448
-0.0500966591684
-0.0367027335494
-0.0478580507732
-0.0445253117296
-0.062931833348
-0.0552977908062
-0.0427296364276
-0.0486099654716
-0.0487107367837
-0.0544191701008
-0.0492991254169
-0.04745742364
-0.0360871057684
-0.0423192971789
-0.0521555169141
-0.0422219188573
-0.0546319939087
-0.043040194457
-0.0469996226935
-0.0573257524763
-0.0569934570191
-0.0547534029838
-0.073306196648
-0.0426905430144
-0.0606893247863
-0.0520867940914
-0.0477350006308
-0.0522197169791
-0.0348245248687
-0.0454699908987
-0.0477537429075
-0.0332307703378
-0.0301214685156
-0.0425893223982
-0.0336461664333
-0.0397833700765
-0.0432299021446
-0.0524275139569
-0.0246908662446
-0.0190163275363
-0.0299714028001
-0.0494424584924
-0.0384653940252
-0.0274883295579
-0.0360483679127
-0.019345041989
-0.0227325182426
-0.0151785173014
-0.0303498281394
-0.0385707204772
-0.0326760025441
-0.0128028093001
-0.024977094579
-0.024011351817
-0.0246642204918
-0.0298988182684
-0.0292844578599
-0.0294479311833
-0.0377023703352
-0.0324702384082
-0.0261514175972
-0.0326226530239
-0.0212862108676
-0.01948564064
-0.0335835056194
-0.0113428522701
-0.0539985534962
-0.0391540505297
-0.0334129876717
-0.0307586131537
-0.027204614478
-0.0222014560543
-0.0238827067075
-0.0304837063298
-0.0308648166626
-0.0153568876816
-0.0244390391741
-0.0203625379405
-0.0621099831082
-0.049894668767
-0.0316321091942
-0.0541147885324
-0.0380039830099
-0.0458985677097
-0.0373644805886
-0.0263950252903
-0.0292514489021
-0.0422597053988
-0.0173135412754
-0.0185579283644
-0.0252142072413
-0.0368208844424
-0.0196456493948
-0.0300882801773
-0.0548564038136
-0.0490754459985
-0.0245554724771
-0.0338045289195
-0.0401322999513
-0.0219522759477
-0.0399988185444
-0.0263588936008
-0.0465704115042
-0.0616623142138
-0.0519562925239
-0.0591793047869
-0.0566635163983
-0.039400151271
-0.0565195450915
-0.0517878964913
-0.0370588075172
-0.0383391639892
-0.0237461511081
-0.0278525093856
-0.0351215106291
-0.0456795147062
-0.0279497024831
-0.0291218043601
-0.0188147277394
-0.0210183344265
-0.0242621140343
-0.0397476725363
-0.0306195170371
-0.0275892091005
-0.0282594748369
-0.0188696438234
-0.0500737221219
-0.0536931155367
-0.0475867636539
-0.042679078847
-0.0460297985222
-0.0399587962208
-0.0502386302116
-0.0473311424427
-0.0246501663118
-0.0395804072627
-0.0446946510924
-0.0317558332569
-0.0426470394155
-0.0535382455741
-0.0623648085264
-0.0682552850126
-0.0439379125543
-0.0426260016262
-0.0258530275725
-0.039129722333
-0.0623593951445
-0.0548141930198
-0.0385899090684
-0.0480084547724
-0.0673326250103
-0.0584948915308
-0.0709887248802
-0.0503095007852
-0.0528529504557
-0.0582792224207
-0.0483891314018
-0.0384990403829
-0.0519059755777
-0.0788948968543
-0.0725534086635
-0.0640221508124
-0.07615213549
-0.0715245368186
-0.0688100130216
-0.0503867371821
-0.0235741237123
-0.0153642464234
-0.0426465589637
-0.0169209043584
-0.0227035075787
-0.0323122246371
-0.0319125155905
-0.0297755989414
-0.0893178258407
-0.0794431320515
-0.0762697515875
-0.0590959880799
-0.0634816267965
-0.0562624177784
-0.0452717415108
-0.0627897169509
-0.0730643917579
-0.0689656712498
-0.0730556803449
-0.0896564871571
-0.0932154962523
-0.100623220132
-0.0911593565136
-0.0990874223357
-0.107517876675
-0.122897645368
-0.108405515825
-0.122118270894
-0.108533645325
-0.106358885833
-0.0908231746747
-0.0806191683785
-0.0820301707444
-0.0782042573993
-0.0631327548578
-0.0651364664378
-0.0518910510585
-0.0571074054649
-0.0854166764978
-0.0927073643537
-0.0996636659102
-0.110658526502
-0.118403537115
-0.128584166943
-0.142112135941
-0.101413128928
-0.101687287428
-0.118050804374
-0.106175925169
-0.0909486103767
-0.0732658045896
-0.0737447122173
-0.0732955645479
-0.0866182702647
-0.0840952681172
-0.0887245443939
-0.124675627036
-0.130218342814
-0.114676010678
-0.0893190011863
-0.0304732765279
-0.049508767822
-0.0304740563742
0.0157614323335
0.0543910847869
0.0513387529388
0.0482864210907
0.0556222942428
0.0435329490683
0.0314436038938
0.013508510523
0.00817736970278
0.0109567862859
0.0592181872044
0.0548419063158
0.0512265117299
0.0455368219952
0.0618266703557
0.0387360762228
0.0549990247395
0.0162818729744
-0.00672463632077
-0.0211477045857
-0.0108589553996
0.00791937199332
-0.00901406144625
-0.00633043779891
-0.0147648253748
-0.015923433168
-0.0418241622058
-0.0454373663023
-0.0443407783236
-0.0445184791428
-0.0304257004706
-0.0329478099035
-0.0589403085109
-0.0586764620858
-0.0544365445444
-0.052819602415
-0.0646050420921
-0.0527535463915
-0.0665125537926
-0.0597719700353
-0.0578099530402
-0.0744450570953
-0.0484364724007
-0.0512661090084
-0.0344808581202
-0.0359970228942
-0.0349923894594
-0.0445518775778
-0.0416432311449
-0.0191908657963
-0.0208691975643
-0.00859137263608
-0.0194534037443
-0.0233719550719
-0.0241697631492
-0.0190319480231
-0.0104817894559
-0.0196175383593
0.00198944169888
-0.00923596324815
-0.00256216122038
0.00582521110068
-0.012494702087
-0.00601980824129
-0.00310589206797
-0.0040176483414
-0.00961408311039
0.00168497990475
-0.00312358391125
-0.00662529049236
-0.00856151016951
-0.0246188153882
-0.00959804719645
-0.0225501220561
-0.0283594176777
-0.0177750182928
-0.0183076532736
-0.0374131563107
-0.0233665971503
-0.042214398865
-0.0293508096355
-0.0360953888399
-0.0214085181299
-0.0304518043573
-0.0489147039246
-0.0506931339119
-0.0459661582893
-0.058683972239
-0.0495442837769
-0.0607425388418
-0.0489017811316
-0.0483660881904
-0.0462423970145
-0.052701798539
-0.0399196407189
-0.0462534916754
-0.0287542360939
-0.0398948944765
-0.0475502464827
-0.0407673449783
-0.026373178683
-0.0629075094751
-0.0495343135391
-0.0622528216226
-0.0632686838416
-0.054825207134
-0.0485761988144
-0.0534313103442
-0.0567537613436
-0.0583102808814
-0.0574140151953
-0.0454290050243
-0.0537322997711
-0.0587747896596
-0.0527010304369
-0.0600462684735
-0.0539181424891
-0.0465727955584
-0.0614640905119
-0.0599657454686
-0.0584674004253
-0.056969055382
-0.0554707103387
-0.0539723652954
-0.0524740202521
-0.0509756752088
-0.0494773301655
-0.0479789851222
-0.0464806400789
-0.0449822950356
-0.0434839499923
-0.041985604949
-0.0404872599057
-0.0389889148624
-0.0374905698191
-0.0359922247758
-0.0344938797325
-0.0329955346892
-0.0314971896459
-0.0299988446026
-0.0285004995593
-0.027002154516
