-0.0328000094507
-0.0307555776961
-0.0300098481387
-0.0321371283287
-0.0317500034093
-0.0296338178455
-0.0272374507386
-0.0281941809831
-0.0278919344134
-0.0237255367883
-0.0279782302211
-0.0269668480939
-0.0282741343185
-0.0282202576644
-0.0237575643696
-0.0221936254169
-0.0213390251528
-0.0186466505981
-0.0186286970799
-0.0147717680185
-0.0120507946182
-0.00553092150885
-0.0054088373182
-0.00447583124528
-0.00542856977264
-0.00437975706933
-0.00465581158574
-0.00365464279341
0.00073119338617
-0.00513106613853
-0.00758294633306
-0.00293648610688
0.00169258540804
0.00224803574789
0.00109130793839
-0.00165291694424
0.000282786143605
-0.000579158895635
-0.00285819885435
-0.00670932071256
-0.00342694078675
-0.00510894090308
0.00225343404774
-0.00321191995073
-0.00547614084601
-0.00747800857243
-0.00876795198144
-0.0102403892139
-0.0138498241902
-0.0170354915785
-0.0202211589668
-0.0209667010738
-0.0186632210503
-0.0224647570233
-0.0251716145527
-0.0240056226296
-0.0256246224895
-0.0299113859083
-0.0268543618123
-0.0254918182503
-0.0227478954797
-0.0209405334692
-0.0151995686665
-0.0136715608045
-0.0139120775685
-0.00898752745886
-0.00406542775756
-0.00651470061329
-0.00590407353071
-0.00896767777455
-0.00956061523762
-0.0151736231967
-0.0129693153996
-0.0170213068124
-0.0248206338523
-0.0257913034636
-0.023783071432
-0.0255160188233
-0.0258031975544
-0.0246630390158
-0.0270035463374
-0.0269617663725
-0.0225241463977
-0.0250188550018
-0.0255044280759
-0.0217838433801
-0.0211484986352
-0.0225313570958
-0.0209911221445
-0.0221912252091
-0.0218236798789
-0.0232894604812
-0.0203840307842
-0.0246255229261
-0.0288670150679
-0.0281373163687
-0.0213189565015
-0.0121157819827
-0.0199926046634
-0.0118056158173
-0.015635160578
-0.0143955914157
-0.00947902010051
-0.0101511283382
-0.00339894051436
0.00227757201196
0.000847579481699
0.00791576648845
0.0112663757801
0.012836149209
0.0139159450644
0.0122935984082
0.0258297512187
0.0273362658591
0.0306650037436
0.0318318724511
0.028603073321
0.0255613587448
0.0291189918467
0.0227549840292
0.0143273950573
0.0111270148307
0.00593518385714
0.00519289520848
0.00312948665326
0.00114946753726
-0.00050330796681
-0.000212476696748
-0.00462287509259
-0.0062491387328
-0.00966418680907
-0.00757065638182
-0.0150321025687
-0.0136603155022
-0.0177532556513
-0.0190389423964
-0.0209810435258
-0.0258292894358
-0.0266184717454
-0.024727810813
-0.0220816909139
-0.0230339068532
-0.0227534210799
-0.0222786148099
-0.02110074643
-0.0218010780151
-0.0232502005898
-0.0242838083928
-0.0173620857391
-0.0139371365266
-0.0137241101668
-0.0119687712098
-0.0160092176672
-0.00963099100832
-0.00562657828767
-0.0112877500774
-0.00907973420687
-0.00428633554886
-0.00441993864531
-0.00851422586969
-0.00737626613688
-0.00330866547218
0.00206395324447
0.000454663742736
0.000348288514806
-0.00058100931789
-0.00857088432614
-0.00768685781196
-0.00760643313555
-0.00892717795892
-0.00577170769953
-0.00911423615323
-0.00889284744816
-0.00829692422469
-0.00978890074802
-0.0109400297975
-0.0115967258791
-0.0127953194672
-0.0111843765573
-0.0114931941198
-0.00995068478415
-0.00894922880512
-0.00515310811919
0.000993173647282
0.00324385815252
0.00665837480209
-0.00155660278711
-0.00578875024304
-0.0123804846662
-0.0129192885409
-0.0134580924157
-0.0139968962904
-0.0145357001651
-0.0150745040398
-0.0156133079146
-0.0161521117893
-0.016690915664
-0.0172297195388
-0.0177685234135
-0.0183073272882
-0.0188461311629
-0.0193849350377
-0.0199237389124
-0.0204625427871
-0.0210013466619
-0.0215401505366
-0.0220789544113
-0.022617758286
-0.0231565621608
-0.0236953660355
-0.0213415213067
-0.0235477321003
-0.0223123495838
-0.0184465358743
-0.0188768021848
-0.0195639651124
-0.02025112804
-0.0209382909677
-0.0216254538953
-0.0237292069387
-0.0222289334159
-0.017110887448
-0.0194703556541
-0.024797098159
-0.0260778953178
-0.0276180699943
-0.0265974664077
-0.0263070607503
-0.025138584776
-0.028162958182
-0.0279869244891
-0.0257617038196
-0.0265521252712
-0.0226914037931
-0.0235302091506
-0.0196991619916
-0.0213144655486
-0.0169790241737
-0.0136358260164
-0.0114860921065
-0.012738825441
-0.012066551415
-0.0102905108532
-0.00179607094349
0.00396807422737
0.0127155324341
0.0181577831471
0.0113828119702
0.010577815817
0.00615834589179
0.00122290277705
-0.00198833187474
-0.00442819957116
-0.0134357383782
-0.00636868486423
-0.0075854147914
-0.0123956949051
-0.0111249405737
-0.0114457851626
-0.0102702330708
-0.0124450042301
-0.0119496425034
-0.0162238583677
-0.0131668506526
-0.0156274836555
-0.0149436926282
-0.0164337114617
-0.0178648687274
-0.0182500022116
-0.020033664673
-0.0191841621508
-0.0265055867826
-0.0241762048415
-0.0253879423586
-0.0251899523609
-0.0219119932756
-0.0213612550893
-0.0200723426071
-0.0174609095799
-0.0147177201158
-0.0168361784363
-0.0162086289846
-0.0124603727071
-0.0120390899041
-0.0112348489606
-0.013790145052
-0.0163454411433
-0.0174109304384
-0.0176600432255
-0.0162351648861
-0.0164520509073
-0.00671745730717
-0.0101550834534
-0.0112426260781
-0.00808128296907
-0.0015609965302
-0.00464459204552
-0.0104253171889
-0.00503315247043
-0.00429077648132
-0.000552368173674
-0.00510721832026
0.0019370209189
0.00158273629229
0.0015319554439
-0.00440964119238
-0.00529591178354
-0.00101283100254
0.00274750046803
0.00515542845674
0.00147482040306
0.00385553542307
0.00232816697019
0.00211522985863
0.00859487137956
0.00936760025069
0.00280286614594
0.0037749677701
0.00484179089204
0.0022389110721
0.00152135227913
0.000845609963644
0.00172728731996
0.00339878373594
0.00600110971103
0.00268589584386
0.00448472903614
0.00825558500785
0.00589970798236
0.00467192257445
0.010712671566
0.0129275257305
0.0109007723929
0.0109977761988
0.0099399003756
0.0112521344371
0.00924065824231
0.0125372821297
0.0148637598218
0.0175213102864
0.0140248882479
0.0115338318508
0.00986199197366
0.009237193172
0.0117358038795
0.0216394681118
0.0262460907642
0.0277985586759
0.0182322596525
0.00577729193957
0.0076206195605
0.00326707602955
-0.00368927981308
-0.0068209474229
0.00325369448316
-0.0049939859422
-0.00612941872311
-0.00387022588967
-0.00823631635375
0.0104909613793
0.00920119089315
0.00525120262882
0.00137843979692
0.00160235577758
0.014428874174
0.00504295389994
0.00347711080164
0.00228939915249
0.00185451773869
0.00512810472389
0.0111786747239
0.0150013394369
0.00727054386448
0.00361792865604
0.0061889897448
0.00323681130442
-0.00182755828926
-0.00164843899123
-0.00291681215916
-0.00449302134373
-0.0110001261499
-0.01018725119
-0.00937437623004
-0.00856150127011
-0.00930670574137
-0.010891643363
-0.012091042121
-0.014148898435
-0.0123499843832
-0.0152120465025
-0.0142875338168
-0.012258447338
-0.010591958501
-0.00942236430564
-0.00154633886167
0.000149962037164
0.00213833096262
0.0041534633435
0.013111052448
0.0210893581568
0.0245523227821
0.0279373959581
0.0386307526765
0.0491896710065
0.0544709172606
0.05165256668
0.0474719185696
0.049878930303
0.052010093224
0.0449941772575
0.0366497175419
0.0342582402262
0.0330831840723
0.029885659614
0.0260166522744
0.0191331272622
0.0109528132128
0.0118713268647
0.00806338533447
0.0104498882034
0.0128485978137
0.0147359888344
0.00988810955937
0.0113037167746
0.0148220179316
0.0142874475688
0.0120200451983
0.0132330295528
0.0193184628752
0.00970509827951
0.000548103507408
0.000992830764849
0.00100002047573
-0.00249340583343
-0.00309604304758
-0.00241490623667
-0.00535507941608
-0.00876905280736
-0.00820451113935
-0.00736706862886
-0.0104547487336
-0.0100839208733
-0.00932032254674
-0.0124760759692
-0.00968789934945
-0.0103039756836
-0.0111722168963
-0.00660751888292
-0.00499704936078
-0.00210019930229
0.00022418142396
0.00823121444359
0.0220442094881
0.0291854802542
0.0348408447334
0.045814178036
0.0503966359077
0.0375007835897
0.0303820370815
0.0303667038098
0.0323225833545
0.036848706812
0.0328293540866
0.0375605900824
0.037105596754
0.0249707633697
0.015338593554
0.0107374540918
0.0191855574097
0.0163572327404
0.0190610824016
0.0173030393032
0.0173094312432
0.0222580604386
0.0155845670394
0.0180881189904
0.0208905471429
0.0247570321836
0.0286235172244
0.0337127617556
0.0292047761226
0.0334302728642
0.0342370786799
0.0346994608448
0.0341854173969
0.0289631192173
0.0244089730848
0.0201067972322
0.0238681842161
0.0239915128651
0.025549034765
0.0228766336246
0.0307756293469
0.0202044280506
0.0369383031935
0.027413005414
0.0277701339187
0.0412393159493
0.0555532268635
0.0658909569549
0.0634930135554
0.0726923155781
0.0721321275996
0.0691232274196
0.0705304226733
0.0504725284884
0.0376449367928
0.0293846308697
0.0226089774053
0.0198381472371
0.0216483630386
0.0307648251254
0.0313499435547
0.0278249368244
0.0263589314043
0.032415510594
0.0275296381585
0.032116832129
0.0324159592662
0.0335262751342
0.029468595871
0.0392294338177
0.0398134911556
0.0347125654315
0.0309557217604
0.0255250666413
0.0200944115222
0.0187246889807
0.0239829906347
0.0183696278862
0.0244501039783
0.0248815277916
0.0125142848117
0.0175014190838
0.02231570835
0.0253714934812
0.0308860603232
0.0423764064733
0.0445152831785
0.0420301973045
0.0483614236729
0.0476208733652
0.0468803230576
0.04613977275
0.0453992224423
0.0398455577257
0.0280963834979
0.00958578530035
0.00885037238322
0.00525513247076
-0.00425715492096
-0.0017942748845
0.00150870173267
0.00010866075185
-0.00404397098761
-0.00201426833285
-0.00227746171109
-0.00184967696293
0.0146925718215
0.00360718495276
0.00749969026136
0.00703012419792
0.00703563956758
-0.000219772972253
-0.00405729130652
-0.000180083513641
-0.00591886655294
-0.00715472465732
-0.00807032464991
-0.00628079004168
-0.00534387511595
-0.0148436710404
-0.0111345188917
-0.0149116662683
-0.0186888136449
-0.0201197143054
-0.0165347097153
-0.0116852425774
-0.0113328915896
-0.0187114853002
-0.00815023673372
-0.0149311367466
-0.00619829428874
-0.00351596036729
0.00477118304902
0.00676110121574
0.00232252503898
0.00217407365333
-0.00569965021513
0.000110465080263
0.00281886040403
0.00445583452642
0.00332228034657
0.000869963645977
0.00259448758231
-0.00480157048832
-0.00337531361771
-0.00655617996584
-0.0144414442985
-0.0126394134967
-0.0120699396818
-0.0178156118172
-0.016338372922
-0.0106149527611
-0.0128609901797
-0.0103289085816
-0.0102785602327
-0.00921595150874
-0.00570012949447
0.00146815892063
-0.00462550750039
-0.00380445375224
-0.00344990979317
-0.00394963728737
-0.00462634804909
-0.00333338166045
-0.00538139513696
-0.00166751745742
-0.00205891407447
-0.00369890775795
-0.00989855979814
-0.00175248778341
-0.00391514011301
-0.00695557949722
-0.0050348832604
0.00272049174972
0.00541070486068
0.0122827070153
0.0148624438117
0.0181261048989
0.0205758845694
0.017946081856
0.00994502745168
0.00868194413933
0.0108556564575
0.0058014906814
0.00311892872311
-0.00251272741486
-0.00108560612102
0.00293778797026
-0.00239523770384
0.00158436200227
0.00262256176358
-0.000151819033881
0.00232352740479
0.000361712874721
0.00242065559188
0.0142468217716
0.012836415217
0.0190885486245
0.0184846844724
0.0170998621487
0.0197955278593
0.0212811510161
0.0219464243001
0.0157019546875
0.0106725864262
0.00711312139426
0.00721954922365
0.00376985122884
0.000953904456732
-0.000603033471753
0.000558908370863
0.000990149360742
0.0067043929121
0.00191808394872
0.00611507726365
0.0040336648485
0.00578672223203
0.0102498680214
0.0147130138108
0.0120005127559
0.0101555928265
0.0130005580661
0.0148968833038
0.0125130131227
0.0104960583688
0.00708693060588
0.00764041042011
0.00535926775153
0.00633237778021
0.010213750996
0.0118646241806
0.0163381468606
0.010625641886
0.00869299603903
0.00561713306484
0.00388476579311
0.00381060779005
-0.00181743324625
0.00119363027407
0.00344190749208
0.0083373360742
0.00322626223746
0.0072784972845
0.0036729845215
-0.00565712693243
-0.00320870844415
0.000768869943262
0.000196473332953
-0.0030587316201
0.000367340313316
-0.00327658485044
-0.00109800550922
-0.00111273196636
0.00409954957032
0.0124802181374
0.0165076382211
0.0149029217171
0.0151321026345
0.0174879649672
0.0138215238492
0.0132411328348
0.0103191380099
0.00237279804132
0.00116437349444
0.000748724426828
-0.00425073167652
-0.00440195864832
0.00490763135153
0.00499455461621
0.00495751849384
0.00506803627904
-0.00222919795821
-0.00316440427825
-0.00253455402541
-0.00259081558691
0.0012143089678
0.000915372031633
1.94906567761e-05
-0.00592070806416
-0.00883163845507
-0.00634712426917
-0.0130551074354
-0.00988605486255
-0.00668902072348
-0.00386325090264
-0.00356103286837
0.00247188239796
0.00490345757471
0.00396243180099
0.00997508086601
0.00463882791949
0.000944365595711
0.00420574725914
0.00415272875714
0.00293924604468
0.0066879586328
0.00513353903547
0.00166939005542
0.00689604402452
0.00645366417401
-0.00174778672434
-0.000331427452761
-0.00272029635592
-0.00244568251356
-0.00396075475431
-0.000352190544709
7.38555377604e-05
0.00247657057856
-0.000791452364715
0.00419830462322
0.00821652198738
0.0099407513354
0.0122610217227
0.0168997213316
0.0215384209405
0.0241712661041
0.0155453130746
0.0129667697736
0.00895429012766
0.0090979213536
0.00957497588234
0.0133358332712
0.013023036141
0.0143988105674
0.0118746295417
0.0127686577182
0.0111967859108
0.0134816010234
0.016136973335
0.0250024695802
0.0251958824611
0.0256888269932
0.0217627399306
0.0157211694666
0.017641961055
0.0116909405141
0.0117607646206
0.0076004404287
0.0102976073525
0.00868607777447
0.00895688336137
0.00339567267265
-0.000952532648055
0.00430098274509
0.00327016405436
0.00515230295764
0.0015566419586
-0.00346352227893
-0.00416888120392
-0.00487424012892
-0.00444733762388
-0.00737387206092
-0.0090801527512
-0.00845216394856
-0.00848738040828
-0.00742405821085
-0.0047639475238
-0.00480526216273
0.00108343304938
0.0053925053295
0.00838779836988
0.0025931813055
0.00554659830107
0.00850282776438
0.00597371886683
0.0125820933715
0.0157350563081
0.0175102014352
0.0257911906366
0.0221606804325
0.0274228854978
0.0287851653324
0.0229004423843
0.0260407649651
0.0216976579817
0.0159349468208
0.0106161756151
0.00450728795976
0.0076571949392
0.00860235525541
0.0119273436903
0.0122233405926
0.0073952780926
0.00349407393266
0.00754743062871
0.0086988275749
0.00519119639997
-0.0012840115223
-0.00212315146512
-0.000918132807729
-0.00193584903388
-7.91302734621e-05
-0.00202695225658
0.00101018713501
-0.0024964345752
0.00424661838458
0.00290804498118
0.00156947157777
0.00206576218748
-0.00273309201219
-0.00256307558757
0.0014862226918
-0.00108235384195
-0.00324755190708
-0.00160911523858
-0.00522245096049
-0.00720904872643
-0.00861637387919
-0.0083019587765
-0.00803957964935
-0.00777720052219
-0.00751482139504
-0.00687067190387
-0.010509794033
-0.0129844412473
-0.0159536066663
-0.0168844195164
-0.0142046399759
-0.0208772349885
-0.0212381356935
-0.0190222767736
-0.0201382359151
-0.019124356255
-0.021333587055
-0.0236120554999
-0.0261329889678
-0.0255820098893
-0.0259232112654
-0.0287691593451
-0.0202909661447
-0.0291495569516
-0.0445749768689
-0.0320787641989
-0.0386465700128
-0.0452143758266
-0.0186346691926
-0.0323691012858
-0.0190185644229
-0.0300210541529
-0.0287732776328
-0.0366562455254
-0.0307225534475
-0.0280273501573
-0.0178399864193
-0.0106754145879
-0.00351084275655
0.00365372907483
0.0108183009062
0.00629025564031
0.00176221037442
-0.00276583489147
-0.000590793361436
-0.00742582216064
-0.00477382829385
-0.0142338071173
-0.0078018256023
-0.0162263513759
-0.00699277673684
-0.00879676484186
-0.0130109528069
-0.0114263201976
-0.014093719986
-0.00987387641895
-0.00954910954162
-0.00834741272215
0.000403648843869
-0.000726522092004
0.00563566770266
-0.000888309666508
0.00255077023269
-0.000649801945341
-0.00424628404316
0.00401173166592
0.000505948907515
0.000895616351364
4.66787287001e-06
0.00647783255258
0.00304998957922
0.0056732798193
0.00880650255745
0.0131327647024
0.0122518080767
0.0178842745399
0.023691814081
0.0239523031127
0.028752341835
0.0148009468819
0.0146073180082
0.0144136891345
0.0094458507852
0.00191512363338
-9.97233567201e-05
-0.00196214002519
-0.00480634770294
0.000874169533985
0.00655468677091
0.00179703101948
-0.00427358520901
-0.012386325166
-0.0106177481876
-0.0101461814267
-0.0132999215941
-0.00881595232328
-0.00877132943982
-0.00305494613124
-0.00429531165467
-0.0055356771781
0.00201578795134
0.00207519751224
0.00553415285849
-0.000250715489895
-0.00605763940488
-0.00393677380692
-0.00494968467654
-0.00469789694499
-0.00834224284173
-0.00787371316524
-0.00822557951524
-0.010420378438
-0.00351033776506
-0.0124859459899
-0.0126132296063
-0.0128437763237
-0.0119551864191
-0.0111235994458
-0.0103343636463
-0.0098889363183
-0.0106014666136
-0.00791833189525
-0.00729665543343
-0.00633410698706
-0.00245442983646
0.00227114135593
0.00377234572583
0.00268228426907
0.00675046285464
0.0101104448441
0.00795306533215
0.0100822398511
0.0102785884383
0.015350439743
0.0206779133493
0.0240370821432
0.0319189837214
0.0378226067048
0.0435570215765
0.0526266450604
0.065146899986
0.0767391505577
0.0761473884196
0.0885490263739
0.0794163288501
0.104148363693
0.101411821692
0.0953028221704
0.0841644041984
0.0916470121918
0.0991312911571
0.0878177970146
0.0740198125551
0.0665170794852
0.0665163344318
0.0576197785137
0.0503715184633
0.041957101183
0.0422446192377
0.0434790205883
0.0414789849999
0.0424406089168
0.0456583748632
0.0450511291569
0.0416177239925
0.0404927797659
0.041108366105
0.0394633280115
0.0401154472562
0.0403924077847
0.0320693000124
0.0299826205111
0.0251893297935
0.022250007168
0.0229642104431
0.0201910400767
0.0215046870846
0.0240257040453
0.0201477093701
0.0175103905195
0.0197820829887
0.0324681467879
0.0293460793405
0.0253643493633
0.0174065486769
0.00954402387774
0.00712646605272
0.00172415601584
0.00248717465066
-0.00210363775132
0.00339859093251
0.00528437510876
0.00479239089281
0.00896039757193
0.00812365339873
0.00728690922554
0.00368763484818
-0.00226409945948
0.00117066688126
-0.00359119637028
0.00105840250906
-0.000591058947291
0.00112285344249
-0.00185281700657
0.000802211524357
-0.0024427109764
-0.00310926676992
-0.000282473480396
0.0020385029477
0.00437346632966
0.00511806215976
0.00705496207004
0.00398787654064
0.0110428832947
0.0151495177562
0.00864705406396
0.00474999897612
0.00387800752154
0.00934968107214
0.00898549380116
0.0110984077592
0.00795564274157
0.0149140982742
0.016751556875
0.020071424786
0.0203545145904
0.0170521808173
0.0220743102511
0.0195546998064
0.0171073524098
0.0227938921564
0.0305752674371
0.0311088676455
0.0413653156112
0.0554851420803
0.0660999395723
0.0617498935415
0.0613136060723
0.0608773186031
0.0473104913252
0.0297135651136
0.0183642802212
0.0123783017318
0.00988770066629
0.0156556952634
0.0284465314304
0.0245511304371
0.018171459874
0.0224462903173
0.0285162638813
0.0244219391795
0.00893040061251
0.00391084336812
0.00903550001734
0.0217371883151
0.0129810942134
0.0061130021846
0.00529749592413
0.0077785766403
0.013871291852
0.0184716958978
0.0242693530723
0.0202913962178
0.0154829087845
0.0230573534353
0.0248340956457
0.016622641911
0.0132328231446
0.00706809088815
0.0109239475219
0.0105045999691
0.0105766671497
0.0117086245146
0.0175297285966
0.0104786289914
0.00903454649938
0.00806611487432
-0.00156294274612
-0.00670593049323
-0.00591279700442
-0.00370178150427
-0.00492027418129
-0.00707078306552
-0.0109523239692
-0.00882810312072
-0.00908925092534
-0.0156261994837
-0.0130959208259
-0.00624201807815
-0.00390048327849
-0.00040864770684
0.00308318786481
0.000716644727518
-4.66787287001e-06
0.0131140716486
0.02623281117
0.0342130042224
0.0421931972748
0.0501733903272
0.0508309860833
0.044165431892
0.0372172833857
0.0324136216719
0.0221781209977
0.015039262349
0.0133082025741
0.00702841609089
-0.000896171037303
-0.00393074816323
-0.00360886633816
-0.00273816268418
-0.00359679801346
-0.00646567206328
-0.0124192999885
-0.00786258377647
-1.47096451342e-05
-0.000615961897281
-0.00666357350705
-0.00619849567605
-0.0057552657006
-0.00434124115955
-0.00411889142248
-0.00412403701611
-0.00731403588127
-0.0118307832131
-0.0146516849827
-0.0163666912216
-0.0162490481212
-0.0129015271392
-0.00121125890054
-8.94701194428e-05
0.0045857915632
0.00893312062523
0.0114413564945
0.0118496893868
0.0271968979477
0.0189171975976
0.0146473887358
-0.000546885554869
0.00647080553313
0.00997414270787
0.00974941121364
0.00784082090282
0.00963760213043
0.00777742573095
0.00752523761491
0.00747336617118
0.010069024352
0.017252124735
0.0140097218154
0.00870341111657
0.00444132099008
0.00788548033275
0.0112579047057
0.00406277448218
-0.000621763524068
0.000820123342853
0.00713668389061
0.0107339275644
0.0226157134353
0.0181562048555
0.023619602519
0.0263476677851
0.0276394799841
0.0327714382115
0.0273435422983
0.0211911582006
0.0190607394907
0.0149050726416
0.00907798353506
0.00717059267287
0.00230960734025
0.00235234032692
0.00638466622728
0.00849720603766
0.00667037374691
0.00811051810129
0.000337328020547
0.00348615616999
0.00320255818872
-0.000986540212565
-0.00133083558426
-0.00403902728217
-0.000503964836955
-0.00209473553349
0.00551765356583
0.0116812132764
0.017844772987
0.0178766530728
0.0149567861616
0.0153642164728
0.0122079256443
0.00774214822794
0.014063624604
0.0193135742126
0.0262064111464
0.0311168893532
0.0317828123742
0.0323445866869
0.024138996497
0.0283430929151
0.0312216742366
0.0343312148224
0.0260507376474
0.0173143869118
0.022498964775
0.0263392686992
0.0319552947646
0.0224767636906
0.0134082130679
0.0255333078778
0.0227822408238
0.014271825309
0.0105137563975
0.010432439173
0.00746118778603
0.00433355727126
0.0076617723714
0.00221086968651
-4.33353993328e-05
0.00956135440498
0.0133071021245
0.00728915793787
0.00230034875934
0.000703478003714
0.0040188039991
0.0129487610034
0.0160207449616
0.0124301796092
0.0209736130143
0.0290248421988
0.0309856356163
0.0222729302744
0.0161386720326
0.0248370174175
0.0318884736048
0.0334921052455
0.0450918893272
0.0488516198685
0.0525355313393
0.0641733950156
0.0587991680792
0.0578540507532
0.051149816561
0.0498920465089
0.0511803593758
0.0385616710194
0.0277758381879
0.0234711972984
0.0284191021474
0.0301225055816
0.0299834720445
0.0220757707983
0.0250492465126
0.0245709287089
0.0275810728244
0.0240253931009
0.0258372752959
0.0258964532571
0.0204179941354
0.0201242704767
0.015905554915
0.0168782872486
0.0137142331997
0.013021037224
0.00715246766168
0.00124803885093
0.00354712838644
0.00234948880151
-0.00182184049219
0.000421557419222
0.00190742460912
0.0190456452551
0.00419955660951
0.00703512013228
0.0101062569995
0.0221073384437
0.0214223800262
0.0188281072624
0.0162338344987
0.0133772051614
0.015091504634
0.0149327795078
0.0147740543815
0.00909529952442
0.00235821724981
-0.000675061448063
0.00408357087805
0.00243544282539
0.00436045592513
-0.000378271389528
-0.00542770853812
-0.00830322845418
-0.00908489790673
-0.0111088533117
-0.0126227318139
-0.014594113463
-0.0178169701999
-0.0144359468159
-0.0145453605566
-0.0134062055165
-0.0112902588373
-0.0182148486251
-0.00853769282154
-0.00629659063153
-0.000645395793513
0.00188599329356
0.00795056307682
0.00021647025247
0.000839269205497
0.00585828922755
0.0130877618188
0.018136241799
0.0275146971842
0.0142524211233
0.0115820965037
0.021592346062
0.0230216011881
0.0222124131543
0.0238033724801
0.0247636390743
0.0193754596928
0.0151268634987
0.0161707500589
0.013955982641
0.0118693750696
0.0143411838536
0.0148585379497
0.0130364637711
0.00485481971303
0.00561119604964
0.00464449988502
0.00483331628294
0.00562610399304
0.00332805781957
0.00122721130319
0.00135041637112
0.00147000971984
0.00198266524247
0.00135811172914
-0.00161012365469
-0.00306327592354
-0.00211163109379
-0.000824588451795
-0.0127354635209
-0.0161474375554
-0.0174389862913
-0.0156521118033
-0.0183296050594
-0.0206164101478
-0.0199268839074
-0.020059387023
-0.0236490929355
-0.0226641960384
-0.0149425861063
-0.01679744544
-0.0164465195235
-0.0199967070148
-0.0226985693468
-0.0276521089674
-0.0240739199531
-0.0242741582391
-0.0257079165776
-0.0225965583341
-0.023773053253
-0.0259720772598
-0.0208634868042
-0.0175601448579
-0.00522154757348
0.000787922442977
0.00470260432836
0.0029972050178
0.00417673613023
0.0124143897591
0.0169636297858
0.000954652697129
0.00317392805343
0.00661801035533
0.00741983928873
0.00822166822213
0.0038104358984
0.0110718351276
0.0162013238407
0.0253054328958
0.0330718281931
0.0247286869076
0.0224104667013
0.019334409041
0.0111486962612
0.0126970188492
0.0130056630512
0.0236772762615
0.0279397817909
0.0326274061857
0.0403262584598
0.0425901017821
0.0514394073871
0.0644615924934
0.0658827013759
0.0673038102583
0.0505063506389
0.0508721345841
0.0446454149357
0.0430453255189
0.0374310267168
0.0335112655004
0.0315177405086
0.0345497183928
0.0323013888881
0.0236643933586
0.0334599994277
0.0322078273146
0.0323347127436
0.027908971754
0.0291723724925
0.0336747370793
0.0238211775101
0.0262300844625
0.0212757736297
0.0199091837972
0.00636891444511
0.00163550359826
0.00428496175848
0.000125059887936
-0.0020854601398
-0.0056435284059
-0.0124519994929
-0.0194420881375
-0.0084960120041
0.00245006412931
-0.0128588127431
-0.00846730871179
-0.00404931076421
-0.00181825759759
0.00121841301375
-0.00738589012232
0.00306491653639
0.0115283837691
0.00458216053155
0.00353435405362
0.00717231389702
0.00544266618334
0.00493552242688
0.00192066338592
0.0105745410522
0.0125814162208
0.0148484266504
0.0158203900987
0.00759665185998
-0.00198389403767
7.23878801299e-05
-0.00248520178238
-0.00165377041167
-0.0019893001834
0.00153310021462
0.0065669417298
-0.00454028707886
3.41973117632e-05
0.00292054261228
0.00405330268078
0.0164084733953
0.0082220790085
0.0138721523716
0.0213383227881
0.0142916665136
0.0234642444564
0.0178103027477
0.00900347990935
0.0134457194476
0.017878640709
0.0144421453118
0.0104395666923
0.003064494743
0.00133434041024
-0.000614690496747
-0.00256372140373
-0.00451275231072
-0.00455830797262
-0.00868327108063
-0.00828298461099
-0.00638492436776
-0.0107003017236
-0.0131701342764
-0.014234805902
-0.0178455542413
-0.0189227088665
-0.0159224881845
-0.0180578231584
-0.0211843328677
-0.0209159773833
-0.0218109186303
-0.0150622797261
-0.01500238066
-0.00190641377845
-0.00167097778156
-0.000745627725765
0.000419514610169
0.00296698185492
0.00742602299133
-0.00340863791174
-0.00911650868239
-0.0114533979256
-0.00989777195316
-0.0156480642954
-0.0169990410766
-0.0104349511272
-0.0103499507245
-0.00472931090165
-0.00626888056758
-0.00414909706878
-0.00517246537858
-0.0111032647576
-0.0101148680204
-0.0154334772501
-0.0180969209504
-0.020287709684
-0.0194566096975
-0.0134163497531
-0.0135364243989
-0.00988673676926
0.00527630501111
0.0124103551548
0.0179552958829
0.0158338759694
0.00840263421841
0.000108250131984
-0.00624165632953
0.000458666572971
-0.00250156332327
0.00258642702765
0.0100395923586
0.032199196328
0.0294169562638
0.0266347161996
0.0238524761353
0.0210702360711
0.0235788948001
0.0163684770723
0.0166995039276
0.0127955430354
0.0134399938559
0.00540407273944
0.00146060099983
-0.00463449053542
-0.0036464138327
-0.00730414603496
-0.00633614865598
-0.00558820702354
-0.00998087812448
-0.0142456492481
-0.0113857972353
-0.00954575231438
-0.00860247781195
-0.00976761162449
-0.00708687311415
-0.0147314006317
-0.0153135396588
-0.0185796861517
-0.023092281057
-0.0228233237709
-0.0207266211329
-0.0242910330635
-0.0258653171418
-0.0298345205106
-0.02991899314
-0.0318001473634
-0.0305654138253
-0.0310675415339
-0.0305945141184
-0.0307857005371
-0.0303840793203
-0.0299824581036
-0.027183515131
-0.0233425826005
-0.0271462495475
-0.0309342161603
-0.0226829919085
-0.0246218314842
-0.0266988198383
-0.0282339112175
-0.0303491352278
-0.0272233235474
-0.0256353764128
-0.0290980976817
-0.0307683643517
-0.025286006282
-0.0284395072232
-0.0208130146027
-0.0259141527216
-0.0233084002904
-0.0225261377234
-0.0227610672203
-0.0220976105482
-0.0219691530131
-0.0234380398199
-0.0167963501315
-0.0138649758365
-0.00644043109063
-0.00416833328054
-0.00196040295836
-0.00540837309806
-0.00396999682973
-0.00343095248899
-0.00939778119106
-0.00722465860444
-0.00775310391611
-0.0144214628234
-0.0121399088024
-0.00837796591639
-0.00863877615942
-0.00879307273138
-0.00191525205394
0.00422320635342
0.00327781006634
0.00832846650931
0.00975617624233
0.00557935515801
0.00397252466691
0.00142804690208
-0.00379702956065
-0.0075977658517
-0.00507473102455
0.000143127847105
0.00678158520951
-0.0011707725121
-0.00617355039267
-0.00213855834465
-0.00233865358128
-0.00243468109538
-0.00787373012521
-0.00469370798788
-0.00726508266157
-0.0126407861519
-0.0147924700911
-0.0176228853303
-0.0184551822806
-0.0174206399235
-0.0165367634346
-0.017246500617
-0.0156148461888
-0.0130730083678
-0.00883644702063
-0.00122227000952
-0.00511929192443
-0.00551170345379
-0.00958677676766
-0.00496151802753
-0.00455677260528
0.015466324925
0.0246851900647
0.0339040552043
0.0294573368077
0.0177958317285
0.0180645742281
0.0210809918125
0.0163150340188
0.00887410435514
0.00394289438651
0.0057887067464
0.00891980762659
0.00659684493182
0.000827402767934
-0.00306172285493
-0.00958269372421
-0.0132521670838
-0.0118227702062
-0.0121541358829
-0.0124855015596
-0.0132534086814
-0.0130303230795
-0.0094217831785
-0.00630163306867
0.00116203729701
0.00564997738127
0.00549419241426
-0.00523192618488
0.00180582299984
0.00986764724199
0.0101915683044
0.012943606402
0.0140009022392
0.00762443494466
0.00145127042617
0.0155916716259
0.0108450621089
0.00524780091085
0.00286734579401
0.00345256957205
0.00440745459948
0.00143971839821
0.0137253629334
0.00561436074999
-0.00188803401914
0.000295820769356
-0.000735643138284
-0.00237912427896
0.00129929382894
0.00301884939004
0.00681616226797
0.0033785890972
0.00783116080088
0.00972334396822
0.0171480384281
0.00672226989665
-0.007535608919
-0.00975634438469
-0.0186359745027
-0.016258802429
-0.0185272563649
-0.018604408801
-0.0176300790561
-0.0208113517979
-0.0236294574264
-0.0287400008806
-0.0263588283917
-0.0298372233962
-0.0269302470909
-0.0258381762415
-0.0144326347305
-0.0158937372794
-0.0188721208646
-0.0220751625711
-0.0173539320803
-0.0231803565479
-0.0208130281435
-0.0188752994726
-0.0182879183878
-0.0159695594766
-0.015865577153
-0.0129493967657
-0.00588556493805
-0.0071583917416
-0.00178174197843
-0.000800408295789
-0.00224674884515
0.00310890641018
0.00384918543788
0.00273257686328
0.00837890921117
0.0199350946106
0.0302500094843
0.0425347005749
0.0447082169324
0.0421632416617
0.0354358618197
0.031099145605
0.0307939618294
0.0292736067723
0.0380593982279
0.0488912813262
0.0540359044336
0.0634235515346
0.0571611199146
0.0576463309551
0.0566360213727
0.06025254409
0.0516195664556
0.0485363488302
0.0463509685152
0.0449829376717
0.0374451708741
0.0402728066771
0.0378564069593
0.0354400072416
0.0330236075238
0.036551456867
0.0361444909935
0.0343981401735
0.0366731529439
0.0335707045262
0.0357963180313
0.0347180605392
0.0437365466528
0.0377461582949
0.0349866843091
0.0315508083059
0.029662905318
0.0306747602594
0.0214964664497
0.0195603172936
0.021783632933
0.0166742677715
0.0273061854648
0.0338564350134
0.0302967090293
0.0289581686068
0.0281102659873
0.0318375053534
0.0237766241446
0.0425294117902
0.0545280089596
0.0424581930505
0.0455867251684
0.0487152572864
0.0559506391288
0.0569005846827
0.0503477412809
0.0501475399062
0.0419734265176
0.0332611356961
0.0360333438336
0.0334387601716
0.0287268532187
0.0275109961328
0.0353997751669
0.0310035817203
0.0257168772699
0.0261211279343
0.0327151423154
0.0282832945766
0.0335177629277
0.0344924238247
0.031739137731
0.0326496809237
0.0247357267646
0.0150893817375
0.00377130091791
0.00224690002273
0.00347052632014
0.00238922309081
0.0045377376235
0.00504920586161
0.00757535633042
0.00483138801477
0.00743432180974
0.00852360159494
0.00788935717293
0.00754735540122
0.00531740358854
0.00217094274112
-0.00116517259131
0.00889515747094
0.0182675108569
0.0268261952153
0.042631401292
0.0478997541184
0.0547575163459
0.0478003152986
0.0479543744747
0.05756699465
0.0518081891021
0.0459416690251
0.0373559582776
0.0359182226424
0.0374901420889
0.0371431698223
0.0480751331573
0.0487929803184
0.0452961557214
0.0395737439853
0.0328350587849
0.0280320065849
0.0279848541544
0.0190147237204
0.00763627124892
0.0103781720874
0.0127638102582
0.0105102632872
0.0114488396741
0.012387416061
0.00962165921321
0.00852284970283
0.00531978853708
0.00578490221709
0.00189158538655
-0.00339644658306
-0.00686568812921
-0.0139340571608
-0.0196153435846
-0.0207468714849
-0.0214053316903
-0.0245226767009
-0.0221371024764
-0.0230222628367
-0.0186609998775
-0.0191504752791
-0.0205224839819
-0.0201361223296
-0.0177002714416
-0.0201753017271
-0.0190069382367
-0.0146418629859
-0.0181793481184
-0.0141531172766
-0.00860480269399
-0.00360304591609
-0.00396268808881
0.00127273307974
0.0131403764822
0.0199741128694
0.026709925223
0.0419121138294
0.0584771594829
0.0642773803961
0.0659527252215
0.0597377639801
0.0591783431146
0.0630538904627
0.070835596048
0.0756023319652
0.0742752670042
0.0776444707484
0.0856910923907
0.0778412789024
0.0740646441627
0.0745736132635
0.0609044489424
0.0500110550927
0.0499717253711
0.0527235031266
0.0665681021255
0.0691210684756
0.0595341837976
0.0508778077538
0.0459254867807
0.0608926696117
0.0603936714167
0.0617322861075
0.0613979386524
0.055313124931
0.0399515985663
0.0402574110942
0.0438938531348
0.0336684906136
0.0262769177546
0.0260526944224
0.0136766223274
0.0130863609515
0.0081596768155
0.0060058430161
0.00435186360937
0.00701725372565
0.00444030029129
0.0056509549565
0.0202014568089
0.0171732031764
0.00178486695964
0.00349083517525
-0.0010075456159
-0.000499663011079
0.00154131287962
-0.000884046461279
0.00357337227578
0.00568853620377
0.0012923092704
0.00221967874325
0.00498678616278
0.0016357399689
0.00174445762156
-0.00711835772948
-0.00906226171127
-0.00910152825954
-0.00707883157889
-0.0148893232093
-0.0157582688042
-0.0166272143991
-0.0179289434353
-0.0127559587745
-0.0152177565409
-0.0179672008584
-0.0151224546409
-0.014399631817
-0.0142234446584
-0.0138443134016
-0.0118789816213
-0.00995036184672
-0.0121285711855
-0.0105867033395
-0.013925556818
-0.0181954129872
-0.0127421429598
-0.018612390176
-0.016954136355
-0.0248945461786
-0.0225455009394
-0.0218669355053
-0.0242544524924
-0.023988751546
-0.0309693540286
-0.0320967973564
-0.0361845832836
-0.0335289327627
-0.0332600109694
-0.034587193502
-0.0219011767238
-0.0092151599457
-0.00939813132077
-0.00960152320811
-0.00989134714282
-0.0126079729587
-0.00984424293382
-0.0107330958761
-0.0113041564032
-0.0137249531234
-0.0146356649072
-0.0185053277941
-0.0161527561365
-0.0130555947178
-0.0119952566767
-0.0146007958632
-0.010679981529
-0.0078271195235
-0.00772344433974
-0.00584834675983
-0.00980654711013
-0.00775107062629
-0.00770866927563
-0.0065572215294
-0.00502792333446
-0.00822842041113
-0.00541111663527
-0.0070301109362
-0.00666422249973
-0.00348261668054
-0.00300786629719
-0.000822425648603
0.00138831757474
-0.0050334186974
-0.000608218395566
0.00115052294596
0.00254144050782
0.00325493196952
0.00158758839252
0.00268301354109
0.00604837761387
0.0171434552507
0.016536580353
0.0120719886778
0.0114041415103
0.013011387276
0.0122457971307
0.0133407835147
0.0238121285547
0.0306300954284
0.0331552656014
0.0338233969299
0.0356611391951
0.0385832805335
0.0436139278345
0.0437444468544
0.0384998435169
0.0267877378181
0.0187064271281
0.0170152130759
0.0121264978788
0.0189996499982
0.0272291723126
0.0284108058182
0.0202994007559
0.0200338471618
0.0183083152288
0.0165827832958
0.0151320895806
0.0171431171135
0.0195042264542
0.0237197340975
0.029462817134
0.02960276437
0.03599988167
0.0385722140101
0.0425417382249
0.0471714199325
0.0434695432114
0.0475785800636
0.0470999213924
0.0447606132098
0.043623748722
0.0414035974565
0.0515967367011
0.0430848690902
0.0413111613615
0.0483487228757
0.0544175663357
0.047475634506
0.0519634425336
0.0536113464128
0.047293345645
0.0510681866117
0.0520321587928
0.0469161819971
0.0487414646687
0.0502568251247
0.0530569199315
0.0544483350561
0.0485301367301
0.0470332459438
0.0564132862659
0.0592472159257
0.0555904034925
0.0623162885643
0.0690421736361
0.0971121916233
0.0980785694717
0.0990449473201
0.100011325169
0.100977703017
0.0993192888162
0.0834101769213
0.0649696758292
0.0684971230766
0.0569120792798
0.0579670263467
0.0550780497787
0.0575622314683
0.0580600358119
0.0590555876978
0.0546686576166
0.0544304523432
0.0571806143822
0.0600878230517
0.0629950317212
0.0659022403906
0.0688094490601
0.0717166577296
0.0593277780501
0.0467343362249
0.0454566043528
0.0453845465276
0.0449332508272
0.0451536723638
0.0511052481134
0.0508939716298
0.0456127432567
0.0544769005692
0.0521123254397
0.0654718946938
0.0679439289678
0.0607344838931
0.0539613437408
0.062599317853
0.0601502195725
0.0587702686372
0.0635317694752
0.0598534639371
0.0462037803021
0.0432702047381
0.0451575080122
0.0371819418187
0.0452535403737
0.0385114778884
0.0351339055276
0.0386086015385
0.0471602289586
0.048648544126
0.0440106206882
0.0417312166437
0.0367501094063
0.0317690021689
0.0339808624166
0.0386719969378
0.0420645911053
0.0337381323327
0.0302262725158
0.0282282910762
0.0269006253695
0.0217297839624
0.0186035210049
0.0059889248383
-0.000425583611221
0.00269827542743
0.0024591493122
0.00618250869367
0.011808556341
0.0177921640763
0.0378315517197
0.0378426059582
0.0311712094906
0.0255886424989
0.0282816768192
0.0284729363637
0.0329401631868
0.0394416845053
0.0298215832534
0.0220159743869
0.0227175882163
0.0321111875111
0.0312568844246
0.0323780731524
0.0281187022099
0.0233035322085
0.0210598778252
0.0261887663442
0.0287125862998
0.0291244664393
0.0238753171275
0.0255384919734
0.0367784863036
0.0308559909629
0.024485320243
0.0303150754063
0.028929552751
0.0306886470535
0.0228341157199
0.0226749537112
0.0198392581099
0.0258534946121
0.0249612509761
0.0302549557044
0.029139762569
0.0337897397187
0.035829924432
0.0397884255956
0.043050195499
0.0419157414349
0.0489819213138
0.0546002248074
0.0531432023904
0.048764024628
0.0529993575573
0.0521519950394
0.0464323539949
0.0360532436473
0.056271258461
0.0672016130332
0.0577821338911
0.0583327471696
0.0601272335953
0.0620243720246
0.0576018308748
0.053179289725
0.0349628609981
0.0347364319667
0.0329225404662
0.0373020476363
0.0456258239116
0.0400389952269
0.0425458847493
0.0472991608901
0.0451343528602
0.0429975848945
0.0465099313188
0.0438244445532
0.0427040111909
0.0403940209407
0.0392252858734
0.0423894301706
0.0524415170497
0.0592556959291
0.0605498869121
0.0668653090512
0.0595335622435
0.0592140448869
0.0483313065873
0.0374485682877
0.0332402996504
0.0371711392401
0.0379335279215
0.0299539148627
0.0301273733326
0.0288421404163
0.0189750929787
0.0172358605541
0.00936844121561
0.0140239614184
0.0127473427082
0.00992726347006
0.0179130257401
0.0159568647495
0.0112290946232
0.0106516623228
0.00721360495692
0.0115901452244
0.00777797305373
0.0111356275647
0.00785160436155
0.0159242973641
0.00912479133308
0.00872052509923
0.0160966796839
0.0151375449103
0.0114500719773
0.00520124592229
0.00643368350875
0.00464113363768
0.000172549721949
-0.00226765840166
0.000436596628804
0.0082473889248
-1.09547471049e-05
0.0052876586722
0.00556613423714
0.006075207689
0.0039151549917
0.00616966500753
0.00328282832188
0.00404974527979
0.00597243401249
0.00852999126882
0.007754469956
0.0128754672321
0.00711320492636
0.000991877881977
0.00294148134078
0.00179220840306
0.00386776763901
0.00264164652564
0.00430059017102
0.0100714843755
0.0243233735413
0.0254205789525
0.0187595829835
0.013903102026
0.0166565950421
0.0194100880583
0.0221635810744
0.0402865551622
0.0415864218211
0.04288628848
0.044186155139
0.0454860217979
0.0467858884568
0.0367149850927
0.0279514741983
0.0191879633038
0.0129786461299
0.0101902373803
0.00558323998284
0.00840870278409
0.000571403822477
0.000513124794269
0.00357929464113
0.00815982839855
0.0100415560245
0.0129208646385
0.0174877088798
0.0257149397149
0.0251483824284
0.0366747256905
0.0458996766921
0.0647294664858
0.0775954413524
0.0862494828565
0.0876255969268
0.0922700681268
0.0908692578853
0.094061698075
0.0834418416042
0.0759984895159
0.0715313908227
0.0670642921295
0.0606478683004
0.0533700340851
0.0472360447969
0.0506448042258
0.0540438040187
0.0549542454632
0.0499934997678
0.0323007797358
0.0320973509297
0.0340193323584
0.0356618722178
0.0347588553152
0.0367662035962
0.0217015452289
0.0189475805372
0.0267725396265
0.0238834221342
0.0207023293256
0.0129200586734
0.0148105598418
0.0027928113523
0.00684598745065
0.00601159865905
0.0104697394884
0.0135809702075
0.0199140153645
0.0151505839037
0.0209128664307
0.0253858518329
0.0154521561768
0.0138153558019
0.0193317913293
0.0158986242795
0.0145660673869
0.00553074861404
0.00846680480504
0.0132273941622
0.0153979947243
0.0131918254534
0.00814155042656
0.00796833720766
0.00926412101363
0.00852799816647
0.00852200436572
0.0168855878288
0.0207823237999
0.0162159736414
0.0177685372846
0.0197017460234
0.0200835230053
0.022724986658
0.0245813996028
0.0302682250027
0.0297608150475
0.0334479306488
0.0178295362167
0.017601022612
0.0191598844115
0.00925520630944
0.01044699989
0.0179554942064
0.011853359631
0.00790514270196
0.00861701511928
0.011052803167
0.015451901955
0.0183211788267
0.01812724803
0.0121695108556
0.00927407893358
0.00320233723834
0.00875557837092
0.0136931677988
0.017438157377
0.0126833401233
0.0144546345576
0.018826967605
0.0156096491063
0.0169888226084
0.0143646479812
0.0137700980738
0.0119045817663
0.0105809771961
0.00742281485826
0.00691361258715
0.00950497578291
0.00969174059989
0.0110993060654
0.0147995903377
0.0164866791529
0.0186851190223
0.0127295139296
0.0245782508499
0.0250457690391
0.0219888945011
0.0189320199632
0.0217505375851
0.0227982830207
0.016789436329
0.0196815053541
0.015158643949
0.0213248495918
0.0203176711673
0.026355136493
0.0197088014634
0.0242198758637
0.021691370642
0.0193965622078
0.0224477411276
0.0255751884439
0.0204536330136
0.0133479389723
0.0157123497182
0.0154466752265
0.0117386757585
0.0125313145334
0.0171918085115
0.0119322737672
0.00823925589032
0.0082471090739
0.00118156877314
0.00704891547207
0.00740061721192
0.0015413552474
0.00471020869533
0.00631415288017
0.00140448972849
0.0064433410666
0.0103721098827
0.014434989389
0.00827453998618
0.0165860297195
0.0235987387909
0.0236427868326
0.0272609375465
0.0284443655177
0.0407885994458
0.0373511898621
0.0321314137475
0.034149778402
0.0373652306244
0.0491372543128
0.0497656791978
0.0596539950537
0.0527377581041
0.0501823374028
0.0309401864082
0.0327632821636
0.0290305203665
0.0214653657088
0.0197824965676
0.017926687917
0.0156445633922
0.0116473734758
0.0100708619578
0.0180784296544
0.00255399060988
0.0086390529052
0.00815415207124
0.0207123739181
0.012729157859
0.0096530313781
0.011738331542
0.0112946955041
0.0041604419427
0.00761102981996
0.00853128357529
0.00694252128089
0.0129832036607
0.01055360793
0.0116527467732
0.0134295901294
0.00792266417963
0.00838702378672
0.00719417769059
0.00675453158443
0.00674697319736
0.00905509977858
0.00735386269319
0.00788274426471
0.00686774083782
0.00935279287536
0.0128512867757
0.00999357840398
0.0109247069312
0.0100223924026
0.00812980106381
0.00708966556578
0.0097592628581
0.00827633033673
0.00309747532959
-0.00208137967754
-0.00319267922612
-0.00268639366904
2.89010500256e-05
0.00851992173463
0.00791212625928
0.00587433741503
0.00796276626478
0.0188419772089
0.0212812905778
0.0190184402632
0.0114572037262
0.017590081136
0.0318399720964
0.0137231007749
0.0056695280751
0.00301259473197
-0.00501293816209
-0.00989491002091
-0.0137237900069
-0.0136458180455
-0.00904635050122
-0.00244699058918
0.000982955242873
-0.00176085598301
0.00709637336258
0.00629373010642
0.00972836063497
0.0127562584638
0.016708898542
0.0131476060397
0.0115148072857
0.0217642322907
0.0277120886346
0.0336599449785
0.0230430884778
0.0164677662166
0.0124042522486
0.0120390192838
0.0119580399997
0.0182458432731
0.0141296704752
0.00732286872867
0.0107758479889
0.00927141490217
0.00613206244671
0.00870407096537
0.00361783076221
0.00531427569097
0.00459936728529
0.0015102218102
0.000274307565054
0.00321522321239
0.00367415243701
0.00062710016732
0.0023392304325
0.0033973944641
0.00768168854193
0.00994803520368
0.00419912025399
0.00885960291936
0.00464422255724
0.00468787461607
-0.00129539923823
0.00272906890689
0.0105253532542
0.0201992398854
0.0146644240893
0.0142887146796
0.00882096938242
0.00906639552416
-0.00133630860278
-0.00165830818964
-0.011714613627
-0.00561290515636
-0.012088250103
-0.0145415781266
-0.0125598263431
-0.0178000410389
-0.0231552371528
-0.0202420575841
-0.0233466165045
-0.025435050364
-0.0307695334813
-0.0309396124553
-0.0311096914293
-0.0222071905506
-0.0247231204692
-0.0260484642557
-0.0265919580314
-0.0244495824999
-0.0234757146661
-0.0209431831421
-0.0213040928061
-0.0244798600773
-0.0278564822553
-0.0312331044333
-0.0289709016085
-0.0312930358636
-0.0344438191358
-0.0327678014496
-0.0358659462086
-0.0385436513834
-0.0342990344755
-0.0362743196452
-0.0390498446764
-0.0355403773013
-0.0312303458873
-0.0344786266063
-0.0341490249927
-0.0323650111942
-0.0307856031641
-0.0328060112123
-0.0348362915194
-0.0346810998458
-0.0315811543073
-0.0332942606276
-0.0285757876586
-0.028013215857
-0.0261485540273
-0.0268310102511
-0.0243098343078
-0.0258647333192
-0.0235153136673
-0.0180163013691
-0.0168914160279
-0.0163487285138
-0.0150220061326
-0.0142564349522
-0.0139883716297
-0.0197720020905
-0.0135544556808
-0.01531690267
-0.0127103341975
-0.0179511032874
-0.00963211291313
-0.0136784351755
-0.0139965121717
-0.0136589094005
-0.0205548402564
-0.0208101435748
-0.0212552239168
-0.0178888531195
-0.0192394015918
-0.0200957269601
-0.0260226667386
-0.027982728526
-0.0263528341464
-0.0232025511672
-0.0250465468458
-0.0283330019847
-0.0248477836856
-0.0334938449837
-0.0294610975082
-0.0282738190464
-0.035614636073
-0.0296034031296
-0.0372554802284
-0.0334167387189
-0.034252142156
-0.0330959355203
-0.0367025644735
-0.0348484790428
-0.0378729282807
-0.0306390159192
-0.0309873331227
-0.0281399476829
-0.0353418582438
-0.0317040938096
-0.0300570895757
-0.028766801184
-0.0296055983969
-0.0258261899797
-0.0239083475808
-0.0236286179068
-0.0232721745143
-0.0178329593502
-0.0142410993576
-0.0126474642465
-0.0155938356642
-0.0185402070819
-0.0135722219101
-0.0170743185138
-0.0124094747402
-0.0115288675077
-0.0112628624059
-0.0148473092272
-0.0153626945453
-0.0213578681668
-0.0193292176263
-0.0195646415348
-0.0167972086245
-0.0140297757143
-0.0158172093062
-0.0152730507264
-0.0174407644356
-0.0140610124892
-0.00933039620357
-0.00249925330524
0.00122709412365
-0.000582711161758
0.00577812969183
0.0138102536222
0.0120037783425
0.0125420155809
0.00942031538406
0.0122226169985
0.0138207134199
0.0103566001403
0.0173163011425
0.0191115004826
0.0209066998227
0.0227018991628
0.0244970985029
0.00798009273906
0.00757531814265
-0.000483304741025
-0.00370710184664
-0.00614025571276
-0.0119765421722
-0.00929827881512
-0.00903937574204
-0.00697860181971
-0.00499353437745
-0.0102811215467
-0.0144638373027
-0.0157809442108
-0.0177800312464
-0.0122500703709
-0.0101933526736
-0.00992549472225
-0.0113546808653
-0.0102366640439
-0.016823352572
-0.0198129257193
-0.0225207953574
-0.0190141716173
-0.012865944187
-0.0198883184456
-0.019565462696
-0.0149642597128
-0.0146589386446
-0.016105020202
-0.0184647389422
-0.0105851852341
-0.0229873086142
-0.023246480995
-0.0263752227629
-0.0225330801422
-0.0179395919459
-0.0117204438499
-0.00452977184866
-0.0020970508001
-0.00483597464111
-0.0112120919982
-0.0127978409881
-0.014692112207
-0.0186747963185
-0.0188323441054
-0.0193919159258
-0.0184482752306
-0.0188302539163
-0.0170245894972
-0.0180156380985
-0.0190066866997
-0.019997735301
-0.0209887839023
-0.0219798325035
-0.0229708811048
-0.0235571467206
-0.0270035341568
-0.0255971605377
-0.0251001627512
-0.0251230154399
-0.0226243403956
-0.0225595947726
-0.0238307168182
-0.0265927759161
-0.0237035249582
-0.0254959388581
-0.0216270361903
-0.0243610612944
-0.0240238101871
-0.0224455267415
-0.026172958329
-0.0221878130276
-0.0232250115395
-0.0272618455384
-0.0312986795374
-0.0337090914017
-0.0268779522205
-0.0264148676907
-0.0291987799583
-0.026873197634
-0.0272883662309
-0.0306718677606
-0.0301812959659
-0.0254300426133
-0.0309747745604
-0.0317841377825
-0.0239679986753
-0.025488238481
-0.0279882100836
-0.0233153881039
-0.0218387613008
-0.022973398483
-0.0216332052988
-0.0241504631406
-0.0320959438127
-0.0253119318687
-0.0259262586913
-0.0204591962502
-0.0173230436644
-0.017357755028
-0.0198124083784
-0.0157752997515
-0.0162852672207
-0.0205006641395
-0.017620318394
-0.0238961700548
-0.0223797869392
-0.0193914596935
-0.0191398830536
-0.0132550097949
-0.0153788104783
-0.0237850730471
-0.0168334995067
-0.00806997115903
-0.000201040309874
-0.00252629248391
-0.00531118076205
-0.00807613237618
-0.00816124005847
-0.010888373885
-0.0144964715793
-0.0124252536094
-0.00584578484708
0.00393997972223
0.0121858330738
0.00931549908832
0.011338813682
0.0140665848642
0.0205003920071
0.0152974038917
0.00943718952604
0.0166667745053
0.0190088457956
0.0203570055851
0.0223015324525
0.0239525190686
0.0352667045999
0.0137219447108
0.0142610188473
0.0217902216961
0.023428539679
0.0221339733301
0.0244116280223
0.0209827395561
0.0169692601819
0.0243700815014
0.0159753234758
0.0106269550004
0.0079247324075
0.0015683233169
-0.00167526591477
0.00607214607423
0.0133589812963
0.00298057503822
-0.000132205603651
-0.00853876188782
-0.010809883473
-0.00702824452929
-0.00433153861817
-0.00935537880018
-0.0102679609392
-0.01233934482
-0.0122232272435
-0.00641320536381
-0.00763340621793
-0.00473115927544
-0.0107429941286
-0.000863458018714
-0.00214318649078
-0.00684770422859
-0.0115522219664
-0.00535883281581
-0.00649593798885
-0.00849383663902
-0.0114726471177
-0.0070720458049
-0.00336743116389
-0.00690041822117
-0.0106329786359
-0.00743806323205
-0.00991557984906
-0.00692531811756
-0.00627635401434
-0.0154527279592
-0.0198175304173
-0.0238889805046
-0.0235022556354
-0.0292551767735
-0.0276526701934
-0.0233794130892
-0.0242486766972
-0.0213509872055
-0.0175755113419
-0.0130382184791
-0.0101836871601
-0.0090480065741
0.00216254376108
0.00863914092216
0.0126866290999
0.0143461880451
0.0161871139719
0.0156081589087
0.0141353353278
0.0199198968409
0.0158558396412
0.0178688226684
0.0145168665821
0.0103067009684
0.0168569150846
0.0212984673272
0.0194677080143
0.0126185163117
0.00499840669463
0.00697289010605
0.00709147297199
0.00165268755356
-0.000271850012468
-0.000424702963252
0.00451665058658
0.00861926545902
-0.0036631786292
-9.51260347702e-05
0.00270826163151
0.00718248142895
0.00811469563185
0.0134962714586
0.001288526026
0.00658890777166
0.00698226691698
0.0135167179613
0.0122705279332
0.0048062523444
-0.00650549414464
-0.00483613473565
-0.00203481552836
0.00674677860326
0.00987920891176
0.00882704757641
0.00176286999947
-7.31383560646e-05
-0.00337336060442
-0.00532824532682
-0.00246936255003
0.00504517496786
0.0203326165315
0.0315184026115
0.0443984168289
0.036394140157
0.0329281654651
0.0397940406681
0.037114052825
0.0333042187656
0.0238955628711
0.0335833749092
0.0279621598427
0.0327192627987
0.0351055406274
0.0434501884757
0.0319012758289
0.0313827352275
0.0241293893122
0.0374111417816
0.0365051220682
0.0387000507371
0.0469004356024
0.0506878765406
0.0544753174787
0.0586139438252
0.0572029881388
0.055446701157
0.0573666637234
0.0555005091516
0.0515394235828
0.0529257779286
0.0599172652604
0.0656601661985
0.0583087977769
0.0626157008949
0.0647559427338
0.0627062994729
0.0541497871684
0.0524562876939
0.050039652907
0.0453268485587
0.0555147575334
0.0586801547856
0.0479133345291
0.0361079923211
0.0358608024204
0.0410399260819
0.0410759517672
0.0359025865463
0.0319442947911
0.0274416933907
0.0318910008804
0.0336828426841
0.0381323855729
0.030483442111
0.0279466141201
0.0141594803527
0.012174656708
0.015525237321
0.0084501315457
0.0134998904672
0.0148056111153
0.02392862431
0.0329550706143
0.0381621506741
0.0277394972057
0.0196328207685
0.0056177645242
0.00489923419969
0.00391481934787
-0.00444787294292
0.00472682105728
0.00231246682887
-0.0047696904434
-0.00971523706959
-0.0092895852511
-0.0096544972677
-0.0157661488094
-0.0175175724913
-0.0192862869492
-0.0161410258248
-0.0208385736898
0.00241556221156
0.000776028981336
-0.00492295062352
-0.00485248351423
-0.0152755587593
-0.0191223708892
-0.0193002187517
-0.016717254484
-0.0130775118616
-0.00956021863556
-0.0075133051437
-0.0063249464448
-0.000168265444767
-0.00559394961984
-0.00322408396605
0.00760546762406
-0.000147173466406
-0.00491213694314
-0.00273699416202
-0.00370717125493
-0.00667355007575
-0.0114578917467
-0.0120256968752
-0.00907934905542
-0.00904735357818
-0.00264475501125
-0.00885580808589
-0.0071939515974
-0.00521539036225
-0.00406846201331
0.0018454216001
0.00273400791431
0.00178886242185
0.00344632975118
0.00579061431032
-0.000100196400644
0.00638718900308
0.0128745744068
0.00709456703485
0.00621862880674
0.00682550828761
0.0111512394478
0.00667223311498
0.00557482299752
0.0105476061507
0.00983354569241
0.00432979915665
0.000383556173199
0.00173225261757
0.00832169012238
0.00232746766383
0.00283023400693
0.00399611031443
0.000753819776312
0.000371439212606
-0.00257208588599
0.00109871423881
-0.00219042810447
0.00667689771275
0.00362589601324
-0.00270295423718
-0.00173705363423
-0.00726732767008
-0.00178131377131
0.00237494102681
-0.00435100802806
-0.00661291698371
-0.00724351068812
-0.00171350295373
0.00381650478067
-0.00413927391356
-0.00197712209709
-0.00630619953937
-0.00550641300441
-0.00881201024363
-0.00579994342483
-0.00822452347362
-0.0110199282302
-0.0170398403771
-0.0192768039426
-0.0264657432894
-0.0291328061476
-0.025343074211
-0.0285500520336
-0.0250060579165
-0.0201041514592
-0.0223419515347
-0.0224434356937
-0.0277256216241
-0.0221585772565
-0.0222546246938
-0.0184247383617
-0.0204235395962
-0.0290841295058
-0.0238963061115
-0.0205916739347
-0.025606627944
-0.0232374498896
-0.0231320739446
-0.0198816342343
-0.0238197652376
-0.0265622606369
-0.0244161876153
-0.0251192898495
-0.0216895503528
-0.0238892860621
-0.0205304802428
-0.0206644405191
-0.0192362401597
-0.0243128044109
-0.0220135085484
-0.0207999920021
-0.0146806342828
-0.0171603245188
-0.0166947419659
-0.0136416344709
-0.0198048190823
-0.0225468013988
-0.0212936689487
-0.0249972714178
-0.0171452341905
-0.0266911328244
-0.0274119245413
-0.0245736206874
-0.025987607578
-0.0266403644363
-0.0210474372707
-0.0187936790777
-0.0259100467251
-0.029266963321
-0.0278587122103
-0.0288667991698
-0.0298719411341
-0.0308770830984
-0.0288533845227
-0.0255317225373
-0.0293588409205
-0.0256090887434
-0.023443936887
-0.0220042316601
-0.0210229410711
-0.0219830106681
-0.0231791060443
-0.0303342734265
-0.0305646752335
-0.025698155599
-0.0278811710651
-0.0311890846349
-0.0277964447721
-0.0306633420052
-0.0326069991663
-0.032356534209
-0.0364619816136
-0.0355416767835
-0.0344874014698
-0.033886696088
-0.0396950975963
-0.0397387050065
-0.043773690308
-0.0350289919937
-0.0371262597655
-0.0378572456109
-0.0385380435538
-0.0396836332399
-0.0410384362181
-0.0430752896741
-0.0431423235814
-0.0462367300344
-0.0405920348473
-0.0426939469757
-0.0445170181854
-0.0445362241615
-0.0433069090515
-0.0440071850552
-0.03790250328
-0.0347643306656
-0.0399862114648
-0.0384346535605
-0.0384474961815
-0.0408856555458
-0.0443902565602
-0.0441681850397
-0.0421863768316
-0.0396901170777
-0.0391183484498
-0.039028351675
-0.0374964786304
-0.0361145141857
-0.0390354313999
-0.0385561031371
-0.0343916664886
-0.0370185797889
-0.0390733313368
-0.0362415887908
-0.0364520474033
-0.0348277561995
-0.0363852024049
-0.0318401516533
-0.0319300561241
-0.0304139253152
-0.0338885494451
-0.0308944755844
-0.0224988672266
-0.0165071365682
-0.0199412554446
-0.0240967594475
-0.0292121063201
-0.030482468241
-0.0381712277839
-0.0394477663721
-0.0400840013515
-0.0343167651224
-0.0424877518516
-0.0442968754002
-0.046786803133
-0.0445888547044
-0.0424936631331
-0.0452523498349
-0.0463599062431
-0.0445475620479
-0.0445078654633
-0.0493786183257
-0.0466124526697
-0.0466156578009
-0.0488681753961
-0.046572481879
-0.0484511101398
-0.0450979739723
-0.0475964708583
-0.0500949677444
-0.05144281859
-0.052759028729
-0.0504428867149
-0.0555256304406
-0.0600763959352
-0.0527468402058
-0.0518096614178
-0.0517359985044
-0.0500256244419
-0.0459656367316
-0.0506329185159
-0.0496926902694
-0.0469280782951
-0.0481966215369
-0.0487274860726
-0.0474085661642
-0.043541735871
-0.047087818078
-0.0476789903014
-0.0431257065885
-0.0454260977433
-0.038594419682
-0.0400038354301
-0.0393139249804
-0.0334149495707
-0.0390723147115
-0.0428999780364
-0.0386286638083
-0.041569987825
-0.0416347434148
-0.0377719942551
-0.0397184775866
-0.0369905534043
-0.0344739058357
-0.0379560564759
-0.0346937385461
-0.0332625934023
-0.0324436927258
-0.0326568875005
-0.0336933078412
-0.0298688545689
-0.0283253645993
-0.0291300405187
-0.0221569925965
-0.0199521443976
-0.0172559179431
-0.0201346087853
-0.0163677714624
-0.00363504380725
0.00960986788566
0.0160410319569
0.0208062006819
0.0185813875493
0.00906738332687
0.0005360039919
-0.0115825048015
-0.0167011476424
-0.018792296255
-0.0172806046549
-0.0290905043231
-0.0252163288543
-0.0308899987176
-0.0358983801784
-0.0414967515088
-0.0442899621427
-0.0432776665974
-0.0445587079054
-0.0491427788555
-0.046001893754
-0.0488009544191
-0.0516344488434
-0.0445721487405
-0.0428552988417
-0.0496548814415
-0.0472675214874
-0.0462814646032
-0.0457478115969
-0.0459479469988
-0.0459253279046
-0.0426317597059
-0.0387400960451
-0.034366936223
-0.0437060827384
-0.0437244655154
-0.0434575233232
-0.0475325600493
-0.044316102132
-0.046409500785
-0.0470123293557
-0.0398057930923
-0.0439544641641
-0.0430080666476
-0.0411762387956
-0.0424447950773
-0.0441169091833
-0.0457890232893
-0.0453806323406
-0.0431839431523
-0.0486597836521
-0.0483183079033
-0.0454858732324
-0.0541559812789
-0.0509670070304
-0.049552994738
-0.0464070867172
-0.0447726530475
-0.0554670338266
-0.0491267087328
-0.0503149528789
-0.0503325970692
-0.0475550547604
-0.0472931682953
-0.0475234918311
-0.0495203182994
-0.049285217799
-0.0518165003282
-0.0508264831014
-0.0501741331084
-0.0494709672122
-0.0510482100831
-0.052432279232
-0.0478820798504
-0.0476504841412
-0.0535212272608
-0.04961121718
-0.0553228910205
-0.0558524014037
-0.0566435202074
-0.053417243676
-0.0541305382942
-0.0557241097297
-0.0594726855379
-0.058444465349
-0.0552022673046
-0.0529519791859
-0.0530510276793
-0.0523863264105
-0.0527699065545
-0.0536247859986
-0.0553365490269
-0.0586033880293
-0.0556114396479
-0.0565687968417
-0.0551933545044
-0.0566098003026
-0.054156435267
-0.057897234994
-0.0583723061193
-0.0563015825013
-0.0531620433181
-0.0583792695919
-0.0570042157949
-0.0573241187986
-0.0581388094835
-0.0612517614567
-0.058035805292
-0.0591570918637
-0.0558054338826
-0.0546245439156
-0.0500345010224
-0.047954530767
-0.0283167991835
-0.0204244935203
-0.0270015651336
-0.030195436402
-0.0250476366518
-0.0251109711079
-0.0168834036391
-0.0236185216422
-0.0257769850635
-0.0297652539386
-0.0403451265529
-0.0378639923162
-0.0369782278988
-0.0366303548881
-0.0353539680633
-0.0356393939097
-0.0360304787005
-0.0314196811291
-0.029963753456
-0.0264640588302
-0.0271868140077
-0.0352424071812
-0.0334450993809
-0.0306477334722
-0.0249467035325
-0.0200892054627
-0.0156727384591
-0.0141395036633
-0.0258277952693
-0.0252029812276
-0.0245781671859
-0.0209941696739
-0.0267725205696
-0.0330814361868
-0.0398605364838
-0.0438781955822
-0.0458240086209
-0.0435589350863
-0.0498587206504
-0.0455884178198
-0.0511029051036
-0.0445249634881
-0.0507694843132
-0.0423328292201
-0.041621401684
-0.0353220063448
-0.0436357985195
-0.0507709583023
-0.053731116834
-0.0554778928489
-0.0517671176396
-0.0553842467562
-0.0603546194988
-0.0560388193748
-0.0588384091057
-0.0544817681612
-0.0565466246298
-0.0577900148883
-0.0543860420656
-0.0574278638472
-0.0565218553651
-0.0518703156255
-0.0527901637347
-0.0517213467643
-0.0530074039931
-0.0492978649157
-0.0425822772373
-0.051256648477
-0.0491259578772
-0.0516524562538
-0.0516027849312
-0.0547821114172
-0.0520446139846
-0.0526201717663
-0.0569902379451
-0.0548508187281
-0.0524158174108
-0.0532018478147
-0.0548254014512
-0.0520457506935
-0.0564480524367
-0.0514500453703
-0.0509930461083
-0.0482062600761
-0.0475242297963
-0.0461788118843
-0.0443801562108
-0.0435454873673
-0.0430833224928
-0.0452227405074
-0.0424896770126
-0.0452006571472
-0.0475557817935
-0.0418777846007
-0.0429340311181
-0.0380741494534
-0.0428757396402
-0.0443373406886
-0.0410793907174
-0.0387923688832
-0.0277246954408
-0.0303634632131
-0.0263504686668
-0.0232457472444
-0.0217872364226
-0.0252510526469
-0.0278910319255
-0.0286344049153
-0.0289600993395
-0.0306593241877
-0.0336854941533
-0.0366906138153
-0.033607675284
-0.0434641406536
-0.0391807754468
-0.0402455617499
-0.04062919494
-0.0419862188186
-0.0435117353326
-0.0457160194798
-0.0454149744319
-0.0454839313259
-0.051030580531
-0.0454685398946
-0.0481686649301
-0.0501098893335
-0.0520511137369
-0.0554811555272
-0.058482865161
-0.0530442971574
-0.0524701500382
-0.0544476759135
-0.0543377005602
-0.0558586044502
-0.0584284411872
-0.0586604854591
-0.0585981608038
-0.0618486631597
-0.0561899979253
-0.0554486062874
-0.0556909817031
-0.0544525761695
-0.0557135866239
-0.0641900999152
-0.0562981176305
-0.0529029979372
-0.0454683917274
-0.0411825237216
-0.0361589074198
-0.0400015073548
-0.0271494074369
-0.0229302186843
-0.0324054830404
-0.029840746434
-0.0268545636872
-0.0285804995227
-0.0287480025211
-0.0365344643668
-0.0296484233074
-0.0308255179353
-0.0323480242467
-0.0407157940377
-0.0409132966568
-0.0393067194053
-0.0432759512081
-0.0428860897276
-0.0380486451789
-0.0430358122761
-0.0413795149702
-0.0438207230468
-0.0448708643117
-0.0442929192828
-0.0464166584556
-0.0428799953151
-0.0421727335626
-0.0340455813565
-0.0405242547599
-0.0410176218956
-0.0493787791475
-0.0469833225136
-0.0536943755574
-0.0504723325877
-0.0562624616789
-0.0541356282674
-0.0514075232074
-0.0564865258727
-0.0590006821518
-0.0518415442984
-0.0546410399348
-0.0564797750499
-0.0532080160386
-0.0545527633377
-0.0542807170652
-0.0529566445578
-0.0472753836244
-0.041594122691
-0.0539074742796
-0.0535477205913
-0.0578156507612
-0.0577774013651
-0.0555933700181
-0.0538176707187
-0.0542484645398
-0.0514492330835
-0.0603984890963
-0.050495773163
-0.0540070192392
-0.049902198654
-0.051451857165
-0.0578607718582
-0.0629557705664
-0.0552477369205
-0.0546504248113
-0.0587827220496
-0.0567726524177
-0.0522706456225
-0.053972825858
-0.0526355408696
-0.0527221667235
-0.0416930124151
-0.0412338076687
-0.0394408053758
-0.0376478030828
-0.0358548007899
-0.0414595116522
-0.038131082126
-0.04028764135
-0.0401937204847
-0.0398016675854
-0.0402749093728
-0.0424507255064
-0.0391378975676
-0.0354913772392
-0.044471306742
-0.0402214082317
-0.0404906014371
-0.0410691759708
-0.0321415447823
-0.0438850457144
-0.0384284337747
-0.0368533487528
-0.0461942442094
-0.0491396144048
-0.0423837472871
-0.0421641833278
-0.0411500144712
-0.0401358456146
-0.035445734461
-0.0441541571471
-0.0495490434732
-0.0485461762448
-0.0509715425882
-0.0515577498762
-0.0521804350519
-0.0540785268771
-0.0515292851907
-0.0535971843427
-0.0568896225969
-0.0559080108644
-0.0531073281086
-0.0603684708518
-0.0581350343314
-0.0591634802047
-0.0587697605118
-0.0642502924656
-0.0645849088145
-0.0603360996603
-0.0607242579895
-0.0583493170284
-0.0602393363531
-0.0601971035045
-0.0635705384178
-0.0611487645424
-0.0650907357783
-0.0603793637217
-0.0614332845522
-0.0612103986281
-0.0582442545307
-0.0582485303905
-0.0554645622132
-0.0537585508562
-0.0600008121693
-0.0559092764662
-0.0597262616088
-0.0571588006675
-0.0607252824276
-0.0503239071901
-0.045065520287
-0.0387363038068
-0.0412686683864
-0.0423323402221
-0.0440302986771
-0.0463270776905
-0.0488467120559
-0.0435948214969
-0.0457731827924
-0.0480794516132
-0.0444935788855
-0.0448424681094
-0.0461582749987
-0.0485239663442
-0.0480985988238
-0.0499103148591
-0.0422537048935
-0.0415491628564
-0.0477457782301
-0.0465645646087
-0.0465526573188
-0.0458898544612
-0.0433223850034
-0.0420280921166
-0.0404279708451
-0.0352087004711
-0.0329797657439
-0.0324861782826
-0.0325271554706
-0.0284770483603
-0.0294791524472
-0.0285068674194
-0.0319640116643
-0.0356615552428
-0.0354596526991
-0.0321275415748
-0.028571734818
-0.0315972961405
-0.0338491772072
-0.032763109139
-0.0303407246168
-0.0277383197307
-0.0350031672793
-0.0312146107516
-0.0320280587173
-0.0322350423793
-0.0319236136388
-0.0320612018489
-0.0324559724966
