0.0
0.0
0.0
0.0
0.0
0.0
0.0
-0.0759945826799
0.0
-0.067159099555
-0.0688264528733
-0.0614512732354
0.0
-0.0530749864103
-0.0510455756587
-0.0507632470072
-0.0499689007328
-0.0534765864133
-0.0484036265651
-0.0484768911716
-0.0480416420004
-0.0434555359779
-0.0422163259849
-0.0414144289108
-0.0418877464997
-0.040696974083
-0.0380707027195
-0.035756412191
-0.0304811681517
-0.0304093316687
-0.0275704660984
-0.0192114645749
-0.0164897356409
-0.0104507065857
-0.00894878645003
-0.00554538476295
-0.00301255291781
-0.00286865409189
-0.00549219441952
0.00532683874503
0.0117549792378
0.0146570280265
0.0185174784647
0.0203919844986
0.0278981252829
0.0296174966482
0.0282800451862
0.031253906733
0.0315751319945
0.0363128831784
0.0390928472396
0.0366366868735
0.0399633375179
0.0397310014732
0.0445040327141
0.0385124109517
0.0244821554645
0.0
0.0319321435736
0.0247595187656
0.0
0.0400645137969
0.0256895857483
0.0345503137059
0.0396899190539
0.0619587066885
0.0571030096494
0.0569417606712
0.0624232937191
0.0664770282292
0.0531919591178
0.0547769635114
0.0546492528568
0.0602807319214
0.0630460630674
0.0488041662622
0.0378747123556
0.0310862784829
0.0343093015368
0.0375329805346
0.0485790478724
0.0518973483661
0.0477115298463
0.043330738281
0.0537584235419
0.0525901385928
0.0448188667285
0.0339570748642
0.026230487412
0.0109333223657
0.00765998845535
0.0163858368157
0.0129020501929
0.0145727457151
0.00445390040129
0.00117168526038
0.00890073616396
0.0200517670071
0.0108758470012
0.00745414985321
0.0
0.0105507075031
0.0143237840352
0.0214936623772
0.00865622428223
0.00498279113737
0.00233117403986
0.00201455004603
-0.00256315264381
-0.0109655640612
-0.0109949118534
-0.0155809646951
-0.0190517090236
-0.018989853189
-0.0150098248113
-0.00933892129804
-0.00813636424472
-1.65070103652e-05
0.00736466860324
0.0151577115975
0.0163198330452
0.0185398831488
0.0154427636694
0.0122546835179
0.0248750109524
0.0249700487395
0.021834488992
0.0224460028267
0.0312813379677
0.0269926652015
0.0223937102472
0.0305978046134
0.0319310549756
0.0344726827834
0.0324997736776
0.0424478483852
0.0475516867581
0.0486474684016
0.0479910153775
0.0671115378216
0.066691466738
0.0588154353103
0.0673123972134
0.0911093630438
0.0
0.0
0.119084557977
0.116331731641
0.122539324987
0.134988017423
0.135607074112
0.143926334325
0.162667631247
0.0
0.0
0.0
0.149084354382
0.134440101822
0.124476855924
0.121394348668
0.110836589623
0.0954094695515
0.0859208321838
0.081079058387
0.0694105186069
0.0
0.0670588370501
0.0
0.0
0.0
0.0670856541477
0.0496974231341
0.0319015460886
0.0267017935997
0.017330979191
0.00300608104219
-0.0106287542386
-0.0267934285179
-0.0282581819313
-0.0309491169476
-0.0476041984986
-0.0612755247558
-0.0610479391905
-0.0645652317747
-0.0738178366058
-0.06480129409
-0.0500774788613
0.0
-0.0442092771909
-0.0540073288349
-0.0309353017475
-0.011265722215
0.0
0.028103305651
0.0
0.0
0.0
0.0
0.0
0.0
0.0
0.0
0.0476494164645
0.0
0.019343679853
0.0112542075749
0.0
0.00143127929977
-0.00675650440975
0.0
0.0
0.0
0.0
0.0
0.0
0.0
0.0407769004332
0.0354678413489
0.0360827870284
0.030224338224
0.0349963372669
0.0380308822415
0.0
0.0
0.0
0.0462243869963
0.0502408758231
0.0542593599822
0.0485960502737
0.0622110650199
0.0615771653857
0.0636483749839
0.0666895194358
0.0663433990248
0.0662518898207
0.0691055719114
0.0654825822084
0.0658189695862
0.0657623580583
0.0737434075706
0.0742559981972
0.0677993515413
0.059664284309
0.0608333046801
0.0574846769067
0.049374652528
0.0470811856737
0.0450620588954
0.0395038346278
0.0386698460739
0.0338016584367
0.0325360342361
0.0304528391259
0.0273175750627
0.0269208979071
0.0310088494638
0.0309683477972
0.0331354278786
0.0311971387217
0.0241420979109
0.0231552160447
0.0193604474212
0.0177110962697
0.0181247374501
0.0208736811553
0.018999930233
0.017463630847
0.0209464527693
0.025266023496
0.0336960986405
0.0364857011776
0.0470187720518
0.049018841943
0.0540106467723
0.0409145511616
0.0342073586204
0.0318885640722
0.0275050496246
0.0404326100029
0.0391388076542
0.0398036791204
0.0325273428531
0.0302530464808
0.0270739013529
0.0232646997542
0.00970612584979
0.00211372727157
-0.00107028908739
-0.00276550349096
-0.00909314442539
-0.0112356523961
-0.0105118924232
0.0
-0.0135446933657
-0.0132588919778
-0.0144547886501
-0.0148862259153
-0.00889013313704
-0.0167281510037
-0.0195246585619
-0.0218535876484
-0.0213130767786
-0.0261913680304
-0.0295803996701
-0.0304672080158
-0.032835860695
-0.0317149119232
-0.0330437177355
-0.0379600083501
-0.038464338785
-0.0326316260674
-0.0301252398716
0.0
-0.00364430746977
-0.00981897714522
-0.0197791346893
-0.011032965407
-0.00862821339964
-0.00457494181046
-0.00464592436279
-0.000182194907112
0.00131166809031
0.00169666128903
-0.00112593969942
-0.00469497665321
-0.0059839881731
-0.00657221975084
-0.00573814533949
6.03793252809e-05
0.00745418033614
0.00756091315085
0.00825007265583
0.00882379054803
0.00970332032202
0.00948602350359
0.0109972238412
0.0051992704042
0.0020222360363
0.00299115523192
0.00169783495857
0.00290304708017
0.00475261864472
0.00712980242824
0.00508585555893
0.00921297433217
0.0106299536396
0.0141798488785
0.0168696672944
0.0138982366586
0.0120319993529
0.013229668723
0.0131565428488
0.0165915167702
0.0201424581771
0.0150763423002
0.018044075988
0.0162176972728
0.0121151615351
0.0112575640519
0.00856776084873
0.00695538071501
0.00197897418023
0.000820316573035
-0.00205701433809
-0.00314590608026
-0.000334695674917
-0.000983336516038
-0.00125120082782
-0.00350621638795
0.000956876357355
0.00314253816801
0.00273804712067
-0.00266733219519
-0.00782479575455
-0.0128838067632
-0.0167561714528
-0.0173052861999
-0.0180263674862
-0.0185759261634
-0.0212294889691
-0.0241530476842
-0.0253713197104
-0.0190769302721
-0.0186113678728
-0.0164112142358
-0.0192844126399
-0.0154164248924
-0.0164267570411
0.0
0.0
-0.0185923478924
-0.0223779865924
-0.0229380920399
-0.0238634347324
-0.0269145725624
-0.0245470280891
-0.0282639522667
-0.0269215367289
-0.025617156049
-0.0283291402515
-0.0300249272627
-0.0328516667857
-0.0357041084876
-0.0308514705159
-0.0257695511204
-0.0317911548442
-0.034555733739
-0.0358854793253
-0.0392963780997
-0.0401554669323
-0.0383621406465
-0.0332173578323
-0.0328869948577
-0.0284876938611
-0.0268858078533
-0.0258524121733
-0.0272664087294
-0.0232875425264
-0.0247184939155
-0.0250719860323
-0.0234602431822
-0.0228625112211
-0.0215347306903
-0.0195410639545
-0.0165965935715
-0.0100755283343
-0.00916290575882
-0.00771811302186
-0.00809939892333
-0.0044934230965
0.00167797825293
0.00381583849424
0.00307094468405
0.00807641073424
0.00114119379539
0.00320776466105
0.00114823100756
0.00146061478365
-0.00128460282973
-0.00355508903799
-0.00270170255848
0.00261936273681
-0.00263269658636
0.000135268210864
-0.00357732745806
-0.00269451933984
0.00117241739973
0.000265304784328
0.00113396466144
-0.00345657099989
-0.00232060727933
-0.00338158304069
-0.00328200085982
-0.000609087530472
-0.0027057307623
-0.00534055804292
-0.00643203092417
-0.00470264005235
-0.00779410137129
-0.00842079769447
-0.00968777082376
-0.0032527875901
-0.00479958754014
-0.0105545493045
-0.00941710725
-0.00978245175342
-0.0101122978296
-0.0137149003695
-0.0138326630836
-0.0121240575598
-0.0107624894224
-0.00904273424304
-0.00101948833226
-0.000754447457192
-0.00699918768901
-0.0129143448262
-0.0172330213556
-0.0229451342927
-0.0216959826175
-0.0231427513293
-0.0267550397497
-0.0219588326647
-0.0220320554178
-0.0260803300386
0.0
-0.0219877543831
-0.020800503729
-0.0189575595904
-0.0160601995275
-0.0225554184501
-0.0215056458081
-0.020688340131
-0.0194717149891
-0.0196122414917
-0.0187674436263
-0.0197541219688
-0.0200534189571
-0.0272949832518
-0.0278690931579
-0.0283217022753
-0.0240181659957
-0.0287222147042
-0.0233723040503
-0.0273095057618
-0.0286255350172
-0.0235275678882
-0.0288566135426
-0.0272162542191
-0.0239435867532
-0.0154356339779
-0.0129912396907
-0.011327997586
-0.00527442243457
-0.00429108528081
-0.0146389479639
-0.0141465640972
-0.00939055021978
-0.0144392617011
-0.0132005647652
-0.0147136633431
-0.00924932151396
-0.012961847761
-0.0192564483738
-0.0176964151208
-0.0154793325722
-0.0176160039927
-0.0182190398359
-0.0143741257789
-0.0125083285165
-0.0188676952005
-0.0142236473026
-0.011395908608
-0.0124184003383
-0.00887029453631
-0.00734827580011
-0.00848375759713
-0.00552747467115
0.00224298365732
0.00368528284915
0.00537193975226
0.0126158458454
0.0113739954415
0.0226378789029
0.0129777111352
0.0143753463994
0.0235968747384
0.0259780318698
0.020174059276
0.0193187347488
0.0155231447832
0.0175900739941
0.0198460438613
0.0143936247522
0.0120768031855
0.0120832983856
0.00601584620806
0.00666420936517
0.00744790790032
0.00528047447507
0.00900633696003
0.00709269097612
0.00995100250035
0.0110024368365
0.00736067580506
0.0104444865579
0.0115377964418
0.0109759898029
0.011314398795
0.012172641497
0.0140067847499
0.0185179605623
0.0189483383878
0.0237152402488
0.0345705830165
0.0334193435995
0.0382887474746
0.0214840949842
0.0121382947311
0.00843201591184
0.00484140673345
0.0
-0.00166198421889
-0.00760830360546
-0.0153951874977
-0.0186362530751
-0.0241279498806
-0.0210724451355
-0.0195952441696
0.00212401831565
0.0126302609444
0.027294887816
0.0406542941209
0.0
0.052090830145
0.03430370096
0.036688305125
0.0464812307365
0.0476878576791
0.0570029524066
0.0645346946341
0.0793827001404
0.0800826085542
0.0956375299992
0.0949747656038
0.104672055808
0.105974998337
0.0912364201374
0.101723742926
0.0814400910771
0.0658612417598
0.058911714841
0.061011104404
0.0638748351614
0.0614537034882
0.0625636900255
0.065077429005
0.0643518446081
0.0679989551916
0.062267253821
0.0548906863239
0.0467995283942
0.0462752771185
0.042417612432
0.0488909006131
0.0488871715652
0.043201147439
0.0380653383447
0.0321900481155
0.0262224803455
0.0210980922798
0.0183972948746
0.0159998078948
0.0134260636252
0.0157658174087
0.00558948002021
0.00478015005905
0.00346372332871
0.00503118279436
0.00534775950481
0.0111796027724
0.0133127784953
0.0110975562082
0.0169043391675
0.0147141665171
0.0198397510513
0.0170698145667
0.0142095892353
0.0173228899529
0.0147871930826
0.0189373602002
0.0189009480852
0.0146186022316
0.0133618415097
0.00908139982273
0.0129438731915
0.00672618032181
0.00531205021625
0.0031979026117
0.00585968925734
0.00327367780437
-0.00110205039252
-0.00391261519394
-0.00389452153389
-0.00595961830047
-0.00694648930357
-0.00516255582572
-0.00570282327165
-0.00942594448986
-0.00777858149058
-0.0111257277026
-0.0169680878018
-0.017492411168
-0.0184541667496
-0.0142581994875
-0.0180182511732
-0.0113113191865
0.0
-0.0177503808069
-0.0200674694054
-0.0115790619539
-0.0134373013277
-0.0130292459707
-0.011131802366
-0.0165167425915
-0.0169659159221
-0.0180830771052
-0.0171281317606
-0.0171604213863
-0.0203351555065
-0.0165197779933
-0.0162706496896
-0.0176641386351
-0.0230349964655
-0.0169274623757
-0.0145671219702
-0.0139242128549
-0.0139220030689
-0.0118075835201
-0.0119088870599
-0.0145786897557
-0.0110550710756
-0.0107155338625
-0.0146422072983
-0.00927464522367
-0.00721360248329
-0.0115269069227
-0.00904204635826
-0.00709179533391
-0.00386364392673
-0.00142405553844
0.00107657928179
0.00151492981376
0.00367425446655
0.00308291400977
0.00545470561781
0.00276088738492
0.00504689884673
0.000942362088348
-0.00842516258512
-0.00514329622845
-0.00693452756499
-0.0064403257748
-0.00538716479664
-0.00523614090436
-0.00467540296955
-0.00192453261835
-0.000125897571404
-0.00306588580146
0.000952004852478
-0.00245649180781
-0.00388176767812
-0.00591275704976
-0.007347582356
-0.0121338829717
-0.00987379712804
-0.0117865572376
-0.0153939158204
-0.0110587767188
-0.0139790636721
-0.0153005508577
-0.0156844735177
-0.0149178004931
-0.0145742188573
-0.0168075642332
-0.0179201739161
-0.016950962833
-0.0176293814653
-0.0186633014931
-0.0196278775784
-0.0198518362095
-0.0167882424911
-0.0196195116049
-0.0213908820553
-0.0222877876551
-0.0239131490491
-0.0257637767414
-0.0230596721701
-0.0223362715035
-0.0166045119774
-0.0156500460617
-0.020828742632
-0.0110784026012
-0.00629426850059
-0.00646486276317
-0.0100882300987
-0.00950154023714
-0.0146256028808
-0.00742092216822
-0.00785920037692
-0.00859658605763
-0.015002124212
-0.0202726300665
0.0
-0.0247824714941
-0.0243426564523
-0.0257221237144
-0.0277654360149
-0.0287595855026
-0.0274518741431
-0.0233502482193
-0.0279668517299
-0.0326682228951
-0.0304004470156
-0.0294720387031
-0.0293106805172
-0.0290949398172
-0.0317533402945
-0.0287569058318
-0.0314288419794
-0.0266073968058
-0.0256331523996
-0.0245492875861
-0.0220366725607
-0.020885323111
-0.0224243832847
-0.0217767700051
-0.0222455091141
-0.0194631953947
-0.0170942758129
-0.0201897401261
-0.0200722062542
-0.0212677976044
-0.0215535034336
-0.018525219635
-0.0199649941269
-0.0183576412632
-0.0155664193696
-0.0176381668858
-0.0200732644679
-0.0150609960007
-0.0131736037484
-0.0159797371468
-0.0142889614372
-0.013998694464
-0.0177204138235
-0.0168040213214
-0.0178661038791
-0.0178265958941
-0.018710092359
-0.0194067815644
-0.0178116196804
-0.0148547348968
-0.0143111862218
-0.0148010263268
-0.0136756837275
-0.0138521567539
-0.0123159424801
-0.014246109113
-0.0114442953445
-0.013605042264
-0.0156906435736
-0.014568870878
-0.0156855460077
-0.0137799593501
-0.00737845205326
-0.0128156007193
-0.00668583556525
-0.00720319714288
-0.0061824937455
-0.00425091915857
-0.00157040444912
-0.00559270360422
-0.0085366845469
-0.0112182702567
-0.0176425187911
-0.0158491193605
-0.0174047554835
-0.0238071651594
-0.023001757082
-0.0205792698346
-0.0186580769407
-0.0198603745477
-0.0228803707113
-0.0251343569475
-0.0252177639277
-0.026830863999
-0.0347437422918
-0.0281215656959
-0.0284078703621
-0.0327818349494
-0.0349765550172
-0.0373918911302
-0.0366970759139
-0.0423961571546
-0.0384514566594
-0.0345319499361
-0.0318278007418
-0.0320304098678
0.0
0.0
-0.0160939872212
-0.00577958073413
-0.00520899454431
-0.00367659116477
-0.00350820262044
-0.000708292970482
0.00790288058961
0.0188387025572
0.0198317320191
0.0310590476944
0.046020475653
0.0574605420645
0.0627516842648
0.0604960445113
0.0538565980017
0.0454956074743
0.0
0.0
0.0
0.0692654385587
0.0787898520769
0.0
0.0847591580788
0.0839870788787
0.0833768986569
0.0820137588468
0.0808190198046
0.0830777549714
0.0891524602886
0.0808836432417
0.0697250734243
0.0813175552533
0.0778732477005
0.0759190557491
0.071977333021
0.080675341165
0.0824121282554
0.079194792412
0.067625918987
0.072723353636
0.0694595526486
0.0634993192942
0.058380206906
0.0594689211339
0.0627233232114
0.0614861440514
0.0725718111348
0.10311985791
0.101493254565
0.118629767064
0.148026420926
0.155020811322
0.173152266781
0.186286698472
0.0
0.189456634548
0.181714641649
0.175822784433
0.152436811359
0.153751545852
0.134195520298
0.127193064573
0.12212300611
0.10494289086
0.0985999779797
0.0910940356445
0.0750132444945
0.0714666083879
0.0693531989095
0.0551905553735
0.0473720903292
0.0338778433428
0.0181546777377
0.0187653345315
0.00489366203938
0.00993880108681
0.00144551773201
-0.0153557071659
-0.0109085086243
-0.0151978940585
-0.0231873776238
-0.020521535091
-0.02744958754
-0.0232336485566
-0.0254984093352
-0.0223805376022
-0.0228125077816
-0.0217277522185
-0.017380915581
-0.0144717336689
-0.00911140086059
-0.00901708797362
-0.0114758869829
-0.0134099385419
0.0
-0.0109891903772
-0.00976946248926
-0.00503031007217
-0.0110244539405
-0.0124568391476
-0.0119789335634
-0.0118548335408
-0.00857116419986
-0.016332658534
-0.0155126041212
-0.0309481411923
-0.0397046312686
-0.0458866981738
-0.0436025070727
-0.0470874585514
-0.0541866896728
0.0
-0.0654944135347
-0.0548451527336
-0.0478199270841
-0.0294161179178
-0.0338710614722
-0.0370025903043
-0.0298864817893
-0.0180647289753
-0.0171074636599
-0.00912630115073
0.00227918507148
0.0114901016122
0.00763154826196
0.0052920888855
0.00233997446621
0.00552666853525
0.00696950842485
0.00650427959507
0.0100991196544
0.00735601761329
0.0088732059451
0.00454211982617
0.00504728948629
0.00692172007671
0.00405914283392
-0.00162349765435
-0.00444489280364
-0.00437781023698
-1.28898256497e-05
0.00479835048972
0.00772173191654
0.0148595331285
0.0209544869998
0.025144834424
0.0260444905498
0.0332447410952
0.0342926421053
0.033338835749
0.0297934995761
0.0248137412931
0.0215799230479
0.0147356999778
0.0129511814139
0.00852194043633
0.0106828882464
0.00759179249316
0.00933872161152
0.00274981434809
0.0021622608491
0.00360705386741
0.00158094057939
0.00232510147299
-0.00269724084888
-0.00172387111687
-0.0020408528353
-0.00374315681954
-0.00015753644357
-0.00561458108852
-0.00759072484031
-0.00889870418726
-0.00915287479086
-0.0137441494937
-0.0173650341234
-0.0210789469052
-0.0214508649842
-0.0250900245904
-0.0238719931983
-0.024413303513
-0.0291236287072
-0.0292993867369
-0.0305264036675
-0.0322231314806
-0.0310393652276
-0.0282572610532
-0.0305223121322
-0.0281711983683
-0.0288142623904
-0.030723665718
0.0
-0.0356360884626
-0.0296003300319
-0.0278467216889
-0.0279351187757
-0.0290577194491
-0.0296848694418
-0.0319870698399
-0.0321808539726
-0.0309738298676
-0.0290224225089
-0.0319234482342
-0.0298371871518
-0.0301268250786
-0.030594338559
-0.0340057848945
-0.0375018867655
-0.0362423206506
-0.0379967673096
-0.0424045129413
-0.0403295857385
-0.0346765507905
-0.0305930538925
-0.0285615238909
-0.0312393339034
-0.0283483180779
-0.0214817824323
-0.00614278212065
-0.0145760096754
-0.015394836827
-0.016022864204
-0.0137144903989
-0.00247874986782
-0.000556161664451
-0.00250929525513
0.00798359797934
0.0031688021498
0.00204838811677
0.00188728445792
0.00349096602328
0.00115107532787
0.00357221424866
0.00888373667159
0.00801413843953
0.0116403059138
0.0136302482638
0.0137496001914
0.0145656968398
0.0106627066305
0.00765558825998
0.00534366977394
0.00342092122855
0.0016553113466
0.00260111764701
0.00069746294176
-0.000311409780544
-0.00116877799968
-0.00146284411835
0.0113475779438
-0.000228357733251
-0.000703975579342
-0.000856726130856
-0.00161198372698
-0.00201484486842
-0.00168014464407
-0.00442767822194
-0.00602707121011
-0.00307243284002
-0.00661659538306
-0.00624571712432
-0.00474491875447
-0.00219662055814
-0.00731953589533
0.000370755727737
-0.00354824131188
-0.00474559113709
-0.00377151762058
-0.00213658935716
-0.00281036566073
-0.00701261992027
-0.00846404882666
-0.0134207275999
-0.0147587922486
-0.0162373222538
-0.0171569063981
-0.0197033013922
-0.0237784208968
-0.0202458248604
-0.0232921001392
-0.0267072970964
-0.0289836890572
-0.0320220191239
-0.0339587908128
-0.0354509254679
-0.0339948597412
-0.0343498254851
0.0
-0.0351056276521
-0.034844088046
-0.0347265624751
-0.033603845143
-0.0361679323746
-0.0364869838247
-0.0362605162394
-0.037831765873
-0.0381839550425
-0.0394781468301
-0.0389199703803
-0.0406447502471
-0.0388163622031
-0.0372537627137
-0.0361244258386
-0.0400994440037
-0.0350921062522
-0.0364118804169
-0.0353252379497
-0.0353193383914
-0.0335479035295
-0.0356939031101
-0.037424733083
-0.0373049090258
-0.0309951399398
-0.0334416545689
-0.0311733211114
-0.0301514763483
-0.0287613617581
-0.0279957934937
-0.0292577779953
-0.0270756758081
-0.0237164424025
-0.0196118850767
-0.0182561251334
-0.0159459443838
-0.0144170237646
-0.0120325626819
-0.00946793136449
-0.00803465266121
-0.00831364574313
-0.00713159040706
-0.00112218414277
0.00544961770369
0.0148908013447
0.0155317690223
0.00664820059368
-0.00143796478273
0.000588805974902
-0.00242414658828
-0.00467298763292
-0.0041458919031
-0.00540742910891
-0.00479903323579
-0.00634984731398
-0.00786099659705
-0.00876732339262
-0.00450074309628
-0.00731365310082
-0.00755785116547
-0.00322345912199
-0.0022485127349
-0.00511720825441
-0.00509776649887
-0.00627133831275
-0.00292061421459
0.000290810777765
0.00326227325316
-0.00136556127657
-0.00454700377556
-0.00271684795744
-0.00474797113393
-0.00319578175206
-0.00185946488688
-0.0025316957769
0.00120278555853
0.00176046878649
0.00546519252586
0.00811278568355
0.0179565340914
0.0235245053854
0.0291823978318
0.054241540762
0.0663298922968
0.0
0.0734215343656
0.0549282730415
0.0446151440764
0.033149718134
0.0257536594538
0.00932756949229
-0.00123684428234
-0.00299903973871
-0.00636465194362
-0.00805102508268
0.0
-0.00754717555082
-0.0113833661605
-0.00572771093138
0.0104040021516
0.00572728362296
0.00900160545847
0.00844651580153
0.00983313799735
0.0
0.0203109322057
0.0
0.0
0.0202099097886
0.0142083885729
0.0153418581096
0.0155877598063
0.0218304096909
0.0340862977229
0.0338040238938
0.0
0.0
0.0
0.0383482888977
0.0
0.0350511460277
0.0382220001515
0.0358042755589
0.044688614368
0.0418018929675
0.0413394737207
0.0420663499258
0.035730183017
0.0287737561489
0.0319312344037
0.0363570851075
0.0422610557364
0.0518512020871
0.0579201080485
0.0548012080598
0.0494302436133
0.0422744285728
0.0469809809349
0.0542645947612
0.0638739604865
0.0597133465387
0.0518018450631
0.0477363441354
0.0529339805688
0.0671328605457
0.0715893203819
0.0726607888066
0.0713523339997
0.0716409405984
0.0667306852754
0.0697064415316
0.0702641679202
0.0694710697344
0.0665872429461
0.0644239795235
0.0641632989546
0.0688127596604
0.071398295776
0.0641228826157
0.0623243169795
0.0594944881649
0.0569447146824
0.0640426306247
0.0667992212688
0.0653564881603
0.0599034308716
0.057581211336
0.05571537649
0.057202175954
0.0567632489641
0.0673652679221
0.0786738407326
0.0802592403707
0.0789509732791
0.0744573648356
0.0852480139513
0.0877604302597
0.0966013693283
0.0
0.0
0.0789552881786
0.0638938046428
0.0540200595796
0.0474691741971
0.0477798788134
0.0552559435763
0.0584582546228
0.0
0.044021435497
0.0313038201393
0.0200658738224
0.0
0.00890910972669
0.00714084885457
0.00994476032668
0.0211576199481
0.0177001050715
0.00863265187127
0.00958428933101
-0.00529596759258
-0.0126458466816
-0.0196426440294
-0.0242008899394
-0.0281268859363
-0.024356960459
-0.0284420224638
-0.0383608119832
-0.0416844161816
-0.0433463077746
-0.0377933633441
-0.0385237575216
-0.0396470379493
-0.0404452691223
-0.0310869496203
-0.0179325313757
-0.00241784525759
0.00392244726975
0.00574148855742
0.0162490993285
0.0
0.0
0.0
0.0113773856678
0.0
0.0
-0.00379738353109
-0.0204740785117
-0.0377270943234
-0.0573291748321
-0.0671216815235
-0.0617260885658
-0.0529214496601
-0.0476669750066
-0.0402928009752
-0.0328565348283
-0.0279615373448
-0.0274602662986
-0.0246605233601
-0.0201464240391
-0.018289769994
-0.0175257650485
-0.0134143856152
-0.0118348455034
-0.00994608176049
-0.0086806202203
-0.00705131290407
-0.00564616406816
-0.00385737486864
-0.00183900200678
-0.00289041345673
-0.00348435369737
-0.00499681785466
-0.00313060016567
-0.00237657965218
-0.00911633922566
-0.00806098490902
-0.00408322301229
-0.00505433595209
-0.00326200567906
-0.00306943617155
0.00149697718354
0.000814459236831
0.00251609575217
0.000489788136693
0.00526224985615
0.00920710935653
0.0238370455426
0.0130125125278
0.00943682338346
0.00633946140171
0.00298900263405
0.001772416431
-0.00200349425139
-0.000173150499992
-0.00384394023968
-0.0100499751482
-0.00846522203037
-0.00783574396585
-0.0133199378453
-0.016483443221
-0.019775271477
-0.0202589613546
-0.022795396132
-0.0258203822204
-0.0250910601149
-0.00580837336979
-0.00635795530206
0.0
-0.0212543320442
-0.0181990502416
-0.0194981088862
-0.0196587653231
-0.0232222729545
-0.0228922747504
-0.0228277842501
-0.0230338954836
-0.0224951288128
-0.0160110447939
-0.0130963334094
-0.00593912022774
-0.0105923697304
-0.00386431083995
-0.0161990727621
-0.0242534431893
-0.0231025762076
-0.0232341675223
-0.0274397331915
-0.0274504236711
-0.0273574140113
-0.030977722185
-0.0286507473648
-0.0290539991523
-0.0269116227251
-0.026859326391
-0.0249889673847
-0.0220990741122
-0.022208974328
-0.0216188455493
-0.0188395079101
-0.0175323846236
-0.0207059965522
-0.0208178086277
-0.0207142179808
-0.0135024962595
-0.0103551622954
-0.00531382012403
-0.00472600048532
-0.00184269466683
-0.000667843500438
1.28898256497e-05
0.0154001193493
0.00454872182296
0.000685988338819
0.00451374970943
0.00335477051374
0.00460836138724
0.00384223194721
0.00820031271991
0.0114211245911
0.0092178471882
0.00868911041439
0.0109324404226
0.0141288872277
0.016793714149
0.0181184882479
0.0169994732641
0.0162069656037
0.0196054647355
0.0191626948235
0.0231518999825
0.0237494080454
0.0291564447716
0.0298175781052
0.0320059522432
0.0305014049254
0.0269054776245
0.0275434830304
0.0333340417295
0.0324905253649
0.0263186486097
0.0
0.0296520180412
0.0302931619825
0.0197135289021
0.0150271376007
0.0167503930422
0.0141886558219
0.0104296396378
0.0156419173219
0.00799037486189
0.00874077322111
0.00750966641553
0.0074335602522
0.00694684812037
0.0136859675562
0.0130386193425
0.00736053527575
0.00395002068837
-0.00235439268625
-0.00121122820012
-0.00861483728614
-0.0131584597293
-0.0102927912676
0.0
0.0
-0.0247049827703
-0.0260210562159
-0.0290654878811
-0.0346108662735
-0.0379521653267
-0.0381221500474
-0.0405694330586
-0.0429608249828
-0.0443366887943
-0.0432153452243
-0.0498797260753
-0.0420438629135
-0.0441269798497
-0.043080414852
-0.042115211393
-0.0424758801206
-0.042993449202
-0.0451425254423
-0.0476670955544
-0.0477775911269
-0.0477891601698
-0.0456936975758
-0.0419277701864
-0.0408134059377
0.0
-0.0347237128857
-0.0344904627257
-0.0320571344577
-0.0323095890784
-0.0286311750932
-0.0230582442209
-0.0234024053609
-0.0239475321616
-0.0216825267179
-0.0224764351161
-0.020883339289
-0.0197185747623
-0.019405765076
-0.0158302084423
-0.0136665878986
-0.0085852168891
-0.00524285077136
-0.00315622644435
-0.00121149590397
0.00223579904983
-0.00103365268708
-0.00845933835905
0.0
-0.000387392419419
-0.00180013393075
-0.00209257710293
-0.00281309965075
-0.00257434995672
-0.000250669904972
0.00060516878083
0.00181512204477
0.000663848325244
0.00133680542203
0.00381424733241
0.00852257759103
0.00710666550716
0.00420685760782
0.00643902542763
0.008158450421
-0.000145276790699
-0.000869110090335
-0.00583523897728
-0.00501024375099
-0.00575430223738
-0.00534465838501
-0.00129687327791
0.00126873831929
0.00579253849581
0.0065604912205
0.00839365353652
0.00788491465619
0.00550491372948
0.00405349016441
0.00585130498578
0.0125466881344
0.0143902956994
0.0143174723747
0.0229811913956
0.0144476389902
0.00711240027653
0.00551911606867
0.00412382950529
0.00312601119342
0.0121268779152
0.0160023717153
0.016320462191
0.015196242001
0.0188910362274
0.0235052001118
0.0
0.0376702679041
0.0309046947313
0.0301818246332
0.0190235330745
0.022066550765
0.0147416315947
0.0114754498126
0.00145235718307
-0.00379052840915
-0.00714928490841
-0.00752041445896
-0.0137498521214
-0.0139482321356
-0.012319254202
-0.0224185621824
-0.0332614280165
-0.0442981441602
-0.032645640929
-0.0340912614889
-0.0317196502133
-0.0303506042272
-0.0176345949905
-0.0140788490659
-0.013520878862
-0.00344594092914
-0.00105996219515
0.00713309789485
0.0126717708342
0.0129102160318
0.0162272204508
0.0228244566893
0.0346175721911
0.0638563409932
0.0641517156306
0.064734090892
0.0675616241199
0.0656473899681
0.051289222016
0.0351254512373
0.0284036996258
0.0271499655625
0.0328158700839
0.0249507806681
0.0203670997185
0.0102172939616
-0.000792994477771
-0.0123465432703
-0.0190620214014
-0.0193677825142
-0.0194193809327
-0.0160653898034
0.00389778774664
0.00136857706387
0.00385131423052
0.00763723900365
0.00974953005986
0.00554600280549
0.00755113520394
0.0190436249126
0.0347973568271
0.0304665127301
0.0314637601234
0.0358014352773
0.0354616574099
0.0319656474384
0.02817828772
0.0228808168186
0.0232569460486
0.0244760612839
0.0254751967482
0.0218284310749
0.0160699064917
0.01313551527
0.0104775633026
0.0116805833477
0.00455862836096
0.00479611889879
0.00014320023865
0.00299341107637
0.00693595991846
0.00723609061762
0.00899440037146
0.0137670641579
0.00568703903005
0.0208602564806
0.00919013054221
0.00692517609047
0.00461821616875
0.00238486650505
0.00794354318324
-0.0074229156403
-0.00338951985579
0.0
-0.00742499264561
-0.0145779647437
0.0
-0.0244120783317
-0.020356477443
-0.0155677243019
-0.0129434631873
-0.0115486453826
-0.0129229918014
-0.00760174264224
-0.00336691137308
-0.00616309863804
-0.00573379259585
-0.00290378095996
-0.00197325415819
0.00716498985459
0.0132860739745
0.0
0.0
0.0255585328038
0.0153705943588
0.0125988968339
0.0141481898506
0.0113577020717
0.00313426074985
-0.00159394082308
-0.00380497758091
-0.00502493145207
-0.00648185826113
-0.016208711174
-0.0135293912612
-0.0142624152279
-0.0160952513781
-0.0192216999844
-0.0266004378324
-0.0262434874451
-0.0260468982936
-0.0302446156179
-0.036666821955
-0.0350544635749
-0.0223985573285
-0.0241568888569
-0.0191621724979
-0.020835961749
-0.0181287415115
-0.0157759352625
-0.0185947163786
-0.019929954704
-0.0194571412318
-0.018371108079
-0.0204771004337
-0.0164552764343
-0.0171169660105
-0.0196154640834
-0.0154858201533
-0.00973163804983
-0.00789177742803
-0.00610167675734
-0.00232499000927
0.00554282818081
0.00816873688575
0.0149019036598
0.0202347031951
0.0188113014169
0.0228050220697
0.0282220335437
0.0375452429426
0.0336870274328
0.0303899339252
0.0300091912642
0.0365240334318
0.0382071658715
0.0313452653288
0.0299310014616
0.0259665727897
0.0270910461497
0.0240502063149
0.0239486264948
0.0198830107252
0.00855602921653
0.00681263886103
0.00332094924731
0.00222437795553
0.00533092359888
0.0154830015631
0.0213133951484
0.0331969525655
0.0547441065136
0.0734147546212
0.058480631795
0.0706439770226
0.0
0.0
0.0487208640871
0.0497184101237
0.0
0.0
0.0
0.0
0.0
0.0693816152898
0.0651674087411
0.0758673185993
0.0759161219459
0.0731816350753
0.0778334411691
0.0896257381457
0.0771600096643
0.0668016439538
0.0521219514765
0.0497887871678
0.0401061479464
0.0406797426552
0.0517048121914
0.049558360081
0.0430091081885
0.0340153280564
0.0333279985696
0.0381109260848
0.0466754040311
0.0338184295915
0.014983545611
0.0130203732507
0.0218303126599
0.0176293450773
0.0125847954886
0.00973503568427
0.0288373237044
0.0374830292587
0.0559820878623
0.0
0.0698945491243
0.0656885388731
0.0710212826476
0.0664519306625
0.0
0.080093644887
0.102093631727
0.0
0.0
0.104163349528
0.0896417711034
0.0847072231046
0.0959497087193
0.0879480122098
0.0812683134815
0.0672918412813
0.0706073383573
0.072232117837
0.0755248811665
0.0672350781753
0.0628509830092
0.0604662140773
0.0575437297028
0.0622109662942
0.0539444935639
0.0561983991234
0.0581218791605
0.0513656174973
0.0486571238658
0.0412721360384
0.038276311091
0.0332700723093
0.0239618805534
0.0176617851751
0.0164189707443
0.0139370882976
0.010112590382
0.00633375196659
0.00107811334075
0.00145869446454
-0.00230959154814
0.000332235877644
-0.00184400957141
-0.00144494965952
-0.00173742527825
-9.92855177719e-05
-0.00353448362588
-0.00313641715797
-0.000188517488987
-0.00426377812168
-0.00738272821975
-0.00993571740454
-0.0132210894411
-0.0154403696967
-0.017192640694
-0.0168023980617
-0.0179587282858
-0.0211152084013
-0.0215077279273
-0.0220713073688
-0.0222170805884
-0.0216494272812
-0.0268312882707
0.0
-0.0263489480056
-0.0245587800165
-0.0284790309476
-0.0334860788275
-0.0359463835975
-0.0380703324465
-0.0351084875195
-0.0381469040539
-0.032154968692
-0.0327416757301
-0.031813881828
-0.0281352935148
-0.0252204917648
-0.0256665930028
-0.0317890784021
-0.0346554155344
-0.0369597380212
-0.02791053579
-0.0254850842347
-0.0232844897933
-0.0238686008067
-0.0206003626185
-0.0167704061889
-0.0125610365792
-0.00311620912074
0.00327548898982
0.00516013103151
0.00967126558746
0.0222345305
0.0134760137095
0.0110456606401
0.00866420878504
0.0113950819002
0.0142633426669
0.0228758166737
0.0328567680452
0.05250470025
0.0629415902879
0.0748208609944
0.0848178310509
0.0913467980658
0.0987640140635
0.0929965564703
0.0921748133014
0.076370951727
0.0653563786356
0.0509185866043
0.0617448950735
0.0603257893116
0.0483234194446
0.0429630059374
0.0435544094904
0.040304443896
0.0446029996365
0.0458344226248
0.0309153676748
0.0325001401994
0.0399462984053
0.0370775251555
0.0313208574862
0.0261183743384
0.0207610492535
0.0193910164041
0.0162897988111
0.0137173748911
0.0117719009804
0.0114291921705
0.0104292340757
0.0107263272291
0.0137656048677
0.0136975255795
0.00732387164515
0.00456445771412
0.00018971670113
-0.0030117040838
0.00164314918092
-0.0046357823448
-0.00418514348275
-0.00190925120673
0.00208008285472
0.00602693177513
0.00797256979019
0.00817137143532
0.0193040971826
0.0367525466895
0.0535123756648
0.064926567485
0.0807589093967
0.0973077638169
0.0953801151827
0.0980243887883
0.0
0.136319145956
0.0
0.0
0.0
0.151915298138
0.149875500813
0.0
0.141634881338
0.0
0.0
0.0
0.12827787975
0.110232485808
0.0948342768237
0.0780282949874
0.0642951730768
0.0554969619434
0.0343523634622
0.0189010083052
0.0121337418863
0.012232403152
0.00162927902681
0.00775206766273
-0.00268953513508
-0.00458544620035
0.000170296213185
-0.00117269423238
-0.00168588310898
0.00358542353623
0.0
0.0180578508883
0.00189150437113
-0.000808971564161
0.0130884201916
0.00234384727712
-0.0052664285862
-0.000627547345391
-0.000403058298327
-0.00162532501519
-0.0108168600406
-0.0238699611495
-0.0387242645853
-0.062331022192
-0.0711185583748
-0.0622207166139
-0.0683611939611
-0.0640942856739
-0.0692042126053
-0.0586652510259
-0.0495970472496
-0.0389343721893
-0.0354153215691
-0.0305959014782
-0.0244733708195
-0.0134593604638
-0.00740967227059
-0.00620754525499
-0.0012309480304
0.00108073326573
0.00259153080025
0.00145929912967
-0.00093574288532
0.000904761222982
-4.45714132745e-05
-0.000236156772504
-0.00183242805474
0.00948536098787
-0.00273383368841
-0.00228699767431
-0.000908238578775
0.000604167198305
0.000472660211388
0.00108981380684
0.00343768525152
0.00317257255999
0.00503278119476
0.00341827391418
-0.00313203613262
-0.00302408635994
0.000888232434098
0.00220974412456
0.00312993916266
0.00303000494869
0.00601891624524
0.00871132207182
0.0208009944101
0.026682958778
0.0316802187114
0.0378318271201
0.0377971389127
0.0323884310908
0.0370405596742
0.0505774768451
0.0444982770549
0.04266024721
0.0502665024635
0.0551782739332
0.0487002574416
0.0499172131658
0.0
0.0493327401393
0.0506715567138
0.0597660760213
0.0578102000776
0.0479233359354
0.0540166009755
0.0553304430196
0.058546852924
0.063088052764
0.0645092678162
0.0638198013983
0.062964858234
0.0592152176816
0.0524784026617
0.0543168471323
0.0473918438012
0.047609609572
0.0527563414301
0.0472011141841
0.0453640106076
0.0625965070484
0.0
0.0776072155907
0.0692846799331
0.0733991886553
0.0664576394453
0.0498493273703
0.038980932105
0.035572435659
0.0327744457977
0.0316631938108
0.0346465152513
0.0359799226315
0.0318649005011
0.0327584631017
0.0371331642626
0.0423762244346
0.038698282053
0.0296859377312
0.0214429907018
0.0158730380849
0.010620246185
0.0055099605151
0.0072764150412
0.00552695858131
0.00319789873506
0.00337029062536
0.00173928209251
0.00402084591119
0.0100480184678
0.020052079442
0.0251405044681
0.0254551741255
0.0292070571245
0.0339979446096
0.0347978215702
0.0388682067188
0.0390259628648
0.0372661153772
0.0374602452972
0.0425161778514
0.0407927698458
0.0441308379099
0.0499111046768
0.0500620500415
0.0546195896499
0.0544242469207
0.0571681208305
0.0708640825241
0.0759030553437
0.079533945282
0.0881124363495
0.0892048292458
0.0767872863896
0.071922829879
0.0635100492067
0.0631724568485
0.0594906549035
0.049778820192
0.0447285095361
0.0422798823004
0.035079493937
0.0280574527341
0.0287674491799
0.0321299727713
0.0314284249795
0.0263349123999
0.0218276019749
0.0175957005564
0.014335299633
0.0128207892917
0.0105955508896
0.00836559256976
0.00489970962608
0.000125971948697
0.0
-0.000678748937071
-0.00199140687551
-0.00137153385139
-0.00220512785534
-0.00516102162837
-0.00826574012374
-0.00981611871905
-0.0104953387647
-0.0104750090424
-0.0105316804509
-0.0140369033838
-0.0142785123618
-0.0157453009273
-0.0173001044575
-0.0183566090476
-0.0164470386625
-0.0203106965963
-0.0207393327106
-0.0226105749201
-0.0225068277999
-0.0249793214634
-0.0248361176222
-0.0255000748867
-0.0279442250141
-0.0310132457458
-0.0277597196769
-0.0326909228033
-0.0282991447874
-0.0358139911437
-0.0292430463271
-0.0239754648831
-0.0280474278011
-0.0307882397376
-0.0329502302542
-0.0287208717393
-0.0215456283155
-0.0240319801817
-0.0235679486435
-0.014433942742
-0.0153138771678
-0.0108280514833
-0.0142779093813
-0.0185044636605
-0.0156155858677
-0.0155188621716
-0.0127395905312
-0.014441326042
-0.0173985121573
-0.00730084612837
-0.00264829591488
-0.000929696747085
0.00138684014191
-0.0020340399046
-0.0028495862361
-0.00361302348182
-0.00479796481266
-0.00623783406328
-0.00474980469656
-0.00940703943997
-0.00567681034902
0.00169356762814
0.0047874207294
0.00331935581712
0.0099178035325
0.0111848463096
0.022948248991
0.0492808269626
0.0594774293821
0.0714275205505
0.0657705544758
0.0628799767581
0.0658303908449
0.0631068805204
0.0526466204773
0.0471272542649
0.0442193636728
0.0413802971283
0.0371141216267
0.0323075022531
0.0342886242805
0.0331085760176
0.0296823916407
0.0204726435921
0.0200730586039
0.0189064246464
0.0153008377833
0.0135983767823
0.0099177103079
0.00694322538524
0.00715426100006
0.00621819615826
0.00353446086221
0.00219124833938
0.00322717213212
-0.000472758203619
0.0
0.010846727551
0.0217582308823
0.028447603126
0.0403469404547
0.0493654996851
0.0573816564196
0.0553501302886
0.0504734319749
0.0455304318526
0.0391829877029
0.0374194504716
0.0292641947388
0.0211045908633
0.0172869092693
0.0106535092484
0.0113398852289
0.0120088513418
0.0170624507382
0.0249078598198
0.0287218737109
0.0225962083597
0.0198648276676
0.0230749652432
0.0214175715845
0.0291173040099
0.0211410860745
0.0237379518985
0.014641716487
0.0106642749237
0.00953316577563
0.00935371459514
0.00356225187982
0.00470684834911
-0.000550307994306
-0.00285815574407
-0.0129086533374
0.000241399194427
0.000527936638771
-0.00232678257194
-0.00317041713069
-0.00275890030864
-0.00782842124884
-0.012696180278
-0.0180439929173
-0.0102026128253
-0.0110159080803
-0.0111951655415
-0.0107892937379
-0.0032052754959
-0.00252044787244
0.000246933955474
0.00344583546689
0.00834991259169
0.00447422583082
0.00484913631521
0.00425017440429
0.00370210157031
0.0041228175708
0.000744123695561
-0.00154766183243
0.00902946611003
0.00913154392249
0.00699682985546
0.00596767328945
0.00650192401416
0.00278047822912
0.000940324470254
0.00152352212118
-0.00209821205608
-0.00364527642575
-0.00365331348445
-0.00508794918018
0.00514028933637
0.0031157901662
0.00183451312052
0.000368878211621
0.00209482677975
-0.000551856663318
-0.00311198337235
-0.00304828505809
-0.00445755004178
-0.004390986865
-0.00543113577182
-0.00761151374335
-0.000692257071762
-0.000454863680212
-0.00238937418815
-0.00368548459571
-0.00325229940098
-0.00695885416297
-0.0104550935046
-0.0122735425624
-0.0140795230448
-0.0128097345462
-0.0135189367617
0.0
-0.0064317072229
0.00352682456622
0.0127525208321
0.0126930416636
0.011043997587
0.0132154461354
0.0151120695387
0.0125401998131
0.015639484947
0.0200651065612
0.025028697753
0.0245610188662
0.0
0.0
0.0
0.0348750519786
0.0205936889999
0.0181664158656
0.0143642361418
0.00914005050749
0.00406088730203
-0.00180712510376
-0.0054078683912
-0.00884841411094
-0.0116579197524
-0.0161517716937
-0.0172868328973
-0.0146253019377
-0.0108041410301
-0.0117169920607
-0.0173065943547
-0.0286579099081
-0.0222800550901
-0.015877306969
-0.0126438600191
-0.0177644175439
-0.013474087381
-0.0123376612069
-0.0139896031381
-0.0207964479028
-0.0211837187008
-0.021959247455
-0.0243909788609
-0.0250534712425
-0.0265343198918
-0.0247856968718
-0.0281929318547
-0.0383718316032
-0.0244947248824
-0.0279877839043
-0.0294003640869
-0.028570697574
-0.0269933373886
-0.0186468545562
-0.0143501011568
-0.0134073121639
-0.0118971634751
-0.00957934397181
-0.00916077467062
-0.00966399590817
5.13906771771e-05
-0.000718511747935
0.000291309900351
-5.23648445137e-05
-0.000500912791304
0.0005525542691
-0.00110448937047
-0.0051919151425
-0.00428213958778
-0.00681799423585
-0.00913104324413
-0.0204569926149
-0.014022102028
-0.00831922687524
-0.00555517533956
-0.0012441469943
-0.00509073457595
-0.00535494920845
-0.0064806768452
-0.00705137853092
-0.00698402075883
-0.00626603487717
-0.00718643519191
-0.00779962404826
-0.00639124433783
-0.00997901910055
-0.00862065364754
-0.0110342199382
-0.0116657792938
-0.0128445066265
-0.0112097824725
-0.011835665946
-0.0186806734261
-0.0145163898916
-0.0155935773425
0.0
-0.0136694362775
-0.00864912194932
-0.00729950890715
-0.00623808587048
-0.00786187665669
-0.00676339035889
-0.00952644080402
-0.0099958634545
-0.0102778083182
-0.00831248236839
-0.0107826962778
0.00441261971997
0.00287218733259
-0.0046803738762
-0.00326414430039
-0.00837479782842
-0.0113628691956
-0.0125882084973
-0.0144484157866
-0.0128765773538
-0.0131232634475
-0.0118410191423
-0.0124563715657
-0.0173692749418
-0.0122186965572
-0.0151317689804
-0.0125627289199
-0.00963109124243
-0.0117616594097
-0.0137907128037
-0.00969097482159
-0.0077487913837
-0.00614918963133
-0.0057849273528
-0.00166519532796
-0.0119461541797
0.0037617829609
0.00243743096605
0.00244634217408
0.00609930705391
0.00325238648409
0.00511573240499
0.00467609261633
0.00254793279295
0.00173316500024
0.00369923069047
0.0068458500209
0.00374054697189
0.00877885849561
0.0141184544855
0.0210775002955
0.0344311906015
0.0374456973487
0.0353999076316
0.0316714230118
0.0334383081103
0.040166956021
0.042452116131
0.0434142095047
0.0417422379489
0.0519246000424
0.0518756661722
0.0534881334795
0.0498273176819
0.0478840448995
0.0433717246887
0.0377732875901
0.0381900890198
0.037652653307
0.0405699467568
0.037364209358
0.035391179827
0.0412130389074
0.0413577491771
0.0483851947464
0.0355959420195
0.0272498383177
0.0239338128972
0.0191201216598
0.0172879926466
0.014874918601
0.0179822599077
0.00885587850345
0.000237265338753
0.00644000843859
0.00069110072411
0.00113898959212
-0.000742540492427
-0.00470575533182
-0.00322481910235
-0.00976919711872
-0.0160919640065
-0.0143253672229
-0.0173498386714
-0.0180066374272
0.0
-0.0187390252721
-0.0176476480432
-0.0174697328461
-0.00978750628107
-0.0130432882353
-0.011019738012
-0.00975247887696
-0.00301664589659
0.00948123598708
0.0102101059137
0.00849832220508
0.00627695397907
0.00707590418418
0.0183317314992
0.043437534416
0.0580599428196
0.078127877611
0.0896993399489
0.0985474242259
0.105976178996
0.0
0.0
0.0
0.076834380425
0.0774921436864
0.0560867524323
0.0655267174348
0.0690330024047
0.046284795228
0.0369085929476
0.0388133005768
0.0258417156807
0.0124380174771
0.00225952627444
-0.00410071922461
0.0
0.00356236142468
0.016754712738
0.0213982495654
0.0222376346034
0.0172439752987
0.0247941809079
0.031434660667
0.0408804166853
0.0448135075703
0.0585908517901
0.0688334049934
0.0740530184964
0.0898048813902
0.0945499554626
0.101520182369
0.0951440520288
0.0932262679568
0.103694090741
0.101133540118
0.0949614729464
0.084254958768
0.0874230161178
0.081260045166
0.066478349779
0.0722997090025
0.0750845039701
0.0765157684468
0.0782056749739
0.0754788326711
0.0743806594497
0.0745218086877
0.0729867003201
0.0741099342042
0.0776160239276
0.0821690885523
0.0837804513518
0.108631983913
0.125198951244
0.137780911907
0.138770205309
0.135336338769
0.134700126433
0.129902940462
0.127982456982
0.127790722329
0.126941458908
0.119124705974
0.0934208155842
0.0894798905291
0.0767454662749
0.0700233006679
0.0723564856883
0.0646757069006
0.064474655346
0.0620644951493
0.0565854703442
0.0590893818293
0.0651240085936
0.0675992928379
0.0
0.0640466082466
0.0809410321748
0.0736344756416
0.0686062320851
0.0630444359904
0.0557278598126
0.0549677682099
0.0508026318693
0.0460673828917
0.0355613177996
0.0264990227963
0.0299924819219
0.0448408730757
0.0382730227473
0.0
0.0
0.0
0.0
0.0
0.000363253163647
-0.00755945924246
-0.0238644931305
-0.031682780663
-0.0358343360769
-0.0282634221576
-0.0303561243345
-0.0324566426203
-0.028402102227
-0.0320622697624
-0.0342449724826
-0.029732805343
-0.027869370583
-0.0209376401782
-0.00777797369801
-0.00713165426897
-0.00705172516094
0.0020419470983
0.00796389859989
0.0122679364414
0.0195074090692
0.0247230291886
0.0280813143688
0.0288673367662
0.0266114101787
0.027707012951
0.030070853427
0.0354432797857
0.0287703344136
0.0373399383961
0.0336497797334
0.0285245776421
0.0272342993731
0.0217104776325
0.0205610118397
0.0211235331927
0.0189937866357
0.0196819566622
0.0177985432249
0.0181471063999
0.0150942754104
0.0220248541806
0.0271707038288
0.0255160796526
0.0233940801267
0.022045291512
0.0208930380482
0.0213499123236
0.0205101784381
0.0212065212844
0.0215316331051
0.0212152440303
0.0208535974714
0.0287801211802
0.0281576148675
0.0254305074389
0.0266559957613
0.0289562723908
0.0264822739994
0.020168632041
0.0150758645743
0.0113055852367
0.0112027960143
0.00822673522332
0.0
-0.00323835773505
-0.00582775440211
-0.00936348833115
-0.0111524287918
-0.0162918217803
-0.0182677710605
-0.0209880557389
-0.0193634401698
-0.0207056081523
-0.0160618935988
-0.0198991009903
0.0
-0.0146503116012
-0.0167437231972
-0.0186460091436
-0.0160914442046
-0.0161341648142
-0.0134655819291
-0.0132716370922
-0.0133907682293
-0.0115797391397
-0.00938850585962
-0.00828283485422
-0.012663345437
0.00722730729673
0.0
0.00154954403472
-0.00880909513288
-0.0100604701328
-0.019400053459
-0.0183617710044
-0.0192693189958
-0.0192147558447
-0.0210067844477
-0.0276396356478
-0.0253021295709
-0.0268524678159
-0.0262342088321
-0.0240509995843
-0.0238393256774
-0.0226398760151
-0.0232364841722
-0.0234447023201
-0.0214107648958
-0.0212354505563
-0.0225369414651
-0.0226135524054
0.0
-0.0172210035526
-0.0170184542124
-0.0151350305033
-0.00956464115079
-0.00707042756691
-0.00718874410156
-0.0132532250608
-0.0135969908495
-0.00989163171508
-0.00671050902244
-0.00189239386419
0.00579070737901
0.00371285151287
0.00244986457838
0.00261258207247
0.00339069349199
0.00606785964691
0.00630509809655
0.00746539195889
0.0105138849019
0.00875226643414
0.0089650372413
0.00760158308831
0.00708453247325
0.0156423537933
0.0103637332109
0.00705440400989
0.00595554896303
0.00637885792967
0.00561763149085
0.00546395225026
0.00298544001847
0.00425020152969
0.00212069062003
0.00577418557221
0.0
0.0
0.0
0.0
0.0
0.0106739307777
0.0126908442252
0.0133085309289
0.0144003906973
0.0190580950551
0.0214478337684
0.0232644406224
0.0170824159665
0.0263221722361
0.0310019071935
0.0372912980391
0.0368495361538
0.0395216639404
0.0355066772264
0.0256974229589
0.0242537397793
0.026481160119
0.0253679744362
0.0245313861072
0.0
0.0
0.0372520981352
0.0346181083975
0.0
0.0
0.0
0.0
0.0324271500013
0.0269876037313
0.0320851578752
0.0308626439157
0.0123063112678
0.0294900976254
0.026568528691
0.0255434686128
0.0223646248901
0.024216958658
0.0239629991762
0.0319051786441
0.043216917298
0.0432129754937
0.0430851546698
0.0444011817151
0.0357369104899
0.0267712412246
0.0172052310255
0.00221506772165
-0.00319557167382
0.0114595297421
0.00567788105759
-0.0103486503467
-0.0233501537804
-0.0137062920877
-0.0073048290553
-0.012544685916
-0.0282395114976
-0.0339130962307
-0.0437747399582
-0.0476235898121
-0.0559421345146
-0.0499876181488
-0.0395013803383
-0.040735562659
0.0
-0.0431407690725
-0.0535257481306
-0.0665617011356
-0.0773393047658
-0.0805453984216
-0.0755648515415
-0.0729490748269
-0.0542614545413
0.0
-0.0323230918615
-0.0368095376001
-0.0332615931171
0.0
-0.0261600740664
-0.00747171701873
-0.000550748593378
0.00742306264699
0.0135033379627
0.0219663328008
0.0293808810524
0.0278381034839
0.0357638438916
0.0312009639288
0.0375727122075
0.0415594701192
0.0336389381395
0.0370222547644
0.0308921813121
0.0309059863683
0.0294901376309
0.0314961435493
0.0296767088077
0.0259922023237
0.0255901064754
0.0235018950373
0.0183626118653
0.019976322134
0.015497826511
0.00807272826766
-0.00206760647742
-0.000219831484835
-0.00699916078962
-0.020061058141
-0.020754661989
-0.0227302427647
-0.0226564033743
-0.0237637389039
-0.0325583861611
-0.0224780781344
-0.0163107273443
-0.0119820830751
0.0
0.000332772029286
0.00226588147138
0.00335701798296
0.00434272896424
0.00960701212394
0.0183430115893
0.0214795851896
0.0191992552598
0.0226760961029
0.0182633390061
0.0217657719202
0.0221195071722
0.0203684248281
0.0193080174441
0.0185546127374
0.0198511775699
0.0195112527312
0.0169050269732
0.0139635511156
0.0131056970595
0.0101136430565
0.00812907728609
0.00668364835479
0.00074021569273
0.00607967273868
0.00467562286386
0.00614839587364
0.00478164336573
0.00463958646658
0.00570692221374
0.0025685045608
-0.00130478018401
-0.00261937631459
-0.00265766447107
-0.00254504340838
-0.00763144616851
-0.00233185257237
-0.00402621251294
-0.00696423450529
0.0
0.0
0.0124470403843
0.00613101783744
0.00158720209632
0.000739675864713
-0.00174337330164
-0.00222936660606
-0.0115060841669
-0.00301775488241
-0.00369981720854
-0.00585382245099
-0.00480635294873
-0.00924311214258
-0.0117638553609
-0.0139093673624
-0.0104010347489
-0.00926943359365
-0.0132532687181
-0.0198208910382
-0.0174225153978
-0.0174204249749
-0.0202955962864
-0.0217474494872
-0.0218600657686
-0.0185734158233
-0.0202597331257
-0.0188716222188
-0.0158879992921
-0.0140857346056
-0.013185431692
-0.0118918151997
-0.0107132100041
-0.00903179949305
-0.00633569896561
-0.00700202828809
-0.00859957665766
-0.0116319847706
-0.00938247447574
-0.011857569048
-0.010223832111
-0.00615673182384
-0.00313043782292
-0.00758219971567
-0.0266523324042
-0.0102019792606
-0.0122596336531
-0.0107551641525
-0.00825858491259
-0.00779056068946
-0.0106697577651
-0.0109913636336
-0.0118264844373
-0.01315149616
-0.0101447848005
-0.00985092809589
0.0
-0.00735771163751
-0.00927138076514
-0.00776687182685
-0.00911443417095
-0.00581963309933
-0.00377205035251
-0.00147520205963
0.00131675903569
0.00438587012629
0.00593532101281
0.00990149815579
0.00551092997468
0.015718081185
0.0157120862091
0.0285981756802
0.0385017763195
0.0445909508765
0.0
0.0948382852726
0.0
0.0
0.0
0.0
0.0
0.0
0.0973565736801
0.090366309244
0.0882734827596
0.0890755758323
0.0892193824818
0.088828269768
0.0852199811729
0.0747322226209
0.0694569533115
0.0716717515188
0.0796937796155
0.0873938925037
0.095460171327
0.0912772725844
0.094933254505
0.0895621733859
0.0882466385766
0.0918179327254
0.0971366801396
0.0986269967546
0.110166648132
0.116780265509
0.119973883472
0.134666721923
0.147114888283
0.139630040762
0.130317305833
0.128350693072
0.125058551913
0.118110494599
0.108526697598
0.103945442626
0.0997940494416
0.100464152532
0.100727540991
0.105760495301
0.102235914963
0.098466853772
0.095878421593
0.0904715016822
0.0889888161108
0.0875091717587
0.0807567668262
0.0779826881402
0.0861586670715
0.0785668574909
0.0781970674678
0.0713339034032
0.0622264706936
0.0475614648304
0.0316156260544
0.0203765818199
0.0139187965058
0.0205529649685
0.0014426969787
-0.000323605649799
-0.0243190396226
-0.028768602653
-0.0331800171927
-0.0396792731786
-0.0556246503888
-0.0637183915467
-0.0685687233136
-0.0697727800115
-0.0671621771103
-0.0590302377182
-0.0576787295113
-0.0574535611671
-0.0601349515488
-0.0616596481743
0.0
-0.0446041249323
-0.0402560684308
-0.037992368649
-0.0333933652571
-0.0285757454033
-0.0295814673694
-0.0229198609539
-0.020832110166
-0.0191014353416
-0.017447051072
-0.0160572758284
-0.0135548848174
-0.0112159631562
-0.0160815656344
-0.0157957908406
-0.0167912934083
-0.0209862605281
-0.019605318533
-0.0201511995042
-0.0167836647294
-0.0156026601502
-0.0163956728352
-0.00961019839442
-0.0213675114236
-0.0153095648113
-0.0134304733982
-0.0128561465116
-0.0105175070252
-0.0117428073656
-0.00945952846815
-0.00543387823456
0.00152807237392
0.0115373085523
0.0133617751656
0.00788161959027
0.000944619808148
0.0124121350348
0.0124380760327
0.0123394198897
0.0236496498235
0.0200891015589
0.0176231290749
0.0175336496422
0.0220671955545
0.0359826179561
0.0460853065395
0.048263356348
0.0427063603118
0.0363851635151
0.0290284898415
0.0309646897209
0.0234601132647
0.0185804116801
0.0226254245671
0.0187064527149
0.0188331619256
0.0216723341466
0.040838370666
0.0319244561144
0.0447041865237
0.0523400743949
0.05710124078
0.0738704257775
0.0
0.0
0.0
0.0803849010637
0.0625095057004
0.0604940814873
0.0705525969755
0.0731145877552
0.0
0.0
0.0
0.0
0.0
0.0
0.0
0.108034026189
0.093516388083
0.04160396191
0.0233512858548
-0.00499547639065
-0.0393022565326
-0.0563986975588
-0.0689388359411
-0.0674017364571
0.0
-0.0666565686526
-0.079555160652
-0.0937233820853
-0.102238783601
-0.113353150037
-0.123976674343
-0.13760936409
0.0
-0.1274392935
-0.128437095064
-0.12498813976
-0.144238004001
-0.138730900601
-0.12856269847
-0.115560334473
-0.118287836777
-0.113960584732
-0.108352396767
-0.106660511628
-0.0934937155415
-0.079677874834
-0.0678418025302
-0.0635751214506
-0.0435288348169
-0.0447880478032
-0.0518215227523
-0.0426653417686
-0.0390736596091
-0.0403699432545
-0.0356121643369
-0.0329728357874
-0.0352316024104
-0.0365420334788
-0.0383266719477
-0.0388060655666
-0.02889986684
-0.0253353049333
-0.0346083479786
-0.0348510835205
-0.0313589072754
-0.0289279990256
-0.019775907416
-0.0117770204446
-0.00698769924427
0.0186325176713
0.0315218816898
0.0375631770715
0.0409546284207
0.051654919698
0.0594058198602
0.0609355467219
0.0787267007885
0.0911090678875
0.112825950969
0.0
0.0
0.125124877958
0.125031988143
0.122905578765
0.116592672461
0.110150313783
0.116142511988
0.115940705673
0.112041678138
0.113336163468
0.1065178058
0.0950662795491
0.0825331837119
0.0845764360256
0.0765284890974
0.0675065619465
0.0612810265199
0.0613100427135
0.0581396974546
0.0516513448601
0.0494436300425
0.0473969461977
0.0484993433768
0.0433800182664
0.0
0.0411365590632
0.0381954807424
0.0357145029192
0.0335205899601
0.0287563434926
0.0260466343177
0.0250011048035
0.0221714098394
0.0202197206801
0.0189340744423
0.0180947490384
0.0190601325293
0.0209430875105
0.0200183688648
0.0196311772164
0.0239948993762
0.0303151330727
0.0332218916777
0.0347193963496
0.032781056332
0.0213697480482
0.0162689252472
0.0162812639334
0.0
0.0073778582865
0.0037154574305
-0.00301167691305
-0.00210830889542
0.00254330295795
0.00876315353756
0.0189876362713
0.00697118382634
0.010207032416
0.00690604490102
0.00221136923712
0.0110601548419
0.00688251868235
-0.0039553683372
-0.000980874802017
0.00973471088071
0.000488441023145
-0.0088350406205
-0.00607870303414
0.01212469422
0.0203041065722
0.0262028541301
0.0345449054678
0.0447758255231
0.0540967010391
0.0625267994855
0.0501461766002
0.0
0.0598170285573
0.0628264566971
0.0626486296888
0.0415132374752
0.0307627371821
0.0297216618463
0.025319529199
0.0231829761219
0.0343258123588
0.0374329669875
0.043476581805
0.0611186685601
0.0713596069405
0.074205281219
0.0744151890291
0.0760186592474
0.0739674852431
0.0774200940908
0.0650529299509
0.0629073787408
0.0625038398714
0.0663309246735
0.0774834500618
0.080902255304
0.106082850603
0.106040169233
0.0949126186946
0.0991877691792
0.102683042031
0.122626910451
0.0
0.111636967098
0.111911133817
0.115575787304
0.122437813573
0.120137598495
0.137673144062
0.170178655863
0.0
0.0
0.0
0.0
0.0
0.0
0.0
0.0
0.0
0.0
0.0
0.0
0.0
0.167185146712
0.14054608734
0.126456935747
0.120636890279
0.109712410827
0.0
0.0460197217779
0.0240845703848
0.000509763305981
-0.0149038892071
-0.00824541912536
-0.0202746070631
-0.0264462561875
-0.0427572980198
-0.0561833700363
-0.072890072643
0.0
-0.0786581099666
-0.0784260745863
-0.074707326458
-0.0822710412082
-0.0881517453216
-0.0871766622632
-0.0822402424988
-0.0822284649353
-0.0753623599906
-0.0725940085045
-0.0683529604574
-0.0716731778167
-0.0609176471102
-0.0625157563814
-0.0695566461939
-0.0761157192678
-0.0744300834941
-0.0777051678265
-0.0796407435858
-0.0817892079376
-0.0814767077561
-0.0714158721281
-0.0664205834983
-0.0702756036939
-0.0623396001927
-0.0645176186452
-0.0590907693355
-0.0565931069092
-0.0496599151278
-0.0506051934808
-0.0556968114113
-0.0468625163334
-0.0435069627761
-0.0303552811064
-0.0273568949416
-0.0268296733933
-0.0281213412357
-0.0231739654439
-0.0150610513363
-0.0110378073642
-0.0210998868661
-0.0212004883013
-0.0128299508
-0.00933889017193
-0.0123244502447
-0.0105274881098
-0.00938688344906
-0.0146106817628
-0.0124134885671
-0.0122193353836
-0.00756951690875
-0.00667216643573
-0.0075711533621
-0.000202895961053
-0.00110333620145
-0.00082157502704
-0.00209279486144
0.000204935156705
-0.000574438021455
-0.00379093094304
-0.0043488251525
-0.00419788994002
-0.00262867491753
-0.00629346648099
-0.00591638756495
-0.00766051488872
-0.0052374309097
-0.00669205020147
-0.00882962253559
-0.0090134402062
-0.0100675734257
-0.0122483783187
-0.00613658685801
-0.00815029942602
-0.00162012505254
-0.00262756358461
-0.00561689923958
-0.0064369282692
-0.0107827153246
-0.013529239505
-0.0204802813061
-0.0257978047279
-0.0310342466017
-0.0341082205213
-0.0294246112455
-0.0346904772696
-0.0386073466934
-0.0394955454644
-0.0376867967162
-0.0353981018573
-0.035116124188
-0.0389794499453
-0.0414142240316
-0.043754952674
-0.0444791290895
0.0
-0.0483070034897
-0.0502694143936
-0.0537790720297
-0.0572866600065
-0.0599149371898
-0.0643425926777
-0.0690214539313
-0.0692920137861
-0.0716357850784
-0.0734081276948
-0.0744373314531
-0.0762438461294
-0.0705035055793
-0.0681812621145
-0.0660669826847
-0.0660281569246
-0.0630839593413
-0.0641498314443
-0.057980588233
-0.0664821911277
-0.0646781728094
-0.0592068527746
-0.0519318258523
-0.0518171667202
-0.0452178567243
-0.0392981661304
-0.039154941668
-0.036507203159
-0.0350820165061
-0.0321116744041
-0.0342956063273
-0.0390328577691
-0.0396453989162
-0.042150722812
-0.0448798581836
-0.0453322725353
-0.0372905946861
-0.0378612820299
-0.0377964802267
-0.0358641175909
-0.0338589091052
-0.0357498654612
-0.0342063902701
-0.0343814405333
-0.0326152574255
-0.0325284370496
-0.029794667009
-0.0291113197044
-0.0294491281489
-0.0282240306192
-0.0279153267064
-0.0301327154296
-0.0278386251706
-0.0285473903704
-0.0281263925908
-0.026952539171
-0.024215287643
-0.0207861712173
-0.0188110616746
-0.0310366631733
-0.0198148186273
-0.0208242922919
-0.024409853315
-0.0214213685874
-0.0223474676884
-0.0211017872289
-0.0197999513197
-0.0178057016345
-0.0130813735234
-0.012101830271
-0.011068241197
-0.00737322542663
-0.0055365891324
-0.00473805591562
-0.00972948901856
-0.0114440122272
-0.0101093799827
-0.00666256434697
-0.00719076823551
-0.000447287831043
0.00372735526659
0.00272814644005
0.00367475720995
0.0
0.0129674959402
0.0179794867931
0.0156068430415
0.0147056167212
0.0142699343331
0.00784085223709
0.00523199463121
-0.000115043223621
-0.00954213065113
-0.00922413644679
-0.0148579217722
0.0
-0.0250446199584
-0.0284322980947
-0.0290753668086
-0.0316146509161
-0.0291276862976
-0.0388611054272
-0.0492815279104
-0.0402153304643
-0.0416121883862
-0.035125589261
-0.033289024353
-0.0437072049097
-0.0383337071008
-0.0346524716181
-0.0407677490362
-0.0443832051656
-0.0309851620952
-0.0257537744039
-0.0173432055029
-0.014028634604
-0.00920161415633
-0.0101787435637
-0.019003064106
-0.0191466737714
-0.0142946379442
-0.0104844698377
-0.00731073222711
-0.0128982697271
-0.00188581970352
0.00989191654975
0.00820666059085
0.0100890194694
0.005030940506
0.00300288701383
0.013432320602
0.0131070682191
0.0180848505284
0.0100651595865
0.00373916938299
0.0030713368708
0.00936058119978
0.0109781982652
0.0189346473368
0.0259763283679
0.0334609990436
0.0400732946607
0.0478412054233
0.043236447893
0.0479714271801
0.045497232565
0.0401735831827
0.0460466408164
0.0362755737608
0.0370568048177
0.0365071344865
0.0356097162712
0.0335846082458
0.03110751069
0.0416342883259
0.0396409522409
0.0435574373352
0.0465815553186
0.0407202154913
0.0397864496767
0.0461951835093
0.045939108208
0.0439471139397
0.0416410736974
0.041532160093
0.040475033098
0.0432941140293
0.0471661382511
0.0434500495612
0.0422397715145
0.0351164838956
0.0335931478202
0.0306957651924
0.0284136894909
0.0285862395659
0.0247094312579
0.0195559878019
0.025736510248
0.0272528742216
0.0187120572831
0.0366566505923
0.0378205994496
0.0325261029893
0.0208792437948
0.0165436127896
0.0129175281043
-0.000513033327745
-0.00653835971149
-0.015192324739
-0.0213689338957
-0.0280247957811
0.0
-0.0329977659234
-0.0380600983994
-0.0470262732852
-0.0524462868598
-0.0593026550027
-0.0671889827838
-0.0696108581703
-0.0773640032325
-0.0814212866287
-0.0854800055447
-0.0794573970271
-0.0793926726548
-0.0815041717737
-0.0908436127676
-0.0933841132763
-0.0961805186702
-0.0932812605446
-0.0938026150403
-0.0895807290436
-0.0900187132487
-0.0906188637937
-0.0916362999322
-0.0895605148043
-0.0930669542035
-0.090890710434
-0.0901723864262
-0.0826819428234
-0.0754694631383
-0.0694295091484
-0.0738549460034
-0.0658755522724
-0.0629208233817
-0.0576830926204
-0.0596698121418
-0.0555363735551
-0.0542137775548
-0.0412320135824
-0.0305148320341
-0.0247386110341
-0.0235282765811
-0.0263483984302
-0.0229650502736
-0.0130777860052
-0.00631508159644
0.00460970488376
0.00807215154993
0.00604535435767
0.00927013136866
0.016163630507
0.0
0.014512082143
0.00426527397792
0.00411381423528
0.00413697273149
-0.00494087777095
-0.00511824062954
-0.00899534609579
-0.0108904260651
-0.0108342938309
-0.0145554139408
-0.0148880123183
-0.0175839245257
-0.0110262034833
-0.0174359945865
-0.0211371094907
-0.0215368593552
-0.023156588386
-0.0264113768321
-0.0254066716216
-0.0237489331841
-0.0292663931031
-0.0381918091582
-0.0263501970504
-0.0279106587457
-0.0287788326883
-0.0281453702506
-0.0268277601066
-0.0245130979631
-0.0231502721598
-0.0231331644862
-0.0197783199277
-0.015995662085
-0.016421974211
-0.016574340675
-0.0179524417013
-0.0183666421731
-0.0175385710526
-0.0162235341482
-0.0214938019978
-0.0219461941608
-0.0272098792151
-0.0274913462372
-0.0316765285582
-0.0343526892729
-0.0362109827036
-0.0501025828279
-0.0399274633219
-0.0475956727122
-0.0474554139021
-0.0526558284224
-0.0554529634256
-0.0532865526273
-0.054994511222
-0.0571361996874
-0.0587983830478
-0.0604274809786
-0.0629623252415
-0.0691291825274
-0.0692172584464
-0.0716523112281
-0.0772776451196
-0.0771827842563
-0.0764163333923
-0.0758581988617
0.0
0.0
0.0
0.0
0.0
0.0
0.0
0.0
0.0
0.0
0.0
0.0
0.0
0.0
0.0
0.0
0.0
0.0
0.0
0.0
0.0
0.0
0.0
0.0
0.0
0.0
0.0
0.0
0.0
0.0
0.0
0.0
0.0
0.0
0.0
0.0
0.0
0.0
0.0
0.0
0.0
0.0
0.0
0.0
0.0
0.0
0.0
0.0
0.0
0.0
0.0
0.0
0.0
0.0
0.0
0.0
0.0
0.0
0.0
0.0
0.0
0.0
0.0
0.0
0.0
0.0
0.0
0.0
0.0
0.0
0.0
0.0
0.0
0.0
0.0
0.0
0.0
0.0
0.0
0.0
0.0
