0.0
0.0
0.0
0.0
0.0
0.0
0.0
0.0
0.0
0.0
0.0
0.0
0.0
0.0
0.0
0.0
0.0
0.0
0.0
0.0
0.0
0.0
0.0
0.0
0.0
0.0
0.0
0.0
0.0
0.0
0.0
0.0
0.0
0.0
0.0
0.0
0.0
0.0
0.0
0.0
0.0
0.0
0.0
0.0
0.0
0.0
0.0
0.0
0.0
0.0
0.0
0.0
0.0
0.0
0.0
0.0
0.0
0.0
0.0
0.0
0.0
0.0
0.0
0.0
0.0
0.0
0.0
0.053374536517
0.0687341553453
0.0605971348008
0.032277956777
0.0524125081187
0.0428208374316
0.0533813288461
0.0776805201303
0.0890638278588
0.0855837943082
0.11144541724
0.134447949259
0.12301203283
0.127532863922
0.136522014313
0.106857468413
0.119931881986
0.122548783491
0.121615559393
0.147653179688
0.174311574411
0.190743707728
0.182928817172
0.176996714843
0.191778727494
0.203924966459
0.208538566479
0.200756016148
0.215619349895
0.20275915145
0.184448998239
0.202495310966
0.2488658272
0.22905374087
0.213457106942
0.214647667007
0.230965630471
0.237080154127
0.243900669395
0.250727981223
0.27059360239
0.25549096845
0.250394271382
0.236297856837
0.239894203459
0.234669583761
0.205229837438
0.206045068192
0.211981188726
0.207928346741
0.201101880944
0.199996117042
0.175995898992
0.165931001177
0.159871209405
0.163886062637
0.187218264226
0.220434993905
0.143687559348
0.14767229578
0.136480131745
0.117522391292
0.0942680288729
0.0968476776934
0.0825529248335
0.0646259418144
0.0804163385082
0.0845416906434
0.0736456572392
0.0628708597561
0.0394484866222
0.0320469778994
0.0281668577063
0.0364399806682
0.0325956617678
0.00754245743833
0.0174505656004
0.0250348868102
0.037244447421
0.0624224342564
0.047070702597
0.0297259172761
0.0544839579326
0.0388850940702
0.0549041169191
0.105235302029
0.124163600044
0.102621990489
0.0806260003444
0.0829785691157
0.0771426546589
0.0870870730507
0.0751374129854
0.0
0.0915732236469
0.0849003982466
0.0729197821624
0.0668011576376
0.0584114629129
0.0534181650863
0.0193655979347
0.0575181623508
0.0789947456141
0.0750304635119
0.0736195670055
0.0553986587949
0.058650389947
0.0450682633478
0.052466172921
0.0815460316397
0.0778379309076
0.0920045564784
0.0774638731247
0.0605444035621
0.0543596123725
0.0420483792668
0.0330192250763
0.0233262059132
0.0317279266187
0.0447557856317
0.0634998420905
0.0694033379865
0.101942162984
0.10000932243
0.0600009757628
0.0276714590411
0.0240961448104
0.019510547968
-0.00218201904634
-0.0172110080562
-0.00896539827953
0.00484711319824
-0.0120466386097
-0.0188801574737
-0.00927359179246
-0.00660476616331
-0.014241173171
-0.0221946873446
-0.0363882303358
-0.02594998662
-0.0256309794112
-0.0307509336981
-0.036342605792
-0.0416316845024
-0.0460569649093
-0.0392069569343
-0.0508994145578
-0.0388268612738
-0.0331248360456
-0.0406715463527
-0.0397327404877
-0.032825327136
-0.0286879773288
-0.0182528032765
-0.0188110732401
-0.0205284835406
-0.0217947842848
-0.0326679145018
-0.0205632556873
-0.0340647812105
-0.0294316682777
-0.0202070606247
-0.00213652094373
-0.0134629139429
-0.0195778870151
0.0138695613032
-0.00892180044209
-0.00631951447377
-0.0144273348686
-0.0257071611054
-0.0227553397146
-0.0416088508533
-0.0597640085629
-0.0538986618137
-0.0506413195641
-0.051272750417
-0.040731265054
-0.0458976892343
-0.040999121323
-0.0130346065512
-0.0190094262484
-0.025495664078
-0.0197346515751
-0.026671911217
-0.0286555201572
-0.0213951410411
-0.020857773047
-0.0195935834455
-0.0310589446494
0.0
0.0
0.0
0.0
0.0
0.0
0.0
0.0
0.0
0.0
0.0
0.0
0.0
0.0
0.0
0.0
0.0
0.0
0.0
-0.078834379544
-0.0593788242209
-0.0529678841703
-0.0514524059646
-0.0465341089304
-0.041925703688
-0.0498639683466
0.0
0.0
0.0
-0.0543538616868
-0.0674488261079
-0.0640420785984
-0.0389831322465
-0.0589197710712
-0.0556146766857
-0.0654875784372
-0.0840771684409
-0.0886446051474
-0.0940451486771
-0.100721913558
-0.0790173273566
-0.0681369544377
-0.0682273144961
-0.070223781205
-0.0702420638497
-0.0757568779871
-0.0703362194016
-0.0631115333442
-0.0656350424882
-0.0614517107858
-0.0666399076546
-0.0685483929468
-0.060092384258
-0.0665557806883
-0.0623179396489
-0.0559882323581
-0.0444844637572
-0.0456104724137
-0.0442024817436
-0.0517455158891
-0.0466398009855
-0.0510463002675
-0.0564564453246
-0.0455370675454
-0.0418274403573
-0.0434418023962
-0.0606297003521
-0.0568902282613
-0.0490047653655
-0.0477242859145
-0.0368813604074
-0.0356558334648
-0.00674997057705
-0.0343503197658
-0.0162878506124
-0.0316040593289
-0.0353436225473
-0.0356673906749
-0.0397274975243
-0.0392435576005
-0.0337280514443
-0.0331669531284
-0.0361757645679
-0.044618815398
-0.0445485756073
-0.043146393594
-0.0407790690022
-0.044337541397
-0.0511679834527
-0.0435398494086
-0.0369536340969
-0.0363577643674
-0.0443781422855
-0.0528242122586
-0.0389851432609
-0.0429261339382
0.0
-0.0569959431346
-0.0519824844118
-0.0547109672613
-0.0464115344315
-0.0485772557555
-0.0347689426106
-0.0435456869705
-0.0392166999351
-0.0429415777217
-0.0342501084676
-0.0194992521601
0.0237117701679
0.0112591985632
0.00135881165588
-0.0125088225435
-0.00705900678475
-0.022612796329
-0.0342047124661
-0.0324794701536
-0.0197229780283
-0.033735040763
-0.0214150345878
-0.00319884601067
-0.0232965859841
-0.0310664620094
-0.0342681026077
-0.0413224956619
-0.0528778853578
-0.0282437015889
-0.0191063308674
-0.0251648896503
-0.0475056368822
-0.0472730578644
-0.0439129106998
-0.0434094498695
-0.0516656291311
-0.0763459164939
-0.0639682590912
-0.0606159873894
-0.0632240825318
-0.0580251509997
-0.0611075575155
-0.0546209379058
-0.0467845690238
-0.036572203632
-0.0283820632177
-0.0290525372345
-0.0306613408477
-0.0357357717278
-0.0433104943336
-0.0356892103647
-0.0369582393887
-0.0347318747851
-0.0453476564345
-0.0504366967466
-0.0490658650709
-0.0342111072211
-0.0228203684928
-0.0240966831881
-0.0167095201033
-0.0265820634324
-0.0217172220046
-0.0278952680302
-0.0203412673841
0.00346997105207
0.00303999016871
0.00755090637158
0.00528951516856
-0.00040852528066
-0.0199608652081
-0.0132549250457
0.0132500251881
-0.00273355621022
-0.0140695116796
-0.026123229896
-0.0233416519883
-0.019691580754
-0.026973867604
-0.0306173302195
-0.0234516144736
-0.0152631675709
0.00698985504686
0.0316927878142
0.0837420555218
0.0625785390793
0.0286971354765
0.0344280926003
0.0330644569612
0.0661940366333
0.0651657824642
0.126521059671
0.141781481656
0.166153696918
0.125704122738
0.0956796376219
0.0
0.0
0.0974534370425
0.0916805273777
0.0925212358514
0.0933044089457
0.110943057679
0.0913046365093
0.0781667727621
0.0812915278729
0.0648508888714
0.0854301292372
0.09532923935
0.101542740665
0.0959537527202
0.0910402011481
0.0814318635057
0.0782914081412
0.0815680432763
0.0655311601591
0.0454063556316
0.0376417262595
0.0396326087691
0.0231532674964
0.0158925213063
0.0165434394242
0.00847942366294
-5.93613590376e-05
0.0329651232054
0.0168074331827
0.0141290483525
0.0118515884605
-0.00214425161712
-0.0166793412108
-0.023014875096
-0.0168212729859
0.0138198036649
-0.0154846430466
-0.012939311584
-0.00147529198318
0.0296491005842
0.00357926654651
0.0248478388998
0.0164971221842
0.00760992068228
0.00396872440625
0.0369030953778
0.0307155535576
0.0258500723905
-0.00127655411929
0.000266660762077
-0.00157099331457
-0.00950141466794
-0.0125061243149
-0.0088113250491
-0.00910375149566
-0.0320971118206
-0.0293071267708
-0.0409550230422
-0.050305362652
-0.0294522742436
-0.0287975295169
-0.0412394154901
-0.034650195009
-0.035830750098
-0.049130136662
-0.0469672149795
-0.0385544969947
-0.0397701789879
-0.0500881069396
-0.0532662642395
-0.0376303501137
-0.0196451249951
-0.0434232350364
-0.0365846866497
-0.0346912765771
-0.0379544926384
-0.0341970405789
-0.0533452946848
-0.0527152061373
-0.029087747271
-0.0543765851035
-0.0582865690957
-0.0549630873987
-0.0603284759575
-0.0581406290569
-0.0469710635564
-0.0393017686421
-0.0381629606144
-0.0459824928145
-0.0434504947019
-0.0420241282321
-0.0458554777324
-0.0526688987045
-0.0542412947847
-0.0561875358929
0.0
-0.0510242009279
-0.0550612667708
-0.0528491467403
-0.0481580965489
-0.041251584208
-0.0438475188692
-0.0493306912652
-0.0578032375796
-0.0725117011828
-0.0698443957599
-0.0699364303966
-0.0693295323735
-0.0525503455039
-0.0660985729792
-0.0652363405057
-0.0750302718636
-0.0651474249357
-0.0846116023679
-0.057872567155
-0.0545753897422
-0.0608752995158
-0.0486763546969
-0.0345893940689
-0.0428297042068
-0.0565618449526
-0.0654566490685
-0.0578485913819
-0.0540214548117
-0.0591619076878
-0.0317502325611
-0.0483507833722
-0.0410653848288
-0.0435364662804
-0.0528562059859
-0.052217473371
-0.053622107521
-0.0382489732975
-0.0266929507402
-0.0181279602364
-0.0435129477483
-0.0383420512407
-0.0377896742038
-0.0357923029587
-0.0442746064876
-0.0194714560633
-0.0431972234137
-0.0355927511101
-0.0324412031585
-0.0664485089339
-0.0622930483906
-0.03199014175
-0.0292147161033
-0.0349649106779
-0.0515128681678
-0.0490496200911
-0.0568772397356
-0.0642530459245
-0.0481135317319
-0.0571774652268
-0.0417488247669
-0.0744838478697
-0.0518259772149
-0.0374266588587
-0.0461800172719
-0.0643485080892
-0.0620586677375
-0.0659220018074
-0.074331005898
-0.0788455687957
-0.0491508368566
-0.0555467731253
-0.0565449356067
-0.052494656899
-0.0683662410199
-0.0565593337894
-0.0396190386668
-0.0527930216717
-0.0559222726633
-0.0600631944405
-0.0737512252992
-0.0600768781539
-0.0656925206303
-0.0603895919795
-0.0663636791546
-0.0601003846858
-0.0525429534213
-0.0624875284367
-0.0514062399581
-0.0525442112664
-0.0624575051799
-0.0502326791067
-0.043012972069
-0.0535369197882
-0.0516809640445
-0.0567637123679
0.0
-0.0677415687744
-0.0660314694652
-0.0643996095442
-0.0716695483794
-0.0594822323193
-0.0523447084898
-0.0922617203642
-0.0683738308894
-0.0637774002995
-0.0813361851125
-0.0597407529405
-0.0620915661266
-0.052519347191
-0.0408124413498
-0.0415142944914
-0.0492232142449
-0.0488437807241
-0.0460919058547
-0.0427051051993
-0.0353311813006
-0.0340648533555
-0.01912273219
-0.0110302670027
-0.0200809737989
-0.0375880370424
-0.0380421331999
-0.0564529298336
-0.0474541496552
-0.0532086330879
-0.0505557801456
-0.062364926395
-0.0586473654048
-0.0575069218834
-0.0714518339864
-0.0619354854922
-0.0285852236456
-0.0470726943431
-0.040994354469
-0.048237646922
-0.039205707106
-0.0494256878325
-0.0216204364976
-0.0138140133014
-0.0180449717129
-0.0283481651647
-0.0311794820649
-0.0433705183227
-0.0301649901991
-0.037415009421
-0.0317895559731
-0.040556209307
-0.048069061624
-0.0314262500566
-0.0119980086657
-0.0313675837329
-0.0305952792683
-0.0343406353966
-0.0257370307095
-0.0485994708143
0.00572434476123
0.00511551882421
-0.0408566466744
-0.0206594498446
-0.036808807772
-0.0280552029276
-0.0190093058332
-0.0254916367291
-0.0321749802319
-0.036702907517
-0.0370033793258
-0.0276560824464
-0.0376342466408
-0.0404364984582
-0.0532797179396
-0.052720133225
-0.0422181291334
-0.0401296915743
-0.0496577486693
-0.0563945438776
-0.0499039553208
-0.0532173633119
-0.0583411898175
-0.0514083510766
-0.0334269959278
-0.0374194329235
-0.0564783743989
-0.0419721005573
-0.0521170318383
-0.0367365045625
-0.0408280042856
-0.0524538585403
-0.0477947424346
-0.0482696489356
-0.0413991678965
-0.0508034418154
0.0
-0.0392116072453
-0.0670417004883
-0.0612419804489
-0.0617909638252
-0.0604952457519
-0.0548685445387
-0.0529541675773
-0.0521080920623
-0.0557186290461
-0.0636414082643
-0.072907074687
-0.0415806005368
-0.0479729375041
-0.0429891421322
-0.0247389113604
-0.0249307326761
-0.0504506320024
-0.063155532508
-0.0657846715474
-0.0675968407143
-0.0711907722473
-0.0619239641711
-0.041969262578
-0.05209558913
-0.0538877372298
-0.0534332467543
-0.0675441790646
-0.0739107200574
-0.0505921045225
-0.0553017898697
-0.0630454658182
-0.0642347733874
-0.0591567352485
-0.0586634996025
-0.0630025042354
-0.0441043271995
-0.0630453211757
-0.0664421181764
-0.062759039027
-0.0750732634591
-0.0695582763244
-0.045930926776
-0.0460289856776
-0.0464363379515
-0.0552404536616
-0.0633548477518
-0.0613637651698
-0.0459139834996
-0.0678771428314
-0.0753228965178
-0.081868772091
-0.0833245788621
-0.0757248469798
-0.0726839286075
-0.0787802759736
-0.0762429114829
-0.0771299715575
-0.0866990259468
-0.0773084146044
-0.0637983976904
-0.0679257963184
-0.0691953517042
-0.064681023444
-0.066110685999
-0.0582302526871
-0.0528050853081
-0.0579838810568
-0.0509334126206
-0.0608562430484
-0.0488072473988
-0.0433107180564
-0.00452472469665
-0.00653910083707
0.022034427894
0.0361099914509
0.0548849817349
0.0448865187103
0.0624471036044
0.0679749241268
0.0618308415308
0.0229107344363
0.0336412517206
0.00628451202052
0.105115685174
0.070427068604
0.0542068201594
0.0357290143051
0.0473084759013
0.0281881932299
0.0384715550736
-0.0022080810824
0.0122937074838
0.00912052695658
0.0202097459183
0.0152486186199
0.0
0.0426188259853
0.0309024226361
0.0402061794423
0.0330965281672
0.0228523148676
0.056042449953
0.0764775977069
0.0711181877013
0.11074721648
0.122910664437
0.13367155997
0.109854497422
0.105236746343
0.103923454418
0.0711459701189
0.0945467205714
0.0960510217614
0.113773082931
0.0926142787029
0.0518971849331
0.0403501552757
0.0248958158203
0.038386655662
0.115369981048
0.0413630092798
0.0433457217247
0.0253338171154
0.0407945399858
0.0522446666103
0.0444803047908
0.0420528390457
0.0453186018432
0.0453449694358
0.0450529702158
0.0717877705759
0.130775404725
0.0920834351753
0.0510165801869
0.0397838089295
0.0180678142063
0.0222903610001
0.0302314769309
0.004952770421
-0.0116703522275
0.00290199001323
0.0042428963407
0.00433836481749
0.0383579486769
0.00516174106652
-0.00483237021105
-0.0323655446559
-0.0451857629464
0.00156464057442
-0.000844786738639
-0.00531739621309
-0.0206430527364
0.00791350292116
0.00904104647534
0.00846481156303
0.00828226935903
-0.0154582046963
-0.00239126610932
-0.00599889840704
-0.0150830204622
-0.0130299844713
-0.0173574460087
0.00258040639436
-0.0114767125543
-0.0187463088631
-0.0352883283222
-0.0289102812564
-0.00396839804906
-0.0221163568095
-0.0243107956102
-0.0297780542472
-0.0280004460466
-0.0350195785476
-0.0555618937255
-0.0567264500905
-0.0448373812916
-0.0590762903251
-0.048474661694
-0.0663361720235
-0.0128851744211
-0.0434758097994
-0.0489306833877
-0.0329396829863
-0.0371340734058
-0.0461846287995
-0.0608665756384
-0.0323839247275
-0.0399987178109
-0.0438229472345
-0.0418265852617
-0.0333211229425
0.0
0.0
-0.0522981664345
-0.0501941679059
-0.0358646607725
-0.0831124045203
-0.0585581064001
-0.0465857239897
-0.0509744836586
-0.0463681224492
-0.0546602056197
-0.0263254051488
0.00805163469394
0.0148970482569
0.0093143447399
-0.0391640366359
-0.0493908087821
-0.0332871601441
-0.0214250058568
-0.035460342103
-0.0321961952929
-0.0106726777724
-0.0600203750289
-0.102278148252
-0.0497590159331
-0.0275616368222
-0.0301309116389
-0.0271379765154
-0.0290956942144
-0.0532416839044
-0.0155014109971
0.0240750658544
-0.0457945612919
-0.0471469446255
-0.0509109011314
-0.0256732911292
-0.00388243583649
-0.040742859352
-0.0387713893942
-0.0516786730041
-0.0583451777943
-0.0219469364637
-0.024662137775
-0.0570656679681
-0.049844557395
-0.0205418063485
-0.0335922495412
-0.0409062563305
-0.00788704280741
-0.0644027061057
-0.0415211116788
-0.0587258707681
-0.0466618878818
-0.0269757681407
-0.0404235171488
-0.0544139774155
-0.0522937734895
-0.0671912685662
-0.0515341292169
-0.0629591334139
-0.018593225901
-0.0666657788132
-0.0707912093561
-0.0546185852808
-0.047756816488
-0.066751987792
-0.0680901581731
-0.065196290725
-0.0923601205149
-0.0927385731857
-0.0542724712523
-0.0720537068185
-0.0622521479859
-0.0692270684632
-0.0657022535792
-0.0693209807014
-0.062832700481
-0.0692535156092
-0.0839789581144
-0.0572301771877
-0.0713152335171
-0.077250378777
-0.0783590677421
-0.0705111143169
-0.0501318248147
-0.0659183843035
-0.070732881544
-0.0673556687066
-0.0597117323448
-0.0626466818287
-0.0560490748438
-0.053062067312
-0.0583531856287
-0.0534096123629
-0.0581032622806
-0.0625918084826
0.0
-0.0699492210347
-0.0419109745219
-0.0423500586234
-0.0354434386486
-0.0308341078207
-0.0422954028177
-0.070763169696
-0.0674844707979
-0.0665159111541
-0.0623122505863
-0.0521107852999
-0.0331368525134
-0.0675088908481
-0.105376958726
-0.0550323609967
-0.0471687011011
-0.0414955033598
-0.019548464104
-0.00853154666155
-0.0136068456956
-0.0446060011212
-0.023197885573
-0.0367258025574
0.0239883021186
0.0102339649785
0.0399252143933
-0.00820514931024
-0.013100365304
-0.0406972246524
-0.0359012943365
-0.00813434923661
-0.00569072762001
-0.0249644891611
-0.0318632181907
-0.0231475777897
-0.0448260000532
-0.0324714124998
-0.0154045182185
-0.0144079934167
-0.0208128748601
-0.0127552270684
-0.0214462547784
0.00863949104322
0.030968907425
0.0223631704997
0.00843618599468
0.00994868404184
0.0616133963183
0.0266916929956
0.0237263937675
0.00300045652808
0.0189490744009
0.0560585061492
0.038548427721
0.0306086675646
0.0442550978435
0.036779017957
0.0148159599789
0.0479467687106
0.0638966150963
0.063671875101
0.0429663343042
0.0558625982901
0.0600722417812
0.0559306481837
0.0503430849339
0.0481414555259
0.0941183898439
0.0997745652269
0.0885846715283
0.058197270665
0.12529833485
0.151459127717
0.10281874286
0.086400586016
0.0832569070001
0.1171269581
0.133972216049
0.138812349735
0.181510028674
0.207432701986
0.216399031312
0.0
0.18280981121
0.165075536051
0.162301656001
0.143086915689
0.0998588022591
0.12277154681
0.114808626631
0.0973134949034
0.141003627328
0.162298506402
0.18778053691
0.198478838784
0.0
0.0
0.267986572777
0.0
0.259948638764
0.184396363245
0.187188596449
0.184283251459
0.230677928322
0.189045373877
0.146554576698
0.157598405686
0.141555562459
0.201332158831
0.195674234284
0.211669117062
0.291168015346
0.0
0.217324122546
0.218004167284
0.205966442371
0.171589743254
0.217427832444
0.205904573043
0.250451027213
0.265883043361
0.256166662064
0.259081581759
0.0
0.0
0.298217207318
0.298622526805
0.268985597251
0.232264393319
0.231315646133
0.21340607281
0.197283513168
0.183786788509
0.212083419197
0.185622029695
0.265740267284
0.258640346093
0.24708689999
0.220454082387
0.226627151213
0.241595091614
0.286953171614
0.307601899948
0.318628167395
0.279783773183
0.281891788614
0.337396396899
0.335528916032
0.303137414899
0.250916513783
0.233121534122
0.248680674945
0.174261410299
0.209685469172
0.184571471931
0.194833632641
0.193445467054
0.202026755598
0.202823457644
0.211291127243
0.232128019045
0.21306931135
0.216371735113
0.229345827637
0.246679018207
0.265733003134
0.225285399553
0.241441270196
0.165774289758
0.147210734064
0.102711266956
0.135725556249
0.144331057786
0.130305278367
0.183928659475
0.174873849637
0.245729395109
0.252700931194
0.234337489984
0.23853831945
0.25323355382
0.236803889797
0.188141910095
0.177586373133
0.1945059868
0.201210674954
0.231335024291
0.215989720033
0.18720256548
0.203190833023
0.210789842681
0.0
0.292705212181
0.26109683664
0.319147610376
0.0
0.295555713606
0.267920007799
0.23205945444
0.168134787652
0.196947522563
0.198169384299
0.22173443228
0.285584697797
0.267411593969
0.22295844568
0.253294220771
0.23292677576
0.214964748296
0.201220090156
0.228555280468
0.215361478862
0.214064465693
0.176149722539
0.140860170922
0.23400221604
0.172024103822
0.095219260564
0.0988987240804
0.0731000129306
0.0777699181737
0.0980618372801
0.124045490132
0.11286926485
0.0882216341358
0.06149758895
0.0655385346223
0.0886832666835
0.0730055936215
0.0374714271539
0.03606992236
0.0142859619588
0.0129842579968
0.0211316920305
0.0170804787087
0.0315958235724
0.0816610032322
0.101067697744
0.107949967109
0.125713435938
0.0685453366564
0.0346262208007
0.0598176351284
0.0566796870685
0.0292368911598
0.0124450649291
0.0158203141245
0.0221684957054
0.00786233182237
0.0041283086715
0.00573488310049
0.0615170015621
0.000791947504047
-0.014787662537
-0.0217057444112
0.0113092256639
0.0201478349491
0.00752013629867
0.00497654380794
0.00429562465543
0.0070521502607
0.00460252218547
-0.0170573244233
0.0200795608739
0.0115944047795
-0.00960345604714
-0.0127451842127
0.00494011097347
-0.0139367626527
-0.00613787001353
-0.00926533477989
-0.00023455886854
0.00470256472366
0.0137011936756
0.0142684255356
0.0544527600395
0.00206530755207
0.0252806761611
-0.00915842356797
0.00304010933454
-0.0178756424137
-0.017216167091
-0.00989121009334
-0.0116512297569
-0.0284911800176
-0.024467758397
-0.0108835702164
0.0
-0.041562588737
-0.0521221335418
-0.0218729237267
-0.0389139037696
-0.0354281231325
-0.0625497763824
-0.0226449159102
-0.0147119360515
0.0142354456573
0.0324809845604
-0.00120772714007
0.015367358852
-0.0161877075164
-0.00988862728436
-0.0301165033967
-0.0178349427744
-0.0180187642725
-0.026939649361
-0.035818801922
-0.0499374883183
-0.0528550388456
-0.0289232702668
-0.0361018925242
0.0172199464446
-0.03492527472
-0.083414937212
-0.0615854035038
-0.0757353425696
-0.0948823612931
-0.0622687978272
-0.0466245884161
-0.070336270856
-0.0643146595731
-0.0749765624211
-0.081801931649
-0.0392537390318
-0.0520922688065
-0.0732862815378
-0.0632390460577
-0.0623967142737
-0.0660427577119
-0.0581191767653
-0.0672218032786
-0.0657403422323
-0.0694836548958
-0.0735628511901
-0.0488598462454
-0.0213632017508
-0.074448352464
-0.087457621829
-0.096931265409
-0.0815368961015
-0.0873501283101
-0.0945726227749
-0.105315038135
-0.0765759714865
-0.0574874752463
-0.0692466091592
-0.0656221266969
-0.0674175563677
-0.0688967187058
-0.0579328556478
-0.0534026005846
-0.0521933101322
-0.0607399847833
-0.0657858644546
-0.0669946381985
-0.0650492209208
-0.064911083438
-0.0727412221331
-0.0553031436782
-0.0360423265722
-0.0803270588187
-0.0833811522164
-0.0554385808368
-0.0485932477216
-0.0742061773866
-0.0763264360707
-0.0790271594579
-0.0777243639682
-0.0737726571553
-0.0787724101412
-0.0696003083094
-0.0755762370823
-0.0837291044532
-0.0673001900155
-0.0544186009705
-0.0488259317111
-0.0601344907134
-0.0445904308727
-0.037704941173
-0.0346986413311
-0.0112743861476
0.00451468863501
0.0118124960477
0.0
0.0345064007302
0.058502769649
-0.00281716689644
-0.012246867999
-0.0288399188636
-0.00634898800052
0.000240499734822
-0.0194519967927
-0.0384652766157
-0.0556952301271
-0.0574937026397
-0.0337228504603
-0.0109254218628
-0.020800785025
-0.0216489670698
-0.0231717284317
-0.0307804412488
-0.0311905804678
-0.0294573208763
-0.0309593477028
-0.00133586740988
-0.0275019133703
-0.0294660658983
-0.0374584233504
-0.100460650632
-0.0407824771342
-0.0481655735484
-0.0791380900083
-0.0649032948381
-0.0733985053978
-0.0782549249238
-0.0374874199961
-0.0310604856571
-0.0357752391695
-0.0463570124482
-0.0544464429033
-0.0340995893967
-0.0263789166352
-0.0475565608568
-0.0550801386009
-0.0577658301443
-0.0624267266302
-0.0533641135586
-0.0669243632859
-0.0681751762152
-0.0551682537611
-0.0466412917452
-0.066006703479
-0.0885018221545
-0.0930356443606
-0.0965382324202
-0.0633397852146
-0.0828109403627
-0.0821138370484
-0.0836455501736
-0.0845799225702
-0.0771304565963
-0.0772386470734
-0.0905069448751
-0.0761117690022
-0.0812344649671
-0.0767845141624
-0.08495250444
-0.0647906320844
-0.06409495709
-0.0619573227919
-0.070936750167
-0.0663214509419
-0.0574044402326
-0.0607636107974
-0.0486953212226
-0.0428236655567
-0.0743741133851
-0.0800006123815
-0.068435410141
-0.0557231585254
-0.0599033151343
-0.0645321652935
-0.0522052641464
-0.0497901562488
-0.0657308597477
-0.0511177444915
-0.0438472195041
-0.0658339581672
-0.0476974165439
-0.0704742926807
-0.0757812124897
-0.067330441453
-0.065911471069
-0.0742387202146
-0.0727149485656
-0.0732336418491
-0.078209297958
-0.0703869852509
-0.0808739469382
0.0
-0.060410875895
-0.100827109277
-0.0945298159797
-0.111572509975
-0.14012810993
-0.0968776556283
-0.0982008627925
-0.0786572680756
-0.0874215835826
-0.10395360178
-0.101515737929
-0.108517254314
-0.123764906811
-0.0990467728612
-0.0988173857492
-0.111590619229
-0.100588469869
-0.113510192134
-0.109688221558
-0.0918440994918
-0.0877645334428
-0.0974951093164
-0.0935089819525
-0.094400625442
-0.094889956576
-0.0829800005232
-0.074353882865
-0.0831978992673
-0.0834170637515
-0.0638022615655
-0.0607893639887
-0.0420542810648
-0.0593240143323
-0.059596066787
-0.0555933028897
-0.0246204592621
-0.0663820580443
-0.088896954059
-0.0838923469919
-0.04370561948
-0.0592699944518
-0.0562833022137
-0.064688546244
-0.0851490535306
-0.0735277902707
-0.0128918404077
-0.0525838734203
-0.0627836609358
-0.0716417050983
-0.0695186557419
-0.0747623767569
-0.0719970311751
-0.0669668278823
-0.0651464050924
-0.0614232315201
-0.0678207869491
-0.0496205601777
-0.0514198906498
-0.0492986092507
-0.0552455418231
-0.0579767763517
-0.0602580565494
-0.0623156718158
-0.0539178009988
-0.0598811370659
-0.0410512434987
-0.0612216666145
-0.0565610492955
-0.0529974395741
-0.0528711514806
-0.0669453983034
-0.0232568261142
-0.068766822636
-0.0830625525163
-0.0664556380096
-0.0787272433921
-0.101305162433
-0.0732989313501
-0.085278913057
-0.097679890492
-0.0833979037731
-0.0822431938079
-0.0945531061779
-0.077844837066
-0.0906249036381
-0.105310132137
-0.0914054121652
-0.0966639692617
-0.0969184455059
-0.0987178211057
-0.10305235086
-0.100175504055
-0.0954812532007
-0.0917731278781
-0.0973987164884
0.0
0.0
-0.0903359673693
-0.104789086808
-0.105977171476
-0.0917949010771
-0.0638370021067
-0.0542272492281
-0.0704583045043
-0.0422691559859
-0.075704729964
-0.0669753203562
-0.0619745067287
-0.0700626427196
-0.0777645948657
-0.09286003252
-0.110589640202
-0.12240956332
-0.0756413836561
-0.0792041538687
-0.0762412486245
-0.0414692992377
-0.0919111288325
-0.0980460243016
-0.0955144826469
-0.108141410588
-0.0881567866502
-0.0832666091796
-0.0921635762224
-0.0871965687645
-0.0960167368889
-0.0999471663714
-0.0758399581948
-0.0727818471274
-0.0912339937514
-0.0905198118484
-0.0781398602425
-0.0797272236559
-0.0764478245286
-0.0732598540285
-0.0866742819649
-0.0888925358605
-0.0731880348239
-0.0396688446298
-0.0480439790704
-0.0557093070803
-0.0580943853507
-0.0455071285683
0.00707603512213
-0.0507234071698
-0.0671035526968
-0.0473455393444
-0.0249004106926
-0.0402985037908
-0.0357589895285
-0.0528038323053
-0.0601261346975
-0.0248485950022
-0.0230898028776
-0.0424133387537
-0.0482402244576
-0.0307793190574
-0.041838218491
-0.0568714747424
-0.0761084979685
-0.0658084050544
-0.0836875364283
-0.10017451227
-0.0970992041454
-0.0628971157863
-0.0572493479803
-0.0831556940288
-0.084970344213
-0.0763350843249
-0.095670401289
-0.0888771967417
-0.075923030862
-0.0788207870265
-0.0821694685165
-0.0819728408363
-0.0502610103262
-0.0629002139519
-0.0570478020585
-0.0462979036409
-0.0610909733725
-0.0658948298072
-0.0601960272843
-0.0731765320254
-0.0817158447943
-0.0754839988747
-0.0782742432291
-0.0698566734637
-0.069873057218
-0.073186324139
-0.0739968172294
-0.0699963314431
0.0
-0.0682018130115
-0.0997446417089
-0.117430853086
-0.112199640283
-0.113525239304
-0.115614865461
-0.109676625128
-0.112725309862
-0.128908275269
-0.124835379926
-0.107848095991
-0.0938526298726
-0.0819614262552
-0.0972043044186
-0.0822797974165
-0.11443767671
-0.112756704673
-0.130877345877
-0.0975581163075
-0.098984065018
-0.104377746054
-0.123597633048
-0.128508327981
-0.099468948204
-0.106507377403
-0.121366563891
-0.116629599554
-0.122467851308
-0.128387109969
-0.109839095925
-0.121869210744
-0.120841320488
-0.128834638358
-0.126229031263
-0.0971684301776
-0.106633606706
-0.115020453667
-0.115166738943
-0.109043060618
-0.101587248488
-0.113213114237
-0.1074620758
-0.100105291011
-0.0903366759817
-0.0932160148165
-0.0860071885717
-0.0884724745389
-0.0945110945666
-0.0789808475645
-0.0881596036094
-0.0822860794952
-0.0979247476133
-0.0750126184001
-0.0753046001036
-0.0788114930724
-0.0809248903799
-0.0550811360987
-0.0696918081378
-0.0741496149719
-0.0612575651375
-0.0323024060052
-0.0294823962494
-0.0462611234543
-0.0320213823123
0.0118602339168
0.00931331311894
0.0377878981558
0.0483565509654
0.0627907936662
0.0832614655502
0.0907890731028
0.129297618861
0.102556693253
0.0764936341229
0.081320148812
0.103753838707
0.0792214286382
0.101582374954
0.0867656412969
0.0668742876202
0.0926462195111
0.0688696661409
0.0467922595915
0.137339022172
0.0972421868044
0.117383339125
0.117799339478
0.107217683133
0.0982816424293
0.116956628074
0.108074679177
0.111131347424
0.0762415057688
0.0891404958865
0.0797582381157
0.0
0.0438112772716
0.0
0.0550933155757
0.0785566128219
0.0503725034665
0.118933259617
0.00756549257098
0.0492183874022
0.0289358980242
0.00758492142276
0.0602871897577
0.0105896741043
-0.00515654783367
-0.0100221236433
-0.0704506377367
0.0507752412424
0.0528696762051
0.011899204707
0.0386719616876
0.0231003928122
0.0342197514733
0.0756889168092
0.0598033433018
0.0214192825236
0.00890370402728
0.0310478864084
0.0930515647457
0.0779966922178
0.0571871713014
0.0536383632483
0.0610420127826
0.075839846837
0.0497439877201
0.0453198249601
0.06421526559
0.0839967049332
0.0711325937955
0.0473414295998
0.0500820573088
0.0614809197569
0.0909580829345
0.0880013220446
0.0767574369589
0.0751145958636
0.0904286042917
0.0875341335401
0.089053365628
0.0
0.122202802097
0.136736356346
0.0737454034309
0.119659779987
0.106326036639
0.1098714988
0.107945856712
0.102008435079
0.0693216430964
0.0975947265809
0.0756101345379
0.0906252953913
0.0744687256846
0.0290462642915
0.148151016657
0.0871593017787
0.122561243175
0.0925932776251
0.117740996633
0.105067114444
0.109441993341
0.0881035547819
0.055104845945
0.0854653521088
0.0767548694362
0.092462932409
0.0882475816439
0.0809990713074
0.0954218047126
0.0785658630274
0.0468098840438
0.0482174978222
0.0462650009922
0.0594533473302
0.0748567953739
0.0751783160496
0.084198607308
0.0730589009363
0.0698452539333
0.0864046596945
0.078931872678
0.0657706417751
0.0458085751152
0.0403424122347
0.0308289106463
0.0474744238105
0.054578913746
0.0
0.0
0.0393203692373
-0.0333285241042
-0.0198910291306
-0.0390605431214
-0.0269332194994
0.0656167596767
0.0102861226785
0.00697219850366
-0.0158424541268
-0.0195698392068
-0.012421777562
0.0128180644404
0.0241302381052
0.0
0.0256697159106
-0.0126270504136
-0.0194275542391
-0.01498800042
0.0105361335456
-0.000465886088533
-0.019946142685
-0.0321946543362
0.00578715766924
0.023143248679
0.050263025677
0.0731783893439
0.0594061058297
0.01871105034
0.052622273408
0.037423078353
0.0406919245785
0.104082516582
0.05936416291
0.0589735208168
0.0461438829263
0.0459850932723
0.12863118473
0.0613805401855
0.033273972949
0.0250429209117
0.00192237531397
0.0269897002356
-0.00693132307676
-0.00749080642225
-0.0195343842842
-0.035760490974
0.0440059286597
0.00509342166981
0.038579622847
-0.0131246172531
-0.00876989646349
-0.00450782180418
-0.0202374467821
-0.0370044237508
-0.00449418329156
0.0274840634056
0.0112325611583
0.014981179441
-0.000169059752466
-0.0257408932872
0.0239497625916
-0.00113157577629
0.000200970858293
-0.0208666477802
-0.0218415041872
-0.00243256048842
-0.0112560391728
-0.0170965872901
-0.00194467740927
-0.00556608750598
-0.0211356929103
-0.00600876670933
-0.0108580507359
-0.0122394251769
-0.0126983919937
-0.00904645417972
-0.0103253346246
0.00318216104808
0.00096627250971
-0.014940241456
-0.0111872866259
-0.0203706925982
-0.00628114049064
-0.00803136138173
-0.00998906112798
-0.0122646274027
-0.0150154630505
-0.00847202739562
0.00434328212178
-0.00970150016146
-0.00539407846921
0.00722665000123
-0.00183226935401
0.00299052915906
0.0
-0.0231759343081
-0.0098850522887
0.0171191006571
0.0155787251928
0.0222695465834
0.0425964303873
0.00817136517396
0.0110898976308
0.0248321465322
0.0337523843091
0.0403537755701
0.0382510706601
0.0342131770894
0.0611669150553
0.0955480544125
0.128790209756
0.178913465096
0.14778892084
0.127142452975
0.112267066796
0.0934591141716
0.109603743594
0.144023344676
0.184484234521
0.122308227535
0.115343524294
0.183331644379
0.0
0.113298280795
0.116812495532
0.0947918030204
0.148107230394
0.172343673506
0.176614060924
0.108206606087
0.0807709582253
0.119633606609
0.188646786976
0.128634038064
0.0735631469461
0.0530723162747
0.0449182813988
0.0565254576574
0.0290626477103
-0.00407431185363
0.0268060668052
0.0752218123895
0.0260586533258
0.00899644208187
-0.0382175943905
-0.0162993959329
0.0225393119802
-0.0051284373061
-0.0401078905894
-0.0345208712675
-0.0282699247586
-0.0422452980647
-0.0592505680089
-0.0221143787201
-0.0205848003722
-0.0338241221597
-0.0655208618662
-0.0220400301973
-0.0106680348882
-0.0478852419195
-0.0449580651079
-0.0396711263213
-0.0538042755002
-0.0377145971178
-0.0502693673893
-0.0497922989176
-0.062745015902
-0.0528311009738
-0.037225693089
-0.0374680346601
-0.050181762472
-0.0507330066241
-0.0586623233541
-0.0477594014393
-0.0553149554947
-0.0453740410878
-0.0520015019975
-0.0378800853152
-0.0474510656315
-0.0318476060818
-0.0405781373008
-0.0485087233694
-0.0565886991395
-0.0605120776195
-0.057528344304
-0.0569730172491
-0.0630041857116
-0.0629249447421
-0.0603624978149
-0.0722742174662
0.0
-0.0951458473495
-0.0928405824892
-0.0667349703605
-0.0534308348089
-0.065862943534
-0.0423658256683
-0.0903925596168
-0.0861193096898
-0.0733547897154
-0.0677904265662
-0.063749859298
-0.0677359477448
-0.0588916606625
-0.0791506426192
-0.0385818241194
-0.00952439270429
-0.0401396307651
-0.0185897093372
-0.0709716937948
-0.0720456482992
-0.0739878210103
-0.0741600163679
-0.0643740637111
-0.073493774853
-0.0762685593671
-0.0819283848812
-0.0730232452358
-0.074146182512
-0.0870815134204
-0.100604115726
-0.102463947951
-0.101782601428
-0.0856014305337
-0.0871176081576
-0.0886097921404
-0.103255563875
-0.0923124898923
-0.0543260197597
-0.0645402012266
-0.0776783897323
-0.0903357744274
-0.0867393426383
-0.0920220945719
-0.0975980021033
-0.0901069573284
-0.0812914178044
-0.0919286627849
-0.0997585621121
-0.111850738073
-0.127519628291
-0.125992962355
-0.120794880302
-0.123117487847
-0.125951028918
-0.123484158051
-0.116764298545
-0.118431144269
-0.133736776075
-0.121296954944
-0.129250177582
-0.126414395436
-0.13567134118
-0.120260383795
-0.113198649105
-0.105890816219
-0.109814278532
-0.108427705066
-0.12366624206
-0.106035320478
-0.11552546695
-0.107079473317
-0.1224146132
-0.11658705757
-0.116771987513
-0.114343688181
-0.12025016981
-0.110611250136
-0.131661328872
-0.11014806329
-0.126722300717
-0.13307150223
-0.12595438328
-0.139318478566
-0.147044269433
-0.14546263908
-0.156907170473
-0.158246900527
-0.153053644019
-0.161846543331
-0.153181868545
-0.160506882401
-0.150933993401
-0.164807352855
-0.167425884517
-0.16161992833
0.0
-0.14445233451
-0.136963667231
-0.136577597147
-0.131161607094
-0.153300039001
-0.156306900749
-0.159766397231
-0.154662808463
-0.162722749074
-0.169442025844
-0.177672533311
-0.182362567492
-0.172344535433
-0.174276484016
-0.160020049145
-0.170051818339
-0.168321647603
-0.172901364397
-0.18046258014
-0.172511605527
-0.161196704856
-0.177446744846
-0.179673275131
-0.189069178269
-0.188750381573
-0.189604638004
-0.193965516427
-0.20378403613
-0.208180353954
-0.210660078145
-0.202652897143
-0.208023181266
-0.20625662118
-0.209701532624
-0.209177150399
-0.199725370082
-0.20070078428
-0.19036354844
-0.202010559491
-0.203805808788
-0.20242043213
-0.204581653571
-0.202979018295
-0.195001970481
-0.196935310826
-0.197891347346
-0.201908361993
-0.195001914493
-0.21316008864
-0.202617982091
-0.204111321274
-0.209249998891
-0.209622915089
-0.204301554348
-0.206663662872
-0.198631615121
-0.199022107668
-0.195972450531
-0.196471269492
-0.192025089301
-0.190018718562
-0.18533435664
-0.18717642348
-0.193209636463
-0.187912438212
-0.18306010852
-0.185807476066
-0.178614267186
-0.185453678614
-0.17958399318
-0.176592329435
-0.177224381797
-0.189233487047
-0.17971578319
-0.187477868149
-0.171302639081
-0.168753550628
-0.157366488854
-0.15276907497
-0.152197206477
-0.142886406115
-0.131363656941
-0.124772419476
-0.140956785967
-0.160373346904
-0.191843432607
-0.158543128912
-0.160037404445
-0.162936546996
-0.149305828212
-0.151218318564
-0.156813016138
-0.147957870663
-0.146542834968
-0.133356987587
0.0
-0.142090290442
-0.158778243501
-0.168648779638
-0.150328056257
-0.152114558646
-0.141375568274
-0.15153916648
-0.146533134071
-0.147638094453
-0.135573802784
-0.127825951301
-0.108750726335
-0.120380316909
-0.132782216848
-0.13560338634
-0.137137904105
-0.128850141023
-0.102199516875
-0.11333602587
-0.112780197453
-0.109897153504
-0.0935807512274
-0.0729961325815
-0.0782829794586
-0.118786480559
-0.100838204227
-0.11204103894
-0.105843943488
-0.0837598548162
-0.0925287486959
-0.0913619378624
-0.103171602875
-0.0717300223596
-0.0590383319866
-0.0760136532369
-0.0763791470104
-0.12145557197
-0.117610346186
-0.125608558439
-0.132480266632
-0.134051278586
-0.12591905152
-0.109043007671
-0.109721199305
-0.111936949039
-0.112814755713
-0.0885149791938
-0.0504738022405
-0.0997172775596
-0.0945000201153
-0.0948340530354
-0.0899129228706
-0.0876873657554
-0.0751335392842
-0.0587766764184
-0.0630384200218
-0.0584223414695
-0.0483951051999
-0.0347489481911
-0.0449128940564
-0.0607519904875
-0.0660426629935
-0.0806206818315
-0.0894751498007
-0.0920324608468
-0.078631190718
-0.0720975873505
-0.0681998699603
-0.07293506828
-0.0365602865234
-0.0480797538876
-0.0294713142322
-0.0954555451878
-0.0447103886993
-0.0665462535139
-0.0548878108149
-0.0532574615976
-0.0703302294274
-0.067882381612
-0.0552166373688
-0.0200643424759
-0.0295294084979
-0.0298869328157
-0.0253623825444
-0.0666377563021
-0.0651608255913
-0.0795219774656
-0.0777434201682
-0.0680689798556
-0.0562648696228
-0.0556517400422
-0.0374537275748
-0.0185417659365
0.020904263775
0.0125281667589
0.0
-0.0600438270356
-0.110599191204
-0.0946803920985
-0.0909828559416
-0.0833980579283
-0.0759411210475
-0.0891166144835
-0.0945984662804
-0.104832775156
-0.0851379717884
-0.0748113257128
-0.0558951287888
-0.0736174826776
-0.114041855176
-0.08833049543
-0.0861499017838
-0.0706190313512
-0.0720694671907
-0.0696634028892
-0.0742794155263
-0.0774840074902
-0.0685047631584
-0.062183649455
-0.0777333987138
-0.114656849677
-0.105058264142
-0.121180255688
-0.0998918853406
-0.0983730785044
-0.0940442453895
-0.0860140259904
-0.0569998364893
-0.0525326802305
-0.04184323431
-0.0263879618956
-0.00453107177757
-0.0669850391183
-0.0591336106026
-0.049223035038
-0.0833422962142
-0.0512141649773
-0.0237304090259
-0.0184599399748
-0.00805901534696
-0.0175040987872
-0.030355756797
-0.0120395669651
0.00350354463609
-0.0559016677659
-0.0617557329111
-0.0657008907742
-0.0640499325584
-0.0625696524396
-0.0648508523454
-0.0320036900123
-0.0191355218327
-0.0134633784489
-0.0205285489379
0.00092924020391
0.00207068388383
-0.0496364882524
-0.0688453739581
-0.0570861146004
-0.0326656509167
-0.00930996224905
0.00393870802804
0.0109511451256
-0.0115300904817
0.0199778602181
0.0159657460946
-0.013315609353
-0.0279022872087
-0.0553149081374
-0.0535140976972
-0.0555012567482
-0.0241050481863
-0.0354717089704
-0.0226027554861
-0.0105028484691
-0.0150654344553
-0.00260401336441
0.00807467822444
0.0107957091208
0.00773626584331
-0.0435571648703
-0.0445036682963
-0.00758570166734
0.00309917583428
0.00487864277332
0.00995969749626
0.0212130175635
0.0268570311667
0.023482430011
0.0185956308136
0.0
0.0
0.0133467959691
-0.0228119740998
-0.0283453108947
-0.0296762040772
-0.0525533549245
-0.0654998176876
-0.040252738198
-0.0502356674402
0.00920934713733
0.0167605297474
-0.00102890037791
0.027019786675
-0.00558112618591
-0.0409951482038
0.0486846389614
0.00778237359755
-0.00446344083519
-0.0236489121641
-0.0517895812318
-0.00749901315172
-0.00595513598115
2.71334874691e-05
0.000336855807316
0.0159763414926
-0.0126323898355
0.0332510146805
0.0100484163768
-0.0012716077718
-0.0125212535209
-0.0136010598612
0.0219006898188
0.0294975401017
0.0114916637595
-0.0184418458367
0.00186071655867
0.041688391458
-0.0224347009038
-0.027051424822
-0.0282989656794
0.00597903536609
-0.0286847947928
0.00045589264424
0.0077108407569
0.00973231792332
-0.011009602891
0.0504477185512
0.0
0.0
0.124381367127
0.0854423912479
0.0671176579968
0.00177013406748
0.10392225078
0.0812292983472
0.0615900430327
0.0176127514532
0.0265168819521
0.0193189934721
0.0069045883679
0.0521268960241
0.0168895197852
0.00247833091933
-0.00727106188578
-0.0103858729346
0.0191971367455
-0.0223912388847
-0.0159360545833
-0.00346208476545
-0.0240542188752
-0.0340239579723
-0.0392025378876
-0.00105237172009
-0.0746386680008
-0.0645642514135
-0.0592085472551
-0.063676157697
-0.0804758336113
-0.068235819216
-0.0655083429536
-0.0801075209102
-0.0844592404738
-0.0694525170577
-0.0781867994636
-0.0808830129568
-0.0867726284115
-0.0813579453509
-0.0694654728831
-0.0283298122709
-0.0254940825723
0.00344773214518
0.00699320931683
0.00933577288298
0.0168482423929
0.0123612701253
0.0250326797068
0.0
0.0531690115952
0.0180869774228
-0.00694578133329
0.00680603103621
-0.02197778897
0.0167785847389
0.0174441690769
0.046526929001
0.0153354663816
0.00952313028106
0.0355900778474
0.082585095476
0.0315253619974
0.0602445932141
0.0139760950272
0.0288305108985
0.0134383740834
-0.0018777401962
0.0120304929405
0.012139065192
-0.00610220011262
-0.0140084823381
-0.00306689746869
0.0310082015638
-0.0311996660677
-0.0160707065799
-0.0347714207274
-0.0349492325966
0.0191297068035
0.0439944902784
0.0160822448267
0.0235324295034
0.0042437471199
0.00580858378609
0.010114142519
0.0533687606033
-0.0217378281616
0.00688917010731
0.0543661824438
0.0308931097403
0.0157308424534
-0.0292439782339
-0.0288174198747
-0.00945220759434
0.000678431017724
-0.00529720023276
0.0113810059545
0.0604456431372
0.00944395853094
0.00023426044059
-0.0241435899444
0.00433251200245
0.00257607193078
-0.00758831499471
0.00574388340423
0.0198732539596
0.0130389535291
0.0162590474476
0.06241140174
0.104325864272
0.104289414204
0.160754675511
0.11408996784
0.179383670094
0.157651026609
0.0
0.20788937745
0.166752735496
0.145875386336
0.143722815265
0.130211392322
0.202907895978
0.170487994857
0.130787474127
0.0962650523457
0.172089461295
0.168366324887
0.185194854717
0.180952182522
0.128401008935
0.16467020792
0.218941512787
0.211220725911
0.289118023893
0.183658813742
0.199725765729
0.225104007066
0.211240815873
0.220238607194
0.225976755501
0.256169754768
0.225540009518
0.180920290427
0.204631427165
0.199127234665
0.0
0.0
0.210475527544
0.190576143142
0.105445715409
0.0799749713123
0.092411201443
0.134090267767
0.158865827528
0.183656820872
0.142968573737
0.118644200645
0.118511456802
0.126237687429
0.0998886524388
0.139540749707
0.106154482511
0.0348447985567
0.066924263193
0.0347270353158
0.0719591781927
0.0549823015637
0.0380271888149
0.0579613105059
0.0482130572729
0.0255147328647
0.0340181911121
0.0294654819866
0.0063444924972
0.0203240386842
0.0282206815633
0.0247614378781
0.0342133532551
0.0613743933876
0.0594164812918
0.0547573660215
0.0997749102046
0.0978337716784
0.0681974456343
0.0485215873382
0.0546518409995
0.0216891556341
0.0321529558933
0.00966250661807
-0.0134825953458
0.00635598431863
0.0161586593265
0.0275700118392
0.033231949224
0.00106954010741
-0.0157757626658
-0.00675682756868
-0.0317524551113
-0.0353390577513
-0.0515972618855
-0.0546624399848
-0.0561916706101
-0.0442086168648
-0.040829132664
-0.0279883600602
-0.0399522600786
-0.0697326465603
-0.0740091858836
-0.0523107873285
-0.0688080244074
-0.0702617212819
-0.0697590616391
-0.0534824073788
-0.0490879202678
-0.0325043859448
-0.0345088594208
-0.027480065429
-0.0206117469199
-0.0721137326275
-0.0390587737355
-0.0479144034404
-0.0368503884226
0.0117223036914
-0.00734445945581
-0.0146531602799
0.00082550699982
0.0181537439859
0.0320001977604
0.0
0.0
0.0
0.0352944353157
0.0210049762039
0.0128751366624
0.0452040770879
0.0591386074015
0.0330164744662
0.0684849340435
0.0435616634767
0.0592328411947
0.0505037685469
0.0
0.0422152313061
0.0
0.015349049943
0.0564568755848
0.0579525644116
0.0833245363494
0.0505540838663
-0.00790326593843
-0.00726989662383
0.00476294957062
0.0208807416028
0.0200406902109
-0.0149357617181
-0.0194587200072
-0.0415222362307
-0.00779508940736
0.0170531190684
0.045535075554
0.0153249455301
0.0218853111412
-0.00404327340511
-0.00126222414841
-0.000509159985098
0.00663133423029
0.0301342411512
-0.0162221794461
-0.0156789929703
-0.0175056046869
-0.0384972690239
0.00236039934812
-0.0119370475907
-0.00105793511002
-0.014211391525
-0.0301550487248
-0.00930537387404
-0.0137264718523
-0.0231479060136
-0.0243673386989
-0.0293352907624
-0.0247508974186
0.00880738750431
0.0129644632755
-0.00149694156298
-0.000275889967148
0.0243147785345
0.0225548894148
0.0251110636337
0.0413905721884
0.00186533935953
0.0587011480815
0.0402242209953
0.0542815697812
0.0597292914577
0.0102672732132
0.0548698913924
0.0703752543117
0.0749302961609
0.0680740221648
0.0772400044534
0.105315455577
0.0617106729188
0.0597697406379
0.0612630958007
0.0856248919001
0.0785865676155
0.0701149887689
0.0813667112723
0.10841578837
0.0941771155971
0.0706507488913
0.0612849156649
0.0802808797309
0.0267413080361
0.0503596098905
0.0460382105598
0.0360696981614
0.0340012509257
0.0451041242602
0.0569377286041
0.0503868153572
0.0494595590906
0.0505953503117
0.0378402733852
0.0
0.0317617788026
0.0664293418505
0.061688650378
0.0684294456431
0.0888498992702
0.0865005619463
0.0774738154145
0.0883102321139
0.0920900636145
0.105709200515
0.136371091103
0.0
0.0868215206488
0.118408921598
0.115229720981
0.119772048193
0.131429248812
0.119770599053
0.0475121967535
0.107464715366
0.0948937963426
0.120379494963
0.132206126497
0.181699101746
0.122115016116
0.0599964236559
0.0969787921568
0.0362741194241
0.118900406488
0.17038147613
0.120825405284
0.12784161977
0.0886440037613
0.0923088590391
0.135402475978
0.0757391878929
0.0577519778162
0.0795536178596
0.0624910172604
0.0968495482655
0.0635907984109
0.0715540299574
0.0692080300704
0.059197857161
0.0782860761652
0.118146255359
0.129154967233
0.0
0.102411953995
0.121196673915
0.112256042386
0.164957121467
0.145735894163
0.125881775563
0.192469693386
0.194583537756
0.162747007908
0.165187275561
0.145750864599
0.232635549892
0.256053241724
0.296135753101
0.313924315778
0.265046905347
0.28181792562
0.313444753228
0.331410375213
0.299219389904
0.330750234709
0.307095561116
0.326030307779
0.318781606209
0.331683259388
0.340429468982
0.377005948797
0.343648559667
0.356513643157
0.362498207557
0.403580603915
0.424517344128
0.466469089637
0.484508594007
0.459673183727
0.0
0.0
0.0
0.0
0.0
0.479304781095
0.460776973113
0.52746728983
0.532112068887
0.456396145463
0.48776394631
0.437077371373
0.498210352053
0.443664103266
0.424743588403
0.367465086066
0.390906807462
0.398471798665
0.403464321812
0.410378773136
0.395576998371
0.429542786687
0.432384367554
0.409624016717
0.0
0.0
0.0
0.479314317024
0.471221340612
0.454271069705
0.424627207865
0.43242871359
0.371895612104
0.378691209503
0.36393986433
0.314425832012
0.415003523148
0.325618046319
0.389928232736
0.358477628959
0.354273246381
0.331057508877
0.366600379863
0.290667630828
0.285892893698
0.0
0.307395068453
0.30064381604
0.283114560664
0.187714592439
0.230278608615
0.232605010017
0.154503572508
0.149751104514
0.118993718905
0.123240139616
0.155130213555
0.145631344812
0.139546686208
0.132641945284
0.117785583779
0.116589670267
0.150061815352
0.11373519433
0.0799267711575
0.0434734124859
0.0939428560596
0.0935714733832
0.0985926537001
0.109898319258
0.138966038516
0.172853802625
0.0
0.0
0.0
0.0
0.0
0.0
0.125860044274
0.124126421282
0.0912023419043
0.0779785203069
0.0635060838202
0.0580788957753
0.0646276868338
0.0544380278402
0.0375779934168
0.0366891173358
0.0427412601559
0.0605634336828
0.072321119274
0.0468348885754
0.0304502830781
0.0327859254817
0.0517315118092
0.0680274861074
0.117119912331
0.141077345019
0.218383390732
0.0
0.0
0.0
0.0
0.196067905665
0.201433533938
0.158395306802
0.148836021326
0.149227563941
0.176539602809
0.130247209105
0.0838196834599
0.0974168889825
0.0933334903865
0.0694611184606
0.0485155960194
0.036151226547
0.045748291664
0.0658360319747
0.0634704255123
0.0729501954042
0.0
0.0263069956188
0.0180491589596
0.0204033206834
0.00692328317711
-0.0177129589672
-0.0140695256157
-0.0100512367372
-0.00485335084909
0.000573769404137
0.0242714755271
0.0143345750957
0.00711963000855
0.0156451225546
-0.0182526555103
0.00574043374605
0.024222362746
0.000155096977405
-0.0086807633614
-0.0105217559611
-0.0437592859149
-0.0342073778942
-0.0457844389491
-0.0290347103486
0.00055006182255
0.0169773658669
0.00491685834804
-0.0155058099527
-0.0211773161592
-0.034285543041
-0.0444446902106
-0.031713060655
-0.022835658734
0.0118013641926
0.021262043268
0.0434604074434
0.0707465575261
0.0845497596203
0.119731174381
0.0969962642225
0.0632571863974
0.0618378141121
0.0644360322363
0.0708322979535
0.0725268808614
0.0905996761976
0.0905614867805
0.0849866750813
0.115274157966
0.105097337224
0.10222580279
0.138142084665
0.125069784057
0.119829196307
0.102019367577
0.10720978015
0.0772426832964
0.0834276417805
0.0546768097139
0.0754985841364
0.0771928327396
0.05532304885
0.0467161376606
0.0603664793503
0.0473663006702
0.0551156137779
0.0658219947531
0.0608275315275
0.0799201466424
0.101654087146
0.0815239025179
0.102551780039
0.0778775971745
0.0694541785787
0.0739503554383
0.0442850945483
0.0387513184995
0.0355533124215
0.0340473540583
0.0380615110987
0.0394798435118
0.0323475483356
0.0235194965233
0.0407096232928
0.0302302151313
-0.0134447625335
-0.0213747601433
-0.0188632948405
-0.0239729856329
-0.0162863175353
-0.0180481675805
-0.0130696213715
-0.0225694278177
-0.0215974951874
-0.0143696201995
-0.00509894967131
0.0
-0.026703819006
-0.0212554563435
-0.0183211699537
-0.0415465515457
-0.0537032292701
-0.0523756891823
-0.0568232424884
-0.0487816977884
-0.0555716479891
-0.0553132436641
-0.0573697345335
-0.0448514050741
-0.0807932232184
-0.0540721242256
-0.046086310253
-0.0358470972144
-0.0442216997859
-0.0617859975507
-0.0617879448213
-0.0648461677564
-0.0668736105893
-0.0601572122849
-0.0506865572194
-0.0557204051394
-0.0591811172303
-0.0610482662018
-0.0651255014099
-0.0446362596018
-0.0461313002684
-0.0484916952642
-0.0411751373988
-0.0419080011461
-0.0387343060189
-0.0253029568974
-0.0243855744076
-0.0314773811998
-0.0392560149735
-0.0546412367118
-0.041761278915
-0.0208444882553
-0.0102716142129
0.0135009188585
0.00412091231807
-0.00130709613752
-0.0160535172896
-0.0158971392613
-0.0108103634123
0.00576094744275
0.00579455633787
0.0204681708466
0.0178564345459
0.0129248224881
0.0158526813744
0.0236192926175
0.0121920002795
0.0248341882798
0.0316259089675
0.0261813922346
0.0463295610459
0.110474108337
0.124337474816
0.162934767501
0.225062714485
0.204585196017
0.205053769467
0.181206480122
0.166498954329
0.173040644708
0.208184119278
0.219125916622
0.233665220856
0.223465018903
0.217130816983
0.229743015916
0.187590662951
0.219951094526
0.183376888551
0.176922223825
0.161050465172
0.129169782936
0.149665644201
0.137977119908
0.137441068627
0.180531777416
0.115913304856
0.166310819491
0.147473196183
0.146056818615
0.15869366074
0.152984488282
0.13176722084
0.176394453675
0.160838908668
0.170150988315
0.185010919923
0.0
0.154960855825
0.180455138178
0.170279630571
0.194063639983
0.127037227925
0.151851328733
0.114748027632
0.100783219233
0.0940056410883
0.119362776144
0.106652764768
0.0975989127629
0.16834545614
0.186374631223
0.187869727781
0.163071281105
0.214298322224
0.153491964628
0.139263649316
0.100951378306
0.100256135348
0.115427912958
0.116145181669
0.206711987016
0.19815068265
0.163914791565
0.177762759459
0.155821399556
0.156065655978
0.180223718021
0.180871645142
0.131450921785
0.133247928924
0.139039314167
0.0952032125742
0.170381660399
0.16306160961
0.149214219102
0.169732041515
0.137498482291
0.132150152663
0.14742154644
0.165186487679
0.151498152352
0.161500611232
0.157384485403
0.15611450309
0.18566979994
0.172759408476
0.143246455806
0.137132184042
0.161390563905
0.16982277307
0.15159355725
0.153790675579
0.142541851513
0.139289302079
0.132135225792
0.166016324344
0.171966329901
0.148927388481
0.130005158515
0.152923067959
0.164014027763
0.173934607492
0.181741047988
0.18219341347
0.177420168722
0.181515195014
0.179796620625
0.164567679599
0.234037257075
0.227228098769
0.216230707028
0.206357000832
0.201830079717
0.20841715651
0.176951648418
0.137983826003
0.119332273434
0.106327054873
0.0938255827948
0.0917982226264
0.154131847787
0.17222750953
0.166359008207
0.172065172908
0.160186045025
0.163677701461
0.187901135854
0.18659718881
0.2069672748
0.222513552638
0.171399136681
0.13452793443
0.0
0.203219639654
0.176760426055
0.204897415917
0.198542349503
0.168397058904
0.175996071189
0.189555730691
0.19790039956
0.215779494824
0.25413811762
0.209633467062
0.232595795659
0.154562549514
0.130015546923
0.137613738089
0.147812759322
0.14225349998
0.127919134648
0.111108566304
0.106016846672
0.0804566776022
0.108916879497
0.0994521686086
0.120953784482
0.100532030696
0.101981563942
0.0872074274186
0.0813148146924
0.0648844498255
0.0609075352286
0.06854420412
0.0639432152747
0.0425585906314
0.0434136441236
0.0385263998271
0.0608266069458
0.0464923694973
0.0462220547413
0.0417554623135
0.0325997918552
0.0463098629916
0.062894968491
0.0504967511941
0.0662320321112
0.0343374817429
0.0499396979512
0.0374669061477
0.0476739485176
0.0205247817344
0.0361561066042
0.0407078807686
0.0478582306643
0.0313009100396
0.0201515074261
0.0113492938554
0.00553621218607
0.00496515780383
-0.00543767694837
-0.00142435675712
0.0242503971949
0.0201316952596
0.00783274415494
-2.71334874694e-05
-0.013306204078
-0.0223519997985
-0.0206564835605
-0.0159693384593
-0.0140625255081
-0.0144234076362
-0.0117257776152
-0.00794474654718
0.000535539160502
-0.0170959114789
-0.0253277907284
-0.0257504488817
-0.0226735548669
-0.0304537620865
-0.0337786054348
-0.0377924570261
-0.0410970909084
-0.0331863985622
-0.0372012385118
-0.0348585867337
-0.0210693198543
-0.024442422814
-0.0150064070816
-0.00474783566334
0.00252923528963
0.000132661996245
0.00929257906105
0.0208366350082
0.016106634476
0.0288683787851
0.0368477079775
0.0423990652617
0.0
0.0154946660317
0.0217690309595
0.0327734007994
0.038250090969
0.0417671923866
0.0740090300746
0.0782018786008
0.0445003360585
0.0313140399959
0.0276216694971
0.0234333944879
0.0414829805735
0.0212890767
0.01637087451
0.00202144474092
0.000981168617785
-0.0143581315523
-0.0144267888969
-0.00832870564774
-0.0061407661536
-0.014152270542
0.00132929690908
-0.00923461419933
-0.00344330190427
-0.0189930465764
-0.039254877942
-0.0398766079709
-0.0463761960258
-0.0547262285956
-0.0532536563305
-0.055619197382
-0.0523792196923
-0.0399877982032
-0.0406768723613
-0.04837831059
-0.0766287513222
-0.0761709944449
-0.0826408919315
-0.0867705266424
-0.092260864474
-0.109195989671
-0.0903454057776
-0.0942018651817
-0.0867314193945
-0.0809740749251
-0.0735458750304
-0.0657810319894
-0.0577930681075
-0.0483086441174
-0.043427692506
-0.0415574790168
-0.0463943034698
-0.0454124322231
-0.0431161998866
-0.0382351313297
-0.0371016551074
-0.034204795153
-0.0385579731294
-0.0391978345114
-0.0408284517616
-0.0430016331393
-0.0381393528215
0.0166368655945
0.0
0.077069248488
0.0134530775668
0.00281880322648
-0.00910850158455
0.00384130857008
-0.000902448633289
0.00874421821294
0.00411038384425
0.0117319503735
0.0362592720221
0.0391820168436
0.0363029429411
0.031995818768
0.0336721892445
0.0466868997423
0.070616443838
0.0780517425996
0.0854314200804
0.0894375003992
0.115488573616
0.0790723045002
0.0696232915087
0.0728542222385
0.0746421364281
0.0
0.0713684548543
0.0581191263417
0.0529489005265
0.0649404617843
0.0650394328337
0.0629769435682
0.0
0.0678658863094
0.0661303432101
0.0338411723026
0.0431136603062
0.0327764026641
0.0353620008911
0.0268130339097
0.0265676180336
0.0273344066
0.0303918477708
0.0377582964594
0.056887226484
0.0411460399849
0.05281682717
0.072926263322
0.0967903050498
0.104301005714
0.112673528979
0.100804966605
0.121807748388
0.122655241881
0.124554871774
0.106958898886
0.136803283844
0.143232271644
0.133686859275
0.144760380688
0.1591022466
0.161143943043
0.178827002421
0.247477002227
0.228318233877
0.229796129174
0.213227887237
0.200025466043
0.231486099646
0.24066156361
0.270464276322
0.251183850416
0.229153455013
0.213076581062
0.197092661323
0.1760728121
0.184924718873
0.19398509615
0.157875223082
0.120213381816
0.134843276152
0.0972074094939
0.0950812516512
0.0773205975196
0.0718321368232
0.0646975918733
0.0600238880826
0.063774027954
0.0801126859815
0.0962427854721
0.101888889094
0.108690754712
0.115372339893
0.13631922476
0.146053635876
0.119201735032
0.14897477413
0.18576701249
0.179456162324
0.157995859289
0.15668808526
0.141826349967
0.116669325209
0.112090714089
0.119476494168
0.100720542475
0.0796171735054
0.0683394847925
0.0538964126684
0.0494128303174
0.0506832448543
0.0443517009955
0.0418154317453
0.0493897401328
0.0627680067807
0.0675788789187
0.0865149185075
0.0802441213343
0.0868244896936
0.1064189081
0.130677847203
0.132677163128
0.124912610948
0.144613550378
0.157824187147
0.144786124511
0.12402901343
0.111024497137
0.0
0.166964930464
0.162309304836
0.163957210174
0.182851347167
0.198670176308
0.218837363533
0.211056689673
0.181311701072
0.177088232144
0.151440188817
0.127873914027
0.144613657141
0.136826002666
0.146882690992
0.145033794146
0.133337399774
0.128109198054
0.136481808663
0.154512233464
0.178164141717
0.187787656861
0.214897733131
0.0
0.0
0.227484433076
0.201086038876
0.190155507382
0.175414269527
0.179615156814
0.215182096877
0.195019952226
0.176975280741
0.147535427992
0.137739526556
0.13454098823
0.143070462513
0.146055821771
0.147766760205
0.152925764193
0.130151371499
0.132205912296
0.108202061071
0.0966497443712
0.116719432671
0.126024203061
0.114331929503
0.129275576005
0.149637889517
0.165878750892
0.193973644575
0.2024390725
0.186397649167
0.140161518663
0.129775654061
0.108548115062
0.0756281754224
0.0506037999044
0.0397893808206
0.0199682270929
0.042135431122
0.0412295397044
0.0439145019569
0.0501213305553
0.0503437029186
0.0626684340332
0.0583521081921
0.0566490797253
0.0533191633186
0.0523484812503
0.0345498629901
0.0443895523744
0.0456622511354
0.0442539398021
0.0543569041623
0.0496340080245
0.0531001107475
0.0543801253436
0.038559207142
0.0458423558492
0.0303368634804
0.0335804108544
0.0404680892379
0.0503303677077
0.0890140782168
0.0693327889905
0.0481447111171
0.0431008804223
0.0565297138381
0.0588283631674
0.0625116238882
0.0750890080614
0.0701223259808
0.0501512716273
0.0408139498564
0.0372627339446
0.0
0.0307367957919
0.0269015200125
0.00609025401637
0.0184089114276
0.0182662068397
0.024872453723
0.035761376736
0.0370927824898
0.0379558446997
0.025909621054
0.0231843546773
0.0393967708124
0.0477069127211
0.0526082842075
0.0573651817479
0.0618618576801
0.0620569930435
0.0623235922178
0.0733442997897
0.0679539321058
0.0949538492027
0.0694547917239
0.0554034952036
0.0597351135669
0.0469445777095
0.0358022859663
0.0299938596436
0.0186148068284
0.0130990573507
0.0150871367187
0.0210326916022
0.0381470183356
0.0471916532971
0.0596370323325
0.0493079255579
0.052890275225
0.068555987532
0.0795675026153
0.0961795963094
0.0985944698988
0.121205631321
0.135991339877
0.158571061068
0.177422749525
0.154330524354
0.121004322404
0.110139259458
0.108009591937
0.114182511683
0.120079148992
0.127719483628
0.135160913188
0.148713465279
0.154560044275
0.168744951363
0.192343789259
0.19031787218
0.176746267973
0.176185066099
0.183329976996
0.206735682633
0.171354465552
0.153889035278
0.160654259068
0.153090020663
0.14023633555
0.142897005844
0.167332700188
0.160748935264
0.175106573084
0.183464984218
0.236343168053
0.226545971049
0.222241780686
0.221686942461
0.21315257354
0.198276239575
0.164722265712
0.141004629058
0.126820036936
0.122506374885
0.118261352651
0.109347369527
0.182139209039
0.177202612601
0.204730786031
0.213464181892
0.200981708352
0.198778603953
0.186866823296
0.145814050365
0.134485226404
0.13117029972
0.130423603881
0.136902405089
0.0
0.148049132085
0.163651087153
0.170954296918
0.168793504476
0.17115895008
0.191185246697
0.213038254342
0.231582106416
0.251484716665
0.249958596425
0.223470024578
0.180489140215
0.165203220858
0.169165793051
0.160880808063
0.145885491289
0.153581685738
0.169965921935
0.173781204799
0.176123851519
0.184514566621
0.184503437305
0.169181320492
0.155900502163
0.137604741754
0.132234926344
0.12414914934
0.130267183241
0.143649659737
0.154117001439
0.158638068078
0.170613605862
0.194141676714
0.234397063437
0.253477647301
0.279527390045
0.244769816304
0.251262223163
0.322972338472
0.337658201232
0.312500060488
0.273904538863
0.255365984873
0.255014409101
0.252527134772
0.249167573925
0.245384612572
0.264902868848
0.253997036429
0.285848752417
0.291827128313
0.301650807714
0.300954272381
0.26179569155
0.238547127643
0.222761723398
0.215804755341
0.202855203052
0.199307584056
0.209217680777
0.205189365213
0.212505988834
0.230614643358
0.248771299648
0.250084201289
0.231949168517
0.240416879941
0.219084332941
0.210339472949
0.207564470677
0.224097307529
0.250271690677
0.265879251628
0.266463697416
0.268675317294
0.249581613969
0.235692700214
0.233526894879
0.233180819283
0.238146583785
0.244702772159
0.238525157433
0.249318592548
0.243705889761
0.248768941909
0.247414908944
0.234196512223
0.241261874579
0.26120362638
0.244900350364
0.242321052878
0.219379877979
0.214665245717
0.214776417143
0.199939855634
0.257977984511
0.250071582913
0.25523636198
0.254572902663
0.264695024283
0.268889390036
0.279816675861
0.300658178914
0.294006932544
0.309422007486
0.301172586761
0.315015299345
0.303906114379
0.26720323704
0.271293333574
0.262038145156
0.248108441925
0.258838175889
0.28516002461
0.0
0.0
0.0
0.0
0.0
0.0
0.0
0.0
0.0
0.0
0.0
0.0
0.0
0.0
0.0
0.0
0.0
0.0
0.0
0.0
0.0
