0.056450878587
0.057580861201
0.058710843815
0.059840826429
0.060970809043
0.062100791657
0.063230774271
0.064360756885
0.065490739499
0.066620722113
0.067750704727
0.068880687341
0.070010669955
0.071140652569
0.072270635183
0.073400617797
0.074530600411
0.075660583025
0.076790565639
0.077920548253
0.079050530867
0.080180513481
0.081310496095
0.082440478709
0.083570461323
0.084700443937
0.085830426551
0.086960409165
0.088090391779
0.089220374393
0.090350357007
0.091480339621
0.092610322235
0.093740304849
0.094870287463
0.096000270077
0.097130252691
0.098260235305
0.099390217919
0.100520200533
0.101650183147
0.102780165761
0.103910148375
0.105040130989
0.106170113603
0.107300096217
0.108430078831
0.109560061445
0.110690044059
0.111820026673
0.112950009287
0.114079991901
0.115209974515
0.116339957129
0.117469939743
0.118599922357
0.119729904971
0.120859887585
0.121989870199
0.123119852813
0.124249835427
0.125379818041
0.126509800655
0.127639783269
0.128769765883
0.129899748497
0.131029731111
0.132159713725
0.133289696339
0.134419678953
0.135447113958
0.133138209786
0.134678549724
0.129890862501
0.131098999805
0.133945234625
0.133190485795
0.131967863522
0.128956077478
0.130104646578
0.132905791818
0.130224503638
0.129139711206
0.129362664981
0.126801352886
0.125846001026
0.122794969201
0.122749380875
0.121538512708
0.122282460066
0.119861697923
0.123159281264
0.124603811839
0.133531561817
0.131513676746
0.130589218289
0.130139309297
0.134443767987
0.150197921453
0.130934322697
0.128756789583
0.137408723477
0.14261125839
0.146484657751
0.141666856843
0.144365949792
0.141213775736
0.142166813029
0.132916314518
0.13429954681
0.131966406892
0.133861688478
0.135205411032
0.133418752317
0.130268240717
0.13276102058
0.133472116033
0.129407306994
0.134834071125
0.135346984983
0.131966332164
0.116587708062
0.113296143841
0.113520690323
0.11151921767
0.106507477278
0.101495736885
0.108586784393
0.109065022035
0.12056387686
0.123424153893
0.10721124644
0.112898606176
0.0972070073564
0.104034227968
0.0913645475931
0.0820713757584
0.0800191163245
0.079491787479
0.0892621695151
0.0903415150653
0.0960630059885
0.0950935999306
0.0920309322995
0.0954313008687
0.0957629158018
0.0957246763794
0.0919804298868
0.090944260151
0.0979434702651
0.0996194411717
0.10330336636
0.0974287355441
0.111447546498
0.0980486797336
0.0884389425156
0.087961535631
0.101895274575
0.107940933786
0.131597842031
0.102723157303
0.110939788665
0.119156420027
0.111748761631
0.101242289411
0.0993868385867
0.100657403529
0.103775285995
0.0933674126785
0.0985595013334
0.106176028969
0.115006359467
0.119820312563
0.133936651607
0.131525186055
0.122442163574
0.128526410212
0.13156762736
0.148026866471
0.145498302079
0.150052913978
0.168249159539
0.165425116335
0.162601073132
0.159777029929
0.156952986725
0.154128943522
0.151304900318
0.14241934203
0.125445623088
0.125300041617
0.117581677242
0.0960510627322
0.0889443940615
0.0888624685961
0.0771394610583
0.0690627950426
0.0671113715059
0.0624256662091
0.0607978283436
0.0477633053298
0.0467692157862
0.0458152204095
0.0438961799326
0.0382932316434
0.0363563338644
0.0371546632275
0.0377475334697
0.0388985489268
0.0252336845659
0.0206589652243
0.00668692750698
0.00210302951291
-0.00552511131089
-0.00688882926294
-0.00858172842085
-0.000711540548681
-0.00296568967022
0.000269836797396
0.00407792980717
0.00539974137653
0.0104418180128
0.0182831816991
0.0239639335007
0.0321077669933
0.0380374495926
0.0392425455016
0.0451718143832
0.0365243110906
0.0319104631037
0.0280902471748
0.0227981480541
0.0182327582304
0.0149893217883
0.0513501456378
0.0635422847002
0.0674780605944
0.0635145701175
0.0679724391673
0.0668318311058
0.0662296905341
0.0608714022196
0.0589952091622
0.055404021124
0.069536172852
0.0799539244974
0.0854480577313
0.0955166481248
0.0904427524809
0.0846830397365
0.097423366591
0.0969840487548
0.0805938530862
0.0750562006603
0.0777989689165
0.0825257879572
0.0747968862831
0.0766151862724
0.0784334862618
0.0802517862511
0.0820700862405
0.0838883862298
0.0857066862192
0.0875249862085
0.0893432861979
0.0911615861872
0.0929798861765
0.0947981861659
0.0966164861552
0.0984347861446
0.100253086134
0.102071386123
0.103889686113
0.105707986102
0.107526286091
0.109344586081
0.11116288607
0.11258756927
0.11401225247
0.115436935669
0.116861618869
0.118286302069
0.119710985269
0.121135668468
0.122560351668
0.123985034868
0.125409718068
0.126834401267
0.128259084467
0.129683767667
0.10796305112
0.109301204563
0.0870879489993
0.0645738963028
0.0833830113607
0.0722054207229
0.0748023836883
0.0893958513952
0.0808097899274
0.0677313837982
0.0440182307308
0.0374439025785
0.0203225535017
0.0145823365075
0.0138355173498
0.00626876366202
0.00706711416089
0.00688611509376
0.0105843400209
0.024618099647
0.0380712974876
0.0488952356189
0.051539483805
0.0600917451635
0.061314333894
0.0740010478852
0.078492090085
0.0808549774426
0.0788724698469
0.0796323433002
0.0888569922015
0.0795593939899
0.0679978499108
0.0546966959311
0.0464529259771
0.0401959326975
0.030943043411
0.0244306793376
0.0239163435335
0.0292795676558
0.0346427917781
0.0297404109412
0.0272772138663
0.0212276210396
0.0204530605848
0.0190440789118
0.0153475388454
0.0148098813593
0.0111300607183
0.00915066508875
0.00929563225319
-0.00035805947244
0.000560113248054
0.00154988513985
0.000723243799416
0.000955445751953
0.0126558826691
0.0155436672692
0.0187074620744
0.0210284905144
0.0180437927693
0.0176651108089
0.0214664411282
0.0304015191653
0.0393365972025
0.0489689507654
0.0655108584852
0.0845260751101
0.100343243713
0.0941155974756
0.0950385520648
0.105219872148
0.121040331118
0.116298408474
0.117774762297
0.0743488439191
0.0872009029819
0.071035131011
0.0654355903124
0.0655189725054
0.0620461963549
0.0569955452129
0.052885889516
0.0428940456078
0.03102957637
0.035338376239
0.0348734360749
0.039473097518
0.0441255245218
0.0409064930221
0.0411024065835
0.0512339417563
0.0512789290914
0.0500651708767
0.0471750320573
0.0571111719231
0.0680183144561
0.0720470559061
0.0593669528139
0.0482114398908
0.0612941537438
0.0500386423711
0.0436244943286
0.0451540312817
0.0539437748381
0.0632482331968
0.0718696333
0.0825715086508
0.0800788143701
0.072992674108
0.0568904451831
0.0507473745156
0.0467637953458
0.0472762946368
0.0422595368855
0.0349716299787
0.0344483643649
0.0303251492313
0.0265919832509
0.0245665486744
0.0140985945569
0.00605379477401
0.00459641664438
-0.0161167327817
-0.00139318443266
-0.00190438093352
-0.00554101808213
-0.00715877384282
-0.00735374672014
-0.00701586251294
-0.00915308618798
-0.00594993046959
0.00121989248785
-0.000921661686573
-0.0014877460326
-0.00117345707804
0.00113006756231
0.00290081072303
0.00560040150193
0.00485204808986
0.00828168402156
0.0160541907265
0.0233339010482
0.0394430881133
0.0500981492619
0.0585105909156
0.0737071187376
0.0522134590222
0.0761584876215
0.0873782630276
0.0811475126939
0.0733691725541
0.0896639604051
0.105413010907
0.107944254379
0.108770496414
0.099354045961
0.0958367211259
0.107044852299
0.0953731862743
0.0837015202497
0.105316086589
0.126930652929
0.148545219268
0.127853614886
0.130041842352
0.119741236415
0.118987693301
0.124693295107
0.130398896913
0.135221039297
0.152124142085
0.171911318969
0.170882660049
0.183483181263
0.186216826575
0.188950471887
0.191684117199
0.194417762511
0.197151407823
0.199885053135
0.202618698447
0.174676290645
0.163457560241
0.156677775079
0.138635714925
0.120831985252
0.116590029768
0.112348074285
0.128867773018
0.1296038514
0.130339929783
0.131076008165
0.109354492612
0.1077016711
0.0906085750508
0.115555786052
0.110611776878
0.11485626377
0.126711311588
0.118736564633
0.12142547894
0.118533512275
0.106072445635
0.108473631398
0.121215667118
0.134732073735
0.164212799659
0.189988353487
0.197574045102
0.195845410116
0.199001526904
0.180666542479
0.19120895636
0.190446698732
0.182364265215
0.176423074498
0.182063911482
0.179653995478
0.170512795355
0.194814620558
0.186344487547
0.181194435696
0.167331927408
0.186085208933
0.171935946761
0.147792258059
0.151417055257
0.155041852454
0.158666649652
0.166979394388
0.170169921647
0.174897049591
0.179624177536
0.18435130548
0.189078433425
0.193805561369
0.198532689314
0.203259817258
0.207986945202
0.212714073147
0.217441201091
0.222168329036
0.22689545698
0.231622584925
0.236349712869
0.241076840814
0.245803968758
0.235338914597
0.212783940637
0.236921536536
0.225796038322
0.205188623555
0.17264131669
0.160059613744
0.165669099833
0.171278585921
0.17688807201
0.17498797422
0.149522012198
0.133310302461
0.118276592379
0.108383396249
0.098932493159
0.0974479587003
0.100194593188
0.104164471252
0.0985639928455
0.099776673671
0.0830664628979
0.0766575255701
0.077684488584
0.075872129327
0.0763212998985
0.0607737513171
0.054401531006
0.0508749957096
0.0554524669825
0.0619496804736
0.0644105968408
0.0855924766643
0.0809810026638
0.072847937168
0.0606548155644
0.0435185628376
0.0345577981972
0.0324641012144
0.030489892044
0.0308686106164
0.0421229701963
0.0297551137518
0.03316518839
0.0265272111341
0.0221468981252
0.0215377124313
0.0295656972158
0.0324007497946
0.0227062476553
0.0164750579604
0.0230784259862
0.0138066801773
0.021150456974
0.0049814226495
-0.00816500877551
0.0216718497865
0.00868057691153
0.0112913244138
0.00603794915585
0.00494116844891
0.0027004785973
0.00377457185191
0.00437310047235
0.0130373768896
0.0120776809352
0.00989211726767
-0.0201401898143
0.00941655179585
0.00696677120634
0.00590109479457
0.00308249066514
0.00830489054757
0.0134948706802
0.0193201568145
0.0220506863675
0.0260337097718
0.0216322596636
0.0294304660244
0.0261864936145
0.0177527209404
0.0205245017189
0.01766975685
0.0124677479814
0.015179654796
0.012263947849
0.0056310702827
0.0105604029135
0.00318527945142
6.167489974e-05
0.00405284139261
0.00518651547987
0.0124388996558
0.0118932045798
0.0125875436131
0.0138922926648
0.0268575562926
0.0289786275363
0.0175175328975
0.0135706845012
-0.00888874178319
-0.00304800486767
-0.00885204923729
-0.0180032220266
-0.0271543948159
6.76217683184e-05
-0.00200661616059
-0.00256239805044
-0.0121120404864
-0.0144391607817
-0.0187378638602
-0.0254432016186
-0.0195868205064
-0.0170134940838
-0.0203612313127
-0.0226101443847
-0.025895838082
-0.025190585272
-0.0273716744969
-0.0328542712114
-0.0299078740018
-0.0317976431302
-0.0286814760727
-0.0247486011925
-0.0159504500562
-0.0148554870091
-0.0195034629287
-0.0421442875437
-0.0104450785402
-0.0134239594118
-0.0152208786578
-0.0193469479357
-0.0181484736137
-0.0181929982772
-0.022584728402
-0.023651169666
-0.0223387628715
-0.0231300955142
-0.0201926542836
-0.024150178714
-0.00166700640428
-0.00131389435873
-0.00813012888789
-0.00691656985785
-0.00460110929202
-0.00610663711492
-0.0059273895736
-0.00299165768421
-0.00458395847682
-0.00663865823283
-0.00821815590577
-0.000205552479417
-0.00082383579976
-0.00665226673888
-0.0132651265371
-0.0162054156893
-0.0178242690973
-0.0202743761083
-0.0188235014147
-0.0143849572005
-0.0207165467225
-0.0258313150754
-0.0106335372741
-0.0241332035086
-0.0117292607451
-0.00928860791715
0.00101284697857
0.004473327411
0.00611133576873
0.00499122190172
0.0116135078461
0.0153422629803
0.00782141730289
0.00341832010279
0.00202235992696
0.0040082829986
0.00355613903081
0.00795767858774
0.00413558354933
-0.00132580107575
-0.00332997790131
0.00421664170404
0.00948012667861
0.0133646898605
0.00787451182993
0.0205623336324
0.026914889834
0.00183934226288
0.0305445908252
0.0262430787717
0.0355982409624
0.0324846142653
0.0181036750852
0.0093325865528
0.00430661995228
-0.00215753743799
-0.00296813251448
-0.011383177785
-0.0100581219374
-0.00591494732583
-0.00177177271425
0.0107857306613
0.00439705845191
0.00695298397448
0.0054487788591
-0.00032252915109
0.00389686567589
0.00730702370414
0.00707335153608
0.00638675875852
-0.000502425826888
-0.0312779313823
-0.00727129054472
-0.0147024580484
-0.0167109580149
-0.0137480961656
-0.0134172704309
-0.0109645157784
-0.0107839251749
-0.00249286276653
0.00207156069766
0.00403807856373
0.00215759544352
-0.000300294537089
-0.00179937704278
-0.00235793936272
-0.00128579423548
0.00640054705493
0.000620413103883
0.00113588062858
0.00701922857106
0.010639809338
0.0180229539965
0.0134381556885
0.0172027059691
0.00327603163587
0.0317729008049
0.0375048310534
0.0313754613585
0.038768739736
0.0516694880425
0.0566306939161
0.067436800813
0.0567803306458
0.0482502731363
0.0470602391874
0.0465888248422
0.0292614442925
0.051430857423
0.0544383625665
0.0562805702577
0.0565398370732
0.0582768336212
0.0563431024946
0.0572654537036
0.0593441590852
0.0578620139843
0.0473351760483
0.0547789975145
0.0513258697076
0.0380370828725
0.0379533790949
0.0285850597062
0.0276890591508
0.0264693311305
0.0307050847906
0.0381511808288
0.0430839101879
0.0423392813468
0.0401529317813
0.0392549643375
0.0141830792743
0.0511059725527
0.0459125216272
0.0402274148208
0.0377175341651
0.0367798049932
0.0329221935679
0.0379656608807
0.0421005182369
0.0585451726748
0.0712341242399
0.0717034133528
0.0743938769745
0.0770843405962
0.0831648487353
0.0796046906884
0.0857751991201
0.0837937567496
0.0818123143791
0.0607839393619
0.0428825172124
0.0364011191151
0.0300805499132
0.0250095857897
0.0291988807129
0.0333881756361
0.0378100884667
0.0470673131756
0.0418636169446
0.0412740549805
0.0429724802144
0.0422935595875
0.030966902799
0.028815572714
0.0184721973829
0.0151248901333
0.00880083038564
0.00559937344295
-0.0045214346362
0.000153450563012
-0.010730207964
-0.00997399459814
-0.00726847897587
0.00182824367277
0.00401754786321
-0.00311312529481
-0.00265683424203
-0.00577981029129
-0.0287298506904
-0.00571592886068
-0.00360872013873
-0.00287772269592
-0.00445483716634
-0.00583308939641
6.25497366347e-05
0.00567633786827
0.0104352809982
0.00978565444161
0.0111910389289
0.0173851803867
0.00929427025181
0.0318784197368
0.0353157175624
0.0294780779842
0.0294554874724
0.0353670972251
0.0237793694452
0.0177253564298
0.0176733956174
0.0184006524974
0.019350049228
0.00984643921962
0.00788876471496
0.0300585904263
0.0314320212458
0.0192939358019
0.0186565316917
0.0197043663161
0.021615812996
0.0183465464174
0.014448408587
0.00529862319089
-0.00120136122976
-0.00519964322776
-0.00842076191305
-0.00652506514048
-0.00821590713996
-0.00566890188978
0.00504594619083
0.00908539241185
0.015045924794
-0.00149239725777
0.00328437491565
-0.00323892735089
0.00520132526913
0.00586044237268
-0.0212631854802
0.0075767608022
0.0116882770135
0.0148103604746
0.0133334993803
0.0162594840153
0.0197047380286
0.0241370278726
0.0126977980791
0.0242133563116
0.0223997975242
0.0210091892424
0.0185825769616
0.0161559646808
0.0155128595781
0.0201114501594
0.0190367373827
0.0172792183053
0.0200731008689
0.0154821002643
0.0210066355683
0.0230526595908
0.0218981469924
0.0194677459044
0.0210840745096
0.0227004031149
0.0243167317201
0.0282523883561
0.035453392887
0.0296033533251
0.0274636394553
0.0290710461143
0.0250457459051
0.0265512205811
0.024081167318
0.0155864157721
0.0190397915429
0.0224931673137
0.0220772306088
0.0212688680957
0.0213961230248
0.0281142212764
0.0341762858218
0.0257257814875
0.0348792147174
0.017987234133
0.038852765311
0.0362494071191
0.0286689077105
0.0232437269064
0.00947502219498
0.00713292769044
0.0117343351928
0.0126059472804
0.0290546532474
0.0152661789494
0.0295136849916
0.0243114465544
0.0429763795679
0.00499044032726
-0.0149259369178
0.00447537880689
0.00597702969312
0.0244080028758
0.0107341640671
0.0219427421781
0.0101076733838
0.0176844979937
0.00196545014159
0.00045519185229
-0.00105506643701
-0.0090816724999
-0.0311563151561
-0.00593030020701
-0.00572730421408
-0.0142724417586
0.00336944586289
-0.00585937502774
-0.00606906486647
-0.0154005643676
-0.00509594720697
0.00872254019603
0.0100444872363
0.0263731811436
0.0245421722978
0.022711163452
0.0221014822994
0.0275275063114
0.0335416440214
0.0360916903783
0.0398792650539
0.0433192943616
0.0447292917724
0.0484765170131
0.0621027054397
0.0691084351296
0.0783781656786
0.0683145146738
0.0755935720448
0.0843716734805
0.0837883457412
0.0942831880629
0.084431860512
0.075543470847
0.0773131381549
0.0833418947521
0.0947666590666
0.11164111647
0.0968887403523
0.101594425411
0.100034687426
0.108367948058
0.11670120869
0.0955365775328
0.0748548663654
0.0648616920261
0.0695002287408
0.0791370564935
0.0960864875656
0.0850611617859
0.07664449595
0.0682278301142
0.0560184422255
0.0556714535155
0.0628419915282
0.0590117114665
0.0537615525114
0.063214112121
0.0769928432582
0.0940294694139
0.101000764113
0.0946772590787
0.101119295515
0.107561331951
0.104163816371
0.107381524135
0.117678329928
0.110602293612
0.0919480121257
0.0942701586961
0.0820249028381
0.0766455480502
0.0813930143563
0.0861404806623
0.0908879469684
0.0956354132745
0.132849116691
0.126846535019
0.132347289024
0.123588059909
0.130306261351
0.151473926051
0.160052021626
0.1686301172
0.177208212774
0.185786308349
0.16701814573
0.157474449974
0.157363790447
0.202982616742
0.189484620393
0.1764523949
0.190773823213
0.228928213233
0.235974749906
0.243021286578
0.250067823251
0.257114359923
0.264160896596
0.271207433268
0.278253969941
0.270336974596
0.280825082411
0.267290507196
0.248641314896
0.257090437229
0.247707800126
0.238325163024
0.228942525921
0.219559888819
0.210177251716
0.200794614614
0.198715657128
0.203136010624
0.191067714764
0.178999418904
0.153525698177
0.136913287673
0.127349606415
0.116634348647
0.102015108934
0.0921955776394
0.0848183865872
0.077441195535
0.079182962886
0.0786327923696
0.0782352244601
0.0788725913139
0.0759868282644
0.0585660637413
0.0470077412568
0.0473043743437
0.0495486101747
0.0437133639167
0.0494502099865
0.0293214638496
0.0285018706888
0.019635942626
0.026784273414
0.0150289691257
0.0147388679858
0.00882180065769
0.00404737254208
0.0121746637236
0.0113063579595
0.0153948548023
-0.00143406370085
-0.018262982204
0.0155926594152
0.0032821357484
0.00523577364328
0.0058932654205
0.00529349827133
0.00287212877411
-0.00230550117683
-0.00050360120857
-0.00740916567017
-0.00712275093399
-0.00986805025367
-0.00196992535827
0.00704066224341
0.00569663280392
0.0034105264932
0.00821452973137
0.0186159787641
0.00484487045831
-0.00197368464062
-0.00176361121706
-0.0130962639519
-0.00699891764139
-0.0400338987293
-0.00972393577796
-0.0191582691536
-0.0255580909664
-0.0228525296919
-0.0172543690962
-0.020623965592
-0.0216484840221
-0.020949632736
-0.016059443405
-0.0117694391048
0.00419625590148
-0.000969432228607
0.00187890536003
0.00810319559591
0.0229047077602
0.0204083348074
0.005084173525
-0.00598363999387
0.00581521559589
0.0015773443391
-0.000926500385809
-0.00880486628116
-0.0107601174847
-0.00161335656804
0.00753340434861
0.00336845691159
0.00644589194601
0.000245379872845
-0.00554041801638
-0.00679386845266
-0.00426251861022
-0.00364269498791
-0.00771171562782
-0.00214329282313
0.00457444218517
0.0032474790504
-0.00294203216836
0.00255372392263
-0.00232922264321
-0.00929012473748
0.0026636218856
0.000718546722424
-0.00508159259915
0.00237715245587
-0.0018493271571
-0.00328826904425
-0.00625419760345
0.00074155506798
0.00773730773941
0.00469176378229
-0.000647037513077
0.0014542074065
0.0157500668566
0.00261613073282
-0.000668852326156
0.00347795581801
0.00940144910361
0.0184430273534
0.0369307592552
0.0328177387818
0.0220248696351
0.0104786177747
0.00713414106101
0.00564982003017
0.00271444284017
-0.00442724751734
-0.00404933991356
0.00200104351198
-0.0121440050364
-0.0170095481838
-0.0264072326973
-0.0232874835982
-0.0201677344991
-0.0211682801685
-0.0211385723024
-0.0180943837677
-0.00740104366498
0.00405087620716
0.00346824244586
0.00216895257258
-0.00520899389568
0.00591338748115
0.00111260470125
-0.00456372963591
-0.0128294578839
-0.016863563029
-0.0227699889175
-0.0295776133395
-0.0270399644643
-0.0289939171343
-0.0363454079026
-0.0311258586813
-0.0337253255575
-0.026830056966
-0.0264256889344
-0.0249421358117
-0.0234585826889
-0.0262696415212
-0.0246587051364
-0.0326734762483
-0.0325410532736
-0.0305405757109
-0.0315337587386
-0.032757734952
-0.0305687792684
-0.0303485884894
-0.0193622890933
-0.0222471503045
-0.0213336339587
-0.0175554950228
-0.0216436254291
-0.0137077913197
-0.00545070844956
-0.00344295399959
-0.00154816043323
-0.0048563773869
-0.0117095459181
-0.0120243447536
-0.00789687803032
-0.0251353793893
-0.00472186014505
-0.0092157561676
-0.0137096521901
-0.0182035482127
-0.0218423164118
-0.0219722734854
-0.0249264826562
-0.0240708166774
-0.0208521259773
-0.0130462831278
-0.00203418044673
-0.018324843312
0.0206779301049
0.0205094572325
0.0218301034606
0.0117192207966
0.0146359063791
0.00942349035018
0.000145578638339
-0.0066632222597
-0.00612196042766
-0.00999564164087
-0.0163378889948
-0.00937091963901
-0.00882369027458
-0.00331002522147
0.00789821741154
0.0158369586693
0.0266391190828
0.0267447077178
0.00932104464223
-0.00193717969775
-0.00596884942977
-0.0117864122791
-0.0104991837825
-0.0138531275992
-0.0172070714159
-0.00377570342074
-0.0152782364305
-0.00852429286883
-0.00599692371386
-0.00832181776302
-0.00788771158262
-0.0091680665712
-0.0136000691256
-0.0119162149044
-0.00649789930211
-0.00420234465974
-0.00190679001737
-8.5695628165e-05
0.000281384087457
0.0154058890722
0.0144264625394
0.018311892461
0.0155054088311
0.00782362661707
-0.00970213200754
-0.0146178482419
-0.0151329696739
-0.0162579232732
-0.0142914101429
-0.0199189990569
-0.0153697987527
-0.0157554826294
-0.0211590477377
-0.0216780612327
-0.0194564108546
-0.0127937334525
-0.0097246750792
-0.0132059852111
-0.0201226859648
-0.0552873189495
-0.0262742514887
-0.0258770179985
-0.0254190014725
-0.0291931952471
-0.0275706497537
-0.0274003340386
-0.0291387188659
-0.0319854061455
-0.0342342167858
-0.0407468303788
-0.0449974280777
-0.0504414311694
-0.0556576208687
-0.0572352234151
-0.0572705628577
-0.0600130920679
-0.0611967619497
-0.0623860795185
-0.0592417359886
-0.0545820469113
-0.0615023963613
-0.0573261059758
-0.0597195756198
-0.0840650534371
-0.055709033785
-0.0556000768084
-0.060487349471
-0.0551044231362
-0.0592631549721
-0.0525308621516
-0.0554695896825
-0.0604961251431
-0.0604097679554
-0.0654438974844
-0.0656087985692
-0.0660871178846
-0.0646668794736
-0.0704182259619
-0.0691486754643
-0.0710790551813
-0.0702650755722
-0.0710720022466
-0.0743847112699
-0.0752086526665
-0.0735137087757
-0.0691352291062
-0.0759835290521
-0.0768461904543
-0.0777088518564
-0.0741151284395
-0.0706924959078
-0.0709886522071
-0.0744227173301
-0.0708705128587
-0.0719932896822
-0.0688547273643
-0.0739816653704
-0.0767988015408
-0.0764951070204
-0.0778786230187
-0.0752838991714
-0.0757286160335
-0.0761871157058
-0.0744783688315
-0.0891747326011
-0.0745190516139
-0.0721605174768
-0.0741035963402
-0.0747608071104
-0.0823341624858
-0.0765690010189
-0.0688230932178
-0.0610771854167
-0.0620640254753
-0.0596499544524
-0.0585863683343
-0.0594633534019
-0.0593746143285
-0.0656466132667
-0.0648534343273
-0.0626155350834
-0.0598716067357
-0.0598770400008
-0.0621468156388
-0.063330071124
-0.0653265292539
-0.065704424812
-0.0656076992735
-0.0596488116984
-0.0552937933394
-0.0531867185952
-0.047412925455
-0.058450387041
-0.0539358582155
-0.0587796918824
-0.0687460129656
-0.044010241998
-0.045622668723
-0.0505664565071
-0.0520699151419
-0.0549455357363
-0.0589516837858
-0.0595534910322
-0.060232347686
-0.0602380158479
-0.0609352306298
-0.0628033963589
-0.0640480336598
-0.0666272783288
-0.0650127732893
-0.0619256310815
-0.0612034723411
-0.0567142710086
-0.0569204648393
-0.0582341554434
-0.0603865063964
-0.0582455360698
-0.0631768149867
-0.0683324152357
-0.0806765439133
-0.0608822899626
-0.0620933661117
-0.0667759644972
-0.0672609128752
-0.0685949002251
-0.0697118067005
-0.0691100311442
-0.0688932094057
-0.0682809297712
-0.0698204286401
-0.0678867070857
-0.0688480018507
-0.0671672991051
-0.0712877815611
-0.0685014916228
-0.0715062493317
-0.0699322928344
-0.0699132613982
-0.0659833945189
-0.0616367558603
-0.0673075803886
-0.0650751842293
-0.069931550555
-0.101290713636
-0.0727031222331
-0.0757473972778
-0.0725947332513
-0.0723999126162
-0.0747819230954
-0.0760223492008
-0.0787432790989
-0.0785623175058
-0.0753100126807
-0.0774402870755
-0.0770969174653
-0.0798958170209
-0.0795620998274
-0.0806617495016
-0.0797574869275
-0.0750983103586
-0.0756854850555
-0.0730582343447
-0.0705125647533
-0.0718864387071
-0.0721181265594
-0.0682517595481
-0.070975898555
-0.078749337787
-0.0865227770189
-0.0626405974509
-0.0654451986724
-0.0639829991702
-0.0637881752306
-0.0538240294745
-0.0518510649283
-0.0516550384546
-0.0528303941525
-0.0598172662168
-0.0604780117307
-0.0600381265644
-0.0612918835736
-0.0653399503524
-0.0643316843103
-0.0625409457305
-0.0631576160675
-0.065031048327
-0.0613670804334
-0.0640037581815
-0.0673552359
-0.0640270341881
-0.0667726148461
-0.0672170580248
-0.0673529312237
-0.0716584908122
-0.0731683430655
-0.0740421571601
-0.0728856794517
-0.0752384311598
-0.0767394452475
-0.0788896388733
-0.0710153074297
-0.0706927489594
-0.070062476257
-0.105035205049
-0.0811166144242
-0.0813288381002
-0.0748088209256
-0.067062339991
-0.0693749995924
-0.069297962691
-0.0720939797554
-0.0714365929126
-0.0720354668626
-0.0691877589779
-0.0713473023956
-0.0704125063544
-0.0729142050843
-0.0707880705949
-0.0737090674833
-0.0735613093991
-0.0770139401259
-0.076874627003
-0.076697216659
-0.0776574004966
-0.0808534254731
-0.0795618093062
-0.0765610029789
-0.0767583928238
-0.0764275377142
-0.0762207457402
-0.0774682504634
-0.0765603729908
-0.0769387473672
-0.0749754855252
-0.0744400661045
-0.0730218429777
-0.0739206916739
-0.0697703423145
-0.0690982508058
-0.0703390849546
-0.0715799191035
-0.0718010737945
-0.0687032089126
-0.0722406908118
-0.0757973283523
-0.0614619582318
-0.0613290014528
-0.0568761369258
-0.0534648634103
-0.0550945560087
-0.0554140375072
-0.0524394515319
-0.0530302901681
-0.0524382967783
-0.0524222901354
-0.0510158177596
-0.0514931947971
-0.0435541163032
-0.0414682385937
-0.041038883089
-0.0413227457655
-0.0389623063357
-0.041065665113
-0.0390876862618
-0.0371097074106
-0.0351317285594
-0.0352134642451
-0.0341539009216
-0.0358277834802
-0.0386737590587
-0.042128967088
-0.0425211827858
-0.0489290140492
-0.0427701676233
-0.0471171253022
-0.0411141815414
-0.0351112377806
-0.0332652198742
-0.030343478648
-0.0304961936102
-0.0254800836521
-0.0155393307731
-0.0133240041469
-0.013807667826
-0.0204400359914
-0.0240862416829
-0.0286946946321
-0.0275520067874
-0.0172112831875
-0.00213867935147
-0.00013702855364
-0.00831383431617
-0.0172718448395
-0.0270433854127
-0.0413324450324
-0.0414698608171
-0.0444293798692
-0.0459237148871
-0.0494048699969
-0.0506453743647
-0.0486503433751
-0.055874092188
-0.0569156457978
-0.0599763415263
-0.063081465712
-0.0650956332499
-0.0643835328898
-0.0652281379474
-0.0673600305887
-0.0703746148322
-0.0689968202044
-0.0982340175486
-0.068615118358
-0.0731958802004
-0.0685623266463
-0.0703622472443
-0.0730571057286
-0.074082905855
-0.0782402842645
-0.078743739283
-0.0732630687786
-0.0736232627936
-0.0754658967559
-0.0702737098046
-0.0697198739482
-0.0653218114241
-0.0591796214966
-0.0696786154916
-0.0598828196403
-0.0606487797036
-0.0564381429292
-0.064222514671
-0.060947277117
-0.0599064542464
-0.0676556954467
-0.0657947172384
-0.0633950438797
-0.0674059664867
-0.0685273122471
-0.0642687838667
-0.0681336702634
-0.0675193007441
-0.0745504466495
-0.0722634694392
-0.0710888758699
-0.0725454762331
-0.070756146801
-0.0742046075791
-0.0742304740759
-0.0694809299633
-0.0707515353629
-0.0677292541918
-0.0662282342442
-0.0676778223149
-0.0668516076515
-0.0706310753353
-0.0706174146547
-0.0737421493368
-0.0721025739001
-0.0620830950561
-0.0520636162122
-0.0576043662232
-0.0615860318835
-0.0637235357943
-0.061681521534
-0.0650665381109
-0.0651018381817
-0.0681098531501
-0.0663537051086
-0.0628586020778
-0.0553614086757
-0.0557369162159
-0.0488502721661
-0.0542818792535
-0.0594136856382
-0.0564332412228
-0.0536318519554
-0.0604909296315
-0.0500657958223
-0.0490752369628
-0.0477787609334
-0.0492780762017
-0.0525836285537
-0.045710064465
-0.0459907884431
-0.0445237041428
-0.0374258802413
-0.0388476413639
-0.0344732620656
-0.0278807882792
-0.0261871386599
-0.0331808707137
-0.0407102813218
-0.043303348117
-0.043802870097
-0.0496519238618
-0.0544361802958
-0.0564371098401
-0.0573447364885
-0.0580022215683
-0.0564008944241
-0.0593736820458
-0.0633694937711
-0.0611678109774
-0.0622840564901
-0.0605655854666
-0.0606168947626
-0.076673112705
-0.0525883357301
-0.048169222575
-0.0442457078389
-0.0523326764206
-0.0444270158905
-0.0477912043839
-0.0465287413822
-0.0493771260809
-0.0390194616862
-0.035978673418
-0.0371188332862
-0.0322117505062
-0.0226763646608
-0.0227232742369
-0.0182037517677
-0.0123442812891
-0.0117455200166
-0.0186707785763
-0.020116153563
-0.0190203267819
-0.0223199082939
-0.0284015375055
-0.0286855879174
-0.0252024301191
-0.0282770953789
-0.0333662441071
-0.0387619962385
-0.043358644512
-0.0437199479489
-0.0470597787365
-0.0499728651855
-0.0475034652897
-0.0422254516685
-0.0440971994999
-0.0383406228421
-0.0636308109199
-0.0419913058527
-0.0509225447361
-0.0476023675762
-0.0441091494592
-0.0383636342007
-0.0338052408153
-0.0326960638824
-0.033758072031
-0.0401337358947
-0.0480821241367
-0.0476668127837
-0.046638727394
-0.0456106420042
-0.0512524412028
-0.0494462069988
-0.0377445106396
-0.0351257197969
-0.0264165600788
-0.0447228283235
-0.0393609319982
-0.0394545675442
-0.0274507849366
-0.0110078234249
-0.0106144606181
-0.0121845510905
-0.0142048818154
-0.0166141824291
-0.00841815981635
-0.00595117527665
-0.00478944064653
4.70245309694e-05
-0.0133199447784
-0.0178535114781
-0.0184766485089
-0.0173940541435
-0.0187766424171
-0.0214450487298
-0.021101705215
-0.0208613213027
-0.026960257382
-0.0264498090397
-0.0228039601325
-0.0227029706967
-0.0243456694402
-0.0279499339496
-0.0289249794861
-0.027675157883
-0.0230213698767
-0.0319363300724
-0.0317075977232
-0.0323287269126
-0.0306328853008
-0.0195170240909
-0.00823700489172
-0.00646783781541
-0.0135103073589
-0.0126502604801
-0.0156867261044
-0.0151685740929
-0.0316881219797
-0.0106857799361
-0.0267125654407
-0.0360973475936
-0.0353611946632
-0.0337629940068
-0.0291069285451
-0.0274415808034
-0.028339764791
-0.0326206800975
-0.0275275225362
-0.0293861498252
-0.0204157174236
-0.0239364182165
-0.0307675271075
-0.0174108493985
-0.0220371993054
-0.0234641472722
-0.0181877982157
-0.00465557927298
0.0109650199326
0.0245887916663
0.0304313891999
0.0330014157004
0.0330830287327
0.0245890530918
0.0236779574339
0.0313566581202
0.0323114215828
0.0223961380573
0.0100561920225
-0.00177388510253
-0.0144835068372
-0.0241442397709
-0.0286936304118
-0.0308247045901
-0.0375345195347
-0.0363755995509
-0.0335566881269
-0.0348722645992
-0.0426024683986
-0.0490050032119
-0.0496347917528
-0.0506629030818
-0.0549192612266
-0.0515946724802
-0.0665168384312
-0.0664683609809
-0.059096708967
-0.051725056953
-0.0443534049391
-0.0448475876755
-0.0286478216672
-0.0495226227446
-0.0364546842264
-0.0188183234391
-0.0211171522065
-0.0247344049563
-0.0192139613744
-0.0237141099167
-0.0261115353771
-0.0146402690945
-0.00978506689801
-0.00465663607069
-0.0114726330569
-0.0124661834308
-0.0125220892114
-0.00898281310563
-0.0114672404683
-0.0114531174445
-0.0178511928752
-0.023081404871
-0.0244107899371
-0.0182363196186
-0.0131812539824
0.000122274761724
0.0171160623401
0.0244536961787
0.0298527274221
0.0230824684184
0.0122860385144
0.0100366462254
-0.00134842387297
-0.0051799820245
-0.0247181685579
0.0064977590656
0.0109542890356
-0.00431010014341
-0.0082483572176
-0.0036351826073
-0.00961912331578
0.00300231805829
0.00436047601915
0.000168617617152
-0.00161200127013
-0.00265520116209
0.00584188238634
-0.0118722797148
-0.00344828172601
-0.0150896966143
-0.0151796092873
-0.0192542369131
-0.0219699242093
-0.023737841082
-0.0211728278918
-0.0163213777605
-0.0118839775295
-0.0156128677657
-0.019284894258
-0.0271294327224
-0.0190676799393
-0.0243404985981
-0.0264675520329
-0.0263348308783
-0.0296836767933
-0.0118283696868
-0.00665335260612
-0.00147833552543
0.00369668155525
0.00887169863593
0.0140467157166
0.0192217327973
0.00479066070786
-0.000179820765646
-0.00107670591224
-0.0132763468424
-0.0212437234322
-0.0185395653104
-0.0162482420798
-0.0143408774572
-0.0050243892041
-0.00945467942456
-0.00479377277599
-0.00348759556221
-0.000192820343607
-0.00318850786257
-0.00244732331949
0.000197139563393
-0.00106728199549
-0.00438335352673
-0.00432315221977
-0.00744946650051
-0.00855201865177
-0.0138817749315
-0.0140238053498
-0.0141658357682
-0.0100764073143
0.000847784027002
0.00136014295761
0.00689436086472
-0.00349418520402
-0.0144515502177
-0.0192860546248
-0.0149023368524
-0.0192759985109
-0.0210969695724
-0.0242229226147
-0.030940940699
-0.0342967401093
-0.0321966600177
-0.0397911102597
-0.0353902363084
-0.0428623000056
-0.0459171172624
-0.0452118485721
-0.045474166811
-0.0427914611799
-0.0360231532934
-0.0394817553853
-0.0182125977714
-0.0123795248906
-0.0197508166392
-0.0070953053732
-0.0214430697172
-0.0182843773424
-0.0221929061417
-0.0232477486974
-0.0164359359341
-0.0183071431887
-0.020895501804
-0.0310750107889
-0.0222493981566
6.93739354976e-05
0.000428881152823
-0.011190134383
-0.0141229043213
-0.0193104695308
-0.0125002078143
-0.0186306394896
-0.0319639856295
-0.0315297183855
-0.0307561238577
-0.0341019988572
-0.0372744702276
-0.0467371156942
-0.0463849382523
-0.0449090495933
-0.0446653940747
-0.0414492271114
-0.0424289070785
-0.0449023424313
-0.0474100137504
-0.049682742202
-0.0449888516445
-0.0396404062068
-0.0350894480257
-0.0390392604125
-0.0437244656935
-0.0416659431278
-0.0466952053195
-0.0455141275456
-0.0501203571727
-0.0508561944888
-0.0507284251843
-0.0522312166506
-0.0491418626518
-0.0581200895866
-0.0562738476594
-0.0564062913165
-0.0603176347997
-0.0634111883187
-0.0625144117975
-0.0593012416316
-0.0606381070805
-0.0629796317929
-0.0599563655465
-0.0620031743388
-0.0592151974593
-0.0561769199689
-0.0543551500051
-0.0556457399836
-0.0578959346612
-0.0549569213933
-0.0519479631996
-0.0552083347173
-0.0494709734686
-0.0523194435707
-0.0493702325583
-0.0459302687733
-0.0462901114931
-0.040545477652
-0.0348008438108
-0.0340840176492
-0.033004804849
-0.0198634237926
-0.0256238553706
-0.0224030767226
-0.0345608921839
-0.0329815455597
-0.0336176637869
-0.0330941523306
-0.0312847269133
-0.0339289937344
-0.0269292385343
-0.0330288245927
-0.031510358114
-0.0275430257441
-0.0391841871846
-0.0298050805509
-0.0378326776171
-0.0361829320086
-0.0367558552583
-0.0376532971485
-0.033038668279
-0.0395185952301
-0.0400313868677
-0.040798398585
-0.0327602438988
-0.0311432809989
-0.0374455201937
-0.0146748790627
-0.0210475169813
-0.0283346310925
-0.0253956074608
-0.0319294476006
-0.0272848838795
-0.0309523773084
-0.0230592450087
-0.013766036404
-0.0138271180743
-0.0221476967748
-0.0238227029334
-0.0251195604856
-0.0209443866446
-0.0274124856943
-0.0151717043828
0.00341840006596
0.0110016234042
0.0233088417042
0.0198144860179
0.00310557060197
0.00621847996759
-0.00181598614218
-0.00625414798595
-0.00877559366488
-0.00659108463606
-0.00904856026254
-0.0129710738464
-0.0129878177941
-0.0040277945765
-0.00389797428212
-0.00422901425367
-0.00330011060267
-0.00206038844089
0.00420725020145
0.0104441170232
0.00935789545695
0.00782521049997
0.0016767933423
0.00409777648476
0.000106078342274
-0.00227785750268
-0.00605228315325
-0.00241314327763
-0.0038843349973
-0.00531161254926
-0.00298104217098
-0.00343214715031
-0.00149871948752
0.0037166326228
-9.797028613e-05
-0.000667695048541
0.00626466028281
-0.000621693123507
-0.00159027485584
-0.0102467827348
-0.0117157244705
-0.0105761073839
-0.00623323270176
-0.00842613955642
1.51598809541e-05
-0.00346796002876
0.00252542504
0.00710691707121
0.00776242658049
0.00251481899973
0.00952104497966
0.0165272709596
0.0230326247517
0.0197977184809
0.0231442258594
0.0152555598641
0.0124225421892
0.0102509251186
0.00249075576361
0.00168698660611
-0.000216805619241
-0.00253130535445
-0.00151189406967
0.0062446504705
0.0101921918691
0.0199408333296
0.0199838631626
0.0256313247909
0.0249037011703
0.0240000688827
0.0273288939206
0.0354386013488
0.0216016030574
0.0248714963433
0.0146613254214
0.0127831181139
0.0150915573671
0.0143998655036
0.00649621216039
0.00478480043862
0.0023532704807
-0.00175084224035
-0.00863422451479
-0.00983041218453
-0.0137381746901
-0.0199373996668
-0.0169370145261
-0.0227372684045
-0.0176279191219
-0.0162536384785
-0.0043317777504
-0.0127327300418
-0.0171516161927
-0.0180186293452
-0.0212828853342
-0.0230330366163
-0.0192613828643
-0.0227122331968
-0.0268720722742
-0.0291872653962
-0.0255572476586
-0.0246605782978
-0.0177370268027
-0.0188411343202
-0.0193170980484
-0.00639119076354
-0.00695627447636
-0.0180217379942
-0.0208094500211
-0.0221230213725
-0.0356359681777
-0.030217849315
-0.0312823016469
-0.0362774463635
-0.0327274273801
-0.0313376005165
-0.0331300610906
-0.0297497030595
-0.02734625391
-0.0293343029136
-0.0261236414765
-0.0241550505819
-0.0363140066277
-0.0222614557482
-0.0182818304785
-0.0191929781241
-0.0194239350051
-0.0181123607851
-0.0164534802602
-0.0139109070635
-0.0131554872739
-0.0140813263162
-0.0121474960468
-0.0147660658253
-0.0269360585748
-0.000533674513128
-0.00336713233751
-0.00186270760996
0.000621868189987
0.00418512265518
0.00728338947007
0.00297230556715
-3.53507759466e-05
0.011001644993
0.000100146902934
-2.76365223411e-05
0.00754602552888
0.0151196875801
0.0173219957205
0.0260311049602
0.0213610669187
0.0104703857007
0.00354497879939
-0.00863096971598
-0.0129447211662
-0.0104163682347
-0.00642558786326
0.00568608705346
0.0155995217392
0.00426590012624
-0.000896868973389
0.00414161620251
-0.00828255164547
-0.0147667657396
-0.0158510364682
-0.0121451321909
-0.0120633673175
-0.0179165756419
-0.00825346095564
-0.00552653700403
-0.028451629543
-0.0129167572681
-0.0128117509337
-0.0186304391683
-0.0206284560313
-0.0179167200539
-0.0144161994031
-0.0199208661428
-0.0122274237903
-0.00559708788608
0.0011235568264
-0.0105802623854
-0.0253340322068
0.00250804960386
-0.00394310369948
-0.00454602131034
-0.0145930577689
-0.0150596857213
-0.00789243138005
-0.00182327018996
-0.000988968162365
-0.00153621081962
-0.00381680843259
-0.00019700417661
-0.025202707549
-0.00391539825228
-0.0131884738191
-0.0173431013131
-0.0163952776874
-0.0127704464376
-0.0109190543543
-0.0139522945382
-0.012834933883
-0.0121637079454
-0.016038508832
-0.0140400229389
-0.0287800936551
-0.0119752295186
-0.0139072828589
-0.0117979601525
-0.0135841288552
-0.0127592401784
-0.015105225953
-0.0113797755004
-0.00709409110686
-0.00951017412939
-0.0134636727096
-0.00290416357244
-0.0184021565589
-0.00514159557073
-0.00607682483743
-0.000621601365739
0.0017952330285
0.000108290187997
0.0123066671148
0.00470636490083
0.00604248119393
0.00455161406308
0.00438645703834
0.000519280560137
-0.00141602653074
0.0118176886198
0.0119257190902
0.00954602661511
0.00817700260411
0.00914412563041
0.0110368677717
0.0167610444991
0.0118213905096
0.00252355989967
-0.00132969770315
0.00112012738862
0.00164560964043
0.00217109189225
0.0287378454879
0.0289524781566
0.0238503616747
0.024391733668
0.0249204055333
0.0140006699583
0.0164611479408
0.0136395809297
0.0101777438106
0.0115129318488
0.0117021381843
0.00740488214964
0.000987208664821
0.0055652701934
0.00138246263975
0.00605992781115
0.00688237086908
-0.00281781992683
-0.00966262824619
-0.0110849885773
-0.0112119175629
-0.0156567794059
-0.0371485077092
-0.0135939831401
-0.0159361642162
-0.0137014583157
-0.0219791970361
-0.0233127163169
-0.0242496928723
-0.0248075948678
-0.0261244075295
-0.026124618141
-0.0268698066443
-0.0284998597235
-0.026997854503
-0.0254958492826
-0.0206004683789
-0.018457187414
-0.0236649011089
-0.023579449575
-0.0238680567102
-0.0261243196081
-0.0265597745312
-0.0273258338089
-0.0315997625382
-0.0280492772764
-0.0378897489841
-0.016849979134
-0.0197400457278
-0.02095959476
-0.0205491133864
-0.0213186923875
-0.0136441935202
-0.011678654865
-0.00251506103575
-0.00197941987163
-0.00541771896556
-0.00537262081014
-0.0260394260853
-0.0054203656819
-0.00688330925218
-0.0143516006766
-0.0179938220073
-0.0177158342826
-0.01914223993
-0.0165192505827
-0.0235390368025
-0.0271648636393
-0.0274544799987
-0.0225645376331
-0.0412782167294
-0.0259967642504
-0.0252383474882
-0.0236979613847
-0.0166952028831
-0.0217780493842
-0.0193069059151
-0.0197228705834
-0.0210342083702
-0.0169053812838
-0.0168138461349
-0.0208320772744
-0.0462963381186
-0.0210399163068
-0.0201875394907
-0.0166655707066
-0.0119593425664
-0.0128302982349
-0.00706769862201
0.000263775515254
0.0115255712837
0.00601745758052
0.00335743085341
0.0129818004375
0.0139526895438
0.01492357865
0.0335943475057
0.0205734026521
0.00734191498674
0.00194018596172
-0.00260934751993
-0.000148062687569
-0.00403084528992
-0.00827899109883
-0.00979056548415
-0.011563517788
-0.0282020627599
-0.000730605831706
-0.00361661012072
-0.00452055840852
-0.00795000904603
-0.0125811263523
-0.00948339338221
-0.0104850212043
-0.00892003833543
-0.00551032449675
-0.00581109077314
-0.00338726103513
-0.0106397894726
-0.00770333572999
-0.0108581480414
-0.015200365335
-0.0159522247865
-0.0145223704968
-0.0152419196898
-0.00570707024536
-0.00343065748358
-0.0090406494956
-0.0125597432811
-0.0137149781208
-0.0240217950675
-0.00563905570056
-0.0100887256116
-0.0185085127611
-0.0194655084245
-0.0298227786177
-0.0334933665348
-0.0297259082879
-0.0347807338614
-0.0250410352439
-0.0265921350161
-0.0325120038888
-0.0588270947208
-0.0304055976706
-0.0329676597187
-0.0309969552473
-0.0268259065004
-0.0253681249767
-0.0249618232249
-0.0216801961558
-0.0289409662352
-0.0278635384266
-0.0318895079901
-0.0286368421746
-0.0456326746976
-0.0310380885601
-0.0321229920171
-0.0304758819587
-0.0288559207933
-0.0253519378726
-0.0290263559945
-0.0304845870007
-0.0289532007576
-0.035207194619
-0.0320600695538
-0.0275517481937
-0.0303005436042
-0.0330493390147
-0.0234299073343
-0.0248338640552
-0.0226478069838
-0.0253438834433
-0.0253479577077
-0.026775377305
-0.032221778099
-0.0283749994706
-0.0296327022944
-0.021701226082
-0.0271207751745
-0.0268522609783
-0.0231490893484
-0.0207743149692
-0.0218118467477
-0.0205967774947
-0.0162492325015
-0.0224703001378
-0.0250623963519
-0.0207588622267
-0.0205204352596
-0.0291771812879
-0.0281981504214
-0.027219119555
-0.0206142410195
-0.0221439998371
-0.0219512650614
-0.0204720334849
-0.0163554235468
-0.014933683354
-0.00569987264927
-0.00541298894142
0.00167721459159
0.00534194499808
-0.00611680021447
0.00551389743783
0.0027317833457
-0.00505201728372
-0.0092073949139
-0.0147762726708
-0.0214280899951
-0.0251220477969
-0.0285848927415
-0.0174530824821
-0.0171218354172
-0.0140545440949
-0.0113135077874
-0.00298531410827
-0.00115535879758
-0.000679262564799
-0.00414536261231
-0.00671406933756
-0.0066840088346
-0.00482896014903
-0.00123043326326
0.00208963840058
-0.000205991701511
-0.00307677417299
0.00125011502181
0.0055770042166
0.00381022044275
0.0137298342284
0.0308387377407
0.0253618274486
0.0192165604379
0.0192871827499
0.0103935671356
0.00244279902877
-0.00110003966654
-0.00443037254062
-0.00928157820642
-0.000724604865915
-0.00219284827644
0.00548457823925
0.000106225421673
0.00483990758939
-0.000982182122075
0.00273893303433
-0.00366394093566
-0.0110602188073
-0.0124055913456
-0.01418213865
-0.0384683603753
-0.0191187186804
-0.0219864926133
-0.0233401673482
-0.0272276488987
-0.026156436473
-0.023536366814
-0.0226035141995
-0.0271900253218
-0.0312084493818
-0.0305737901398
-0.0324700345429
-0.043212543207
-0.0248797528618
-0.02494957323
-0.0313780643455
-0.0346475639549
-0.0402436329516
-0.0338886777516
-0.0304296391327
-0.0325339078813
-0.0330580400533
-0.0358064718669
-0.0394336616954
-0.0526174231432
-0.0388166160591
-0.03562103837
-0.0386546302014
-0.0372358968194
-0.0344545558752
-0.0329045143452
-0.0306679043383
-0.0296720484522
-0.0272097241529
-0.0263569161921
-0.0155072766666
-0.0112080093217
-0.00690874197687
-0.00260947463201
-0.00184248767364
0.00703552907396
0.00443278797466
0.00901585230708
0.0173228343375
0.020287494989
0.0264631889343
0.0351767369877
0.0363453137971
0.0359148498586
0.0278691294641
0.0178767339705
0.0091701564182
-0.000566222119675
-0.0080716522746
-0.0133129713107
-0.0187270575129
-0.0205208635678
-0.0233618954883
-0.0247561074971
-0.0282975506373
-0.0342836383945
-0.0248900513864
-0.0249761271939
-0.0265842767039
-0.0203236985073
-0.026788051055
-0.0183832788516
-0.0115921034465
-0.0127353300043
-0.0193958009841
-0.025532203351
-0.0246217525696
-0.0357599687555
-0.0164437265134
-0.011323779666
-0.00602710122661
-0.00430001442749
0.00128557445979
-0.00150335284529
-0.00429228015036
-0.00263979940456
0.00248734653196
0.00224136887723
0.00340114695116
-0.0202627818616
0.00419445505722
0.00789924896748
0.0118936087935
0.0161765032597
0.0111354081708
0.00143010996446
-0.00593838962618
-0.0125857671987
-0.0156267003895
-0.0173975719064
-0.0231694518772
-0.0405495894207
-0.0183348004302
-0.0259514119025
-0.0277229703113
-0.0261180935301
-0.0293667395453
-0.0354268061994
-0.0323007214796
-0.0352767743935
-0.0349041016736
-0.0371611589263
-0.0383285002679
-0.0637263009647
-0.0277310328408
-0.0265922488536
-0.0331188463149
-0.0365343144834
-0.0376926948555
-0.0374330554214
-0.0384975755189
-0.0342458596078
-0.0373060335881
-0.0391828925587
-0.0327735895278
-0.0374712083297
-0.0421688271316
-0.0378050259886
-0.0220530400444
-0.0266094252019
-0.0223858352549
-0.0243604109403
-0.0246235677779
-0.0322618961681
-0.030084499965
-0.0309698938206
-0.0304429623164
-0.0362482943316
-0.0420536263468
-0.0191765849232
-0.0224754341282
-0.0176955696438
-0.0136928398594
-0.0227976528278
-0.0236070397569
-0.0200956076942
-0.0203725135535
-0.0208379673508
-0.0210166414878
-0.0194735986034
-0.00594317892144
-0.0187176890618
-0.0279961569306
-0.0183011474203
-0.0183486379844
-0.0207581369555
-0.0172672262667
-0.0151068864591
-0.0098867535065
-0.00853590862657
-0.0143457099822
-0.0104160859694
-0.000416590677644
-0.00306692263132
-0.00293511912796
-0.00262191978512
-0.00428754236853
-0.00543184312319
-0.00495580534584
0.000928632716602
-0.00108507409638
-0.00466363387433
-0.00491975835535
-0.0195313078501
-0.0106491239885
-0.00459284354113
-0.00169369381485
0.000664783326506
2.43701381226e-05
-0.00478544605002
-0.00797292872274
-0.0056492571239
-3.03469002837e-05
0.00219874401808
-0.00141185174882
-0.0213395159306
0.00027799589491
0.00533406248469
0.0101628433923
0.0138798372067
0.00961953299008
0.00338477579696
0.00158557896159
0.0071899521809
0.0087697791744
0.000213142219432
0.00163060214124
-0.00256556715014
0.0129477331034
0.0221112736741
0.0256302508653
0.033674321112
0.0377018353256
0.0341987727052
0.036394895721
0.0347923461802
0.0250447799166
0.0276597080483
0.0522798898289
0.0502902019575
0.0506178382858
0.0448287219066
0.0447348089249
0.0392465410292
0.0345189759051
0.0320040249861
0.0324344036238
0.0341570549677
0.0327692595513
0.0277732213033
0.0106326342492
0.0153839657765
0.0201352973038
0.0251841915608
0.0222150104226
0.0175429831005
0.0126152968214
0.0125011981525
0.0154775778509
0.0156916895652
0.0150539986285
0.0146794676554
0.0131093040789
0.0171483133635
0.0211873226481
0.0161038727299
0.0110562029377
0.0122795175474
0.0164140545982
0.0210502527128
0.0178941869068
0.023735665912
0.0225412578106
0.0288070709099
0.0326998540208
0.0359894333285
0.0392790126362
0.036843774391
0.0444544137228
0.0394465063656
0.0469046507551
0.0599261286144
0.0688781579968
0.0695480253145
0.0710082252376
0.0763345941503
0.0792782391812
0.0741519758541
0.0735853355468
0.073942545572
0.0721035985265
0.0731172348988
0.0698197482328
0.0756161079365
0.077902763231
0.0785271438144
0.0850298753786
0.0922878559815
0.0990299428618
0.100795002082
0.102560061303
0.108437789939
0.107540539063
0.102297565022
0.0898126191572
0.0822392262513
0.0839103468774
0.0799343373156
0.0822781702154
0.0729349489899
0.0687835938514
0.0674593709641
0.0661351480768
0.0681035102612
0.0607648229394
0.054353636642
0.0612303927437
0.0597906205527
0.0749883066072
0.0821098121705
0.0842498743591
0.0736127903411
0.0656175077638
0.0489029040811
0.0768678125138
0.070595472294
0.0753639766675
0.0658358918152
0.0617821762393
0.0722944928942
0.072087659273
0.0702416536527
0.064726243927
0.0716912969088
0.0779953402136
0.0856392463322
0.0932831524507
0.100927058569
0.108570964688
0.116214870806
0.123858776925
0.126320788114
0.128273120534
0.12478868356
0.137459268212
0.136954303718
0.133023525798
0.115029670141
0.136288793691
0.153017542513
0.140026318579
0.127316904393
0.136625042682
0.154222549558
0.155274258919
0.14502599154
0.141203232533
0.131259839266
0.129958410634
0.128656982001
0.127355553369
0.126054124737
0.119224949682
0.112275853704
0.108472120493
0.10885819495
0.105467498883
0.105447365683
0.107772420747
0.0984124725302
0.0957922891453
0.0997000687947
0.103607848444
0.0995989474679
0.117858513379
0.114408621243
0.105138214001
0.102245098299
0.101452669896
0.106165192871
0.111147951897
0.112067453019
0.120326746971
0.107879605921
0.125026043233
0.121776636545
0.11498226252
0.101915473826
0.0928527237539
0.0874516668066
0.0941396170603
0.0909315619125
0.0839697268955
0.086278706424
0.0913105631973
0.0666762490055
0.0910724920061
0.0851336855825
0.0662042751393
0.0541572304793
0.0441767339767
0.0371350248088
0.0352654438675
0.0349446895777
0.0306554347569
0.0323013649026
0.0283631820849
0.0320849636439
0.0358067452029
0.0354137181546
0.0381239096869
0.0370786121804
0.0394506847721
0.0411868632954
0.0427671121706
0.0410050602192
0.034671927845
0.0308922816414
0.0217447105311
-0.00713009244456
0.0188090836329
0.0144963419583
0.0146890900026
0.00275531569711
0.00197192039171
-0.00283011824856
-0.00245986185293
-0.00140903535643
-0.0057987610005
-0.00472347416392
0.00377155268258
-0.00874997647871
0.00148815416099
0.002642856675
-0.00378765952966
0.00349379791087
0.00322858422722
0.00602307102045
0.00426526678799
0.00932779184884
0.0136707564634
0.0111141383449
0.0155041786721
-0.00259001868537
0.0210667313923
0.0214963715204
0.039406666815
0.0396167684087
0.0386380758146
0.0434399063686
0.0398505261521
0.0322228539807
0.030841990758
0.0429374102184
0.0423785805472
0.0402645465045
0.0381505124619
0.050157698607
0.0599314353155
0.0689891689414
0.0662213614232
0.0535903601904
0.0594182567015
0.0689806349558
0.0572772635769
0.0609090838803
0.062407693754
0.0649213836323
0.0681566027771
0.0577711291784
0.055261867412
0.065757466376
0.0652673977675
0.0643409566399
0.0601983432781
0.0492043820741
0.0422020099377
0.031031656061
0.0290955149754
0.0193400268727
0.0367198687508
0.027860018244
0.0180021693629
0.0171188518067
0.0110143135577
0.0101141621013
0.00672285750754
0.00420722796714
0.00257435917308
-0.00231290979108
0.00236319296854
-0.00265482005584
0.0247389370481
0.0200237470061
0.0212912152744
0.0272860561812
0.0301930171492
0.0490912541399
0.0418954667599
0.0346996793799
0.0222769970046
0.0122235206157
0.0133243803111
0.0228013171304
0.0322782539497
0.0304597670798
0.0315590456026
0.0324501844585
0.028275603395
0.0249775521233
0.0367721191921
0.0485358940379
0.0561831082435
0.0598531822102
0.0719095496437
0.049120769427
0.0849597443373
0.0815184234664
0.0750965995925
0.0704580913936
0.0590697292553
0.0504580705069
0.0484671978365
0.0470213923113
0.0470854533838
0.0423878205899
0.0442518699881
0.0441857664262
0.0479697498789
0.0459759790155
0.0361746746581
0.0290777210554
0.0302086920436
0.0249438956006
0.0225544547966
0.0190987736857
0.0196858343031
0.0157632578748
0.016050573676
0.0183486823497
0.0206467910234
0.0270802479894
0.0241045202441
0.0231428135715
0.0203137289512
0.0138210593822
0.0100655224687
0.00684939133464
0.0043521246153
0.00370730052521
-0.000482517694949
0.00799461526323
0.0164717482214
0.00817434843476
0.00835642784951
0.014631098906
0.00223355507261
0.00276245424034
0.00609341695722
0.00624502331277
0.0109742092918
0.00699968593558
0.000339813258537
-0.00590665042759
-0.00699771207061
-0.00650188058933
-0.00380646190411
-0.00491319004661
-0.000447260947782
-0.00865581565672
-0.0125677189959
-0.0184300912332
-0.0210281057755
-0.024533426373
-0.0223169148228
-0.0274020733916
-0.0103894761013
-0.0137680309047
-0.0156715378529
-0.0169348160583
-0.0173551345616
-0.0243384669065
-0.0222628900744
-0.0217188495162
-0.0199756458396
-0.0181875053953
-0.0177338746975
-0.0210169396515
-0.0154673939987
-0.0105232083914
-0.00301487306497
-0.00107996732965
-0.00409185953975
0.00240837243706
-0.000729187531984
-0.00281231618193
-0.00667582035003
-0.00741027888594
-0.00852964027658
-0.026940562408
-0.0085534425255
-0.0153805819516
-0.00856558707146
-0.00588025352037
-0.00734196895344
-0.00548456703967
-0.00605116254064
-0.00338054766118
0.00131059749767
0.00266784948284
0.00315947186225
-0.0106232946674
0.00255891959294
-0.00652471868614
0.0129731206488
-0.0150913278965
-0.0144200081711
-0.00768732201207
-0.00962738797408
-0.0118430792439
-0.0111777573869
-0.00277066241803
-0.00579284494934
-0.0133844615212
0.0022107318519
-7.09453349468e-05
-0.00341471725977
-0.00109276639695
-0.00478106900771
-0.00652393331894
-0.00834585399801
-0.0127841759545
0.00548059696071
0.0284029257322
0.0126157376561
0.0129309332434
0.0132461288306
0.0168341747113
0.010334351321
-0.00372993238692
-0.00210807457437
-0.000965026698735
-0.00242212863195
-0.00321940791062
-0.00571102073404
-0.00612575636667
-0.0069246247769
-0.00739339375264
-0.00786216272837
-0.000663119505456
-0.00310312999774
-0.0123864684645
-0.00896616433921
-0.0169174379438
-0.0154906269816
-0.0168528758259
-0.015339344598
-0.0119067502768
-0.0120174664655
-0.010808520883
-0.0138397367194
-0.0120727712555
-0.0162519817678
-0.00414379235488
-0.0132017634686
-0.00811124544002
-0.00789476228833
-0.0147515691901
-0.0133683094776
-0.0115455059434
-0.013605350364
-0.0272647639676
-0.0128994977904
-0.00715939233784
-0.00721944718926
-0.00567357572932
-0.00578620725951
-0.00408327956877
-0.00533181147166
-0.0153525396085
-0.00488338115877
-0.0067540469263
-0.0186758094725
-0.0230344432195
-0.00454159967027
-0.00573522126508
-0.0137258992619
-0.0154081982011
-0.0218350457873
-0.0235598470408
-0.0174128481599
-0.0244158228682
-0.020738072841
-0.0183931586986
-0.0181937504159
-0.0211590036236
-0.00994627613782
-0.0103271035648
-0.00972476598525
-0.0105020187082
-0.0115143801849
-0.0109129838158
-0.00993424506969
-0.00860310261183
-0.0115401439407
-0.0127868934098
-0.00763836238295
-0.0186087659554
-0.0138486643393
-0.0134659540858
-0.0101228512562
-0.0143365595484
-0.0138302714726
-0.0176110095646
-0.0153195603995
-0.0160357493086
-0.0143587623847
-0.0140264110606
-0.00290725925483
-0.0237116309904
-0.0107356932475
-0.0138334467581
-0.0122587603429
-0.00910942051548
-0.00356891147217
-0.00707859532048
-0.00952926140571
-0.00919376686342
-0.00902039482962
-0.00164024576849
0.0024512963817
-0.0197424937748
-0.00185210559881
-0.0064859434687
-0.00633707361413
-0.0046757339055
-0.00863676776616
-0.00645978922787
-0.00879946226682
-0.0126266432663
-0.0130690442676
-0.0109305697541
-0.00555440173879
-0.0089370112856
-0.0123196208324
-0.0177958728378
-0.0174161094604
-0.0195339528138
-0.0245932809524
-0.021191115404
-0.0217526868268
-0.0226285627217
-0.0280441165913
-0.0224342867628
-0.0277570833077
-0.040547607105
-0.038249192196
-0.0364464552571
-0.0335390529258
-0.0296038912424
-0.030369863196
-0.0347845874556
-0.0314212678483
-0.0338716965014
-0.0355478137198
-0.02738570431
-0.0280537727229
-0.0315694469576
-0.0289592720827
-0.0304003936139
-0.0250642158478
-0.0247813612607
-0.0246883918244
-0.0237710856682
-0.0208302944443
-0.0211302712417
-0.0227004781648
-0.021238459184
-0.0201418698062
-0.0370731123664
-0.00105638753708
0.00290304760571
0.00329998329358
-0.00172835054335
-0.0103840997127
-0.0101814622255
-0.00603016267062
-0.00379901649374
-0.0101964082866
-0.0014497284455
-0.00404469407221
0.00273712945727
0.0054121635773
0.00652259370276
0.0103657729734
0.00855774850483
0.00964655747945
0.0132516254228
0.0196522809189
0.0219242304696
0.0238585179264
0.0210446164545
0.0184416955384
0.0138438662559
0.0192759124525
0.00866821567246
0.0139104086971
0.0120309601645
0.00713010455359
0.000582713103809
0.0077355451702
0.00325641791779
0.000330832030442
0.00187140965744
-0.00463316200372
0.00310431464064
0.010841791285
0.0127755235874
0.00926329649459
0.0089479581431
0.00816720440779
0.000742487479447
-0.00415961596687
-0.00817611809651
-0.00686035368668
-0.00999658709169
-0.0121708446235
0.00470094459518
-0.00562391183171
-0.00253608007597
-0.00150254523883
-0.00216788337268
-0.00739101233178
-0.00338418715115
-0.0053629353225
-0.00920434286804
-0.0103388950375
-0.0118899200335
-0.0137479058912
-0.0149727115312
-0.0161975171712
-0.0210234471612
-0.0183919325236
-0.0212138562059
-0.0290937157265
-0.0171548283426
-0.0216507922344
-0.0205544935306
-0.0177512896193
-0.022100262388
-0.0179891438841
-0.0365786633111
-0.0280745202626
-0.0255919902918
-0.0255089319776
-0.0244201649915
-0.0307532267278
-0.0259791485579
-0.0223673201399
-0.0187904425641
-0.0244523629302
-0.0233487604084
-0.027057323562
-0.0304644613518
-0.0194858281552
-0.0226353003286
-0.0233846419911
-0.0287041449923
-0.0214170450169
-0.0160828056392
-0.00932919803718
-0.0125040376196
-0.0166035472868
-0.0212307852362
-0.0233566606366
-0.00669613739113
0.00996438585434
0.0134994775031
0.0148892090779
0.0123071385367
0.0175945415444
0.0202338776326
0.025374893958
0.0273067436567
0.0332740629092
0.0436184239831
0.0555457317167
0.0579930099362
0.068558739015
0.0489314689523
0.0450661964272
0.0446827123891
0.0455996670031
0.0521467139171
0.049872524329
0.0412018744569
0.0265830093375
0.019117775785
0.0169630314207
0.00792295622727
0.0117934755165
0.00860911383165
0.0118813506206
0.0189521849912
0.021777812777
0.0248208090223
0.0196539912487
0.0156506104917
0.00876918551173
0.0139385879192
0.00859693546909
-0.0214830804568
-0.00140957787457
-0.000257090869335
-0.00426590300091
-0.0051214973716
-0.00546724824071
-0.00375518785169
-0.00283748677537
-0.00668655341076
-0.00463094122026
0.00448400304796
0.0104615750562
-0.00408821755741
0.0184716239405
0.0200845362473
0.0265989362701
0.0259906022953
0.0198569018544
0.0217322035944
0.0255257680491
0.0368448882078
0.0262307545596
0.023752214569
0.0308258665629
0.0279954510606
0.0251650355584
0.0191538723669
0.0240821013835
0.0190888504544
0.0231795203388
0.0207103937145
0.0202187381954
0.01490635098
0.0172709972759
0.0224784112981
0.0259219866818
0.0180092453462
0.0176636561258
0.0097989753911
0.00528314099934
0.00271529236858
0.000127248828084
-0.00373520049038
-0.00153536917383
0.000985454270102
0.00579987062315
0.0132374417361
0.0135464086407
-0.0126897820923
0.0168566559652
0.0163535037662
0.0133628471649
0.0101363933747
0.00795695565651
0.00297037279288
0.0060729782108
0.0115927278928
0.0168665422177
0.0155544271533
0.0153533000086
0.0139764166163
0.0191664247868
0.0132515287651
0.00314742799837
0.003086059008
0.00759299418532
0.0113974521257
0.012873335428
0.0167617841148
0.0122663324086
0.0066212353558
0.00584578523156
-0.0053979806982
0.025383384347
0.0242473506409
0.0163238623875
0.00705828410572
0.0172113342513
0.0208976669144
0.0175352607756
0.0170941400098
0.017837089752
0.0146175774791
0.01869128005
0.0235493049609
0.0301766255482
0.0166409645978
0.0233635843897
0.0135672344933
0.011078607128
0.0116545457932
0.0205527523241
0.0324769172418
0.0326392531805
0.0349078898582
0.036079059473
0.0328046614737
0.0460124585215
0.0420453597146
0.0447307135616
0.0412463866419
0.0425780996628
0.0496329065432
0.0502709894465
0.0485172349748
0.0411791347506
0.0307391508722
0.031454316238
0.0389932995417
0.0465322828454
0.048428323094
0.0509898573513
0.0491594047401
0.0565434416159
0.0587143883471
0.0515717294145
0.0323318778258
0.0248015880754
0.0153826003993
0.00875401771817
0.00966793812099
0.0105818585238
0.00846355690033
0.0107517746096
0.00820800149767
0.00454484782585
0.00851490797707
-0.000109589359147
0.00227527047479
0.00832348155765
0.00912122830949
0.00262990901069
0.00212310896544
0.0145430532798
0.00666956898082
0.0117393111686
0.0101688250485
0.0163111780856
0.0147092132864
0.013911770323
0.0205672692928
0.0183612056981
0.015725862262
0.0227875196872
-0.00804634720964
0.0269404946256
0.0245722964097
0.0214481911719
0.0282443087808
0.0276139179698
0.0325064941308
0.0340428846864
0.0355760662154
0.0349610981404
0.0314590956376
0.0326571316088
0.00770398926925
0.0451816744158
0.0416288361941
0.0367921178384
0.041807740376
0.0493065821704
0.0532554219279
0.0478974386947
0.0509134029503
0.0453536196257
0.0438791577723
0.039281797445
0.0336583203599
0.0334208172126
0.0347470870474
0.0388286487717
0.0323417737463
0.0321918114579
0.0313212492792
0.0271936474911
0.0229916835192
0.0240861138119
0.0207417231899
0.0169618430028
0.0273115130367
0.0376611830706
0.0342052669936
0.0357362235169
0.0297560550332
0.0235634463238
0.0183861875503
0.0193969816218
0.0202642772202
0.0254535745128
0.028572046236
0.0230039623103
0.0239639981914
0.0240743314386
0.0254699932443
0.0253956092071
0.0300669530719
0.0277512192647
0.0259141239656
0.0286043291932
0.0291279795404
0.035309843098
0.0476910207142
0.057180172911
0.0602624801121
0.0633447873131
0.0646706432072
0.0664408024002
0.0686262459023
0.0698574162728
0.0627028970308
0.0611782081073
0.0598624895961
0.0628168075335
0.0718518515601
0.0720144000603
0.0774937015136
0.082973002967
0.0777481230499
0.0774446915475
0.0770336217769
0.0684865010346
0.0681825161352
0.069840559446
0.0679596212163
0.0753243846582
0.0786207126153
0.0798654194657
0.0723247878558
0.0878417056967
0.0892712069485
0.077951102606
0.0699667060309
0.0669293907294
0.0553190735077
0.0501520814166
0.0345920466802
0.0341181251229
0.0338443498358
0.0274653383304
0.0291241608623
0.0284922938927
0.0258328024132
0.0284662818557
0.0197208125717
0.0215292337287
0.0211153988268
0.0185353582004
0.0204529688699
0.0188449000886
0.0140579915854
0.0121991670566
0.00188594194279
0.0349838892054
0.0374069945442
0.0280438533094
0.0237684838693
0.0287689419085
0.0275645139964
0.0265513934567
0.0270225625366
0.0280151855917
0.0283042164649
0.0265702296252
0.000673948675449
0.0421158346092
0.034783673772
0.0430779838075
0.0392576459908
0.0395027937701
0.0355298189888
0.0327738363358
0.0347011099945
0.0295021341288
0.0201595055181
0.0208514293783
0.0221897311334
0.023809000952
0.024983539187
0.0205401012973
0.0194680982294
0.0187401097411
0.0163916132249
0.0120342788308
0.00947759387584
0.0055632579751
0.00689897079418
0.0106366358045
0.0037210938177
0.00649204551225
0.00474704376115
0.00560780984921
0.00677614847235
0.0043017616608
0.00721868287038
0.00661703626453
0.0108125617094
0.0133647206356
0.00831985429617
0.000834766381169
-0.0156312963944
0.00953154945111
0.00823434905416
0.0104778395479
0.0104034622192
0.0130491372093
0.0151823822307
0.0106933227527
0.0119770661708
0.0112793031367
0.0154626531849
0.0140391664369
0.0229213721121
0.0318035777874
0.0267818172618
0.0228329414952
0.0337923713392
0.033651685504
0.0274644101373
0.0212771347706
0.0213892698977
0.0235683745516
0.0313723742202
0.027915301832
0.0121672105103
0.0497463691001
0.0490934594178
0.0427261677845
0.0547214494812
0.0482528003101
0.0470674398132
0.0424490308269
0.0392221083852
0.0298550435233
0.0305948467998
0.0208692978232
0.0101747878139
0.0128276508326
0.00176195036014
0.00162668638885
0.00479216977981
0.00809951480251
0.00767538125837
0.0040281896599
0.00160343288174
0.00267382931819
0.00371774115262
0.00152138701822
-0.0262031527522
0.00964044435806
0.00921956368879
0.0125630773315
0.0066853840916
-0.00059311959131
-0.00035746804425
-0.000170815640268
0.000895764547668
0.00301208830628
-0.00012827780008
-0.00207379204219
-0.00804776925095
-0.000409709845411
-0.00205806198296
-0.00315210350222
-0.00379946787055
-0.00693045724586
-0.00220197489878
-0.00492286553322
-0.00271162446443
0.000267386105591
0.0024677856445
0.00613641852642
0.00745159232444
0.011327815755
0.0165499219918
0.0244240989372
0.0271920986511
0.0249377089702
0.0253802062965
0.0305474181074
0.0299629131937
0.02052516351
0.0162348830001
0.015188021654
0.0218989854477
0.0286099492415
0.0209793071414
0.0163376753552
0.00844043156086
0.00276798294635
0.000595800869593
-0.0030436202157
-0.0015256243351
0.0020265517246
-0.00130834511326
0.00213601468291
-0.000300782699938
0.000308951984167
0.00311245697592
0.00657227266378
0.00934055070149
0.0103468581172
0.0056414904914
0.000767261759099
-0.0017235521807
-0.00372989941093
-0.00269190141919
0.00228213090756
-0.0108490538185
0.013570786758
0.0100899805359
0.0219241793725
0.0128745985749
0.0091162321487
0.00587034408524
0.00157746141748
6.37510947006e-05
0.00750996126675
0.00818445107308
0.0100420282993
0.00979116412729
0.0150251153538
0.0145499150099
0.00813402226987
0.0105184072043
0.0102277604426
0.0115671661084
0.0129065717742
0.01424597744
0.0155853831058
0.0169247887716
0.0182641944374
0.0196036001032
0.020943005769
0.0222824114348
0.0236218171006
0.0249612227664
0.0263006284322
0.027640034098
0.0289794397638
0.0303188454296
0.0316582510954
0.0329976567612
0.034337062427
0.0356764680928
0.0370158737586
0.0383552794244
