-0.00143069030657
-0.00310829935383
-0.00338237085551
-0.00384791241533
-0.00286792926729
-0.00298877065681
-0.00284595072326
-0.00303868643372
0.000403163010843
0.00152159728043
-3.71201248542e-05
0.000613922303756
-0.00100958973435
0.00113776908555
0.00383473414089
0.00239165435934
0.00095176015949
-0.000475636215223
0.000356290514054
-0.000676132386868
0.00269476982046
0.000230939842277
0.00400797110545
0.00297070792012
0.000939363479631
0.00250386879081
0.00465761729949
0.00406229771441
0.00316366283142
0.00601207406443
0.0043952058111
0.00319039975249
0.00747996384442
0.00641712343658
0.00995549790712
0.00883557882299
0.0100798661879
0.00786767138149
0.0108723135765
0.00807215403244
0.00822882058059
0.00975021510997
0.00928852024698
0.00580078955672
0.00954389807951
0.0102578479947
0.0101396357955
0.00958287817942
0.00902612056334
0.00846936294727
0.00791260533119
0.00735584771511
0.00679909009903
0.00624233248296
0.00568557486688
0.0051288172508
0.00457205963472
0.00401530201865
0.00345854440257
0.00497745452315
0.00541070395747
0.00301418583993
0.00451090163864
0.00575308517852
0.00639249878521
0.00578734504519
0.00530554923751
0.00505260554675
0.00825681139055
0.00898676362732
0.00828644200721
0.00654260064154
0.00827169575
0.00735725214674
0.00777605952546
0.00728823983216
0.00855076682872
0.00765199616678
0.0110472455289
0.00923035303647
0.00741787306892
0.0074258019803
0.00758980808179
0.00879643142676
0.00741413654787
0.00642038235743
0.00669327845361
0.00821896506251
0.00673497083286
0.00979393885901
0.0107652982566
0.00801885676613
0.00554652253671
0.00681799149943
0.00808946046215
0.00684956982654
0.00664779549806
0.00520508216534
0.0056697239705
0.0076511231402
0.00288032913077
0.00402068240358
0.00278070759521
0.00414647344118
0.00221980143991
-0.00170547660846
0.000456947357056
0.000944016375844
0.000146962228469
0.000951176559592
-0.000820581047332
-0.00585153797137
-0.00151102252072
-0.00462948644686
-0.00114696489171
-0.00532780868708
-0.00495932089721
-0.00417161369793
-0.0046952359345
-0.00599852987392
-0.00746811617828
-0.00792530584836
-0.0063014231372
-0.00484225593376
-0.00549114954509
-0.00657509975359
-0.00834872349186
-0.0056936003566
-0.00423600479745
-0.00388020641504
-0.00597978614995
-0.00753995965849
-0.00571971271631
-0.00606722086488
-0.00472004766988
-0.00402802398346
-0.00551843492577
-0.00431329325942
-0.00285957833975
-0.00462393704067
-0.00297049133647
-0.00476314602838
-0.0054135509602
-0.00288783163479
-0.00339868823428
-0.00296297800023
-0.00424114856532
-0.00294808867187
-0.00361708879185
-0.00283576928688
-0.00205444978191
-0.00254375794981
-0.00125642093111
0.00137684790422
0.00401011673955
0.00664338557489
0.00927665441022
0.00260865359474
0.00222964657737
0.000621704363295
0.00315945003691
-0.000335858186473
0.00179846282371
0.000569855834261
0.00144262174462
-0.0012642821727
0.00278093793035
0.00213422736339
0.00273174785353
0.000410849672903
0.0039518579346
0.00230526262408
0.00328256361201
0.00335543758517
0.00235903809307
0.00285664186039
-7.08830416654e-05
0.00197506181326
0.00143899229171
0.00199981878595
0.00133139312885
0.00131890588556
0.00232272725497
-9.00800186974e-05
0.000783028894212
6.00927559284e-05
7.32011211892e-05
-0.00218542992817
-0.000499895081841
0.00196891976151
0.00443773460486
0.00315414622334
0.00187055784182
-0.00139363030539
-0.00291221483909
-0.00443079937279
-0.00467646302498
-0.00492212667717
-0.00774066584597
-0.00733066629171
-0.00692066673746
-0.00695256192206
-0.00698445710666
-0.00701635229126
-0.00704824747587
-0.00708014266047
-0.00711203784507
-0.00714393302967
-0.00717582821427
-0.00720772339887
-0.00723961858348
-0.00727151376808
-0.00730340895268
-0.00733530413728
-0.00680405173004
-0.00620164898403
-0.00559924623802
-0.00499684349201
-0.004394440746
-0.00544472858611
-0.00508299790217
-0.00591886158426
-0.00630008112177
-0.00427449703558
-0.00487443134294
-0.00526385222595
-0.0011428459016
0.000981782444112
-0.000166732612554
-0.00131524766922
-0.00151238257484
-0.000233477500046
0.00139101362263
-0.000473280229703
-0.000281047205199
-0.000907705667569
0.00186057200218
0.00110392319497
0.00369524514525
0.00232066837762
0.00343780484202
0.00343822834348
0.00273680192883
0.00304554452502
0.00247539469926
0.00219259965945
0.00333140649258
0.00592091382807
0.00754178971505
0.00435993194218
0.0032542555629
0.00387140576797
0.00394386846111
0.00422638626731
0.00301446266143
0.000645747802367
0.00348480546014
-0.000580552945044
0.00327904403518
0.00466577858777
0.00160701076506
6.97479553202e-06
0.00537700006947
0.00408873470103
0.00223813031737
0.0021957581029
0.00313480919122
0.00315988294406
0.00299098218723
0.00450648131795
0.0016493059911
0.00234044091689
0.000123198337021
0.00013221362891
0.00117467127737
0.000595690705366
-0.00140411692804
-0.000666038128507
-0.00109810794708
-0.000809114838185
-0.00179117975787
-0.00131961173944
-0.00549048478506
-0.0048139641452
0.00230744570972
0.00112959633255
-4.82530446259e-05
-0.00106205902969
-0.00408256732671
-0.00479061276854
-0.00389902114663
-0.00461082037881
-0.00623367908272
-0.00797206039712
-0.00613227496453
-0.00356829681275
-0.00843631292072
-0.00899210286675
-0.00544296894216
-0.00529446976007
-0.0069704466721
-0.00457449842325
-0.00198528253431
-0.00520505879559
-0.00197069096265
-0.00448779642513
-0.00625582363236
-0.00175021450692
-0.00503281770488
-0.00513460328817
-0.00458440971958
-0.00515406781211
-0.00333932830256
-0.00461625143254
-0.00328844746361
-0.00481306194178
-0.00754335670393
-0.00316367181343
-0.00416498264803
-0.0037829935314
-0.0048589094946
-0.00350951454791
-0.000845126449352
-0.00401029034393
-0.00244850617034
-0.00152556378431
-0.000929893503375
0.00149315202235
-0.0017059917864
-0.000225306526469
-0.00107360179845
0.000968101943462
0.00485497505351
0.00606232121893
0.00110130869351
0.000405031524265
0.00298910385712
0.00144807519295
0.00294368723232
0.00124806742833
0.00362627753468
0.00330938205586
0.00375254949874
0.00393142733367
0.00122127036968
0.00179937157293
0.00391367528902
0.00501649733995
0.00428002388484
0.00557126254027
0.00423486015722
0.00627040127006
0.00612949844047
0.00286969195223
0.00486183090166
0.00358443901374
0.00358991717613
0.00531701454845
0.00287707669522
0.00202127947671
0.00169322145867
0.000116484561727
0.00348549457369
0.00257506956456
0.00213935197597
0.00204079864227
0.00274212944253
0.00293322056211
0.00399683562678
0.00279156968835
0.00461460471628
0.000505555098229
0.00512957302244
0.00198726897314
0.00174781469789
-0.000687686823992
0.0016612131736
0.000554857737189
0.00255868215904
-0.000172214360535
-0.000437000956312
0.000425149209765
0.00128729937584
0.00214944954192
-0.00122687764133
-0.00117041003287
-0.000840559602613
-0.00108006298458
-0.00092431350651
-0.00230616551066
-0.00299488433461
-0.00160941924921
-0.00358363276966
-0.00293523019028
-0.00237092994209
-0.00159414853668
0.000421015515796
-0.00414314115909
-0.00360234638584
-0.00235004575189
-0.00151936429272
-0.00138220160454
-0.00274627809474
-0.00072567457545
-0.00127899023402
0.00191412904969
-0.00137059925571
0.000883536301935
0.000149201808069
-0.000810085263228
0.00174278006326
0.00327637852442
0.000575936795416
0.00302262628439
0.00191314964347
0.00344887055885
0.00394874169821
-2.37187128681e-05
0.00439507518406
0.00828174055295
0.00609602193784
0.00594338538539
0.00610699156226
0.00774715720449
0.00722874305533
0.0105742705859
0.00732878133825
0.00817646021946
0.00652172500525
0.00877561002459
0.00593697713401
0.0102474956945
0.0121366785308
0.0108090462438
0.00847796174403
0.00781873857959
0.00559807938146
0.00617401493904
0.00633358633676
0.00807507750973
0.00663114583592
0.00156136896718
0.00524589323694
0.00638134417636
0.00658843641675
0.00741137769119
0.00826794050583
0.00912450332048
0.00998106613512
0.0108376289498
0.0116941917644
0.0125507545791
0.0134073173937
0.00711331262575
0.00485147055638
0.00629238613241
0.00373550946248
-0.000935035693313
0.00151436241059
0.00238831709692
0.00133082242027
-0.0023029179126
-0.00101128830511
-0.00312752806258
-0.0021772733173
-0.00528710219981
0.000638783333178
-0.00646690635207
-0.00427911305252
-0.00678175773301
-0.0037322529655
-0.00518293516559
-0.00234591325968
-0.00466790048137
-0.00360661179878
7.83595658898e-05
-0.0013817410662
-0.00551002527088
-0.00963830947556
-0.00492984800088
-0.00274248984791
-0.00259054130022
-0.00129131881696
-0.00563672335153
-0.00702873414625
-0.0069785849707
-0.00532912422172
-0.00443187545627
-0.00418250209779
-0.00775268903125
-0.00498319432012
-0.00630874392306
-0.00619300498578
-0.00669015077566
-0.00374945484318
-0.00111308980432
-0.006641610362
-0.0046454709289
-0.0038379419987
-0.00208782534569
-0.00334644121547
-0.00116561773375
0.0001421915389
0.000119318357743
0.000559205437376
0.00148513581851
0.00317821306898
0.00337618412532
0.00208124217996
0.00690938739609
0.000489685927913
-7.89284764952e-05
0.00187674291265
0.0040799457589
0.00677588345852
0.00377084140223
0.000934473902167
0.00436480414521
0.0004341709667
0.002661751435
0.00446076564652
0.00477033863774
0.00238792361049
0.00456184433322
0.00807768578542
0.00269208107568
0.0042573098969
0.00157427336007
0.0038689002085
0.00473324041969
0.000344560034344
0.00218573882489
0.00224674019925
0.0052672434728
0.00219028580308
0.00136398371353
0.000902984921894
-0.00257761080523
0.00407875553236
0.0012870255587
0.000841860005663
-0.00286762015677
-0.00201141681566
-0.0039609312658
0.000317544249919
-0.000839930783092
-0.00330131745296
0.00235278426994
-0.00761534238868
-0.00741463915939
-0.00603021313011
-0.00622230566698
-0.00765194836401
-0.00482940246145
-0.0104819034566
-0.00811559660583
-0.00800633109918
-0.00501183025313
-0.00930360124689
-0.00403753707062
-0.00720700524029
-0.00991365129506
-0.00794831899918
-0.00902527432017
-0.012632730374
-0.0125708840061
-0.00975680136484
-0.0107821937302
-0.0123013741345
-0.0125149746947
-0.00976047352219
-0.0113686188505
-0.006905043816
-0.0071081919712
-0.0073113401264
-0.00714113301683
-0.00668243390548
-0.00894041075289
-0.00814794246392
-0.00801371057895
-0.00724069906159
-0.00878793116561
-0.00302523465731
-0.00333472451131
-0.00273466955802
-0.00416713040637
-0.00358490896797
-0.00394919870099
0.00229834217495
-0.00672300685593
-0.000506362076676
0.000129653772561
-0.00326400583302
-0.00111391711853
-0.00261542209087
-0.00243828177064
0.00614664160755
-0.00484709136913
0.00245128996289
0.000913786138535
0.000269606717001
0.0011176998297
0.00252088305696
0.00233999487204
0.00374934440853
0.00314988785713
0.000178432106729
-0.00120184012347
0.00454242461603
0.00124808235368
0.00162660254352
0.00243301005066
0.00158315237872
0.00347459457992
0.00372711120918
0.00323162270393
-0.000288754633006
0.00329509817056
0.000678964481162
0.00258308958035
0.00288346362784
-3.39573786663e-05
0.00214120394117
0.00152674192896
0.00382220091943
0.00189930593866
0.000657325469698
-0.00155513568092
0.00105483905709
-0.000960200348934
-0.00221188888823
-0.00247801686721
0.00411570500356
-0.00195832291834
6.82509735268e-05
9.11230608975e-05
-0.00134664832018
-0.00242995562137
-0.000344842352013
-0.00166481211487
-0.00298478187772
-0.000699437380082
-0.00129353998297
-0.003906506649
-0.00332763839495
-0.00701283230382
-0.00455210856987
-0.0027216073823
-0.00337550045411
-0.00436557081887
-0.00510038537335
-0.0041404563958
-0.00393453478245
-0.00386759154964
-0.00390269733022
-0.00198075868455
0.00060261829122
-0.0035529648073
-0.00389193973403
-0.00436005090352
-0.00172825067738
-0.00478271973576
-0.0053409828453
-0.00646608362306
-0.00534947691499
-0.00599655306959
-0.00353286048617
-0.00426486792004
-0.00462944761599
-0.000728764183185
0.00317191924962
-0.00247151487638
-0.00134250979462
-0.000598003162533
-0.00206741729007
-0.00177994215012
-0.00239056067236
-0.00117252701736
-0.000348451300659
0.000620972221734
-0.000952953166577
-0.00513907362573
0.000897415654997
-0.00233079522653
0.000571784217459
-0.00121568690675
0.00396701080531
-0.00138782549606
-0.000202325389465
0.00856840273662
0.00180815754952
-0.000173234042126
0.000505486595183
0.00220657550666
0.0020021205626
0.00107688491921
0.00250694213866
0.00122047289533
0.0039871460116
0.00499136320284
0.00261327552601
0.0021842958489
0.00091331603489
0.00205538422564
0.00378979436096
0.00147229718451
0.00272376173284
0.00361544973029
0.00224278484987
0.00245891153116
0.00725620497523
0.0120534984193
0.00826676015348
0.00490336450937
0.00330961382422
0.00341142312131
0.00239180058578
0.00261280663107
0.00155487310264
0.00280267309759
0.00207000237784
-0.000255894536143
0.00269373934643
0.00198557669901
0.00182870271734
0.000671021594077
0.00237044628338
-0.00106187105089
0.00176249803226
-0.00191288257174
-0.000593375407615
-0.0011293266636
-0.00312642137324
-0.00163486685333
-0.00238704977373
-0.00173473623133
-0.000893061819953
0.00278262481209
-0.00254268590711
-0.00315239050624
-0.00148805081799
-0.00483338469301
-0.00542482521547
-0.00543373801656
-0.00389429301429
-0.0038662967236
-0.00425832543084
-0.00440294310462
-0.00435887315967
-0.00450745193961
-0.00352889581495
-0.00250257163104
-0.00217700694186
-0.00993907734785
-0.000598219868112
-0.00135086791812
0.000177881256229
-0.00148696066475
-0.00150109647619
-0.00115440370063
-0.0020899361533
1.62960348704e-05
0.00106684864786
0.000662864070688
0.000679922346415
0.00247375984307
0.00426759733973
0.00227637665478
0.00175253178298
0.00459601792633
0.00264874248504
0.00303951460142
0.00389884204768
0.00499211092718
0.00572391574475
0.00452037181274
0.00469266472691
0.00496835680174
0.00193725703351
0.00457947631011
0.00746923481611
0.00520445675749
0.00499520008784
0.00365126190385
0.00553236928112
0.00495881939965
0.00428341581737
0.00363711114396
0.00401609686003
0.000699648301373
0.00572770424718
0.00402411657171
0.00212288660242
0.00632984219839
0.00916395397917
0.00656072978741
0.00503156178264
0.00283523354393
0.00160079300771
0.00222470166177
0.00251867889506
-0.000100966121369
0.00566035608246
0.000236829150744
0.00283847191738
-0.00015921713705
-0.000238499180251
0.000769738486701
0.000418008044011
-0.000717066680201
-0.00191374615168
0.000475705056221
0.00022970918455
-0.002597128693
-0.000713234038298
-0.00217742124043
-0.00405413753175
-0.00434814424559
-0.00214927051332
-0.00437130360052
-0.00397327577338
-0.00500314448658
-0.00223404325228
-0.00602329231238
-0.00405292667489
-0.00693114090219
-0.00691307054593
-0.00515217196768
-0.00392169297309
-0.00571365677094
-0.00616437771267
-0.00686029396577
-0.00315274438032
-0.00309807400899
-0.00447758121046
-0.00147220159214
-0.00414016845665
-0.00720758693127
-0.00433975584091
-0.00317874386177
-0.0046522066442
-0.00254690686092
-0.00569344553474
-0.00260362606879
-0.00352981579003
-0.00441160215333
-0.0024598840528
-0.00140127693911
-0.00179240174015
-0.00354109773995
-0.00196771168469
-0.00115099379359
0.00252612206015
0.000415078195534
-0.000308614972574
0.00190137971341
-0.000384432331107
-0.000246083587114
-0.000699286428083
0.00011953066468
0.000938347757442
0.0017571648502
0.00257598194297
0.00339479903573
0.00120343711039
0.00111902590813
0.00317774929877
0.0031663158297
0.0109949124955
0.00815177360459
0.00966223592354
0.00837973820864
0.0061957145213
-0.00167993399789
0.00884701898171
0.00572489004433
0.00163314779517
0.00329944319139
0.00318337980168
0.00484680125487
-0.00121266073007
-0.000347275814496
0.00108071827877
0.00548995387
0.000657662782248
-0.00340591333468
-0.00537390577738
-0.00734189822008
-0.00203291097441
-0.000353533217833
0.00132584453874
0.00300522229532
0.00218863665031
0.0013720510053
0.000555465360293
0.00241224938964
-0.000687976906769
0.00317546049659
-0.00166594753959
0.00266073935697
0.00764790711771
-0.000934357476255
-0.00951662207022
7.51529646716e-05
0.00275799095153
-0.000833594487026
-0.00537998317849
-0.00140450853222
0.000375207093696
-0.0062090261878
-0.00175624210653
-0.003072877816
-0.000204375275577
-0.00396267802145
-0.00258133754979
-0.000913657398575
0.00542180517203
-0.00483475162673
-0.00754859220366
-0.00155703593641
-0.000302561549589
-0.00794841922798
-0.00546893068615
-0.00708564300536
0.00113279599418
0.00194742876255
-0.000693986524565
-0.000974234290329
-0.00225947041277
-0.00155800711109
-0.00125026116686
0.00472010863789
0.00188086927895
0.00156587317796
0.00371134278906
-0.00183243998535
-0.00181131722018
0.00107853104469
0.00995366539669
0.000485095041672
-0.00532800386201
-0.000244254731117
0.000399923901953
0.0017638309515
-5.62810650118e-06
0.00167422739328
-0.000343309266217
0.00170332210791
0.00291004605573
0.00229786564547
0.00117967499719
0.00454158264195
0.00649281767707
0.00433318697584
0.00623533765347
0.00428603220991
0.00020639049191
0.00161587640031
0.0030253623087
0.00408305682164
0.00260652136715
0.00067541106277
0.00227667005529
0.0045000277156
0.00603238941633
0.0027751576467
0.00409606715862
0.000760801340368
0.00242162857656
0.00162208631862
0.00338473165483
0.00059302800175
2.87702357844e-05
-4.73297231851e-07
0.000567824738353
0.000664458290746
-0.000877653317266
0.00204031866355
0.00103674458285
-6.67257713528e-05
-0.00063093595768
-0.00482239706311
0.00391952161678
0.00475987717211
0.00281499986132
0.00329677331165
0.00121265391069
0.00211114513191
0.00124136009642
0.000371575060933
-0.00267509206529
-0.0014130918436
-0.00161453730089
-0.00347930467328
-0.00296305760182
-0.00204286307267
-0.00415781657656
-0.000916797409774
-0.00122388887071
0.000514505383105
-0.00126913374775
-7.62117722281e-05
-0.00366235710329
-0.00229569117091
-0.0034151586709
-0.00546267468138
-0.00240496478054
0.000791335920604
-0.00299809183669
-0.00290841826338
-0.00207505539428
-0.000326179498042
-0.00354914984249
-0.0033133511446
-0.00258169780222
-0.000488925361227
-0.00238478377807
-0.00308392201584
-0.00213574029552
-0.000739954275634
-0.00227378822287
-0.00214741276229
0.00229690787906
0.00221476673148
0.00115923296532
-0.00335505587654
-0.000603464596895
0.000879513179045
0.0019069713646
-0.00172205285572
0.00260254593686
0.00150187554299
0.000491224994755
0.0035612703152
0.000984206860363
0.00329475331561
0.0020024740859
0.000310245763812
0.00063424679856
0.000764641890956
0.00418343217467
0.00284593237001
0.000600504037304
0.00303749248269
0.000896445003415
0.00503409216093
0.00543739988285
0.00467610935801
0.00705209833012
0.00348385808848
0.00734711032447
0.00534859151219
0.00548099728106
0.00404000424317
0.00259901120527
0.00603726355905
0.00479984555742
0.00372991922066
0.00321032831777
0.00586559207397
0.00216394235926
0.00195249679719
0.00890190771389
0.0124008146801
0.00265308243779
0.00236359518034
0.00773315716284
0.00287504938665
0.00624370155776
0.00167941888234
0.00113529571291
0.00299717162478
0.00191140154568
-0.000122293507047
0.00251355145264
-0.000954988371497
0.00169526772284
-0.00154869449291
-0.000244606552507
0.000329720248055
-0.00237933537996
-0.00146399546848
-0.00238509713941
-0.00143648854955
-0.00356516059059
-0.00195463516426
-0.00317201426144
-0.00213415591764
-0.00258823525493
-0.00157721879791
-0.00357508496013
-0.00391482121403
-0.0034174754397
-0.00550847205415
-0.00629650503284
-0.00687666050275
-0.00342009900924
-0.00350302275808
-0.00279632572197
-0.00493779951628
-0.00296487892786
-0.00660087135829
-0.00187949196412
-0.00191142344547
-0.00312397634468
-0.000263007656687
-0.00222695775824
-0.00030117454335
0.0002856942034
0.00135285717143
0.00311005291404
-0.000950831465366
0.00105130313763
0.00244425126352
0.00393276013018
0.00462153890147
0.003583088007
0.00602569240816
0.00316767418559
0.00148237250541
0.00030295994536
-0.00107073786128
0.00267511309061
0.00302448186137
0.00229604659153
-0.00301546781966
0.00305722194006
0.00322161546235
0.000802613649673
0.000839524065088
0.00338904264777
0.00295853499826
0.00103197817393
-0.000288085656207
0.00014645081779
-0.00174450821735
0.00131703033551
0.00141491812709
0.00201520626564
-0.000513216661779
0.00105807308681
3.22347372528e-06
0.000486108068519
0.00046242352679
0.000164348620546
0.00224710978433
0.00225659521048
5.26460212833e-05
0.000358645017428
4.87118409795e-05
-0.000261221335469
-0.00155344555859
-0.00139194249415
0.000973792369223
-0.000631373874998
-0.00063238987971
-0.0014856635125
0.000197790860962
-2.44428149698e-06
-0.00139306012217
-0.00188211732083
-0.00375769898416
-0.00636650528589
0.000329329127099
-0.00231080265265
-0.00361299656712
-0.00536636336826
-0.00462977566689
-0.00473418390609
-0.0047106325095
-0.00368719662666
-0.00340600356779
-0.0024327936935
-0.00825581657998
-0.00305006549016
-0.00569518716031
0.00496115108949
0.00378499207774
-0.000255418739991
-0.00326036834799
-0.00416505468282
-0.00556302315926
-0.00643275009542
-0.00366423294909
-0.00712122779971
-0.00519068935353
-0.00689666252305
-0.00460768427337
-0.00560396449004
-0.00405369342438
-0.0051493105114
-0.00423647192594
-0.00548573702822
-0.00353463666299
-0.00264987583148
-0.0025241078301
-0.0015812694358
-0.00465926403705
-0.00202015067728
-0.00203204293695
-0.00168181038283
-0.00385066426523
-0.00130860321266
3.82907182603e-05
-0.00400904185837
-0.00199263876623
0.000910738651414
0.0014834834689
-0.00115827947282
-0.00156661134197
0.00133728118975
0.000194245682173
0.000977740961565
0.000318737462976
0.000465647260362
0.00329651305905
0.00338018045705
0.00264086670985
0.0040628987871
-0.000108317406835
-0.000567087332679
0.00134985965282
0.000241597696826
0.00335208003428
-0.000129187662161
0.00156024005475
0.00379866916647
0.00257005118553
0.00361240074977
-0.000590349275806
0.00180319711225
0.00293969048084
0.00330938674853
-0.000544339483128
0.00560334958584
0.00411132280412
0.00199462595911
0.00321821639592
0.00347179160916
-0.000389481982917
0.00020676408977
0.000142528980206
-0.000215222710866
-0.00089268420505
-0.00119514576703
-0.00117489894128
-0.00115465211553
-8.3308948018e-05
-0.000928452474797
-0.00331484482626
-0.000598066055257
-0.00257917032061
-0.00211150017663
-0.00198438259742
-0.00210608819338
-0.00214917602749
-0.00157871591163
-0.0021389865718
-0.00264074528153
-0.00221025389223
-0.00321768452422
-0.00338039165453
-0.00357511022075
-0.00202995682493
-0.00319054414616
-0.00334740463431
-0.00546784244596
-0.00385518571248
-0.00332591362418
-0.00471098073068
-0.00459824989255
-0.00255224864291
-0.00453896403877
0.00034430702231
0.00522757808339
9.13976458863e-05
-0.000451058965312
-0.00379603359693
-0.00138226409662
-0.00227382480038
-0.00197534881055
-0.00121589035198
-0.00292905100539
-0.0028641284108
-0.00137938672762
-0.00329488458597
-0.00329754458102
-0.00231136908254
-0.00411666182689
0.000503000247183
5.37155985532e-05
-0.00122272590232
0.000186560309581
-0.00266205081967
0.00220792030429
0.000247471804046
-0.000949085811989
0.00115793358212
0.00289895900929
-0.000448188785708
0.00188677178512
0.000556195941486
0.00124156402211
0.00210160899263
0.00230252101508
-0.000307712795832
0.00165759084561
0.00343232201343
0.00267469296415
0.000794913841192
8.69092746427e-05
0.00248971596388
0.00174211249772
0.00188487063516
0.00364725765292
0.00346920837255
0.00296292845019
0.000206846315286
0.00326643741844
0.00286672566969
0.00279035205062
0.00355945194142
0.0033274508421
0.00243257828825
0.00603361472831
0.00200550508087
0.00379507054647
0.000507101042955
0.00416006119979
0.00364626318331
0.00376019280616
0.000721134680674
0.00280609674215
0.000297980014394
0.00119441847655
0.00160299862614
0.0003979024783
0.00145653874003
0.000490451138857
-0.00160492917099
0.000378125838191
0.000237202424459
9.62790107277e-05
-0.00249322976831
-0.00260511173337
-0.00235106945066
-0.00227680222041
-0.00183318870938
0.0005513757302
-0.00366040630045
-0.000436951356199
-0.000835089004804
-0.00130791387745
-0.00261806994278
-0.00293482076143
-0.000266416317647
0.000299820210642
0.00113268886476
-0.00388775571548
-0.00161752061939
-0.000764172608765
0.000953973695363
-0.00383803753689
-0.00126254586046
-0.00382753363261
-0.00719026676554
-0.00425049933623
-0.00169455974033
-0.00245257493796
-0.00508263894685
-0.00666622231693
-0.00361404223725
0.00129032498159
0.00619469220043
0.00181870426457
-0.000311041215055
-0.00310078051499
-0.0016085498666
-0.00244346413034
-0.0046612355753
-0.00225527579045
-0.00260955336363
-0.00101356313108
-0.00218249707165
-0.0014623302963
-0.00388636303924
-0.0029727858261
-0.00205920861295
-0.000263466390389
-0.00219102701984
2.46281155394e-05
-0.00316164620676
-0.00189000313975
-0.00234368731054
-0.00219136157634
-0.000726281201258
0.000690665642445
-0.00145864098338
0.000132159079615
-0.00244658287503
-0.000361768537745
0.00694903686704
0.00350760593599
0.00151876851798
-0.00202946232492
-0.000368975720144
-0.000148041562336
-0.000634858218803
0.000394610646413
-0.00131938188778
0.00102400483828
0.000123555206539
8.92411448628e-05
-0.00650046517821
0.00157773538934
-0.00124210090477
7.53223098402e-05
-0.00114681198769
0.00248061064236
-0.000553031682375
-0.000713324058989
0.00272396742197
-0.0023835020265
-0.000639786829181
-0.00079711555915
0.00721104993073
0.000424850498636
-0.000923597655772
0.000101003302516
0.00190901964394
-0.00222456588388
0.000827703708101
-0.00063633947644
0.00884564675065
-5.14758640729e-05
-0.00444636380486
-0.0025217548049
-0.00389859826506
-0.00527544172521
-0.00381615846473
-0.000104937171167
-0.00300143500205
-0.00486150249647
-0.00167088036161
-0.00521633109243
-0.0035818434038
-0.00354387338697
-0.00836003940194
-0.00713650981716
-0.00496805941061
-0.00449897869113
-0.00710044631564
-0.00397326272417
-0.00600265925139
-0.00439231892233
-0.00135497540596
-0.000290056384543
-0.00277650656843
-0.0037910524705
-0.00340534057571
-0.00358840797078
-0.000281904340334
-0.00196119236151
-0.00324138286508
-0.00146328307589
-0.00452912289923
0.000192695743296
-0.00265703427979
-0.00157008265784
-0.000955022954161
2.33442831878e-05
-0.00104288289121
0.000436898480602
-0.00456139330729
0.00210911714277
-0.00131889166741
-0.00158184333328
0.000216317159749
-0.001435601644
-0.0027873883848
-0.00288725837547
-0.000876088625131
-0.000982450266085
-0.0014509057188
-0.00134520877321
0.00238487729578
-0.00203168365635
-0.00155193661236
-0.000510882053193
-0.00157782456825
-0.000180687382451
0.0033170983447
0.00794314480365
0.0112970872131
0.00927532833641
0.00758118134035
0.00618741839755
0.00246104254378
0.00485318157941
0.00161366745824
0.000703542848536
0.00185789525157
0.00156017015443
0.00108879490592
0.00198131303072
0.00124305588254
0.000665721454431
0.000970974964053
0.00155229210398
-0.00137589779261
0.00501278374679
0.00159394315536
0.00314139135804
0.00195320845175
-0.000157068126659
0.00194177358161
0.000820850949344
-0.00142652196323
0.00297538436174
-0.00134225412078
-0.00416056512462
-0.000817475808023
-0.00296587280302
-0.00349256661463
-0.00235103758116
-0.000473542670357
-0.00397676654652
-0.00432057130196
-0.00260010676937
-0.00498436632183
-0.00450421156519
-0.00472878149699
-0.00631235116184
-0.00589005286674
-0.00546775457164
-0.00504545627654
-0.00599714719276
-0.00744902778264
-0.00383521040914
-0.00744529048509
-0.00563331229494
-0.00560289771067
-0.00584733240686
-0.00197463716049
-0.00268789825702
-0.00707918491865
0.00168133004546
0.00136122438953
-0.0011784671352
-0.00293041182239
-0.00184891650195
-0.00163655240201
-0.00144018356707
0.000100817631724
0.000763187013325
-0.00191297597646
-0.00306756866259
-0.00439886656323
-0.00415359116451
-0.00182889502885
-0.00275676858995
-0.00278590475077
-0.0008370391996
0.00407331587422
0.00603765818154
0.00220020714134
0.00167776070039
0.000432909881072
0.00322605068761
-0.000683953318749
0.00138950650076
0.00343244304782
0.00362344578471
5.00932808014e-05
0.00386681586636
0.00186709096849
0.000208013122587
-0.00020955318621
0.00036241528851
0.000142134309846
0.00113427752996
-0.00026087446876
0.00457262655481
0.00555351845406
0.00720977346899
0.00559269423695
0.00538569855488
0.00481990173646
0.00529685912095
0.0103869508537
0.00563815812273
0.00404666158032
0.00529977478277
0.00547450811579
0.00538053477796
0.00145786682068
0.00412978985952
0.000405943443424
0.00281686515696
0.00244235886844
-0.000386137883176
0.00109156363134
0.00217165151292
0.0015470033432
0.000828286167222
-0.00162264652737
0.00232269603034
0.00100251071871
0.00165851077332
-0.000392973133944
0.000248436775867
-0.00216551353141
-0.00240220425561
-0.00130389081102
-0.00368765885181
-0.00183361848988
-0.00405330222281
-0.00158039708128
-0.00160507427716
-0.00220508775951
-0.000615657717703
-0.00322262872135
-0.00177656701504
-0.00110808811696
-0.00152343917074
-0.00156434930077
0.000197027229385
0.00907392371827
-0.00290902164031
-0.000697585275015
0.00151385109028
0.00261094533602
0.0011848277499
-0.000589951357793
0.000923383154362
0.0018190876071
0.00219015194685
0.00235966389698
-0.000439288239457
-0.00137742172552
0.000967599894963
0.00290167555311
0.00364042089194
0.000700566867209
0.000586771666132
0.00024712919389
4.73297231851e-07
0.00082861624619
-0.000875569783207
0.0017860872666
-6.12615985507e-05
0.00164795130277
0.000185084937233
1.13892178157e-05
0.00140755664369
0.000709549845287
0.000563678855509
-0.000519160057846
0.000902324800647
0.000563554158616
-0.00111498016453
0.00199476825678
0.0012665749016
0.000303484544683
0.000692356138127
0.00108122773157
0.000456822498337
0.00429008446371
0.00371908597522
0.00375436633066
0.00147971287686
0.00260283157289
0.00260195690547
0.00289245529159
0.000813152071198
0.00246689010116
0.00284651628562
0.0017754028769
0.00500585970926
0.00563833449665
0.00577877466227
0.00345428224569
0.00387104855691
0.00394876416072
0.0104792313014
0.00453081794603
0.0056332955144
0.00499134910701
0.00399173775844
0.00693756109489
0.0077202330005
0.00850290490611
0.00928557681173
0.0100682487173
0.010850920623
0.0116335925286
0.0124162644342
0.0131989363398
0.0139816082454
0.00833934011128
0.00374916310359
0.00718706665638
0.00281025032578
0.000773180140768
0.00015521574069
-0.00101188591246
-0.00309193487468
-6.91719513118e-05
0.00181716077275
-0.00304970671806
-0.00279306121951
-0.00385501050635
-0.00127331097896
-0.00993388706462
-0.00177288157841
-0.0018665143196
0.00179439607162
7.86817081828e-05
0.000245920848332
0.000674049333031
0.00113055426428
0.000956491150762
0.00290044904518
0.00245822073731
0.001040224947
0.00356613843306
0.00609205191912
0.00431874710343
0.00665450387967
0.0113290261956
0.00614770131901
0.00817197200678
0.00529409295769
0.00730443209866
0.00639113382235
0.00942809454016
0.00847724573989
0.00578866773329
0.0067335096017
0.00601599352398
0.00868158037341
0.00730227420599
0.00714286289092
0.00764558737829
0.0118377287156
0.00693381656184
0.00559509157732
0.00697616048402
0.0064418659944
0.00481091311388
0.00379325014689
0.00341570693291
0.00393582800239
0.00473415460325
0.0108844752991
0.00328914988832
0.00399586550325
0.00504533391626
0.00505825719216
0.00525822526277
0.00522576256281
0.00751486480143
0.00376287450362
0.00421891821982
0.00532040528843
0.00372671239279
0.00369308677936
0.00436042082692
0.00267112231186
0.00255662680972
0.00183533880867
0.00529661904897
0.00662925453701
0.0123255413718
0.00604013739453
0.00781558470398
0.00638758677319
0.00648910911125
0.00662159242496
0.00549742892212
0.00521122193025
0.00438719310805
0.00322324423972
0.00371061454743
0.000943814192885
-0.000561510411759
0.000377221588064
-0.00101358735214
0.00200819126431
-0.00159510318793
-0.000834835351718
-0.00396269162535
-0.00110569971831
-0.00326435205381
-0.00254118830138
-0.00249700884696
-0.00480780935738
-0.00163031943688
-0.000998402376266
-0.00336598417889
-0.00333794100457
-0.00170416496221
-0.00223328168372
-0.00601835753366
-0.00275874401509
-0.00316787826846
-0.00340433599591
-0.00392383531706
-0.00523265673424
-0.00382171628996
-0.00210787329593
-0.00369342580687
-0.00471345252694
-0.00226756699105
-0.00232540230455
-0.00278899220981
-0.000604837473998
-0.000643945358149
-6.42213084896e-05
-0.00329533738837
0.000437775286449
-0.000892751507914
-0.00222327830228
-0.00355380509664
0.000964879954169
-0.00223426351234
-0.00357544901955
0.00140817523145
-0.00238731366128
0.00017731053569
-0.000263067960849
-0.000531650491628
-0.00262002200482
-0.000486786181423
-0.000143984667606
-0.00189983255896
-0.000836501214786
4.07071434749e-05
0.00418218735551
0.00832366756754
0.00614344674722
0.00380185334067
0.00361002297209
0.00770210357622
0.00520931473905
0.0031184998539
0.00141974807585
0.00209162455732
0.00187631600542
0.0049248243574
0.00323743939818
0.0039376884268
0.000330547139968
0.00283511466259
0.00160182041096
0.00335817798629
0.00223249049677
0.00316410245492
0.00653155179424
0.00547568305948
0.00559222139894
0.00517766281806
0.00574623281171
0.00543835828693
0.00559727902539
0.00598546115605
0.00908185330143
0.00714070146638
0.00430676716004
0.00305991038326
0.00547210022683
0.00182035833155
0.00434541217499
0.0036696447917
0.00139385460529
0.00131117976622
-0.00102043085147
0.00178957817742
-2.19392922035e-05
0.000505429093707
-0.00190243639738
-0.000167175311366
-0.0015861041442
-0.000613210604843
-0.00234037991049
-0.000305153363889
-0.00328220729125
-0.00198690645829
-0.0040276112556
-0.00352165809253
-0.00305825136764
-0.00608613883121
-0.00416221532863
-0.00343255114235
-0.00321291072654
-0.00124042694688
-0.00275433030166
-0.00300713411095
-0.00123533036897
-0.00283463305082
-0.00232951776327
-0.00326978240655
-0.00183897839307
1.98204645079e-05
-0.00407419612277
-0.000950589940738
-0.00215169554493
-0.00092860426681
-0.00200054635609
-0.00116739745813
0.000300570989256
-0.00317277576727
-0.000370135081537
-0.00086854807266
-0.00060396645668
-0.00170005240538
-0.000316921072881
-0.00139834503402
-0.00247976899515
-0.00247779638511
-0.00232785326067
-0.00187417549108
-0.00208953844535
0.000863855333255
-0.00231778803996
-4.7033871714e-05
-7.38569910732e-05
3.63745445198e-05
0.00241717517933
2.87195469821e-05
-0.000219012985314
-0.00125060818617
0.000777382485941
-0.000966553603776
0.000471299760664
-0.000226983025818
-0.000708775811222
-0.000546084118885
0.00155990468842
0.000726348710123
-0.00127128531012
0.00485153110429
0.00457637276455
0.00419501639717
0.00318781684576
0.00245640343361
0.00141289447297
0.00580667180612
0.00278467933635
0.00361202869118
0.00391664133493
0.00179096569879
0.00203788282531
0.00449597631295
0.00165965998694
0.00597050316023
0.00372470030634
0.00361803225511
0.00261794945555
0.00161786665598
0.000609235069156
0.000301616734344
-0.00137628397037
0.00188378520846
0.000607840491914
-0.000636232242202
-0.00261573095594
-0.00223402086175
-0.00250336052867
-0.00149526693529
-0.00535679552565
-0.00193436994861
-0.00225804697953
-0.00318850633194
-0.00245351642184
-0.0044696867351
-0.00567293392192
-0.00409578923258
-0.0033167985821
-0.00197524433685
-0.00501557375678
-0.0042553207552
-0.00225434662642
-0.00358708006203
-0.00214331233065
0.000231915208268
-0.00230443762515
-0.0041990077068
-0.00539289038996
-0.00436838780983
-0.00428141003486
-0.00244175761596
-0.00224831923915
-0.00248351923553
-0.00329148638266
-0.00174493964596
-0.00299577840834
-0.00218055836155
-0.000679706206398
-0.00112922057305
-0.00167068008761
-0.000818362592053
-0.00100689989637
-0.00157377911406
0.000415069427608
-0.000143488315372
-0.00169214581098
0.000469729705648
0.000807819557789
-0.000464082090269
0.00100657546169
0.00156133995085
0.00211610444001
0.00103908622635
-3.79319873195e-05
0.000780958111505
0.00222200424667
0.000803616584118
0.00196403205809
0.00305299154022
0.000326149041962
-8.52250644042e-05
0.00633567490345
0.000645233346807
0.0029797776507
0.00435109801916
0.00122628089634
0.00110414240241
0.00132098154234
-0.000138631802726
0.00244870953439
0.00053522424834
-0.00132236401126
0.000298492112121
-0.000277075669406
0.000711176260481
0.00118471289123
-4.33200127095e-05
0.00089801728774
0.00108116703248
0.00311857892408
-0.00246481208373
-0.00176626342839
-0.00196798288412
-0.00267296549132
-0.00262018337124
-0.00225303743228
-0.00336606269707
-0.00200656315339
-0.002236580993
-0.00387191849543
-0.00346686903221
-0.00264077379568
-0.00411696468272
-0.00472183023341
-0.00217461126191
0.000372607709583
0.00291982668108
-0.00159525098654
-0.00300337242032
-0.00263188605655
-0.00665994067358
0.00144701315651
-0.00246658309993
-0.00586573826283
-0.0050962269676
-0.00449817627866
-0.00432632494286
-0.0040519016659
-0.00595785918002
-0.00612977021525
-0.00529160265614
-0.00431126834649
-0.00582913710331
-0.00557055219805
-0.00344231539325
-0.00582707087383
-0.00401767346316
-0.00385433959847
-0.00539816134021
-0.00303683251581
0.00601162181597
0.00475319777557
0.0021761601721
0.00427937420198
0.000481584245867
-0.000827759508643
0.000207348891612
-0.00154514272041
-0.00108413282611
-0.0025143088959
-0.00233069950584
-0.000800191631334
-0.00206242572777
-0.00124966268652
0.00194386214202
0.00437232556477
0.00231846897089
-0.00149689595467
0.00174447508769
0.00270463754135
0.0042199154789
0.00713251248307
0.00436169222152
0.00196331708875
0.00248136898516
0.00442622389285
0.00342703049419
0.00251100900619
0.0039733850912
0.00543576117621
0.00350998833072
0.00317721422108
0.00276771110617
0.0043523105243
0.00471206223392
0.00396199403865
0.0024911900797
0.00261299937814
0.00229704899623
0.00122559005159
0.0013372453325
0.00252160078025
0.0017262206256
0.00181309756905
0.00142985671102
0.00224053606954
0.00343333396863
0.00144871621177
0.00169038806382
0.00191777797027
0.000372812022353
0.00244141180336
0.00218374545752
0.00100055501075
0.00140129713805
-0.00196075566405
-0.000964282008369
-3.48384230512e-05
-0.00117289469319
-0.00158739546028
-0.00269130545788
-0.001799751718
-0.00485874435265
-0.00531071404436
-0.00491083178835
-0.00367049695807
-0.00547935177382
-0.00600557183351
-0.00360276269951
-0.00692696012967
-0.0046093253522
-0.00495686351016
-0.00325544639576
-0.00665684837106
-0.00431592433804
-0.00413489626995
-0.00938571845693
-0.00711387937361
-0.000377435717423
-0.00601663631425
-0.00459328898174
-0.00394793476431
-0.00259956962665
-0.00541179185097
-0.0063567611661
-0.0061754814326
-0.00356150973787
-0.00602821979911
-0.00733754504566
-0.00185385332345
-0.00255982743676
-0.00143077876906
-0.000968756379185
0.0011142355002
0.00170614813036
0.000198417710108
-0.00161992139438
-0.000700578165242
-0.000739607009174
-0.00261763881746
-0.00633279636904
-0.00203772197273
-0.0017561868483
-0.0019527981456
-0.0022693129757
-0.00306205317954
-0.0019343072686
-0.00486481611132
-0.00393185305282
-0.00200894167706
-0.00521169919329
-0.00940102758159
-0.0074803333469
-0.00725527102706
-0.00405315858591
-0.00414880127736
-0.00191942534819
-0.00195304062686
-0.000415982402817
-0.001456166579
0.000267095921826
-0.00128659296625
-0.00133298544291
-0.00154442570239
0.00054823240112
0.00264089050463
0.00286859928718
0.00361666488659
0.00252572255956
0.00540323383407
0.00223008493733
0.00327477013191
0.00204335068984
0.00205505452554
0.00216194409159
0.000310484345271
-0.00111830351311
-0.00214841360361
-0.00125275139138
-0.000120904909594
-0.00223682797295
-0.00217024734559
-0.00244011374794
-0.0018182519312
-0.00161605726849
-0.00357386844973
-0.00178438467934
-0.00493153462269
-0.00797556702544
-0.00348996380089
-0.00496917341657
-0.00440112495105
-0.00637066223872
-0.00450855347068
-0.00404449469972
-0.00477013424204
-0.00488941361656
-0.00415285270451
-0.00647595713632
-0.00498616905275
-0.0111841515543
-0.00556835452325
-0.00687751608808
-0.00536222446789
-0.00669628807873
0.000637704321204
-0.00477090717256
-0.00597191207
-0.00831170527547
-0.00791314509635
-0.00382996648682
-0.00461419761598
-0.0144874184182
-0.00541947606307
-0.00477702358257
-0.00589024575031
-0.00459076702155
-0.00535025180507
-0.00602103439259
-0.00315282648443
-0.00504690475078
-0.0046819805275
-0.00528203313986
-0.00615748867799
-0.00834384064975
-0.00493406986205
-0.00479947435062
-0.00265821107397
-0.00165283083021
-0.00139978132076
-0.00224014950833
-0.00132124420719
-0.00234667309148
-0.00158968359195
-0.00130158141248
-0.000974827473424
-0.00589103193429
-0.00222519626181
0.000913548193528
0.00964641317761
0.000980203020071
-5.03890783718e-05
0.000342376284346
0.000202278536273
0.00044323651078
0.00090736395053
0.000242226285123
-0.00319290643648
-0.000675918003649
0.00716688452965
0.00391423667486
0.00387575463967
0.00226196558944
0.000604325933563
0.00115588690922
-0.00028104314206
0.00271076731588
-4.20949145341e-05
-0.00157100437943
-0.00138506830527
-0.000441286635391
0.000502495034488
0.00235164034711
0.00137699100633
0.00353580034181
0.00216827361261
0.00267615972392
0.00296844287037
0.000983071063585
-0.000546792092876
0.000807710037173
-0.0013870926846
-0.00342502767343
0.000126712271722
-0.00066599213664
-0.00205706486775
-0.000435433060017
-0.00383562498568
-0.00334968260303
-0.00401660397766
-0.00625135235021
-0.00468523179893
-0.00380527550611
-0.00645946508356
-0.00820314487238
-0.00560093659071
-0.00396543218296
-0.00516284868043
-0.00672523501595
-0.00504925609784
-0.00643045393691
-0.00655838943127
-0.00700522333983
-0.009755777127
-0.00590181903732
-0.00778621454456
-0.00745432883835
-0.00712244313214
-0.00440233410213
-0.00580289247031
-0.00506121258983
-0.00565930660763
-0.00744792636099
-0.00723645181614
-0.00471496967196
-0.00837101063964
-0.00517330219002
-0.00645442629742
-0.0085720844045
-0.00516506213067
-0.00448600271778
-0.00127422701321
-0.00227319526998
-0.00303118207377
-0.00332429786612
-0.00135417186228
-0.00405011557921
-0.00355013635244
-0.00316798068248
-0.0027669351401
-0.00474896002016
-0.00201543286522
0.000157082379233
-0.000165895908239
0.00109759569231
-0.00160799226602
-0.00337867049588
-0.00224772261328
0.000979062430709
0.00523167666559
0.004801219174
-0.000856590400115
-0.00411557220412
0.00099959916449
-0.000315811750925
-0.00130858971308
0.00512158851737
0.000446698853513
0.00110889576022
0.00107355068551
-0.00123719115683
-0.00102851217297
0.000459721621136
0.00603313581658
-0.00181754378019
0.00213010954042
0.000955132713164
-0.000683807982738
-0.00180231588133
-0.000139759275659
0.000380263436779
-0.000339017079171
0.00589222189124
0.00143337914055
0.000213965240343
-0.00100544865987
-0.00222486256007
-0.00344427646028
-7.67167533513e-05
0.00107048334106
-0.00250787083391
-0.0014330012376
-5.55414122843e-05
0.00162957732091
-0.0026349062835
-0.00299805589144
-0.00236502632292
-0.000977176483243
-0.00477611719842
-0.003291107866
-0.003816688875
-0.00207112684656
-0.00303281307087
-0.00791539941646
-0.0048210096647
-0.00633240304475
-0.00647756156101
-0.00781827329334
-0.00914274459463
-0.00832875530209
-0.0104397076649
-0.00739402387967
-0.00594099499603
-0.00771109544803
-0.00831228679376
-0.0110662522291
-0.0081818040015
-0.00751937932429
-0.011034431864
-0.00768685139906
-0.00886753915111
-0.00846653002396
-0.0113877571615
-0.00640080269032
-0.00612198455354
-0.0074925708676
-0.00626240356579
-0.00760696654071
-0.00561568156799
-0.00811509503805
-0.00711334199278
-0.00676022235477
-0.0071751944669
-0.00819081352498
-0.00592342542215
-0.00365603731932
-0.00326190664359
-0.00550181883906
-0.00340254183973
-0.00273294291366
-0.00872549366462
-0.00657245331399
-0.00465321521573
-0.00232518609126
-0.00777629367609
-0.00342942928667
-0.00847294018273
-0.00112286432824
-0.00277097971613
-0.00380403711221
-6.48010277662e-05
-0.00308986252363
-0.0025841170566
-0.00324546379683
-0.00454272636418
-0.00385113094533
-0.00243382659067
-0.0027589195197
-0.0004226717553
0.0019135760091
0.000489955815216
0.00363309431892
-0.000746233471521
0.0016080180573
-0.00191931900973
0.00092716089656
-0.000207827274602
-0.00212620899836
-0.00358514499674
-0.0010861968861
-0.00325405902414
-0.00209237158694
-0.00221199051966
-0.00339982065194
-0.00410869956455
-0.00535335959345
-0.00644153773389
-0.00499676533784
-0.00560830156768
-0.00975379002503
-0.00561625610651
-0.00836370015801
-0.00859906852605
-0.00883443689409
-0.00906980526213
-0.00886269765393
-0.00865559004572
-0.00844848243752
-0.00927472273258
-0.0107650945378
-0.00433496225578
0.000232557191846
-0.00444557411534
-0.00912370542252
-0.0138018367297
-0.00655679019107
-0.0086773520328
-0.00784202817862
-0.00794044799586
-0.00704872658189
-0.00769582760065
-0.00782421374203
-0.00851518604096
-0.00516525756128
-0.00541019825767
-0.00817076573371
-0.0120522155583
-0.00762252120211
-0.00540071253666
-0.00831442308856
-0.00615836320535
-0.00661716764207
-0.00577828733405
-0.00769081195601
-0.0068071096554
-0.0073203285797
-0.00705796126188
-0.00817583995554
-0.00567619511291
-0.00317655027028
-0.00492432147026
-0.00109597421751
-0.00332645494654
-0.000712038859373
-0.000729096123379
-0.00197372755581
-0.000159014256543
-0.00349274980989
-0.00518766947138
-0.000748451526183
-0.0050765882655
-0.00257632411577
-0.00274612275992
-1.31549389377e-05
-0.00346363159533
-0.000129839591028
-0.000650334189342
-0.00201306811988
-0.00204030431729
-0.00294635431486
-0.00227343999478
-0.00315004624734
-0.00703835310995
-0.00306660930453
-0.000589333574078
-0.000756315472338
-0.00141452747507
-0.00208121704135
-0.00230652947006
-0.000788847346336
0.00477230230802
0.00665312538475
0.00853394846147
0.00487232533394
0.000168734468835
0.00207518535796
-0.000291883245575
-0.00113953012626
-0.00144997270529
-0.00217701151637
-0.00329099951247
-0.00332534475189
-0.00521171337374
-0.00223720777147
-0.0045133004077
-0.00527074503384
-0.00991386005678
-0.0056116691773
-0.00572593979875
-0.00259088073982
-0.00366562854309
-0.00637230061064
-0.00379506451071
-0.00852038842874
-0.00532515141237
-0.00725970135575
-0.00679745198194
-0.00661800824635
-0.00859740435397
-0.0105768004616
-0.00720776346824
-0.0043156169708
-0.00654105334143
-0.00714078994755
-0.00565915854573
-0.00574108494508
-0.00705247929197
-0.00959138440988
-0.00615996407181
-0.00870627923249
-0.00854359393203
-0.00870823338879
-0.0088322279992
-0.00762840860758
-0.00669411530958
-0.00734196775424
-0.00715081020665
-0.00864348223616
-0.0089890045096
-0.00889986541803
-0.0119804415107
-0.00630738461073
-0.0143866884402
-0.0101530426325
-0.00646717882729
-0.00680066558494
-0.00571637544118
-0.00757242234623
-0.00826533171572
-0.00826344284758
-0.00852438859161
-0.00567177354513
-0.00847710355707
-0.00792148499139
-0.00869143000215
-0.00930660820814
-0.0079927331383
-0.00680883463036
-0.00739854398813
-0.0079882533459
-0.00897388415619
-0.0068763090846
-0.00462290735382
-0.00588912263572
-0.00727024436702
-0.00735909025738
-0.00986819125366
-0.00385017403866
-0.00470101680928
-0.00249798635287
-0.00281981519322
-0.00686414355274
-0.00376720091144
-0.00340454904112
-0.00355673046956
-0.000538493065784
-0.00292331115788
-0.00282353049514
-0.00549586690412
-0.0012915838344
-0.00451299330564
-0.00243110863377
-0.00170366926523
-0.00403572680739
-0.00290091482312
-0.00392693989128
-0.00415194119942
-0.00460745555365
-0.00368200375679
-0.00508712487975
-0.00908999178328
-0.00379736064517
-0.00501658628239
-0.00559415850752
-0.00491611751836
-0.00283486091503
-0.00546318478558
-0.00638077739804
-0.00570298252682
-0.00836089075484
-0.00584444363859
-0.00494080240223
-0.006439696261
-0.00793859011977
-0.00661752379697
-0.00773360156951
-0.00676431008464
-0.00769157464592
-0.00633363271015
-0.00893149272286
-0.00792027436547
-0.00923129592081
-0.0098253039317
-0.00901194227002
-0.0107609132492
-0.0125098842284
-0.00918646814255
-0.00833831397657
-0.00999091107899
-0.00913084906185
-0.0111205320154
-0.0113812656331
-0.010000427977
-0.0110639403683
-0.0101200998489
-0.0105446795675
-0.0138650395792
-0.00816886370884
-0.0108127403033
-0.00972568000942
-0.00883033474701
-0.010650361297
-0.010158724943
-0.00959341421971
-0.00726485989501
-0.0078231573631
-0.00644063750635
-0.00562292565386
-0.0122810509649
0.00146390372875
-0.00397059452987
-0.00500976613695
-0.00535484091949
-0.00188948672895
-0.00235093265449
-0.00286262354517
-0.00512487470698
-0.00530617177811
-0.00303391393726
-0.00273753178281
-0.00334322300995
-0.00322868470826
-0.00292411398383
-0.00497129529645
-0.00248436422107
-0.00559220647038
0.000340222081799
-0.0052363065498
-0.00372419906333
-0.00169775455477
0.00010134406591
-0.00183228918883
-0.00755403760238
-0.00172345585323
-0.00222045560426
-0.00343542970441
-0.00531050181891
-0.00490178418396
-0.0029261277169
0.000197812042578
-0.00533550630688
-0.00343670363655
-0.00374092363415
-0.00344737127206
-0.00611238294462
-0.00322188108691
-0.00275518266636
-0.00310604021305
-0.00308692743989
-0.00281079813368
-0.00513367475258
-0.00311271993106
-0.00134768906243
-0.00302988121506
-0.00422848874646
-0.00445984193244
-0.0105588781705
-0.00834154729012
-0.00698247909689
-0.0097886302766
-0.00569525423293
-0.00685456108334
-0.00717658304619
-0.00850603683287
-0.00910935938608
-0.00600574661394
0.000682741373792
-0.00560035059845
-0.00448822563555
-0.00337610067264
-0.00559449383433
-0.00187559689617
-0.00812924140057
-0.00904186991219
-0.0110372560873
-0.0107104674416
-0.0117707740878
-0.0112555386097
-0.0101949797851
-0.0108896463581
-0.00971758062174
-0.00854551488538
-0.0101743552271
-0.00984411993824
-0.00746978550843
-0.00891061030018
-0.011071373466
-0.00852399367437
-0.00914000115533
-0.009041778889
-0.00359659739597
-0.00891603569906
-0.00786530697302
-0.00681457824698
-0.00742723029989
-0.00538053315771
-0.00422987206387
-0.00330441363585
-0.00490153799364
-0.00490960887904
-0.00621899106811
-0.00129519904739
-0.00330922771709
-0.00407508194435
-0.00397364778947
-0.00452235593673
-0.00508775546048
0.00101862353645
0.0030141852507
0.00108491043734
-0.00194152723501
0.000768615605786
0.000418339546764
-0.00171442240042
-0.0032934127217
-0.00260705094616
-0.000710500365945
0.00118605021427
0.00128328534918
0.000527391427587
0.00150454967565
0.00133245798198
0.000783968748724
0.000779922382599
0.00296643376305
0.001685698412
0.00270618631352
0.00401276719785
-0.00571047056248
0.00271361655695
-0.00156201938218
0.0042599269441
0.00180006898245
0.000359357072221
-0.00108134825135
-0.00184116682024
-0.00170699258742
-0.000760374498807
-0.00159225635743
-0.00215459416852
-0.00706244970758
-0.000195927419588
-0.00280081065405
-0.0017927471697
-0.00163063886534
-0.00350798765128
-0.00527088282744
-0.00516624598106
-0.0046043662857
-0.00410402357224
-0.00579938783263
-0.00302939871891
-0.00345653094947
-0.00388366318004
-0.0043107954106
-0.00473792764116
-0.00516505987173
-0.00559219210229
-0.00360433431844
-0.00426052804446
-0.00491672177048
-0.00611817306682
-0.00623279687952
-0.00773358646238
-0.00950886946345
-0.0070867580372
-0.00754925349746
-0.00822712720256
-0.00721272780277
-0.00784833302687
-0.00667483304465
-0.00768702776377
-0.0081964230424
-0.0034710799831
-0.00873298945151
-0.00882327729759
-0.00959830422569
-0.0103733311538
-0.00625954077781
-0.00659016063725
-0.00393905493717
-0.008083527793
-0.00702261113306
-0.00695188194406
-0.00691632320477
-0.00532103476278
-0.00513768620757
-0.002674110657
-0.0119923850239
-0.00270017627568
-0.00141011700656
-0.00291189029335
-0.00342753015224
-0.00211259862886
-0.00175787927317
-0.000866197172229
-0.00203268265047
-0.00199897042276
-0.00213866584991
-0.00137620633704
-0.00255092484074
0.00108334487173
0.00226944161672
0.00102416800332
0.00337597361137
0.00147231718604
0.00299963889156
-0.00018156457001
0.00526464538918
0.00863377744036
0.00195399359535
0.00772330323463
0.00394398261708
0.00544771693523
0.00422888068112
0.00410631107758
0.00512113945578
0.00442613851256
0.00419683105784
0.00181437577546
0.000994926567398
0.00278487418011
0.00410253268272
0.00157921138732
-0.00102541618433
0.00103968213631
0.00411848421169
0.0038990684631
0.00288051588149
0.0014947251773
-0.000428786366926
-0.00324207415089
-0.00311862597888
-0.00491953482779
-0.00563421054834
-0.00744842311194
-0.0059065666652
-0.00436471021846
-0.00702852001363
-0.00432157713826
-0.00479679732017
-0.00292280543561
-0.00104881355104
0.00082517833352
-0.0023774503577
-0.00465304545893
-0.00560380488577
-0.00687163235781
-0.0128080286273
-0.00892530105997
-0.0103869810748
-0.0143335174234
-0.0105123907077
-0.0106315870334
-0.0134369759517
-0.0148736005925
-0.0142028839642
-0.0176500523812
-0.0165347062743
-0.0155234516238
-0.0146470028007
-0.0137705539776
-0.0120632922267
-0.0126527807978
-0.0117855375121
-0.0108301921661
-0.00883490813714
-0.00668605211954
-0.00435604757263
-0.00665175817867
-0.00519358261184
-0.00426829403942
-0.00223425742163
-0.000200220803847
-0.000946205351601
0.000176215328194
0.00222075378681
0.0105660280094
0.00939501467495
0.00734807185034
0.00695463972564
0.00847106491177
0.0101664499535
0.0128122184065
0.0180045502478
0.0164236864798
0.0154994905426
0.0144076365641
0.0160601848071
0.0171645267581
0.0198491426954
0.0180685343244
0.0221614515337
0.0262427027408
0.0282039791911
0.0310983707753
0.0224632301458
0.0332749807753
0.0334106451343
0.0322206631089
0.0335847561983
0.0305564449036
0.0354670927627
0.0320074571455
0.0309582625992
0.0305222895772
0.0316528136424
0.0337459378283
0.0293672523078
0.0336385200359
0.0313461025951
0.0275855173744
0.0323542863245
0.0287716479782
0.0291904552025
0.0315958855196
0.0292466672288
0.0279967959922
0.0279924993175
0.0261899826529
0.0254528842748
0.0247157858967
0.0249578504764
0.0261815131314
0.0272362463757
0.031262801067
0.0298451803488
0.0418001207063
0.0371783521943
0.0324696739303
0.0326094644357
0.0363863012812
0.0401631381266
0.0524928557309
0.0589783726509
0.0576936761047
0.0572142269115
0.058687484257
0.0578001428922
0.0604948097328
0.0603596687433
0.0557408010889
0.0602966809922
0.0609203143326
0.0525494111328
0.0564977538501
0.0588792003779
0.0583618868034
0.0561194422423
0.0541486058578
0.0626468620078
0.0614239482671
0.0602010345265
0.0556787427787
0.053055445273
0.0543597861051
0.0556641269372
0.0569684677693
0.0582728086014
0.0595771494335
0.0608814902657
0.0621858310978
0.0634901719299
0.064794512762
0.0660988535941
0.0674031944262
0.0687075352583
0.0700118760904
0.0713162169225
0.0726205577546
0.0739248985867
0.0752292394189
0.076533580251
0.0778379210831
0.0791422619152
0.0804466027473
0.0817509435794
0.0830552844115
0.0843596252436
0.0856639660757
0.0869683069078
0.08827264774
0.0895769885721
0.0908813294042
0.0921856702363
0.0934900110684
0.0947943519005
0.0931071124515
0.0914198730026
0.0897326335536
0.0907940285332
0.0918554235128
0.0982016580575
0.0956222568961
0.0930428557348
0.0904634545734
0.0885390598333
0.0871694123394
0.0877397023921
0.087457664465
0.0822350728914
0.0823850366012
0.0847201486458
0.0888189584228
0.0855925938183
0.0948952078413
0.0926159550661
0.0905825903627
0.088502922646
0.0885347332683
0.0808719883439
0.0827451482639
0.081833874078
0.0817442453218
0.0830405059489
0.0907129533579
0.0877897558131
0.0934172102279
0.0956236005687
0.0980678755037
0.101909798301
0.102729227487
0.103548656674
0.104368085861
0.105187515047
0.106006944233
0.10682637342
0.10831107499
0.10429070358
0.101819345617
0.0989921520355
0.0989390882699
0.104470226374
0.101763057341
0.0956203307496
0.0973439337072
0.101172086894
0.107224118869
0.104580047468
0.102347466901
0.0941232731349
0.0998511540637
0.0944128480273
0.0918800188011
0.0959076935425
0.0959338681963
0.0931061499137
0.0927378659966
0.0954835965691
0.0933550763919
0.0912265562148
0.0829807081219
0.071918348688
0.0760138823257
0.0801094159634
0.0813584442653
0.0785737320405
0.0757890198157
0.0637726749446
0.0533985646052
0.0504947606264
0.0501151316361
0.0496067899951
0.0476130815451
0.0439869753811
0.040360869217
0.0441521866212
0.0469212972356
0.0384916451423
0.0347855958211
0.0332909244726
0.0329721635937
0.0314386109028
0.0294270572148
0.0309312156928
0.0300236316117
0.029564846882
0.0250280136424
0.0258795726536
0.0241326634676
0.0226170179046
0.0204045427717
0.0154016920384
0.0139101652707
0.0112512164209
0.0109112543993
0.0128857381688
0.0136926286115
0.00268763392757
0.00493103029019
-0.00233455321576
-0.00507518471175
-0.00588474410117
-0.0066943034906
-0.00750386288002
-0.00831342226945
-0.00912298165887
-0.0099325410483
-0.0107421004377
-0.0115516598272
-0.0123612192166
-0.013170778606
-0.0129925952332
-0.0128144118605
-0.0126362284877
-0.0112960604651
-0.00947136229388
-0.00702641394242
-0.0046503208299
-0.00589825374781
-0.00381665188331
-0.00304593257761
-0.00220511541985
0.00213161149671
0.00973604839773
0.0147569320838
0.0192624953029
0.0173675754757
0.0195936491209
0.0197225455903
0.0197058215051
0.0216044457432
0.0242938844482
0.0238443274038
0.025126688548
0.0259285414994
0.0285361569889
0.0271664806061
0.0275475467501
0.0278602581192
0.0254795311883
0.0281829283577
0.028864522145
0.0298316699517
0.0315706677026
0.028032703682
0.0251004112827
0.0299383029486
0.0323969787509
0.0293740494251
0.0312509625433
0.0315657371952
0.0334969700699
0.0287115748492
0.0293938921404
0.0320225193316
0.0333625475055
0.0286136137322
0.02569902455
0.0227844353678
0.0297219696966
0.0289683974454
0.032188405529
0.0308661129809
0.0308632194898
0.0242332781532
0.024327237584
0.0233182771788
0.0270678732319
0.025639675894
0.0264843303981
0.0273289849022
0.0331227782905
0.030984808747
0.0295646446294
0.0264645944672
0.0277406555262
0.0266499072773
0.0238815238691
0.0243807897499
0.0226228149191
0.0220721221633
0.0136474087809
0.0187283175408
0.0156991532318
0.0170919647074
0.0120179323016
0.0114297843058
0.0103607213925
0.00734913802027
0.00592726123972
0.00345649724232
0.00152924755273
-2.0969225658e-05
-0.00262067584151
-0.0014890512774
-0.000887117551623
-0.000423696639057
0.000283824513472
-0.00177041609581
-0.00334820100057
-0.00363594013368
-0.00629324272942
-0.00723413074783
-0.00391112249196
-0.0104180611738
-0.0165231867467
-0.0101468380772
-0.00810654694446
-0.00827281023225
-0.00768011869693
-0.0095821256784
-0.00666586958262
-0.00127811086737
-0.000983030635321
0.000131777165373
0.000564995686032
0.00387604154152
-0.0011907209164
0.00123160075703
0.00121415634577
0.00127904301483
-0.00116654040887
-0.00163067799813
-0.000781404811359
0.00111409669098
0.00320850219729
0.00253744072111
0.00542260843358
0.00648131697574
0.00271070064664
0.00973013510218
0.00961203487205
0.0130965651751
0.0137727560239
0.0154321305183
0.0170915050126
0.0165565846174
0.0174480913275
0.0174440562786
0.01741514861
0.0183793749673
0.0201736716685
0.0219679683696
0.0264086564256
0.0262849725614
0.0246174164838
0.0244722969079
0.0280282982055
0.0264223567392
0.0227923609294
0.0232114328142
0.0256848822473
0.0234704008589
0.0261719351103
0.0269550652171
0.0254116100989
0.0268135301114
0.0255976442443
0.0233981158387
0.0241566418101
0.0241731541795
0.0280056784605
0.0286108130179
0.0263675551365
0.0251406772439
0.0263176589072
0.0274946405706
0.0258450248357
0.0280573942844
0.0278170907326
0.027069640404
0.0295201354571
0.0261188651886
0.0256078380213
0.0269654826425
0.0235940720233
0.0241830486278
0.0195924975638
0.0306127374297
0.0245018656306
0.0278701125251
0.0278306791473
0.0226941077811
0.0228937106249
0.0261082511435
0.0256890298143
0.0287776385434
0.0255536294629
0.0276981761942
0.0310461366185
0.0353079906799
0.0298582685548
0.0305114883115
0.0306410409843
0.0299037517575
0.0304443407764
0.032648065882
0.0348515196581
0.0372545732777
0.0338444681234
0.0409743168397
0.0358528367118
0.0456801995844
0.0454095255853
0.044097499835
0.04910682711
0.0492708594439
0.0507551648816
0.0463745435515
0.0474486464028
0.0465556535577
0.0481077172061
0.0432625301766
0.0484678981754
0.0556092620209
0.0579041365875
0.0576226717065
0.060157552288
0.0587086392222
0.0628328808955
0.063148211486
0.0607312922968
0.0569143693083
0.0536003981522
0.0543640409696
0.0571163144487
0.0598685879278
0.0660813079302
0.0666119047454
0.0675420920943
0.0707663015665
0.0722232408187
0.0736801800709
0.0754201015712
0.0771600230714
0.0788999445717
0.0806398660719
0.0742402843547
0.0757258651074
0.0772114458601
0.0786970266127
0.0801826073654
0.0816681881181
0.0797233840974
0.0791634851799
0.0824568143104
0.0777613889638
0.0729451620664
0.0716375005715
0.071566815732
0.0714961308925
0.0714254460531
0.0713547612136
0.0712840763741
0.0655625366235
0.0652777043592
0.0577713775626
0.0538130156634
0.0494884596543
0.0405363688853
0.0396813399276
0.0384203533208
0.0371593667139
0.0440240595573
0.0304702324941
0.0273841362237
0.019570554725
0.0174679225185
0.015365290312
0.0132626581055
0.011160025899
0.00905739369253
0.00695476148604
0.00740072129066
0.00784668109528
0.00900446302343
0.00809749041564
0.00848228294241
0.0127994060671
0.0144100626694
0.019836785226
0.0140259612065
0.012507416896
0.0103370213663
0.0120153827945
0.0103967258377
0.00877806888095
0.0128083894107
0.0113772390083
0.0195785559598
0.0186969430324
0.0161993748042
0.0197040476697
0.0260540651417
0.0290433686815
0.038360653964
0.0391880836414
0.0400155133188
0.0387198706848
0.0382279770887
0.0388610023277
0.0367691624154
0.0389567640618
0.0411443657083
0.0433319673547
0.0495709290109
0.0566951696624
0.0618976539149
0.0705163969238
0.0662326223564
0.0758301238973
0.0769124329639
0.0779947420305
0.0768015006234
0.078391848643
0.0769754981319
0.0707219846134
0.0757614029132
0.0768587580686
0.0739554451614
0.0733738463053
0.0704958758704
0.0687146865824
0.0716485211662
0.0684071421561
0.0697082904699
0.073974776246
0.0752683301977
0.0748668359197
0.071173588382
0.0707252698205
0.0732883723045
0.0744268279112
0.0752670242117
0.0744355739988
0.0736041237858
0.0727726735729
0.0711988438968
0.0696250142206
0.0680511845445
0.0664773548683
0.0649035251922
0.0594818283427
0.0543515311783
0.0549027147319
0.0554538982854
0.0559687525551
0.0554223062203
0.0603719283988
0.0541092493169
0.0553105419817
0.0586554201295
0.0577842336253
0.0558863492831
0.0540358037685
0.0474183441434
0.0428905084927
0.0426919042862
0.0424933000798
0.0431965089072
0.0444857171965
0.0422278716153
0.0330961182278
0.0330952254665
0.0316311243667
0.0276023323236
0.0347491544568
0.0226422793551
0.02637068935
0.0284085966511
0.028200107582
0.0283884617699
0.0265842795468
0.0278186144887
0.0292430679502
0.02688147561
0.0246643031208
0.0276266417678
0.0327611761609
0.0291281624634
0.0303072698835
0.0229641227985
0.0358038787628
0.0426756131814
0.0406431792677
0.0409419894175
0.0412407995674
0.0423115380852
0.0387698000745
0.0338774918961
0.0353935648981
0.0343603697703
0.0346468677052
0.0279458909071
0.0340143644594
0.0303022521975
0.0297393178343
0.0324873198044
0.031027953417
0.0296216891221
0.0302000173543
0.0312565381019
0.0286573567694
0.0292570040637
0.028615310984
0.0284749053296
0.025840485893
0.0245615862017
0.0236157896925
0.0257847357597
0.0230266418142
0.0224519084946
0.0215321581176
0.0206124077405
0.0199261064771
0.0193749859219
0.0186099277789
0.0142187501475
0.0203343329306
0.0200856325086
0.021186332301
0.0208237630048
0.0211213475147
0.0205582293016
0.0223190637158
0.0191653484546
0.0215218271943
0.0191876595187
0.0198873479762
0.0190376352624
0.0195014183542
0.0201306274399
0.0158689894887
0.0170525502877
0.0155645260876
0.011346726616
0.00905605888973
0.00948142059656
0.00420666449694
0.00954638468865
0.00339426104926
0.00225376581707
0.00111327058488
0.00247192643351
0.0022248030008
4.88242463197e-05
-0.00224399247822
-0.00432741223269
-0.00260829525268
-0.00314547906606
-0.00383694278268
-0.0064903649034
-0.00455267043845
-0.00559032299418
-0.0066279755499
-0.00789493177634
-0.00916188800278
-0.011183772449
-0.0116214883912
-0.00631306033037
-0.0120158735766
-0.0145048211902
-0.011324395434
-0.00928862104958
-0.00725284666516
-0.00521707228074
-0.00318129789632
-0.0011455235119
0.000890250872521
-0.00157823445728
-0.00323040175295
-0.00463641800221
-0.00665501619081
-0.00487565442872
-0.00642776977919
-0.00576962650207
-0.00609975299324
-0.00468315178351
-0.00391393185477
-0.00151158909578
-0.00352548096638
-0.0016817828294
-0.000476094630793
-0.00163750992311
0.0021516220926
0.00104958213606
-0.000135684442789
-0.00224465457594
-0.0013742086405
-0.00803537561797
0.0023404873328
0.00142461760547
0.00138817528765
0.00388502369657
0.00532850543875
0.00579028728152
0.00358475624908
0.0051961304331
0.0091469583806
0.00588147239272
0.00788526569561
0.00281173225307
0.007224820456
0.00824506163748
0.0111854356635
0.0116906008916
0.0173325244122
0.0221258605331
0.02028529774
0.0183964465053
0.0176846819159
0.0189148817101
0.0159922158037
0.0133555262073
0.0124922494371
0.0116886689907
0.01230829682
0.00929009326321
0.00838673092441
0.00670271098829
0.0069622244317
0.0105180956625
0.0105286888875
0.00600791391698
0.00362427374532
0.000546960261293
0.0068585621767
0.00215006586239
0.000674817908545
-0.00202883171014
-0.0037080648484
-0.00457896362697
-0.00512797071641
-0.00578893661072
-0.0102460574964
-0.00982002313513
-0.0116156125561
-0.0125587449072
-0.0135018772583
-0.0110793133737
-0.012393085806
-0.0148773170615
-0.0145273725208
-0.0148768353181
-0.0170449737843
-0.0155474092264
-0.016642548257
-0.0163978069969
-0.0195875785234
-0.0187029396779
-0.0178183008325
-0.019698788499
-0.0135242720678
-0.0174067517392
-0.0153845933352
-0.0161562231406
-0.0142181089867
-0.0110093293439
-0.0127475452292
-0.0150229592648
-0.0116442192911
-0.0209455893534
-0.00779283364449
-0.0105023441948
-0.0106001235867
-0.0108347888714
-0.0084103785586
-0.00670718814443
-0.00403319426193
-0.00566184280685
-0.00352162256121
0.000217438598482
0.00107228590249
-0.00609273812143
-0.00202865757501
0.0026657625195
0.00290979472565
0.00611667843728
0.00487883218568
0.0081457662403
0.00912488137347
0.0095654282371
0.0096216845138
0.00687813835023
0.0077158783098
0.00947448376365
0.0112330892175
0.00720331036986
0.00771383899457
0.0083204678552
0.00873491940679
0.0118543918118
0.00955524650567
0.00901194287746
0.0113064734914
0.0105774609824
0.0111398297608
0.004404726305
0.010534996623
0.0106051177175
0.0132028606117
0.0124477716516
0.00891984475691
0.0085572181013
0.0085392741046
0.00939784695666
0.00895818143737
0.0105506105259
0.00634001524597
0.00708961740888
0.00941002494062
0.00699444960233
0.00477437127094
0.000537568260288
0.00399872299166
0.00299429375984
-2.39894196282e-05
0.000886564825764
-0.00274216854775
-0.00276127960434
-0.00691821130412
-0.0145048325562
-0.00766987661639
-0.00673403566785
-0.0122209227962
-0.0110446359078
-0.010125901598
-0.0103582454507
-0.0109327300263
-0.014570358038
-0.0111841636874
-0.0138847929538
-0.0115829747983
-0.0114978883818
-0.0109539506772
-0.0082058520224
-0.00762036442178
-0.00129460968638
0.00475762247515
0.00553739422905
0.00631716598295
0.00709693773685
0.00835284645821
0.00959785518141
0.0108428639046
0.0120878726278
0.0157332291035
0.0117271918084
0.01069123114
-0.000125945548866
0.00174632052865
0.00361858660617
0.00541900341357
0.00391103254714
0.00348071598685
0.00302997784457
0.00503598697355
0.00236603379085
0.00867601488025
0.00847234937064
0.00966597255601
0.0101172452
0.0112493533058
0.00740014811406
