-0.0225342648412
-0.0211365717152
0.00675263198606
-0.00360305569677
0.0115631077868
0.0165068457843
0.0185927933465
0.0256560439954
0.0271082489814
0.0201881312149
0.0290937145256
0.0156289938058
0.017250838948
0.000591821690374
-0.00270430942241
-0.00113470081554
0.0105019195878
0.0196309606088
-0.00117960562043
-0.00338935206085
0.0140163699004
0.0126185853167
0.0243061124762
0.00916801520529
-0.00566483804573
6.01152395041e-05
-0.000909164096108
0.00750026328843
0.0187458018208
0.022413716275
0.0268662984597
0.0210734843223
0.0263454449169
0.0484383574731
0.0585882932655
0.0732565297089
0.0620292004433
0.0533504113174
0.0389533043309
0.0304639122767
0.0147170028655
0.0122626559987
0.00895951268842
-0.0183351075497
-0.0261566526291
-0.0355073982728
-0.0449763353877
-0.0580590133712
-0.0780670789846
-0.0771552200743
-0.103419813288
-0.118209300636
-0.137796935674
-0.138563178949
-0.13222344087
-0.135058042936
-0.122057861506
-0.112127063499
-0.105379123355
-0.0914334340626
-0.0686275302005
-0.0725414594954
-0.0924665982595
-0.0858738876505
-0.0720194597994
-0.0788493568179
-0.0944556348739
-0.124354406434
-0.140475951306
-0.175997536829
-0.202975558309
-0.23189074882
-0.267294713142
-0.29773854457
-0.307485390688
-0.302948878013
-0.302263065847
-0.298995814037
-0.304737982996
-0.312053505624
-0.323091638651
-0.322730240811
-0.316816738598
-0.302161009558
-0.290549207628
-0.280843185492
-0.27281297094
-0.253957621187
-0.234241261654
-0.220472218951
-0.214597152432
-0.186912891326
-0.191548814663
0.0
-0.145150392016
-0.107635758032
-0.0898697123837
-0.109429519181
-0.105691381576
-0.12496248928
-0.131356049326
-0.139045980812
-0.139954320074
-0.168885886252
-0.184709809168
-0.144937524191
-0.179211744074
-0.176178877125
-0.179815401543
-0.181687076526
-0.195144928743
-0.195194702477
-0.219379057787
-0.24224526419
-0.232390021169
-0.236999203355
-0.233978369842
-0.206311539211
-0.200380588457
-0.190371942274
-0.183576487827
-0.171980798269
-0.157417194856
-0.1648139898
-0.156803202872
-0.12770571693
-0.123372899344
-0.125199630133
-0.128788759879
-0.130345313541
-0.13700230206
-0.144945369276
-0.138726075127
-0.133802566892
-0.119220568857
-0.110396769261
-0.0905979523778
-0.0465127584264
-0.0351007528622
-0.0194541892469
0.00247384123269
0.0267780127053
0.0721705357792
0.0888426601071
0.0824660919364
0.0782126320865
0.0961250058455
0.117622827758
0.146318748429
0.110978028799
0.0924381650737
0.0953771416787
0.10719309542
0.1141942378
0.118386354454
0.135515840514
0.180623116508
0.180224965373
0.188352580938
0.193857099058
0.185742616296
0.19260647416
0.197438470108
0.181871117004
0.1874564873
0.191052951757
0.19469569565
0.198861477371
0.21667037371
0.241034513332
0.270391089431
0.2787252077
0.316687121973
0.340380621054
0.37990035425
0.445009807728
0.526547007094
0.576673908327
0.619753563401
0.646462113414
0.694564447561
0.723970676714
0.757614204443
0.774450146416
0.799878344045
0.824577372195
0.857037740748
0.851108149823
0.849495739049
0.0
0.842393651071
0.831371460543
0.809055181973
0.8129796458
0.807721036418
0.811816668505
0.82825185409
0.835167856011
0.836621504957
0.844497737555
0.886682270873
0.925782835887
0.951367049489
0.988293969997
0.998413078267
0.963576799842
0.951887864496
0.957067974212
0.96158626839
0.930309981079
0.915683073039
0.926073699469
0.94878785365
0.959414444816
0.972479065804
0.956568506709
0.930929985924
0.926646719585
0.908672410379
0.902103275988
0.887006139947
0.893676461843
0.891790814763
0.879506525187
0.884791263286
0.890278944308
0.885627318595
0.871248190969
0.86995363515
0.868589756626
0.860580444365
0.872013172622
0.837001162859
0.795501347927
0.774339796796
0.741931276715
0.710279948666
0.671962427272
0.630225109768
0.592260300581
0.556976960046
0.534301905451
0.492934778607
0.474258917855
0.457780046025
0.444740113012
0.420825363215
0.407395086604
0.39916327896
0.391112529812
0.392851279131
0.437668295574
0.468874366926
0.50608246392
0.534250424072
0.558999135934
0.572685787371
0.584305271791
0.593208878076
0.597932100891
0.60328887547
0.634173457823
0.637081028374
0.637058654865
0.620118832004
0.582612836435
0.568446638343
0.546579039431
0.514584446273
0.493684928062
0.46366942577
0.421864564809
0.393742004402
0.378056380457
0.347884244313
0.337638857566
0.336899743227
0.339942443323
0.337667434058
0.331917934478
0.339217396616
0.321247688805
0.306808360148
0.284742543616
0.26744359658
0.0
0.229992960036
0.219673245808
0.199117274048
0.175456775944
0.120110945783
0.0998000504488
0.0765070211513
0.0729778624041
0.0400712426439
0.0185002736322
0.0201559490467
0.0273018362771
0.0275518788585
0.0169804141942
0.0353994081835
0.0514951874456
0.0523054103095
0.0703405693054
0.0914441155226
0.12004795712
0.136741685213
0.167846114686
0.186387974833
0.197383612365
0.220118767456
0.231862182361
0.236664089273
0.228882898634
0.222079918016
0.20297265025
0.19202220078
0.149569445005
0.102515064495
0.0558613595247
0.023116145647
0.00244749393163
-0.0448280009731
-0.0820739055731
-0.120443129489
-0.14118772113
-0.151810152025
-0.164959195164
-0.171436778005
-0.160062309339
-0.155472817136
-0.164770563347
-0.151244663338
-0.16048994628
-0.16205379235
-0.163957612472
-0.164484492659
-0.161895675005
-0.161999559327
-0.157734758993
-0.140862042618
-0.133049007895
-0.0954217931592
-0.0774179349446
-0.044707545593
-0.0100373712999
0.0178705727326
0.0367079078478
0.0558335959559
0.0872688518045
0.0981690250574
0.0806595518339
0.0861513142629
0.0882423738358
0.106393472936
0.131206693728
0.189827896372
0.25813656644
0.245213453272
0.245153155078
0.254467642977
0.280995297941
0.311226068684
0.340703926212
0.346420332288
0.37727962301
0.447794656981
0.470592865024
0.515590499069
0.53704706512
0.567843678959
0.651870535421
0.724041096336
0.0
0.0
0.0
0.0
0.0
0.0
0.0
0.0
0.0
0.0
0.0
0.732753231787
0.648460940426
0.593983940843
0.601029010671
0.558653495672
0.53370837082
0.527376212703
0.491660975279
0.454678012063
0.432459583995
0.417258369535
0.429076570409
0.433655608535
0.455252381475
0.473963729493
0.450995528977
0.472261510946
0.519895793252
0.580036821552
0.624857462688
0.62945563827
0.659547233489
0.648080858168
0.0
0.771922058596
0.0
0.0
0.0
0.797912946185
0.0
0.779158253281
0.0
0.622161749933
0.516407647945
0.413984231505
0.343380373472
0.312424424328
0.256509809048
0.214845326839
0.174746478192
0.168521545699
0.157659123269
0.167219173723
0.147359085747
0.136893418128
0.118397098705
0.140094892587
0.0
0.0
0.159472107641
0.112115317882
0.0820660165353
0.0449685842201
0.0216718611622
0.00643814076105
0.00441879803883
0.0125096253885
0.030217334553
0.0446614958393
0.0691290430604
0.0933904998483
0.117003261619
0.119580297776
0.0952774726773
0.053538052609
0.0394152602742
0.0328377142122
0.0423914475345
0.0365566002226
0.0360186866803
0.0526227694875
0.0584601236672
0.0612978151618
0.0654155580314
0.0531086554809
0.0369574144948
0.024379189353
0.0130461978812
0.00275597143747
0.00487788208157
0.00337029444878
0.00267848545928
0.0109670159794
0.0270937319134
0.060934179421
0.0906399637743
0.102338935676
0.120232346241
0.126214734144
0.151614933212
0.173780888149
0.18780014903
0.206363121935
0.0
0.241933823503
0.258523660709
0.295302429569
0.310693169646
0.333888212157
0.326697640646
0.370994534145
0.350693045691
0.366863755617
0.334345304352
0.311856317961
0.296773413193
0.258331366879
0.263334440013
0.270813113673
0.222598726011
0.226077885194
0.172576727667
0.155328759854
0.113304951486
0.0907067444525
0.0709024908051
0.0582551293154
0.038392329207
0.00760134710675
-0.0020980353325
-0.0251576253889
-0.0396213723174
-0.0470532205993
-0.0577679371705
-0.0699662709185
-0.0800667783387
-0.0830840678489
-0.073359094571
-0.0684397731334
-0.0652650046719
-0.0534755716854
-0.0622299356563
-0.0469204638918
-0.0293837054144
0.00244902015224
-0.0132994280218
-0.0036754426946
-0.00743464803608
-0.000126112155967
0.0153318942391
0.0118768368506
0.0182196840184
0.00538702209516
0.00194192444835
0.0048831747448
-0.00273647574407
-0.0215236254468
-0.0281517874236
-0.0216913137761
-0.0251956158535
-0.018062479883
0.00437523337505
0.0187756311204
0.0344993232409
0.0555620110395
0.0794293347558
0.103861756997
0.116229271254
0.131973199169
0.141826816875
0.162385314648
0.171571908861
0.193807009713
0.213341909329
0.198069647898
0.186157682121
0.199043808878
0.209513627063
0.220709868706
0.227684564685
0.248657234525
0.255178772777
0.286252666158
0.311748181247
0.35335182926
0.372338548466
0.398469841575
0.397105572914
0.413585706849
0.433088685647
0.438664605856
0.460282811473
0.474111071498
0.495227251601
0.49541991541
0.49452087873
0.49890704262
0.506311593136
0.498055128513
0.0
0.515851425688
0.523669487419
0.523910804041
0.532470092625
0.516474815862
0.496100205487
0.521366215543
0.536599832814
0.560545497212
0.556569169439
0.544940510641
0.562579444179
0.562022052481
0.532216053224
0.533095585743
0.49179944232
0.455130811183
0.446912347022
0.454781980343
0.443097659886
0.403850251179
0.376990277982
0.362329309114
0.333491840028
0.299992919294
0.0
0.0
0.0
0.29210793866
0.286479319454
0.286757381638
0.289752674886
0.288998145373
0.283729852786
0.305488069457
0.319910727489
0.305784841739
0.312241408767
0.29429452464
0.298677883157
0.301142334724
0.311241966511
0.323124653718
0.348477161845
0.363907164364
0.352313557143
0.354939674302
0.400826555828
0.419917985777
0.450673661772
0.466484316509
0.453220293873
0.454493753402
0.4547269676
0.451427888072
0.438429384265
0.467096064052
0.509304112717
0.546642426767
0.598501771633
0.613394004085
0.644608312508
0.667556857112
0.652984569677
0.651941051456
0.623090752003
0.608421905831
0.59918074223
0.609452996588
0.612816930082
0.654741644512
0.716687177136
0.773892837552
0.0
0.809229943332
0.814514682453
0.810361749943
0.822530031396
0.815828884945
0.834560533312
0.831839621459
0.845102359399
0.864060578643
0.825421416316
0.764962070128
0.706692198747
0.702792395335
0.702928186049
0.705453946307
0.689472936116
0.706413692672
0.714269673187
0.72335987069
0.0
0.0
0.0
0.67841371772
0.645166535387
0.615884408606
0.58465770747
0.561795003285
0.546971798658
0.530379994382
0.538674454969
0.526482991193
0.498054513831
0.478075253467
0.468755099107
0.453744014607
0.421710081727
0.383835737472
0.357631947847
0.332024575562
0.326591827362
0.316093069159
0.347410505674
0.294093797842
0.316372146828
0.337450358265
0.297602031846
0.25920227909
0.245696170186
0.215981537145
0.187353587395
0.166305866014
0.135070350972
0.132202142061
0.122908324002
0.115800526536
0.115959926305
0.107694881056
0.0927074452609
0.125627134828
0.133533089109
0.144527961948
0.154425311688
0.171284560157
0.187777049997
0.203511197012
0.23009639022
0.252628038594
0.269474124487
0.275673534707
0.288040391852
0.278668966569
0.299872690927
0.284144938031
0.282758729201
0.290976216249
0.297213570068
0.292517224817
0.280368384206
0.280647746329
0.279893964735
0.278673681519
0.278202138218
0.284144514953
0.276747180638
0.281531233161
0.282746285493
0.282472335243
0.272973690468
0.265202004155
0.271738971534
0.271294280578
0.280135359345
0.268066800402
0.265726253095
0.267037784446
0.262647322575
0.265317805683
0.266082256329
0.264662704096
0.243219676003
0.221633904743
0.208474789903
0.183805741549
0.15761225657
0.135734713151
0.129332445273
0.116996640734
0.111948766931
0.105986634739
0.0899097241075
0.0779080842901
0.0691725553634
0.0627287555811
0.0327317581286
0.0218704459855
0.00425249018178
-0.0295921452039
0.0
-0.0580935849094
-0.094460853012
-0.0986244488477
-0.109152499337
-0.122733104156
-0.104030377328
-0.0993221946766
-0.0859631454204
-0.0823849356064
-0.0957862307171
-0.099069085209
-0.0724293321238
-0.0762753337157
-0.0701973096623
-0.075147644404
-0.0836156349861
-0.0910695820649
-0.0910301402592
-0.0728350835153
-0.0719708323321
-0.0548640571874
-0.0476737964511
-0.0431351740382
-0.0302977572329
-0.0327137825298
-0.0326104731842
-0.0423306831769
-0.0358598396813
-0.0422509381498
-0.0427580692691
-0.0544669333827
-0.0595851682705
-0.0631243878706
-0.0774777729006
-0.0864456998383
-0.0913316068595
-0.100972171135
-0.103108958365
-0.109576758106
-0.0978445410368
-0.0922899112263
-0.0745449031572
-0.072369965799
-0.0809498592654
-0.085583525105
-0.0847630557064
-0.0552292090497
-0.0768532411604
-0.0808417904786
-0.100312423474
-0.112842832592
-0.131813886974
-0.117797412653
-0.130528882051
-0.124626722945
-0.105243213311
-0.103923722182
-0.0940043144984
-0.0793908564926
-0.0496407724555
-0.0294543662225
-0.00790404313311
0.0242596670016
0.0590139902701
0.0810238708803
0.106322856131
0.141879624619
0.158670553639
0.180366891095
0.211569142467
0.0
0.0
0.213941990409
0.17947833567
0.174787269862
0.160706743834
0.222949096169
0.133038195109
0.0
0.119829662644
0.136426621111
0.150585911473
0.1554366254
0.164691145133
0.183125672847
0.199522920589
0.223146378855
0.248217595505
0.250854634541
0.244582655969
0.243023693932
0.234306532518
0.22745810145
0.226116725438
0.224227971285
0.0
0.192824401756
0.19111661612
0.197374246633
0.197420693826
0.174572292835
0.173556123555
0.173247179326
0.178920740842
0.193332370767
0.201558213561
0.204443394301
0.218187479467
0.227394919464
0.239161854217
0.251217409493
0.258033826345
0.270564441666
0.249340193578
0.256366227907
0.265257835248
0.261968108405
0.244470540601
0.230333696262
0.243184732081
0.245759726455
0.259140918135
0.269637842885
0.286659897015
0.296146343208
0.316677633388
0.313272629209
0.319982987734
0.317467118213
0.315967530031
0.314209873783
0.308906628914
0.300581283514
0.280283878089
0.268925351802
0.250144307564
0.239420138317
0.220044708177
0.211708283125
0.23309086268
0.217659697186
0.217602770073
0.220163731726
0.2267483845
0.226498464184
0.237748623547
0.242772462535
0.254301145068
0.269740578081
0.311972801549
0.269775195499
0.260030275347
0.265993510244
0.256338347259
0.245079298633
0.245860981952
0.231033364005
0.220292445224
0.205842326244
0.197677230941
0.199641485492
0.202611158837
0.203162412384
0.207273928845
0.186674132649
0.183826287989
0.181499320233
0.177570172974
0.170433047417
0.171767269313
0.159964357812
0.155584590745
0.153560054424
0.136066160787
0.118944659704
0.114488209916
0.126109617253
0.105185710127
0.101954420924
0.0953544007347
0.106354611845
0.0895247440306
0.0872453462669
0.0907377649871
0.0904127591042
0.0975382729675
0.10620049298
0.123638426641
0.100432124311
0.100607493667
0.0969026148813
0.0
0.0804011426802
0.0823880342806
0.0841881604927
0.111701717733
0.0759436193956
0.0735946577188
0.0837406396959
0.0656054070701
0.0363904906296
0.0309564966002
0.0207994364551
-0.00829083389394
-0.0398959683147
-0.0665110669077
-0.0827027613656
-0.107542030295
-0.129829867609
-0.1336472224
-0.146173479878
-0.147810137797
-0.143470144894
-0.128698751739
-0.108045003536
-0.0805088718809
-0.0770146407068
-0.0630841455417
-0.028142592659
-0.00905846445989
0.00760641495389
0.0218991011976
0.0285588817799
0.0363299164526
0.0363271027378
0.058709355248
0.0686150081073
0.0583222965818
0.0289763328795
0.0279249614671
0.0218554244569
0.021842007109
0.0137869540003
-6.0115239504e-05
0.0028363566318
-0.0212841368122
-0.0412012002065
-0.0519036218174
-0.0748752474528
-0.110079716382
-0.117512003919
-0.11708549973
-0.127204944521
-0.153058996165
-0.16711888404
-0.176383257966
-0.188495827251
-0.177143583115
-0.205363090976
-0.193359339091
-0.199421105322
-0.203990511739
-0.210504936504
-0.211995458355
-0.22135154438
-0.226501542337
-0.232693898989
-0.238546328763
-0.228649124149
-0.232976332682
-0.220191971965
-0.212830625798
-0.196347758643
-0.175262920371
-0.172910352956
-0.177012056203
-0.164330543615
-0.189497627029
-0.185405560507
-0.191466856894
-0.184625651728
-0.185873687112
-0.176091817135
-0.162883796266
-0.156460776192
-0.166446785803
-0.167002527356
-0.186759087887
-0.201955860326
-0.208888433908
-0.215470133484
-0.213185362871
-0.213828226348
-0.217801498373
-0.223450058425
-0.23067583696
-0.245358815709
0.0
-0.252914280352
-0.255760901777
-0.265294876351
-0.277090650544
-0.289323801317
-0.291238736448
-0.286341383128
-0.301595266585
-0.295158305921
-0.293713502676
-0.285822678816
-0.283569939961
-0.283528393418
-0.271245159707
-0.263767416491
-0.258414658936
-0.223820879131
-0.175427023641
-0.126191615406
-0.118953880686
-0.0988419736893
-0.0974837989851
-0.105982744185
-0.0952232000727
-0.0857764168017
-0.062692626303
-0.0271723208125
-0.00292449815529
0.0225058415183
0.037180071813
0.0925886660593
0.1287087203
0.154920619969
0.15783755714
0.192170614971
0.229522925496
0.239524335668
0.244006188478
0.226030311694
0.186493177954
0.156647497188
0.152954091235
0.132797063375
0.118838811483
0.155547413732
0.167199543324
0.194794983253
0.212567727098
0.228013195054
0.198947746767
0.184924536085
0.177733179735
0.140515813229
0.0820560263204
0.0468378547531
0.065214002535
0.0593182631193
0.0473607239666
0.0381016596672
0.0321454815881
0.0383799563108
0.0450648518221
0.0732664688053
0.111381434992
0.176215153069
0.194550588905
0.196328327462
0.177265857765
0.153196446792
0.110762059149
0.089670301406
0.0579765585304
0.0394237205765
0.0380036726001
0.0358670079035
0.0449370330191
0.0468130322456
0.0610332505593
0.0910239604822
0.103669005613
0.109431162013
0.125099065042
0.0994239650836
0.100457924537
0.0798760149318
0.05347844213
0.0347618325543
0.0401960847063
0.0607966734035
0.0460920482448
0.0610141086734
0.0
0.0659296280118
0.0725432127197
0.0752936725633
0.0
0.080694514817
0.0584314839024
-0.00697263882895
-0.0200942811382
-0.0256780102431
0.00830585800357
-0.0531784175875
-0.0563936860195
-0.0596224701867
-0.087074893931
-0.0865819531815
-0.0865689106297
-0.0941128188412
-0.0967777980684
-0.0867516298148
-0.0859711627676
-0.0887410317523
-0.090474043844
-0.0735580574232
-0.07031345229
-0.0586917328323
-0.0568928588881
-0.0518504752049
-0.0525668314917
-0.0448337432182
-0.0260068360318
0.00509116248996
0.0665060403165
0.0879166412442
0.108914523104
0.125367819859
0.116083472122
0.107091039338
0.10389528795
0.100465785265
0.114718899929
0.122442121765
0.113167990832
0.1214044703
0.0998210261267
0.0762417230727
0.0636370118343
0.0562420458073
0.0689053349145
0.0906758053581
0.114760678171
0.14925284496
0.183227175063
0.216098714538
0.258859007434
0.306247490458
0.322924585018
0.330967469733
0.346119206724
0.35889890714
0.348927917008
0.342478386085
0.328139825771
0.307262093934
0.290661390802
0.271770642773
0.260981931271
0.265153562449
0.256851713903
0.247164606828
0.23472745694
0.25001181053
0.237565475836
0.221244784614
0.217260270114
0.213881550036
0.224504976692
0.204038667097
0.193711192783
0.207854081437
0.156625669685
0.128687277269
0.105110857181
0.0958916990362
0.0930221674634
0.100789625685
0.122277123551
0.136387272506
0.159553423602
0.194592334194
0.212158799173
0.239028320455
0.245004288429
0.258987245222
0.253306458149
0.243452483866
0.235097196002
0.225881321441
0.191443120705
0.161831333979
0.0
0.109762295052
0.124979007909
0.118535882817
0.0993632616135
0.0889712739841
0.0880829454536
0.107206866961
0.081521140206
0.0937530540083
0.100256711181
0.0741038434744
0.0666806279827
0.0815899914221
0.0959345644071
0.126165901994
0.098129534302
0.0928771414242
0.0804241515084
0.0795465399305
0.0699112602422
0.075210819031
0.072807041541
0.0690838689009
0.0758407796786
0.0531119990554
0.0298155881506
0.0224583173866
0.00267535094733
0.00624617500424
-0.00736422978174
-0.0254812927285
-0.0295361831709
-0.0160663046839
-0.0139678591
0.0175268065777
0.04617746855
0.072458365616
0.0895421079209
0.12249750992
0.144550899358
0.175989611204
0.198171638831
0.223420430062
0.234486940846
0.232302428841
0.229577725799
0.213513064009
0.191046837579
0.160989510833
0.135243154454
0.115774327861
0.0787477924485
0.0259415695532
-0.00624923965118
-0.0267983596857
-0.0345205161558
-0.0385308333191
-0.0300121533533
-0.0784923309431
-0.0858022393035
-0.106789483142
-0.118662045165
-0.124354254158
-0.136895919284
-0.0842684300869
-0.151967920057
-0.147473736456
-0.131431156105
-0.129839540694
-0.108043512153
-0.108151623023
-0.114428471876
-0.119396694505
-0.122611193591
-0.131527980998
-0.136819835705
-0.146615150012
-0.159508297287
-0.176301224618
-0.18649283197
-0.178546956297
-0.185570223959
-0.177673702972
-0.175687266933
-0.178079215018
-0.172436710422
-0.153542955147
-0.146951081881
-0.142533918064
-0.139618013538
-0.147894259406
-0.135143800099
-0.168757644173
-0.184173380548
-0.200493561726
0.0
-0.220747422267
-0.216750975011
-0.219289286994
-0.228051925197
-0.250879687402
-0.28459933338
-0.293852370948
-0.316445778096
-0.312662615129
-0.332000598418
-0.323993697177
-0.321005683887
-0.315606647467
-0.335021149825
-0.356786698573
-0.379129411525
-0.396738654707
-0.402849739793
-0.406897823421
-0.424961911951
-0.428723463419
-0.429967220854
-0.433610857973
-0.446854751649
-0.440425540181
-0.434452248211
-0.422016571353
-0.412265524557
-0.406236807116
-0.381786086404
-0.359084907772
-0.350321945413
-0.343870239024
-0.311233873467
-0.270864369579
-0.264663330133
-0.248063777737
-0.234502914247
-0.248577313424
-0.25275266606
-0.221388096091
-0.206978054823
-0.200768596279
-0.23273447041
-0.25323543736
-0.275186335355
-0.290414751016
-0.305603557363
-0.300449166501
-0.29381786047
-0.276915945951
-0.236166829253
-0.242981903589
-0.24610534191
-0.233669129573
-0.205097582189
-0.163970589767
-0.129502823666
-0.0877407450459
-0.0446748531081
-0.017494877469
0.0236017232611
0.013096259318
0.0280621891602
0.0471037111996
0.0565193806761
0.0501778318896
0.0868327131843
0.100048775445
0.0
0.0837439670116
0.0449858808404
-0.00201803290108
-0.0223094289665
-0.041287211863
-0.0683167100282
-0.0430037538262
-0.0671718819357
-0.0891646014031
-0.144485767275
-0.143360027109
-0.171049149905
-0.178043422
-0.181894992141
-0.159168116943
-0.182408254499
-0.186737462788
-0.173334539513
-0.183499873075
-0.160255424854
-0.171100860241
-0.189976319744
-0.215095560885
-0.22247434861
-0.220129921975
0.0
-0.206585385136
-0.183451382296
-0.169887695519
-0.176538362355
-0.185175230911
-0.174116877236
-0.198933757049
-0.170833567463
-0.224034864643
-0.236653243046
-0.238478213535
-0.235483135933
-0.226999501299
-0.230004631344
-0.232615649193
-0.226394049106
-0.241649954503
-0.241079473444
-0.252568523551
-0.235149032284
-0.232404291735
-0.224427390259
-0.211718222719
0.0
-0.228569971703
-0.226670944839
-0.25202035261
-0.237044024019
-0.236637775352
-0.226660917157
-0.214694776223
-0.20073326499
-0.228000710209
-0.227092387256
-0.23020663914
-0.233617887828
-0.223388914994
-0.224913227723
-0.23916394105
-0.229143057086
-0.223547851598
-0.212061002042
-0.195575281922
-0.17128684193
-0.147389926667
-0.128813661667
-0.108615898935
-0.0935675932922
-0.0924225847807
-0.0771153820173
-0.0848874344367
-0.0773130355157
-0.099611168606
-0.117113113615
-0.135329922365
-0.154001431948
-0.104259710638
-0.185827675196
-0.2046710988
-0.222408666229
-0.235383546638
-0.238585221633
-0.237110997103
-0.235487965708
-0.230316402268
-0.241721576762
-0.231109691232
-0.241792068059
-0.219078231293
-0.237434292596
-0.223813477358
-0.227328712798
-0.224006506816
-0.223849296289
-0.235286306645
-0.241207882477
-0.263723702589
-0.263238220099
-0.301434908616
-0.310213317718
-0.31752972432
-0.344789736946
-0.352735104847
-0.360575416249
-0.365932135482
-0.374498898474
-0.374880501374
-0.388270977028
-0.393298761273
-0.406046825627
-0.404693949514
-0.39412489662
-0.369950405966
-0.360855243254
-0.35151753132
0.0
-0.343327916911
-0.340683009712
0.0
-0.367721494174
-0.366100683194
-0.376642576776
-0.372427320823
-0.378733887213
-0.369870711602
-0.378102143515
-0.36858382167
-0.361975602651
-0.349079236453
-0.341065453836
-0.327078719256
-0.312294310844
-0.30954475893
-0.284370765123
-0.268049577662
-0.244418317996
-0.197619411101
-0.142652476414
-0.105496434768
-0.0589565167814
0.0135161926374
0.0720524586365
0.130089520075
0.177382937147
0.196796715276
0.191415955191
0.178155795702
0.162644854785
0.15750226051
0.14554893442
0.142618004744
0.114168892996
0.0853130372818
0.0770024154609
0.0597345080404
0.0596841720423
0.0458014880798
0.0221262201728
0.0178678258569
0.0304166733853
0.0471522752385
0.0803921249468
0.0857470903863
0.120461566161
0.135975018239
0.142991361643
0.149386331327
0.141938310178
0.15309810137
0.143548604412
0.152966579831
0.149360349553
0.147754998389
0.149946320462
0.141841342157
0.125094781365
0.110066546829
0.0951508923919
0.0923134486142
0.0822152205426
0.0864410008908
0.0964351630542
0.0790302908421
0.085195282711
0.0676207556316
0.0829359132476
0.0672795733149
0.0854112901008
0.114095283607
0.114750544171
0.121683042697
0.0958168664263
0.0884061780244
0.0718156445219
0.062466813225
0.0541183968765
0.0651355676231
0.0722380666359
0.0862416689382
0.0823289301116
0.0692092007139
0.0658664240965
0.0466761473372
0.0390419822128
0.0164996874375
0.00970861386126
0.00395962656541
-0.00616197485498
-0.0226567891831
-0.0574060271773
-0.0749314735861
0.0
-0.13947990735
-0.160931866798
-0.191534557742
-0.207539882326
-0.24823154636
-0.264883567145
-0.294257762782
-0.298392547053
-0.323175370493
-0.337346681127
-0.349455674432
-0.364442920074
-0.373259245573
-0.395404253467
-0.396640583679
-0.398679488205
-0.394953549529
-0.413157358323
-0.389945548634
-0.422450411845
-0.427126348138
-0.427887673387
-0.412237269272
-0.418531755246
-0.413508332729
-0.408549014398
-0.400873058183
-0.392365404779
-0.384029558418
-0.384950553961
-0.379944935847
-0.366182677004
-0.358356345142
-0.346646364197
-0.341470463319
-0.338217394379
-0.338383513867
-0.333229108317
-0.346978450451
-0.329609920354
-0.317159498017
-0.311116117392
-0.305678523529
-0.299211195286
-0.274711458477
-0.273647857451
-0.265094080145
-0.251019761668
-0.251446432022
-0.242580656649
-0.235877799696
-0.236068961076
-0.230581067759
-0.221597019347
-0.229423925168
-0.215880944498
-0.204374685571
-0.191497942592
-0.187177945112
-0.190765526714
-0.178373779184
-0.183182149497
-0.185818424174
-0.194898557907
-0.208578745767
-0.221653543735
-0.220123316217
-0.232005532425
-0.215587242652
-0.199245282384
-0.207647296457
-0.186912296139
-0.164669745907
-0.164971515511
-0.16885323286
-0.159536581845
-0.146012863456
-0.107731304134
-0.150159967131
-0.159881151361
-0.155661499223
-0.139268117976
-0.139451116803
-0.10964273845
-0.106416772099
-0.0996938738002
-0.0802363960191
-0.0584967942066
-0.037611168985
-0.0283939360324
0.00403272378401
0.0431441062259
0.0693409651008
0.102876767442
0.15422812698
0.0
0.22433721579
0.249666217203
0.253260661349
0.290504577208
0.328493313942
0.363680948055
0.386240246561
0.399825051068
0.410405306721
0.407864707548
0.381871938357
0.36754107024
0.33926630675
0.296090200588
0.276513386609
0.203082326574
0.145884565812
0.105537867304
0.0542927136248
0.013831733841
-0.0297118549848
-0.0639467354139
-0.11111515486
-0.133113216371
-0.159569990982
-0.166976388744
-0.172082480111
-0.170995904228
-0.15997775979
-0.153647144871
-0.13949901881
-0.119388790653
-0.132188377586
-0.114011973585
-0.115182773787
-0.107252751839
-0.0773116594109
-0.0528327157386
-0.0301263988872
-0.0245457071246
-0.00289360892453
0.0166397036265
0.0402867892739
0.0305589673099
0.0279593080528
0.0825149476025
0.112063455658
0.110050281044
0.11892109237
0.093542316514
0.0931729794989
0.100215947477
0.121923612139
0.123228527727
0.144950396287
0.196471443213
0.247585076972
0.261108005342
0.311670570645
0.382330625488
0.0
0.0
0.0
0.349073243856
0.300370991227
0.260700026063
0.204071939364
0.165540263207
0.123495370147
0.0468092325808
0.0116312121362
-0.00675227365883
-0.00873276301222
0.00412058958147
0.0151198569211
0.0159000478974
0.0105254766133
0.0207786267591
0.0488725941435
0.0476578300845
0.0263594683111
0.0285890611206
0.0399660424253
0.0532250757647
0.0711834102545
0.0
0.181965035949
0.282274632123
0.414513786946
0.479180432448
0.553280748315
0.6166599163
0.0
0.0
0.653935138838
0.0
0.6075123471
0.605311692253
0.569763966325
0.535211130437
0.492296782066
0.447458597975
0.471875863517
0.468888249638
0.0
0.401788144685
0.351059530739
0.311590419871
0.278154523178
0.0
0.265217582421
0.29762239784
0.0
0.0
0.261001711268
0.168167341637
0.0867530399054
0.0386086794256
-0.0168606462635
-0.0476723530392
-0.081121020124
-0.11239359816
-0.122110608789
-0.128476540442
-0.0995004282396
-0.0734343749687
-0.0622099773888
-0.0583231005662
-0.0394315518755
-0.00895275238427
0.00710354033831
0.0131393102251
0.0569899584807
0.0804920442672
0.100011288646
0.105261568936
0.107436018216
0.137956049555
0.164571707662
0.185856397283
0.192733979973
0.187458994251
0.185764998358
0.199537606039
0.210070724638
0.222986941737
0.229307011946
0.215670978774
0.199157604892
0.188181789794
0.17523194782
0.15978842022
0.141958555885
0.12472460301
0.0928357772047
0.0921987861531
0.0528755666938
-0.00714706051639
-0.0440985788001
-0.0582566725787
-0.0926750724156
-0.104302410517
-0.114377365405
-0.116600598267
-0.137115902718
-0.154973073744
-0.166547212677
-0.184458001208
-0.210346463063
-0.224747951978
-0.240039949331
-0.259770152453
-0.27312574573
-0.28210084729
-0.275706488155
-0.28556371619
-0.289493861616
-0.274117798545
-0.278609100538
-0.256148119157
-0.27868640809
-0.274160910162
-0.269626658448
-0.25570520942
-0.228053256637
-0.181869595242
-0.140447910047
-0.109699296281
-0.0991686778797
-0.0914360408837
-0.0778761389473
0.0
-0.0902021317175
-0.0690618922299
-0.0654056522662
-0.0527026731444
-0.0679766223968
-0.087651233096
-0.105299146443
-0.136875805118
-0.165412131892
-0.184651565968
-0.233261941626
-0.258625640176
-0.281121193055
-0.300318521878
-0.307827486489
-0.320667405764
-0.32218546072
-0.320720766947
-0.29916411241
-0.290720588077
-0.303836601197
-0.298127605212
-0.280105873185
-0.292484332304
-0.284375826009
-0.271461042504
-0.284402547645
-0.295615088845
-0.303882609955
-0.293569610867
-0.313049116859
-0.325632107887
-0.33919871291
-0.339221132186
-0.342565756794
-0.349003425246
-0.34924245026
-0.343940210366
-0.329385361863
-0.334351667063
-0.327871832452
-0.338255278629
-0.322958444071
-0.331665156843
-0.326860562581
-0.323548355412
-0.327046747608
-0.329711450615
-0.326263287437
-0.333056540811
-0.328520703114
-0.321438708607
-0.29317336162
-0.296523810501
-0.291994833727
-0.310896799075
-0.293326436427
-0.298033206378
-0.273225233633
-0.250855823435
-0.241589934705
-0.248946879601
-0.23733369669
-0.243988602888
-0.236147921437
-0.242898536828
-0.228534551726
-0.233623531965
-0.240656259229
-0.228725407889
-0.21416747682
-0.220148461459
-0.188002388352
-0.190090128094
-0.179997925446
-0.171474378184
-0.163500502362
-0.140305670092
-0.138704294123
-0.107012364536
-0.0917534698747
-0.0636897008234
-0.0262779985855
0.00197179241638
0.0410550019405
0.0711412088481
0.0947236893316
0.123855281864
0.136263740525
0.174390014288
0.20248406744
0.224441900773
0.252554041833
0.276692528379
0.319494591847
0.0
0.438914519522
0.504895585259
0.565553874361
0.640486532892
0.677236287137
0.734055404545
0.77277651238
0.0
0.0
0.762047737082
0.724085450439
0.692567040821
0.69007441045
0.68366697322
0.652901644706
0.62212542621
0.621370143267
0.651895629758
0.0
0.660413536018
0.652764671183
0.641546290757
0.658987960391
0.696059285953
0.70600323755
0.726123416775
0.768240328712
0.797045236637
0.825697227894
0.860305102042
0.906792162947
0.946942795411
0.947784844027
0.950612322491
0.966978181047
0.965736632267
1.02288728617
0.0
1.02479297821
0.991283164991
0.974339529247
0.94667448576
0.91853409004
0.928221219858
0.897340310629
0.891724773982
0.886805674471
0.875485665229
0.881024733181
0.895990899971
0.897278725504
0.899030872411
0.913365819467
0.895835908048
0.877644106367
0.921798371097
0.95879488263
0.989638423062
1.00791191951
1.03278398658
1.04161122994
1.01119981165
1.03317380643
1.02896488893
0.988706480227
0.897659352581
0.849346992706
0.0
0.0
0.651418963804
0.666988078085
0.0
0.0
0.0
0.486435115368
0.385860776095
0.252746954142
0.0
0.153812389446
0.162384842475
0.150449399036
0.0
0.126515546564
0.0612302164256
0.0
0.0
0.0288941486065
0.0752761325963
0.13838599823
0.167812883733
0.18172583372
0.157374292759
0.183478040143
0.181783734872
0.173879091377
0.0
0.167005283971
0.150986245722
0.155262149455
0.167458415217
0.184289006554
0.201366609837
0.216996811756
0.231269347205
0.251316274746
0.296518051866
0.354169599516
0.419423410892
0.436809634925
0.44709038745
0.428923977396
0.0
0.0
0.505932043481
0.580082322614
0.0
0.0
0.61724054438
0.601026291065
0.586433709645
0.54652082725
0.57162201083
0.485457204448
0.0
0.0
0.346785420579
0.366402017603
0.300731375522
0.245109259204
0.182083302364
0.106360991969
0.0507465740356
-0.0062400080112
-0.0458426424826
-0.0846879971827
-0.142183832118
-0.189344792941
-0.203132890937
-0.207289223677
-0.220164034264
-0.246973285656
-0.256423099183
-0.271373344062
-0.272219116935
-0.282730216528
-0.294125668922
-0.306129883802
-0.298856779675
-0.318324478949
-0.314078357511
-0.310511184635
-0.326695583815
-0.345895318087
-0.367345406543
-0.380969679027
-0.403695485293
-0.415874913111
-0.41584867348
-0.407720469025
-0.399717259133
-0.366914318407
-0.377154994967
-0.403883503739
-0.404893321067
-0.407337174628
-0.406146606131
-0.406824058698
-0.39356827182
-0.376163871211
-0.366789871602
-0.357780838787
-0.365626013627
-0.370923136887
-0.371142873456
-0.383368455083
-0.397382300402
-0.398725456036
-0.392252258415
-0.395945524976
-0.387931274789
-0.383058715721
-0.378195186872
-0.37081381833
-0.367919119622
-0.371320966455
-0.355052871256
-0.352259984016
-0.356240917185
-0.357737837584
-0.350211832035
-0.353999079033
0.0
-0.364184360133
-0.358121839772
-0.371816280288
-0.374450781473
-0.36866478312
-0.373110656991
-0.3758129242
-0.377363109297
-0.380907394943
-0.374039443729
-0.355075378652
-0.351224732126
-0.341874084114
-0.341547684563
-0.328881242633
-0.312273117224
-0.294340265404
-0.315076301726
-0.319875880259
-0.333013631819
-0.361875002536
-0.376507965226
-0.389853719188
-0.417796324715
-0.417355561372
-0.426219587338
-0.429967606874
-0.439039828119
-0.44471521933
-0.450027127484
-0.44350153972
-0.441275546248
-0.448290904767
-0.434372972092
-0.439801754674
-0.447443426246
-0.445123776283
-0.450208165919
-0.442355172691
-0.447412542174
-0.449487946699
-0.439240028619
-0.44404727461
-0.450275791963
-0.450459780255
-0.439583310048
-0.436997686993
-0.441379686968
-0.434850028876
-0.409490174737
-0.399043839134
-0.404464989721
-0.390190117385
-0.396180946719
-0.382457537863
-0.366829915127
-0.372803913417
-0.354299180018
-0.342499594647
-0.335948372386
-0.315234311481
-0.305036901815
-0.302552629872
-0.289816487922
-0.297479485668
-0.294325805477
-0.301781276155
-0.296637250071
-0.304480248183
-0.29000624239
-0.29444791355
-0.296623088544
-0.282228414654
-0.27843481093
-0.259750467642
-0.253533348541
-0.252093700437
-0.242507713147
-0.233806940511
-0.221882139592
-0.215632429051
-0.206212577517
-0.200361067419
-0.195438225102
-0.189864022783
-0.192648066484
-0.1925578384
-0.201945690899
-0.212897952754
-0.222108212416
-0.21750762764
-0.224690590722
-0.173785125903
-0.227268923768
-0.232408779892
0.0
-0.247637228158
-0.237171031414
-0.228751357212
-0.213765554664
-0.211334254173
-0.20301225423
-0.199622494502
-0.18832846159
-0.180614471326
-0.185043066104
-0.196968189921
-0.199986014617
-0.213465915273
-0.201837144452
-0.208192768717
-0.206244945384
-0.183306912169
-0.184147790076
-0.16451494621
-0.148443540317
-0.143215199365
-0.129863681358
-0.116208174665
-0.104288485354
-0.0893575475503
-0.0623085907133
-0.055885323305
-0.0468493412549
-0.0486923894369
-0.0457930689186
-0.053717953047
-0.0585072984326
-0.061532611669
-0.0627979914973
-0.0891578643563
-0.113113913054
-0.134712134344
-0.173218343917
-0.196382867461
-0.216929056137
-0.23479322793
-0.256911420635
-0.273188676362
-0.286125065148
-0.311454324364
-0.312856013278
-0.331199925062
-0.339299194336
-0.354302799675
-0.359702982221
-0.356777162487
-0.350869809874
-0.347385824802
-0.355809314468
-0.337584327697
-0.314073010371
0.0
-0.360093569022
-0.38680091967
-0.392468421479
-0.405953702053
-0.409017318221
-0.413239460088
-0.415609939791
-0.420554557985
-0.428148004118
-0.43594536931
-0.437425879951
-0.456036394359
-0.454970729795
-0.455429058757
-0.461166936453
-0.46301186836
-0.456663375996
-0.459712715802
-0.460491811139
-0.45585161018
-0.449215279495
-0.451009662005
-0.43927027169
-0.442213834521
-0.425117155252
-0.414112635063
-0.417071828168
-0.418242901528
-0.414447211195
-0.416474891376
-0.409543177452
-0.406193330562
-0.392164576857
-0.354904461001
-0.334734464927
-0.350856669365
-0.343624552237
0.0
0.0
-0.361710891517
-0.346346286218
-0.340278297319
-0.329462851876
-0.299451727343
-0.301071684048
-0.291952045373
-0.293594367859
-0.281314862635
-0.270816556171
-0.273390101567
-0.273268669785
-0.275176665972
-0.268853284496
-0.279097659834
-0.279113339946
-0.289062574212
-0.27500151908
-0.27923798761
-0.290941538337
-0.29474783774
-0.290660921256
-0.279167615973
-0.283984554789
-0.283403083724
-0.295330423831
-0.297271891282
-0.296732250246
-0.299802332567
-0.29580844051
-0.292788116192
-0.276802180631
-0.265243093637
-0.232090388059
-0.207058110153
-0.18420102497
-0.173046503841
-0.134342079576
-0.111157906385
-0.0863919060595
-0.0585559547801
-0.0396305740324
-0.00949955358367
0.0263024529644
0.0521152693591
0.0721592640875
0.0915710553383
0.103345635557
0.118808064291
0.132528017659
0.11611999994
0.086137418787
0.0843428997687
0.0424527812913
0.0262224278531
0.0343665485891
0.0397853313171
0.0392323755377
0.0301093155206
0.0277027276621
0.0156286541821
0.00191390767386
-0.0178133520438
-0.038410639205
-0.0629983483713
-0.0647034950141
-0.0658188492069
-0.0290545158557
0.00621517111773
0.0189978445222
0.0890871386319
0.185428229103
0.250598296737
0.329178353938
0.345608162029
0.368074795978
0.365784136024
0.0
0.0
0.357183010139
0.294453834359
0.277891228104
0.258081695407
0.213717105018
0.144060996211
0.0986408426741
0.0682343072908
0.020454711511
0.025118678991
-0.0243763085932
-0.0546465314411
-0.0849250211318
-0.107107986707
-0.107174961083
-0.147121487478
0.0
-0.171571502439
-0.182707674905
-0.218559188053
-0.238353116015
-0.239779894259
-0.255425258555
-0.248086190914
-0.231880875073
-0.224765870215
-0.207221331583
-0.198176100446
-0.193115053222
-0.206686292739
-0.216491121063
-0.219170399834
-0.209775954267
-0.211886798093
-0.219954900655
-0.225013132467
-0.219031933102
-0.211154859116
-0.221463294199
-0.220325707123
-0.231301405418
-0.222601388768
-0.235483160835
-0.228294294455
-0.229583062513
-0.225264007091
-0.194158015727
-0.190359848084
-0.185980405229
-0.171378048064
-0.159845203347
-0.141341163398
-0.137221915285
-0.10225182937
-0.0810636269468
-0.0544718030096
-0.0362607270654
-0.0204811586367
0.00659460337652
0.0367242477754
0.0788065934841
0.106419417204
0.130469704039
0.141784782626
0.143780643883
0.179390049913
0.182127948506
0.198765304866
0.194111575511
0.204290018433
0.211844175052
0.208588572023
0.19911810848
0.178240412148
0.167620629327
0.143335159239
0.117454295456
0.105154986475
0.0887569904434
0.0862863713367
0.0637186008928
0.0451427315916
0.0230857377455
0.0118019057759
0.00812008595195
0.000611502231689
-0.00224353132017
0.00247250555612
0.000812935438807
-0.00486300651309
0.0158133046724
0.0247750817181
0.0504218048804
0.0813805053117
0.123888910313
0.170371004607
0.220680793035
0.292309216574
0.369517613767
0.448961522349
0.494527961048
0.550877909719
0.599313286716
0.637258406532
0.663523519431
0.713366649065
0.752410616051
0.785769316743
0.0
0.0
0.762789557363
0.714951605399
0.0
0.565647333714
0.495896108511
0.432618637418
0.376969283284
0.320176648618
0.229332163604
0.15660717826
0.0891647651134
0.015987045177
-0.058688569167
-0.100625811889
-0.153342660579
-0.180881990398
-0.187536677652
-0.215404410306
-0.202921546524
-0.208388365583
0.0
-0.189500225989
-0.146377466315
-0.105856476591
-0.084595748542
-0.0478425020183
0.0120781674427
0.0829818290397
0.148293716971
0.194397951347
0.238870531353
0.282324357884
0.317662410361
0.346653756337
0.320444935364
0.301653199955
0.306057159031
0.325488133715
0.358980736285
0.367955430663
0.394281847885
0.433427714129
0.0
0.466961384497
0.520433958062
0.583612347101
0.600088212851
0.588031950411
0.589176243962
0.609510014958
0.580438163622
0.573178335006
0.564510329662
0.568814608825
0.541106545092
0.489129940044
0.440235023149
0.425136978714
0.445429595011
0.457064225618
0.452826104793
0.462802019777
0.452057343194
0.4489381606
0.418698169468
0.391575356246
0.364172548374
0.318472636038
0.277762029612
0.25885534277
0.235023291466
0.228338928791
0.171129459141
0.114273161611
0.0655312809255
0.0247580570752
-0.00333380334818
-0.0377533696299
-0.0828637216709
-0.134671897942
-0.183329853648
-0.207244566317
-0.215058965349
-0.213042386478
-0.223173464507
-0.223797482721
-0.228875902641
-0.194212126649
-0.200018804305
-0.204606212862
-0.200316938663
-0.180585007059
-0.182325440887
-0.179101675075
-0.190844008302
-0.186209181838
-0.199441030519
-0.193150147689
0.0
-0.194273316278
-0.185314344025
-0.164566109838
-0.120995631002
-0.092865436354
-0.063610047708
-0.0393947714477
-0.0298094980296
-0.0237631698585
0.00772444550935
0.0328387584527
0.0573287679687
0.0
0.0371789240029
-0.00134473805133
-0.00756691733639
-0.015277274717
0.00359399449574
-0.000377592258868
0.00022985592281
0.00204154563364
0.00758359139016
-0.0090155535908
-0.0329470186564
-0.000178096361895
0.0220785247984
0.0259507225037
0.058152633876
0.0623558275215
0.0916427350105
0.134533382407
0.149549537611
0.170498071245
0.185875044395
0.193161268461
0.164277541944
0.147281012789
0.128565992677
0.119091030303
0.0978485368008
0.0681710062096
0.0523066515405
0.0473393745154
0.0376780304829
0.0399419043183
0.0534083727697
0.0667064812765
0.0999174306821
0.125198201898
0.10591866027
0.0869710973187
0.0831160746919
0.0778397055271
0.0741106583791
0.0706587514062
0.0744613484757
0.0657100211518
0.0520218630782
0.0459064305977
0.0296556131677
0.0123464462694
0.0429122848099
0.0304367773541
0.0410480106113
0.0213756991252
-0.0071336937054
-0.0706016052313
-0.0895614588698
-0.113728446022
-0.120990565597
-0.12292395984
-0.119062373958
-0.131285089748
-0.135311848362
-0.131254699739
-0.134457441399
-0.141514234175
-0.148108740418
-0.156966392291
-0.177909040366
-0.200272072941
-0.212422680901
-0.226134291653
-0.234037408441
-0.248292647666
-0.255071427194
-0.260117819347
-0.272224315374
-0.286927918005
-0.290139050532
-0.265362787227
-0.300026848123
-0.309645788169
-0.303041762856
-0.311435931676
0.0
-0.328731557532
-0.338865669082
-0.342648301302
-0.360241005922
-0.368356014372
-0.370816045777
-0.378193116328
-0.371628620207
-0.362516760092
-0.35705031748
-0.348333538414
-0.328862673755
-0.315447685124
-0.299172033386
-0.297905357422
-0.296363299544
-0.298428467695
-0.287721566862
-0.292735846197
-0.278809916178
-0.265709010911
-0.24853513439
-0.250540760332
-0.239081987404
-0.215194083835
-0.186071599543
-0.173351816542
-0.148304971097
-0.130187787921
-0.120449262527
-0.120016173008
-0.127375169871
-0.144041176767
-0.135434355509
-0.130014583517
-0.119344077678
-0.101320814076
-0.0907715501174
-0.0939539684682
-0.113039845582
-0.11531200992
-0.120278966441
-0.118798724599
-0.115189609034
-0.118923089152
-0.109511521211
-0.110316656884
-0.10900756545
-0.100233721736
-0.118975281221
-0.125818646932
-0.109624495308
-0.117721645198
-0.115335421116
-0.107756603284
-0.106527249276
-0.0905546868743
-0.0873013448459
-0.0822334059469
-0.0710437984841
-0.0768817985037
-0.081721201205
-0.0845823033457
-0.095414571169
-0.113330897783
-0.135728147268
-0.147720436497
-0.159681643183
-0.168740541357
-0.190025275317
-0.185220791597
-0.172097052103
-0.161573947515
-0.158697247792
-0.157183293955
-0.148529251426
-0.136561266348
-0.131168053689
-0.126922459132
-0.117618376422
-0.100981424173
-0.103268915722
-0.138123626256
-0.147072696281
-0.147048959788
-0.146596814365
-0.179414946373
-0.200946105899
-0.210948566338
-0.240418178765
-0.268179650556
-0.292837460902
-0.315964946852
-0.316559170532
0.0
0.0
-0.340707208225
-0.338808602494
-0.348221359857
-0.338218159585
-0.343984216066
-0.357632106418
-0.35459816171
-0.359843051942
-0.365318362052
-0.357144888989
-0.378480506612
-0.398781243046
-0.405920063151
-0.396027530777
-0.398392115779
-0.402267450245
-0.411258498411
-0.39879800053
-0.381594677242
-0.373667961412
-0.373854657453
-0.371078744025
-0.389894998199
-0.406179502786
-0.426261065048
-0.432172806833
-0.443223432752
-0.444785429451
-0.452833511099
-0.466748182496
-0.45175599319
-0.455616304059
-0.445967295011
-0.453136525781
-0.459721319847
-0.478332531506
-0.489327478524
-0.49577374862
-0.485464836531
-0.483906224922
-0.494167843889
-0.485324815191
-0.482460139631
-0.499453550313
-0.499182897932
-0.497605572318
-0.501748029999
-0.503398142471
-0.495618653819
-0.499747311265
-0.511053450415
-0.498550727946
-0.489049719006
-0.485718211746
-0.470996130704
-0.453152366348
-0.453478666938
-0.458644861953
-0.446334520451
-0.443964898805
-0.434582336595
-0.429454909345
-0.402296771238
-0.363446043156
-0.357006685938
-0.345851213016
-0.342577325937
-0.320299618023
-0.322657723336
-0.287811042867
-0.269640258341
-0.25635228272
-0.225927444752
-0.231467179795
-0.218300320191
-0.213002707271
-0.209862072572
-0.202754962686
-0.205030145789
-0.200758543328
-0.191286089238
-0.16917271425
-0.144046272643
-0.134108736038
-0.113870817686
-0.085233325874
-0.0811597267032
-0.0771629245135
-0.0663032856618
-0.0467467907954
-0.0251421744397
-0.0191734733128
-0.0127322727373
-0.00927687123664
0.00811106376603
0.0
0.0658153938829
0.0899114065318
0.093284828628
0.11142751004
0.11470112598
0.107218493686
0.0997586673762
0.0779258099115
0.0493388035187
0.0520569542989
0.0419254155483
0.0439749658409
0.0797045932726
0.0634886958049
0.0663642808655
0.0287603392985
-0.00152373567109
-0.063592717722
-0.0876233321633
-0.143957729389
-0.190168023123
-0.219446917139
-0.24203141878
-0.260448457772
-0.286092562679
-0.267802375623
-0.287024741002
-0.297519661487
-0.303348602365
-0.312914083995
-0.314638345624
-0.331452444624
-0.357281473441
-0.352476895923
-0.365699907954
-0.367105243976
-0.378123485511
-0.37668344952
-0.374463985693
-0.356754878363
-0.358545146419
-0.361227069706
-0.359331430998
-0.366813602877
-0.371380608141
-0.370244766367
-0.369654170574
-0.39136429005
-0.397221209878
-0.390277412988
-0.393410913951
-0.374435634429
-0.358704681058
-0.321764364834
-0.324217470057
-0.286161203197
-0.258768542131
-0.226668714197
-0.193917072377
-0.199249608838
-0.190616342209
-0.193985539184
-0.191981646631
-0.199878793377
-0.221572826121
-0.20356228914
-0.205760593189
-0.217176180475
-0.224674491803
-0.240330916666
-0.221141786212
-0.233708233667
-0.240088618293
-0.241801589591
-0.240137262333
-0.225358255709
-0.224126355946
-0.209312718964
-0.184807262671
-0.180578367086
-0.189783594082
-0.219413897335
-0.222487647198
-0.210410890415
-0.221210796995
-0.215082737443
-0.21226026837
-0.217658217211
-0.205507370111
-0.206656300931
-0.211936380176
-0.204498957654
-0.211508006654
-0.206820148054
-0.210807358111
0.0
-0.226460892921
-0.225060661002
-0.23009726192
-0.233117868884
-0.238394770048
-0.218316395879
-0.196276378737
-0.196953949283
-0.178353046561
-0.177302795215
-0.164180580503
-0.148807705666
-0.165100092697
-0.162608003139
-0.171853054663
-0.183814937138
-0.198358212765
-0.208051571913
-0.21263708495
-0.192469689927
-0.193069680729
-0.161301413348
-0.145779405349
-0.126610324581
-0.0988694216516
-0.0497212127303
-0.0135330574496
0.00528348141478
0.0280468477319
0.0301971980941
0.0220883780886
0.0283977313112
0.0463605284911
0.045723853048
0.0341896114172
0.0114201891259
0.00684732804073
0.0243540954746
0.029629483947
0.0167658406926
-0.00877854601672
-0.000488898980835
0.0464426527794
0.0845307420187
0.13329490949
0.172247797572
0.177478890593
0.176164956816
0.192093161224
0.201072245496
0.22468384066
0.193662345576
0.11691728444
0.0521763835832
0.0021716863662
-0.0357438908661
-0.0661876721038
-0.0985899338018
-0.111933884742
-0.134512120866
-0.142423096232
-0.155556625989
-0.180501978826
-0.188286828889
-0.217413362804
-0.21959899086
-0.224995884234
-0.213577105792
-0.219016847977
-0.21046946038
-0.206833282085
-0.202594695522
-0.184297145439
-0.188783331999
-0.15853884807
-0.142270542197
-0.112714488487
-0.0871403998615
-0.0420251041965
-0.0226973159168
-0.0211822454286
-0.0095914185712
-0.00880852329125
-0.00728003159432
-0.00105511299806
0.0168193702813
0.0202069087662
0.0506648446756
0.0669697700274
0.098922438422
0.149554459057
0.191442563031
0.247014802822
0.307846277979
0.347339734604
0.0
0.401398370554
0.426051708179
0.40891813317
0.411801289178
0.419995513459
0.446905829223
0.430491467238
0.384571693501
0.358846845284
0.362885810607
0.318123082149
0.275752833883
0.217945619985
0.155799239363
0.0948072507469
0.0737300076063
0.0783337367733
0.0751362021366
-0.00861076130574
-0.0375026585469
-0.0648023872001
-0.119870806235
-0.158371488718
-0.189244805323
-0.207745364439
-0.225353041496
-0.231364933012
-0.245063751457
-0.249014055141
-0.243975033543
-0.24565296497
-0.246734540886
-0.233033386
-0.233905440539
-0.243132647267
-0.233257597888
-0.205838808888
-0.221503810404
-0.209191477684
-0.207245861049
-0.206250016585
-0.199070033083
-0.216837416444
-0.208611914079
-0.213354664265
-0.217337355328
-0.242850807535
-0.271391762886
-0.295663226235
-0.297388865619
-0.312656402768
-0.301152663508
-0.31733978249
-0.315025219725
-0.318245425847
-0.315712445701
-0.302753641485
-0.306958985346
-0.295503441032
-0.270905557355
-0.27618506973
-0.262095921323
-0.2396919607
-0.241438810843
-0.243498313893
-0.263413818852
-0.267035339278
-0.277400968503
-0.263212050599
-0.254188181037
-0.24679806853
-0.233690444286
-0.216608281655
-0.207181915167
-0.195397035198
-0.190097900258
-0.191492094902
-0.212513794448
-0.220845850235
-0.228784171242
-0.249664282408
-0.267403177429
-0.273576326493
-0.292444846855
-0.302304685908
-0.303889244116
-0.310905959166
-0.295781938225
-0.284103540355
-0.274972638432
-0.273982299246
-0.266972849782
-0.271791241721
-0.26514889956
-0.278975335708
0.0
-0.27228158169
-0.284686652329
-0.302888397179
-0.321120070259
-0.337547501001
-0.339791927036
-0.347466327815
-0.352690210568
-0.351779158863
-0.354991397694
-0.338040302449
-0.324153441027
-0.325572023225
-0.313237254392
-0.308391555477
-0.289990418679
-0.30037743565
-0.303230047025
-0.300201909799
-0.308423279792
-0.309765647395
-0.295591338994
-0.295600874404
-0.296232492493
-0.286764243813
-0.287769568408
-0.279460710605
-0.271217776432
-0.257745363931
-0.261235651394
-0.261847740341
-0.25218372062
-0.249117559178
-0.24363212212
-0.236520452955
-0.207043523315
-0.192045271598
-0.164179215264
-0.133836435671
-0.105226749117
-0.0838494562311
-0.0611034228563
-0.0115369306842
-0.0182279483397
-0.00415589641287
-0.00127818100531
0.032656370079
0.0483926007329
0.049498198151
0.0797572492852
0.0899041262664
0.071738774785
0.0666646966899
0.0763593445629
0.0853500218008
0.0923674340146
0.100320058172
0.175833235883
0.201760673685
0.183973990655
0.177723760306
0.199077841147
0.231966702818
0.279470277722
0.291500223849
0.330744301748
0.353087186098
0.369399905944
0.346981171055
0.344943827931
0.329608201801
0.30103559139
0.305449113349
0.291397188903
0.271576563645
0.253551508709
0.235230717131
0.236205045289
0.236905286978
0.255428577389
0.266387661402
0.258528438157
0.255588678971
0.22995323078
0.225843712606
0.174096614339
0.147851897193
0.143218745093
0.122244123234
0.0905310409331
0.0775632754954
0.0597073822915
0.0347522829622
0.018066808116
-0.00594776622052
0.0
-0.00277494820203
-0.0141462106631
-0.00152153150524
-0.0122416037739
-0.00910281137559
-0.0150417743255
-0.0275177430627
-0.0366857839369
-0.0581682144127
-0.0696991307987
-0.0699893271957
-0.0565104816834
-0.053575371946
-0.0368076351068
-0.0296187288385
0.0186701542761
0.0304273728285
0.0414282845628
0.0876019983614
0.14154300817
0.189734092992
0.222150025827
0.252938747798
0.291937438349
0.322385906817
0.339547429616
0.360715012713
0.358409846025
0.363200626793
0.353049810399
0.323231250155
0.317217988424
0.297483986185
0.277059246437
0.257144051649
0.226107630258
0.196876700507
0.168162093308
0.162671425246
0.137404822411
0.106971221026
0.060272124432
0.0129178784371
-0.0267593736901
-0.0478241843239
-0.0547271802325
-0.0622431758746
-0.0826758987975
-0.0617496506413
-0.0253528608653
0.0545197580572
0.0614138357609
0.0725412495354
0.0984387811322
0.124012185706
0.166927333772
0.216908608832
0.254732614987
0.289000092064
0.310204493285
0.322607491452
0.324503529143
0.320429797087
0.301317181427
0.296674201806
0.274717157388
0.257992318073
0.226931223133
0.214260525531
0.200201431945
0.216853735893
0.243082712389
0.209027624435
0.206105367469
0.228992915368
0.249827857793
0.248326735218
0.253181836517
0.216275222705
0.2044969628
0.218629203639
0.216442354194
0.224744370055
0.225101379972
0.220639782995
0.191668893607
0.194274439451
0.18961132874
0.157698330413
0.165691396935
0.16736335192
0.158156712833
0.167822824073
0.0
0.258215437015
0.0
0.259573578725
0.274106639375
0.274180042197
0.281006245462
0.2849197469
0.301248037033
0.315427861625
0.332607916157
0.355317372937
0.354803579585
0.372039984007
0.413232639543
0.44190015545
0.466282145835
0.492093636036
0.524771956533
0.555537840884
0.57273212024
0.628440929066
0.735586192778
0.716077074242
0.74040001055
0.767999858036
0.749446768451
0.714942022365
0.680944233885
0.69992149559
0.7175793779
0.657986870179
0.649484770435
0.574774819989
0.536926835728
0.503403029042
0.493736153408
0.496506367801
0.471708426159
0.483937775307
0.439836714775
0.417182277388
0.364908311296
0.331304481963
0.322780711379
0.356487163254
0.374438348773
0.390847405713
0.40842257015
0.414658559386
0.438676208724
0.480537351753
0.48982315353
0.524065123534
0.565341744594
0.597133305311
0.606074671975
0.600462580492
0.595593830848
0.610600420217
0.627581459106
0.653702948301
0.668509072237
0.703404822164
0.673938480387
0.660032240463
0.662272397637
0.652072791418
0.629248073876
0.610801524265
0.591765891758
0.57101850798
0.557054054749
0.537402309246
0.510385459042
0.508652597864
0.489469483507
0.474167689122
0.451599752911
0.450863977173
0.459747901486
0.473236003967
0.504987462708
0.554957843751
0.582758446954
0.611910336022
0.643781532571
0.698379733294
0.742275550856
0.793712255004
0.841082542052
0.89718004582
0.934263851456
0.940648449629
0.928461419805
0.925214352345
0.929991662616
0.920201294761
0.0
0.895350269938
0.883188425937
0.881663044799
0.854283280917
0.822746594391
0.0
0.774596959802
0.774461844637
0.760754033196
0.760605603632
0.742861610787
0.734607198782
0.716946763821
0.729989700554
0.735637872392
0.706567665295
0.67738585459
0.631973277029
0.592750073701
0.559970373471
0.538249364568
0.496359368892
0.483284790076
0.481174029709
0.468293981513
0.466212706106
0.43301940123
0.401695394583
0.383323471205
0.387617483082
0.410323414557
0.445686118143
0.469765576657
0.491049542242
0.505629912333
0.501034890603
0.517770507023
0.527398906508
0.540983311864
0.58635854913
0.648274947248
0.698674629942
0.783346036207
0.845505132681
0.914461748746
0.938064425962
0.979397375613
1.05793030812
1.12913735608
1.15109861244
1.2426818933
1.30417108358
1.32685186772
1.38516416116
1.46150492145
0.0
0.0
0.0
0.0
0.0
0.0
1.62584156344
1.62166511189
1.61050829671
1.62069565503
0.0
1.60513217415
1.53483345493
1.4843380832
1.47087080091
1.454579407
1.45048773244
1.42969996887
1.39847742754
0.0
1.33283989676
1.244969694
1.18147311718
1.12183128339
1.06870603432
1.02182485213
0.933919533731
0.862580916655
0.845295829767
0.765459601976
0.690638034288
0.646564045485
0.632390332689
0.559549101945
0.528053772061
0.477527489304
0.47617786487
0.473928218484
0.451323714039
0.432402462668
0.0
0.403608433516
0.410103387421
0.401204739233
0.367914848556
0.352103802462
0.363076423455
0.349836985066
0.335131210011
0.0
0.418252908408
0.485147300597
0.592319928543
0.648557698693
0.699177596037
0.774207259353
0.775014223527
0.799253354292
0.851711307456
0.0
0.0
0.0
0.0
0.794673472409
0.0
0.0
0.713192276016
0.715067021472
0.720136141691
0.740976029774
0.76141709773
0.747357693769
0.724191995951
0.687309341064
0.644295794827
0.630032820306
0.619138186865
0.610101540543
0.570521889489
0.555698010566
0.527061050467
0.502731690275
0.484063084613
0.441914665442
0.396158780356
0.39170258484
0.376865006941
0.372507162198
0.367816617886
0.368227467997
0.351171004859
0.334409388178
0.329226737552
0.318574781389
0.311916646866
0.281890955897
0.250902655555
0.213409931907
0.181258729275
0.139453820129
0.0972344428634
0.0709541081499
0.00871746457974
-0.00899607484213
-0.0440889934702
-0.0757126899917
-0.089559908123
-0.113614596967
-0.113433287528
-0.126307689546
-0.119766446216
-0.1024080255
-0.118533323894
-0.125025925578
-0.0704548161276
-0.0787226262566
-0.0960298242204
-0.0914459610044
-0.1163603252
-0.117596589777
-0.10726949735
-0.0855007325907
-0.00657206995542
0.0139972935093
0.0151120547209
0.0273366468062
0.0625233404233
0.0846283143442
0.114000950025
0.128118785014
0.147760598795
0.193317559503
0.228835143018
0.0
0.0
0.0
0.0
0.177600715519
0.156522636363
0.124969801557
0.15517364812
0.0746551472451
0.0713150081663
0.0772425351978
0.0760852274329
0.0752376045568
0.0736092921234
0.0452131715028
0.000170278621615
0.0187595397838
0.00085920098329
0.000225001650279
-0.0411811668122
-0.0700969654194
-0.112256788932
-0.135560066275
-0.148668629742
-0.170770232565
-0.159650033036
0.0
-0.170319319278
-0.132250082716
-0.0731454014573
-0.00879529635002
0.0
0.0602085789988
0.0637643090918
0.0547815152068
0.0451207183703
0.0661997166648
0.0728274628966
0.0
0.0390394026755
0.0704553066868
0.0565751627048
0.0
0.0203576977622
-0.00474709066675
-0.0261549350003
-0.0528665200819
-0.0617243748104
-0.0727739828628
-0.0964084392756
-0.110721680843
-0.136707478271
-0.164943770456
-0.164824014599
-0.162082571844
-0.181629117088
-0.175695607409
-0.188348174859
-0.140606050162
-0.220622766077
-0.230749093056
-0.249220865358
-0.258172302129
-0.26771070528
-0.273556454192
-0.276983161853
-0.283407286388
-0.282911189418
-0.293028808057
-0.284906757283
-0.283434895361
-0.291600007433
-0.300557087197
-0.271680826729
-0.263916375175
-0.264101457033
-0.254907175971
0.0
-0.231253858281
-0.216698240759
0.0
-0.184713183537
-0.177745600666
-0.145024671566
-0.125626321983
-0.0955547987631
-0.075467894243
-0.0609706157746
-0.0327360156609
-0.0109429042958
-0.00659662257758
-0.00823825069993
0.00215247288064
0.00947060122785
0.00492212659658
-0.00621333108785
-0.0103875075308
-0.0278317434456
-0.031322957109
0.0
0.0
-0.0496097636325
-0.0744832005508
-0.0892143520673
-0.112256850376
-0.112810412018
-0.100604272992
-0.0901156138196
-0.0940507570392
-0.0787590059459
-0.0830898149151
-0.0948281488737
-0.0177925554316
-0.00463276346566
0.0206975733628
0.0446041572799
0.0905215008238
0.107783079583
0.122363182356
0.122098223622
0.136528419168
0.133699483479
0.12614061268
0.104301441842
0.0844771248339
0.0318890554878
-0.0092007267265
-0.026599082685
-0.058920467247
-0.0923273227364
-0.109344473738
-0.143447960538
-0.201119948445
-0.258288361152
-0.286102550407
-0.337333923931
-0.378270460241
-0.399114903786
-0.424093434366
-0.45976437161
-0.488762742766
-0.492443559911
-0.503457304455
-0.509168417474
-0.511193012531
-0.515619200089
-0.459718677108
-0.512714340579
-0.510031842749
-0.524227747362
-0.540185146966
-0.540107797184
-0.529907549379
-0.534754484911
-0.525934620948
-0.532228084117
-0.528337963943
-0.511806930401
0.0
-0.517205742465
-0.523528978184
-0.496837131327
-0.484146170968
-0.46704899486
-0.446463784976
-0.450485971003
-0.447226266599
-0.452744593077
-0.465250244173
-0.469354961921
-0.464621848464
-0.491003699504
-0.480471412498
-0.508265945846
-0.520598747333
-0.507106094892
-0.502519163806
-0.513722935256
-0.506875270775
-0.517480680746
-0.518355527389
-0.517946546336
-0.514574644199
-0.492866019004
-0.501700853174
-0.508468811493
-0.503695438775
-0.516763517508
-0.518320216656
-0.512641252178
-0.497158936019
-0.50962656175
-0.464514929405
-0.523824460301
-0.50924452195
-0.523874236599
-0.500257269137
-0.51388672526
-0.510963192495
-0.51813174134
-0.530131872362
-0.513718483332
-0.52681432712
-0.538997759098
-0.53896101045
-0.545380610471
