-0.0744747664103
-0.0744604078423
-0.0731710469354
-0.0720690277988
-0.0705211936406
-0.0692891667275
-0.0682669679958
-0.0670743875182
-0.064896734609
-0.0597704962387
-0.0573667328558
-0.0549784925217
-0.0520447588317
-0.0489686245347
-0.0466039011843
-0.0446204500265
-0.0428621526433
-0.0410498172352
-0.0393890318768
-0.0377201350737
-0.0360154621189
-0.0316896331116
-0.0296775435373
-0.0271766951055
-0.0240318283951
-0.0216259666291
-0.0187017891405
-0.0158073481469
-0.0136461097683
-0.0118052779784
-0.00968255221048
-0.00765415584182
-0.00512727456187
-0.00172330037306
-0.00134842371599
-0.00103714173707
-0.0014246745623
-0.00114255857487
0.000235043203959
0.00118462748457
0.00276736506902
0.00535666380145
0.00775287872191
0.0107615333207
0.0132846461733
0.0179334630412
0.0186417657006
0.0197963336499
0.0215302610844
0.0225942343451
0.0235017672238
0.0249847144103
0.0260859591112
0.0272909689633
0.0286001446752
0.0294154955374
0.0300973664854
0.0307501239824
0.0305804397216
0.0301575355607
0.0299143631085
0.0297657231373
0.0291675205105
0.0283953820802
0.0281100050644
0.0269480605581
0.0270800361513
0.0259719153389
0.0261492900459
0.0278826455836
0.027404355331
0.0263838151559
0.0252668432988
0.0242088708764
0.0241154499149
0.0243631726402
0.0225209353343
0.0208761438173
0.0199718578673
0.018127127994
0.0165518343785
0.0
0.0
0.0
0.0
0.0
0.0
0.0
0.0
0.0
0.0
0.0
0.0
0.0
-0.00102705105039
-0.00392061675376
-0.00664674558546
-0.00896958072395
-0.0122774665713
-0.0143516414445
-0.0166668268583
-0.0186662070695
-0.0203801238235
-0.023365568672
-0.0259138931985
-0.0250260138125
-0.0277321327924
-0.0304911052099
-0.0336733201903
-0.0382748963713
-0.0423193213298
-0.0457984030493
-0.0493304401304
-0.0521606941043
-0.0549796657895
-0.0544920535303
-0.0565141443856
-0.0579924358169
-0.0597913937563
-0.0613215061411
-0.0608113522212
-0.0597009326604
-0.0618885774978
-0.0651629068239
-0.0661963441074
-0.0694976098718
-0.0719799497882
-0.0744022929493
-0.0760665969236
-0.0759634965877
-0.0765674972965
-0.0773162144765
-0.0780773619602
-0.078699384131
-0.0789892270603
-0.0781860233988
-0.0780609607295
-0.0782200676653
-0.0776779504668
-0.0767636006074
-0.0760037941283
-0.0741284156405
-0.0744243799629
-0.0738149153345
-0.0735655869742
-0.0731826759693
-0.0723345006481
-0.0716160407779
-0.0704579324492
-0.0700931339023
-0.0689648382902
-0.0678159574208
-0.0666188108481
-0.0653842801302
-0.0638808558538
-0.0626459601295
-0.0616329882485
-0.0596823495552
-0.0574944908519
-0.0547596079687
-0.0519720359871
-0.0503849117436
-0.047931289686
-0.0452635405922
-0.0428716646078
-0.0391851814914
-0.0365218700317
-0.0343895391591
-0.0324700794349
-0.0302390124503
-0.0282276990967
-0.0258875522587
-0.0237180887478
-0.0208857910359
-0.018810539976
-0.016293670499
-0.0138792349283
-0.00836990204837
-0.00575031341519
-0.00228392162638
0.0
0.00176512254988
0.00410249028865
0.00689330347527
0.00948948471521
0.0116920569306
0.0134176451574
0.0152413971614
0.0171899286316
0.0
0.0218026606356
0.0235555151675
0.0254821041222
0.0266791141229
0.0287090831154
0.0299051583999
0.0309145354739
0.0320029144669
0.0333481393793
0.033507329642
0.0345390477445
0.0353343201523
0.0358672556454
0.0365893426358
0.0372394761645
0.037445719356
0.0371028833924
0.0372697466003
0.0370781819146
0.0369921161838
0.0369952684678
0.037038390029
0.0367205830731
0.0376316185538
0.0371793331365
0.0365230776432
0.0360934815522
0.0357254054464
0.0349107680256
0.03473871109
0.0341272144484
0.0334052836976
0.0322246562978
0.0313856896355
0.0323469064566
0.0297915143544
0.027608410512
0.0262633871039
0.0243936664807
0.0227087730452
0.0212090773001
0.0196851097526
0.0182892645508
0.0164949907464
0.0145465708648
0.0131931847781
0.0115198214195
0.012494575757
0.0104332839254
0.00866654378135
0.00710029672408
0.0051836287225
0.00299619202372
0.00103932993009
-0.000726147128044
-0.00258730891624
-0.00465305586601
-0.00622972919617
-0.0086866555778
-0.0108930978225
-0.0129601969828
-0.014925510576
-0.0173073598133
-0.0197058863498
-0.0218275477955
-0.024234626167
-0.0265486170855
-0.0288774600998
-0.0309977270159
-0.0332177254132
-0.0347817789336
-0.035100238517
-0.0377771876313
-0.0399708454606
-0.0421284022911
-0.0439065958133
-0.0461719420055
-0.0478032774148
-0.0486515822806
-0.0500222518787
-0.0509686552006
-0.0518778655311
-0.0529308422178
-0.0545821312175
-0.055982359861
-0.0539322961451
-0.0587946706973
-0.0613063012733
-0.0622611863752
-0.0630523771767
-0.0633697462685
-0.0637228288378
-0.0641194459
-0.0640166857474
-0.0640445715792
0.0
-0.0610462203891
-0.0605137894093
-0.059374351106
-0.0588358216361
-0.0582749720442
-0.0577404834726
-0.0571001238483
-0.0556449016222
-0.0543008819708
-0.053436432959
-0.0517210133972
-0.0486724311659
-0.0470353157969
-0.0447510155859
-0.0425476201753
-0.040520184396
-0.0375213128189
-0.0333110134332
-0.0311215180741
-0.0303511372567
-0.0292479355003
-0.0268690793954
-0.024864903588
-0.0229015928858
-0.0210407866825
-0.0195302176764
-0.0177236015517
-0.0155844096194
-0.0129449444792
-0.0107503800281
-0.00839787674088
-0.00653377192037
-0.00431000095906
-0.00242189959119
-0.000143042178264
0.00144852165786
0.00329056357926
0.00474359119699
0.00655191992527
0.00802113779066
0.00965490155871
0.0129668958186
0.0172539285775
0.0174518470416
0.0187261985709
0.0212299210036
0.0251567160085
0.0298321611331
0.0313200710394
0.0332533509483
0.0363982556225
0.0435650827159
0.0490562691455
0.0465296353166
0.0458208419334
0.0470891980457
0.0480749684497
0.0478343491664
0.0490194265835
0.0501408029089
0.0515365014273
0.0528420198555
0.0539856256382
0.0548840877617
0.0561116990972
0.0581135861726
0.0605770045238
0.0650853777569
0.0697963072735
0.0691797352246
0.0689768401254
0.0682729721471
0.0701956234236
0.0702845096476
0.0684117791408
0.0699359446369
0.0720213595368
0.0717330618957
0.0720598574985
0.0686825793306
0.0648212253386
0.0594951310168
0.0557521436341
0.0516301323515
0.049343669436
0.0464870417734
0.0432540403835
0.0403172784854
0.0372903571156
0.0350287234397
0.0335220487735
0.031144865953
0.0303806715251
0.0293290670292
0.0
0.0
0.0336233968999
0.0327074663599
0.0
0.0
0.0
0.0
0.0320133449682
0.0308531989823
0.0305413350135
0.0312339494979
0.0304806547946
0.0339961103266
0.0368757983203
0.0392232758371
0.0374285668934
0.0
0.0
0.0
0.0
0.0
0.0
0.0
0.0
0.0
0.0
0.0
0.0
0.0
0.0
0.0
0.0
0.0
0.0
0.0
0.0
0.0
0.0
0.0
0.0
0.0
0.0
0.0
0.0
0.0
0.0
0.0
0.0
0.183731237762
0.0
0.0
0.0
0.0
0.0
0.0
0.0
0.0
0.0
0.0
0.0
0.0
0.0
0.0
0.188342119539
0.18676384165
0.0
0.0
0.21227581132
0.22716958075
0.247253982965
0.248192371287
0.0
0.0
0.278999028404
0.0
0.0
0.0
0.0
0.0
0.0
0.0
0.0
0.0
0.0
0.0
0.0
0.0
0.0
0.0
0.0
0.0
0.0
0.0
0.0
0.0
0.0
0.0
0.0
0.0
0.0
0.0
0.0
0.0
0.0
0.0
0.0
0.0
0.0
0.0
0.287057379272
0.282450788126
0.273734141308
0.267728843574
0.0
0.0
0.0
0.0
0.0
0.0
0.0
0.0
0.0
0.0900019684526
0.0
0.0
0.0
0.0
0.0
0.0
0.0
-0.00282917426072
0.0
0.0
0.0
0.0
0.0
0.0
0.0
-0.0226395911531
-0.0284704103684
-0.0333939269765
-0.0370681415738
-0.0392000156124
0.0
0.0
0.0
0.0
0.0
0.0
-0.036113482458
-0.0352753192632
-0.0340411835713
-0.0302062267581
-0.025484196756
-0.0234683446587
-0.0198112557547
-0.00964770881839
-0.00385785839858
0.00038754075855
0.00641549026868
0.0184156257637
0.0
0.0
0.0376965329991
0.0402808611617
0.0424221801278
0.0436384102932
0.0469807264622
0.0459173833056
0.0
0.0
0.0
0.0492429133235
0.0512038416362
0.0516234835247
0.049153730975
0.0455702320639
0.0436915523455
0.0406338363293
0.0390486034844
0.0362605313347
0.0333344280029
0.0288158824535
0.0234626167996
0.0169259923936
0.00863100738899
0.000396688669502
-0.00714821242827
-0.0128872729408
-0.0170018951142
-0.0213602657783
-0.0259336421295
0.0
-0.0322089615886
-0.0333553331478
-0.033779104296
-0.0374369738683
-0.0403176524007
-0.0416338318991
-0.0426694107994
-0.0442071496473
-0.0449537387573
-0.0448052182915
-0.0451919999271
-0.0465763980159
-0.0474682492641
-0.0485404521155
-0.0495754987161
-0.0501233713858
-0.0501367375513
-0.0500772835316
-0.049971868601
-0.04997989014
-0.0497148899868
-0.0497869484219
-0.0494986462449
-0.0483405121078
-0.0476987209567
0.0
0.0
0.0
-0.0437982953783
-0.0413476485756
-0.0400866183033
-0.0375309920366
-0.0347677529705
-0.0327384284509
-0.0311346042802
-0.0296281563859
-0.0285376861563
-0.0274797613328
-0.0260455227367
-0.0239531028904
-0.022270308205
-0.0204982701276
-0.0185058092083
-0.0159632760113
-0.0139082838299
-0.0101982021884
-0.00822002591075
-0.00672397221891
-0.0038148790647
-0.00132070255055
0.000566004636652
0.0016263946844
0.00368141699014
0.00570557935184
0.00921626111821
0.0126515720361
0.0157779901825
0.0177826529713
0.0190293314459
0.0204612468839
0.021309895294
0.0227099925153
0.0234183094631
0.0250055370789
0.0273437450808
0.031263161369
0.0325936631909
0.0375434546479
0.0
0.0401499887919
0.0394564755125
0.0400536499044
0.0401400889086
0.039621317667
0.0392893864743
0.0389675305095
0.038908324567
0.0390313419884
0.0383705305342
0.0379807968129
0.0379318194637
0.0375175866895
0.036862780475
0.0363831790991
0.0358928121239
0.0361175857834
0.0360831379316
0.0354380434622
0.034865751702
0.0340679204917
0.0335513252053
0.0328145538927
0.0315542087242
0.0306473383238
0.0290953781242
0.0
0.0263200338944
0.0252698247693
0.024293436086
0.0231958871309
0.0221054547141
0.021116554711
0.0209837562962
0.0198951718129
0.0180825102868
0.0170625437672
0.0156228376795
0.0140644761275
0.0134085173461
0.0117223129104
0.00952510847767
0.00736674861207
0.0052109089448
0.00368935651609
0.00303124441713
0.00215223385815
0.00153286450855
0.00131834803804
0.00215729845484
0.00228627270239
0.00297690401362
0.00289192031895
0.0
0.0
0.0
0.0
-0.000351058212901
0.0
0.0
0.0
0.0
0.0
0.0
0.0
0.0
0.0
0.0
0.0
0.0
0.0
0.0
0.0
0.0
0.0
0.0
0.0
0.0
0.0
0.0
0.0
0.0
0.0
0.121575435914
0.127289297423
0.13119230465
0.135911201881
0.141282471254
0.0
0.0
0.142840476585
0.14598099188
0.0
0.0
0.0
0.0
0.142829100615
0.13428794058
0.12717778285
0.0
0.0
0.0
0.0
0.0
0.0
0.0
0.117647688165
0.12008400554
0.122493426659
0.0
0.0
0.0
0.0
0.136062683186
0.135703640506
0.139934423595
0.137346532708
0.0
0.0
0.0
0.0
0.170524214627
0.0
0.181192431385
0.0
0.0
0.0
0.0
0.0
0.183574506884
0.173394730003
0.0
0.162752221859
0.0
0.159465367774
0.154236955815
0.149841110403
0.144628549751
0.135407646704
0.126460267838
0.120149796146
0.112213092664
0.105976300239
0.0991364709657
0.0941874057545
0.0875276289576
0.0806136238921
0.0741214972999
0.0663725532135
0.0590170593192
0.0518131587644
0.0452488564168
0.0425061745565
0.036535748764
0.0
0.0
0.0
0.0
0.00603251224612
0.0
0.0
0.0
0.0
0.0
0.0
0.0
0.0
0.0
0.0638649454044
0.0
0.0
0.0952977112266
0.0
0.107839247481
0.0
0.0
0.0
0.0
0.0
0.0
0.0
0.0
0.0
0.0
0.0
0.0
0.0
0.0
0.0
0.0
0.0605514620409
0.0
0.0
0.0631260001079
0.0
0.0
0.0
0.0
0.0
0.0
0.0
0.0
0.0583983998887
0.0475147791003
0.0
0.0
0.0
0.0
0.0
0.0
0.0229797865972
0.0211974377087
0.0162161403723
0.0118926190515
0.0100687287573
0.00620186265911
0.0
0.0
0.0
-0.00970568587281
-0.0201037424034
-0.0237491322681
-0.0296971867867
-0.0342189554138
-0.0376045281074
-0.0385399779329
-0.0399897223247
-0.0409586713007
-0.0417159477372
-0.0417343183296
-0.0395278702945
-0.0351741428482
0.0
0.0
0.0
0.0
-0.0317211669116
-0.0395278362584
-0.043622632905
-0.0448109161711
-0.0461043603806
-0.0480703293454
-0.0494256769055
-0.0507591890124
-0.0511555215723
-0.051816470222
-0.050588196412
-0.0497750562809
-0.0487645756851
-0.045529819445
-0.0426250364721
-0.0385462831239
-0.0349065661976
-0.0319303148917
-0.0306284478471
-0.0286497521517
-0.0286882804686
-0.0269223726131
-0.0230508658911
-0.0195150398929
-0.0145607853931
-0.00935051085483
-0.00477408889245
-0.00285887063324
0.0045582693065
0.0
0.0
0.0
0.0
0.0
0.0
0.0
0.0
0.0
0.0
0.0
0.0
0.0
0.0454201796557
0.0275090449801
0.0249498511639
0.0186400020892
0.00929905581433
0.000786732964899
0.0
0.0
-0.0170239142695
-0.0182983892762
-0.0183822426136
-0.0170006261865
-0.0195306120466
-0.0221929369608
-0.0223874092894
-0.0218233593753
-0.0189537505815
-0.0146378513891
-0.0126070558022
-0.00966435108031
-0.00685114985819
-0.00336042607085
0.000976041979479
0.00498935987552
0.0123144417169
0.0280634747966
0.0428828204815
0.0537512455364
0.0
0.065714640243
0.0724190623808
0.0694897480893
0.0713626518893
0.0756138525118
0.0
0.0
0.0
0.0
0.0800386849536
0.0765717609762
0.0736505378636
0.0738612325357
0.0720017180425
0.0658397161129
0.0604468299461
0.0561796186312
0.0503702869686
0.0450895537685
0.0382665143181
0.0324979571925
0.0271464899888
0.0209539055858
0.0163528908929
0.0146706430727
0.0137289771544
0.0136514916315
0.0141273575567
0.0154531461246
0.0217727289007
0.0282258156451
0.0343379304227
0.0385747054312
0.0458689108683
0.0
0.0642333919563
0.0772528385697
0.0904860992276
0.0
0.0
0.0
0.0
0.0
0.0
0.0
0.0
0.0
0.119583118409
0.121078489217
0.119938530065
0.112586440259
0.103386551153
0.0966446766481
0.0915875907781
0.0869179106937
0.0831222563002
0.0735801501901
0.0616711998113
0.0483822844054
0.0415576641436
0.0335542666
0.0231789677134
0.0184777903143
0.0163422646908
0.00832737792496
0.00311866305147
0.000437995599502
-0.00490009818839
-0.00917209683488
-0.0150478897493
-0.02099912329
-0.0246736464941
-0.0268871551175
-0.0282211088612
-0.0311980718904
-0.0340788420418
-0.0361327852768
-0.0354978302959
-0.035816452595
-0.0365545826279
-0.0364221781538
-0.0349975889561
-0.0329128032164
-0.031991141217
-0.0310265029604
-0.0300039243681
-0.0295500599931
-0.0271720363643
-0.0252064838308
-0.0230582845003
-0.0163993910237
-0.00759298155995
-0.00475426141965
-0.00531455904807
-0.00461887748718
-0.00201523076357
0.00206840317061
0.0136360717945
0.0
0.0
0.0347485822333
0.0
0.0
0.0
0.0570048081694
0.0666008438467
0.0700665704831
0.0741853744251
0.0855173973958
0.0
0.0
0.0
0.0
0.0
0.0
0.0
0.0868840692773
0.0806774118536
0.0752229015434
0.0
0.0
0.0
0.0
0.0
0.0
0.0
0.0
0.0
0.0
0.0
0.0
0.0590362237201
0.0591946638258
0.0620750587057
0.0624802262721
0.0650366494321
0.0657381390046
0.0660709957035
0.0666516966727
0.0715309298613
0.0768830665554
0.0821123608525
0.0870777419299
0.0884414079685
0.0923886818187
0.0961922550292
0.0938252966499
0.0
0.0968278131067
0.0942371450779
0.0925390903439
0.0927934986722
0.0
0.0942364620983
0.0
0.0
0.0951997522148
0.0910699055906
0.0935930103972
0.0948084793425
0.0932127995978
0.093873609556
0.0963705048513
0.0925812182494
0.0889958947762
0.089373910491
0.0906774977559
0.0908494535177
0.0923830615162
0.0953714930676
0.0997091287634
0.0
0.0
0.0
0.0
0.100250846597
0.0979376738759
0.0906024119652
0.080391551413
0.071375053216
0.0684202458018
0.0676253906773
0.0651102959719
0.0662874344235
0.066990840411
0.0706996370315
0.0740822185406
0.0
0.0
0.0
0.0
0.108149148487
0.113441740314
0.124545476389
0.0
0.0
0.0
0.0
0.0
0.0
0.0
0.0
0.0
0.0
0.0
0.0
0.0
0.0
0.0
0.0
0.0
0.0
0.0
0.0
0.0
0.0
0.0
0.0
0.0
0.0
0.0
0.0
0.0
0.0
0.0
0.0
0.0
0.0
0.0
0.0
0.0
0.0
0.0
0.0
0.0
0.0
0.0
0.0
0.0
0.0
0.0
0.0
0.0
0.0
0.0
0.0
0.0
0.12293751509
0.120114407535
0.118754570175
0.119861964771
0.12090900294
0.121901689949
0.123161449779
0.126301571293
0.127668177362
0.131044234025
0.134395116668
0.137284137753
0.0
0.0
0.0
0.0
0.0
0.0
0.208283953722
0.205893203269
0.210826414906
0.0
0.0
0.0
0.0
0.0
0.0
0.0
0.0
0.0
0.0
0.0
0.0
0.0
0.0
0.0
0.0
0.0
0.0
0.0
0.0
0.0
0.0
0.0
0.156355004472
0.156069588338
0.156522201447
0.150040643178
0.0
0.141515687198
0.0
0.0
0.126103521103
0.123486160858
0.118213088715
0.116674842865
0.116327571926
0.115483776788
0.115920368098
0.117693771842
0.118797538458
0.119958763901
0.120685694667
0.0
0.124381837009
0.12562535723
0.126915123645
0.135974386606
0.146750357428
0.150931026257
0.158337235922
0.0
0.0
0.0
0.0
0.0
0.0
0.0
0.0
0.0
0.283725449477
0.0
0.0
0.0
0.0
0.0
0.0
0.0
0.280827552377
0.267795820957
0.256860617996
0.0
0.0
0.0
0.212403634055
0.202005135554
0.193518923299
0.187291399542
0.186192239753
0.180753165516
0.175097219828
0.16935465056
0.0
0.157832371928
0.149873842357
0.141065881591
0.132381875968
0.127925004774
0.123019528861
0.119286467274
0.120995584253
0.120478779061
0.117125346066
0.117769160681
0.113746554868
0.11034427919
0.108743491791
0.103292948031
0.093828351313
0.087107098982
0.0788388465908
0.0722302395136
0.067584556657
0.0640332658527
0.0590836632581
0.0547772654042
0.0546238398703
0.0536823241479
0.0470463268278
0.0422408548989
0.0341077941832
0.0263419931146
0.0186625869512
0.0170228073936
0.0125900251765
0.0136398556699
0.0120880698307
0.00910678713951
0.0040901820199
-0.00134554905591
-0.0107439323266
-0.0165532273866
0.0
-0.0179959047311
0.0
-0.017698766109
-0.013992109332
-0.0143848937147
-0.0154095175378
-0.0137584621333
-0.00808776891501
-0.00732018574544
-0.00536779243032
-0.00308227298773
-0.000999795988673
0.00151827006756
0.00426478545032
0.00777442175109
0.0119424401286
0.0156227048898
0.0192410134897
0.0216932661149
0.0255305359206
0.0300558088687
0.0344774383516
0.0418579956962
0.0512978598934
0.0586275676041
0.063064092511
0.0677437724748
0.0
0.0
0.0666290077015
0.0652007175486
0.0696525460685
0.0
0.0
0.0
0.0
0.0
0.0653400454766
0.0625212961725
0.0588988302074
0.0571212356909
0.0540449540498
0.0529270468711
0.0517725115963
0.0497025346261
0.048434031724
0.04792741874
0.0474371115161
0.0468278681383
0.0500772562023
0.0485482010413
0.0484888242737
0.0478992417048
0.0489378923234
0.0534115168988
0.0562661762124
0.056834053393
0.0588219719288
0.0588983366241
0.0580282702804
0.0581579975787
0.0603869597167
0.0671042939538
0.068804833014
0.0715165010578
0.0
0.0
0.0
0.0741670993172
0.0730194564071
0.0
0.0644219496142
0.0505245019102
0.0426063114044
0.0404220597681
0.0366828417055
0.0322159832333
0.0306111198748
0.0258122921512
0.0229879881173
0.0196050110822
0.0161730136299
0.0125470774086
0.011307593889
0.0102756775336
0.00826824228602
0.00722352408249
0.0053964630012
0.00363863180555
0.00213718154874
0.000785817944383
-4.43742711426e-05
-0.00287484785859
-0.00683723353921
-0.00989200582601
0.0
-0.0128425308458
0.0
0.0
0.0
-0.0103585104863
-0.0108520761135
-0.013965398349
-0.0163074887037
-0.0184646752528
-0.0202175839893
-0.023897060984
-0.0258845968415
-0.0286678074139
-0.0332486274872
-0.0361343848358
-0.0386350804686
-0.040996612964
-0.0442129748424
-0.0469743892433
-0.0486873296146
-0.0506999410223
-0.0514343951962
-0.0502250116508
-0.0505780406257
-0.0511624534949
-0.0523216499194
-0.0529208266894
-0.0539367731239
-0.0553657520946
-0.0561766747127
-0.0575278451538
-0.0586281058207
-0.0591327928563
-0.0594053724448
-0.0590990406552
-0.0585858936776
-0.0578874856149
-0.0583747727296
-0.0585975538292
-0.0584235405935
-0.0570779185834
-0.0556392541586
-0.0540142980551
-0.0517104324433
-0.0503213005616
-0.0485755192966
-0.0476341836793
-0.0474583906054
-0.0470360145098
-0.0461182835355
-0.0448657175293
-0.0453057226715
-0.0447495665251
-0.040802641045
-0.040326028854
-0.0394067193931
-0.0369325125012
-0.0330613836834
-0.0295929097458
-0.0262231878595
-0.0238190343409
-0.022287603441
-0.0158277475903
-0.0162002355781
-0.0151769780634
-0.0127282258804
-0.0109944708384
-0.00818968685513
-0.00528556096479
-0.00240266447962
-0.00144918978182
0.00136519141906
0.00212518553211
0.00397369375448
0.00725875696953
0.00892040895101
0.0107591220027
0.0127832805062
0.0155969100883
0.0168908159866
0.0184109482266
0.0203125145137
0.0232952402901
0.0249841178496
0.0261293939039
0.0271324941546
0.0279965791425
0.0290384093183
0.0296551253711
0.030184916704
0.0298494542968
0.0299591172824
0.0310657282874
0.0320775833861
0.0331026226058
0.0328522690889
0.0327202849965
0.0
0.0313356218108
0.0318516478104
0.0319754803184
0.0318116483422
0.0314707662955
0.0310297463093
0.0314205848488
0.0348997639404
0.0315725265385
0.0300044154938
0.0294514938725
0.0292976349767
0.0291214270344
0.0293145398525
0.0278749170533
0.0260111210246
0.0245105760724
0.0225516382799
0.0211448601917
0.0201394604649
0.0186471130015
0.0173093402401
0.0166497100896
0.0156297325978
0.0139964878716
0.0131664342515
0.0109985306813
0.00985712769266
0.00834191935878
0.00717335544665
0.00556882218852
0.00240028108821
-0.00143280853029
-0.00326794676354
-0.00567349721983
-0.00709709465599
-0.00955460817997
-0.0121908273532
-0.0140440554593
-0.0162547471972
-0.0176830904231
-0.0187498918753
-0.0193230141721
-0.0207596181769
-0.0222367282186
-0.0239293372134
-0.0258359314688
-0.0273791380141
-0.0294247934854
-0.0320085249572
-0.0341527614583
-0.0355974410917
-0.0372074567364
-0.039176918635
-0.0422205635527
-0.0449091816232
-0.0470436478309
-0.048925650887
-0.0507159294156
-0.0519619888693
-0.0534651972457
-0.0544039836831
-0.0564683344087
-0.056867753878
-0.0572029977275
-0.057941445867
-0.0588522772361
-0.0592977666602
-0.0601820484128
-0.0603181175436
-0.0607534666288
-0.0633483883611
-0.0644490997635
-0.0647126611068
-0.0654518433917
-0.0661143835624
-0.0674809297571
-0.067671433726
-0.0685603284711
-0.0685078273754
-0.0684977727948
-0.0678133355268
-0.0681586704246
-0.0675666588965
-0.0672989417982
-0.0671469208074
-0.0669900830356
-0.0663272790503
-0.06559267786
-0.0652355073283
-0.0643521089207
-0.0635998321127
-0.0623485047111
-0.0615146489302
-0.0593660094194
0.0
-0.0574315779418
-0.0556014383249
-0.0543932708468
-0.0520391459833
-0.0502151793794
-0.049124501095
-0.0464741337094
-0.0454595655101
-0.0435504263423
-0.041556794228
-0.0395706194138
-0.0367040149679
-0.0340288142373
-0.032173120665
-0.0300199840368
-0.0276752315336
-0.0252275015984
-0.0226790957733
-0.0207151478168
-0.0177405484541
-0.0151138860251
-0.0124528447812
-0.00963278236749
-0.00804002909312
-0.0059878933882
-0.00374419862193
-0.00184552728876
0.000330040422307
0.00219308322284
0.00414829949079
0.00496755385461
0.0066762526742
0.00821148420856
0.00975366539923
0.0110740295771
0.0128880540642
0.012741397543
0.0143878644855
0.0160383754448
0.0175225214351
0.0186053150235
0.0198262515131
0.0210282828978
0.0223275235762
0.0233864240796
0.0237756384779
0.0243481503192
0.0250218493345
0.0255875538219
0.0261716888382
0.0275580638002
0.0280314570201
0.0285349604943
0.0311255408473
0.0299202418463
0.0303631843546
0.0299685688314
0.0296937560896
0.0289168679329
0.0287960760673
0.0285593040808
0.0
0.0
0.0
0.0
0.0328657746943
0.031282974658
0.0308755242805
0.0295787394051
0.0280827131488
0.0270626919742
0.0248305215868
0.0196569281633
0.0180662122752
0.015992494008
0.0145606473382
0.0126897441076
0.0107791137651
0.00908950576737
0.00731008444672
0.00601192741976
0.00403947589108
0.00239943591141
0.00142380417963
0.000157931151614
-0.00106127652693
-0.00313538051541
-0.00517028124324
-0.0073463271506
-0.00952693951626
-0.011554029057
-0.0132283130584
-0.0156999900289
-0.0176993410531
-0.0199017367845
0.0
-0.0238834583301
-0.0252953575429
-0.026832394181
-0.0288599438841
-0.0309510733434
-0.0324654687029
-0.0342725297775
-0.0358341278449
-0.038358937734
-0.0401164256079
-0.0419916785859
-0.0439974991886
-0.0456980102186
-0.0470063538196
-0.0479441364501
-0.0490787949264
-0.0506388150765
-0.0520250807053
-0.0534266096702
-0.0550177287292
-0.056065418817
-0.0564139167876
-0.0570723234467
-0.0590497630177
-0.0605226253393
-0.0605559535628
-0.0610591397572
-0.0615244805934
-0.0616426093447
-0.0623073835119
-0.0627994494576
-0.0635592946266
-0.064331475118
-0.0655697644203
-0.0665379986887
-0.0681111829527
-0.0689497429133
-0.0706408458252
-0.0715438985175
-0.0731007451039
-0.0737097723278
-0.0747592039279
-0.0762980093233
-0.0780670017597
-0.0789067706879
-0.0786935863058
-0.0793212756262
-0.0796595873135
-0.0786322963599
-0.0771788010723
-0.0761754007043
-0.0747868257915
-0.0719637950988
-0.0688648604214
-0.0663733639443
-0.0635795460807
-0.0591916165588
-0.0537626446456
-0.0511948143685
-0.0494225388029
-0.0493658022259
-0.0447340372573
-0.0421458338093
-0.0402977337385
-0.0361467016696
-0.0321537663732
-0.0291989066447
-0.0254103568841
-0.0218969432488
-0.0190210576851
-0.0168839110478
-0.0155975796159
-0.0150147227507
-0.01236894715
-0.00962464103275
-0.00663892473009
-0.00436012152989
-0.00160201920773
1.75602256745e-05
0.00148241812812
0.00314527226128
0.00544996456103
0.00689653049385
0.00770431619056
0.00888364472352
0.0101194580499
0.0111058798059
0.0124324737296
0.0127901663976
0.013338204784
0.0130289929613
0.0128060669927
0.0130505626859
0.0147373321087
0.0153534024906
0.0
0.0160905069652
0.0171796030362
0.0176961611966
0.0186306180229
0.0195217999953
0.0203126492574
0.0207654814691
0.0206897736823
0.017531637807
0.0
0.025692559927
0.0
0.027981181578
0.0302281850049
0.0307515323661
0.0309865043606
0.0
0.0
0.0
0.0
0.0
0.0318560963017
0.0243348265241
0.0200108539087
0.0151497471628
0.0121926309449
0.00850030654842
0.00549031901967
0.00363682712989
0.00209893197811
0.00382007044071
0.00234594197233
-0.000219055067778
-0.00214540089653
-0.00507547984767
-0.00674285905908
-0.0105623936445
-0.0125254885801
-0.0122577188425
-0.0137363009651
-0.0144499208783
-0.0151929815742
-0.0172087501037
-0.0185912744867
-0.0197723143168
-0.0216598980507
-0.0232956923898
-0.0255236833536
-0.026895775911
-0.0288623648493
-0.0304437605816
-0.0313189725935
-0.0329569438135
-0.0348488625813
-0.036664317327
-0.0389766396902
-0.0410354194337
-0.0421188916012
-0.0445657891718
-0.0477579184459
-0.0500107501912
-0.0508154903019
-0.0525203224679
-0.0535586877191
-0.0546330062724
-0.0556232162025
-0.0543449572346
-0.057380150615
-0.0587179303253
-0.0595960180993
-0.0605120606981
-0.0619065788753
-0.062012467542
-0.0630320666108
-0.0637624785423
-0.0647574163354
-0.0656871541125
-0.0664230999599
-0.0676770941933
-0.0681442487932
-0.0682210496247
-0.0684148160841
-0.0690662390601
-0.0690874341425
-0.069716695483
-0.0695873554303
-0.069956405887
-0.0696823774291
-0.0689207583093
-0.0685859406241
-0.0683605007252
-0.0681226722135
-0.0677490866845
-0.0674024234439
-0.066442229482
0.0
-0.0654424234445
-0.0648289448031
-0.0644511868413
-0.0647214360346
-0.0638073039669
-0.0628657062742
-0.0620883996911
-0.0607246790735
-0.0581907446986
-0.0575559448729
-0.0561590239719
-0.0543745763688
-0.0547240983085
-0.0529778253601
-0.0513852001418
-0.0497894995677
-0.0477793609772
-0.0453784617362
-0.0430469300673
-0.0410773654814
-0.0391777207702
-0.0373613101886
-0.0355821179199
-0.0333320785238
-0.0306607796812
-0.0274125933253
-0.025028699127
-0.0222215529881
-0.0195996884964
-0.0171802209433
-0.0148200686166
-0.0123421695574
-0.00955654088876
-0.00731474706692
-0.00521762719649
-0.00282522119817
-0.00051498731353
0.00125727508678
0.00318081863076
0.00495073127576
0.00706015823408
0.00808610465277
0.00971814057537
0.0114474240137
0.0133159598156
0.0151542086116
0.0169551661152
0.0180402766908
0.0184872910422
0.0200965563353
0.021552802839
0.0224743651867
0.0241733166616
0.0256320861919
0.0264674162019
0.0278923409503
0.0290966765969
0.0299779506225
0.0304507126644
0.0310964800426
0.0316131073794
0.0318923158337
0.0316277942414
0.0312706810682
0.0322735636957
0.0332871132182
0.0350060783815
0.0368562332657
0.0380554529087
0.0395295382435
0.0403930462118
0.040785038879
0.0408351669308
0.040710072339
0.0398194325552
0.0393168802666
0.0386598806822
0.0374844495339
0.036337517471
0.0348182442914
0.0337113988595
0.0322222656217
0.0303226365295
0.0278823744345
0.0232366209479
0.0216034023647
0.020042376662
0.0191445962524
0.0179152559455
0.0170773744078
0.015949585488
0.0153237745738
0.0152189099898
0.0134264777114
0.0128090186495
0.0
0.0108699744051
0.00905417567163
0.00790142018758
0.00680061454279
0.00542918249837
0.00448003189898
0.00371495617204
0.00342550758399
0.00336352503252
0.00430306700586
0.00501662707884
0.00577805842128
0.00753349363631
0.00958783486084
0.0
0.0
0.0
0.0
0.0
0.0724704664083
0.100548460475
0.0
0.0
0.0
0.0
0.0
0.0
0.0
0.0
0.0
0.0
0.0
0.0
0.0
0.0
0.0
0.189815186842
0.191678166213
0.191429899306
0.182626850861
0.167342482386
0.15607897787
0.144987971637
0.132739073679
0.12128145735
0.111094410109
0.104197412603
0.0969689642714
0.0883420600009
0.0789951345596
0.0713363719121
0.0637834273359
0.0564813564677
0.0513211889868
0.0479935530611
0.0449118924991
0.0410629878841
0.0372480070379
0.0338550021989
0.0291255551198
0.0251180270585
0.0240259991004
0.0222916872894
0.0183576451099
0.015340879115
0.0129661062148
0.0100053370946
0.00698172730836
0.00569944838121
0.0043996327132
0.00276211709238
0.00166258098739
0.00158387512406
0.00267840407203
0.00447040451282
0.00483250088589
0.00523829295578
0.00648563095664
0.00566162947096
0.00542468923281
0.00603628976704
0.00598309564197
0.00664362773365
0.0
0.0
0.0
0.0
0.0
0.0
0.0
0.0
0.0
0.0
0.0416624884295
0.0388475474281
0.0
0.0
0.0
0.0375162113973
0.0378854808915
0.0384896485424
0.0394791812585
0.0397132170253
0.0397848675025
0.0403415753332
0.0410859721371
0.041643827863
0.0418244063247
0.0422860993764
0.043298598636
0.0431263173482
0.0429628634107
0.0431085757118
0.0428244408756
0.043457585956
0.0432802174613
0.0425745970126
0.0415089215353
0.0410435497063
0.0405338292417
0.0409643804602
0.040767282832
0.0405408727368
0.040213193772
0.0392930577475
0.0393211592558
0.0389403620662
0.0387314274934
0.0375560653406
0.036332098392
0.0361312798867
0.036509390767
0.0351692202513
0.033653332835
0.0331976956019
0.0319016134752
0.0310902428948
0.0295520002019
0.0288966095946
0.0266789653868
0.0265843321009
0.0284555255961
0.0246039821922
0.0222305395949
0.0203162326411
0.0188371567012
0.0179853864166
0.0158285975294
0.0138028506211
0.0116887548041
0.00973267252502
0.00786909824967
0.00645765054951
0.00510769664849
0.00323183035232
0.00135018466734
-0.000824563462302
-0.00245782465602
-0.00472633946351
-0.00624762006579
-0.00794135631207
-0.00931223020747
-0.0104705935195
-0.0125077373344
-0.0130918014165
-0.0150710318591
-0.0167044188556
-0.0180046700887
-0.0185206833232
-0.0190775141237
-0.020154751755
-0.0208435797305
-0.022175262532
-0.0237753015623
-0.02542476457
-0.0266542715105
-0.0281568209563
-0.0303547452874
-0.0323072013259
-0.0344009764016
-0.036312307467
-0.0380331700899
-0.0389996423289
-0.0406267269708
-0.0415932812011
-0.0431922285832
-0.0441699673386
-0.0450050576647
-0.0458440985828
-0.0466905884466
-0.0472599214897
0.0
-0.0470294121742
-0.0474030049031
-0.0472011791006
-0.0473410473576
-0.0470944394763
-0.0460239697404
-0.0458980270507
-0.0463123679318
-0.0459881808579
-0.0452890726887
-0.0444671282069
-0.0437540097082
-0.046716962906
-0.0453550340497
-0.0439885627313
-0.0424612604265
-0.0415469444834
-0.0398608981669
-0.0389629621442
-0.0375118919489
-0.0358513743053
-0.033915802708
-0.0325371761026
-0.0318094752325
-0.0303533280714
-0.0289620836768
-0.0272544034739
-0.0257349736649
-0.0240432985539
-0.0216402883843
-0.0201145664111
-0.0184488903169
-0.016792561512
-0.0149519888067
-0.0133910425406
-0.00932300251723
-0.00690607078368
-0.00519696201124
-0.00356652519894
-0.00190818660964
3.33215498793e-06
0.00191100428884
0.00318464940687
0.00515790589118
0.00650126473981
0.0086376270259
0.0108143779506
0.0128999169053
0.0148887184176
0.0166434195045
0.0180623803297
0.0192349037306
0.0205740258936
0.0218339811036
0.0242384226584
0.0237586480434
0.0247936703357
0.0259616111709
0.0264522798011
0.0303097266526
0.0305157376937
0.0313561063131
0.031768620688
0.0313760107716
0.0320227399912
0.0322953557258
0.0327836874946
0.0318610221139
0.0307075641306
0.029702964305
0.0291473836838
0.0285810127854
0.0277122567552
0.0275386823202
0.0267870191466
0.0263641312122
0.0255489283929
0.0248464759684
0.0234063390506
0.0229720375821
0.0219929595265
0.0219137159008
0.0209780915577
0.0238948939774
0.0231427911708
0.0223056253011
0.0212885789883
0.0203232548112
0.0201988887558
0.0203638609877
0.0195853812919
0.01965726036
0.0192707083752
0.0172862751571
0.01563413334
0.0
0.0122456518769
0.0139274562174
0.0133537571375
0.0120377827314
0.00876899081659
0.00497112737742
0.0021088970004
-0.000181461310932
-0.00181697574499
-0.00296848395758
-0.00570246439198
-0.00748036687075
-0.0085091366487
-0.0108347713593
-0.0134444047368
-0.0160489320382
-0.0194063435647
-0.0212942395508
-0.0234233683674
-0.0257959084274
-0.028673254768
-0.0309784897789
-0.0334773998128
-0.0329689230202
-0.0355387884695
-0.0379183936918
-0.0399243225424
-0.0425955338506
-0.0445093770496
-0.0461583866651
-0.0464926829701
-0.0468844580457
-0.0473426193753
-0.0494241583183
0.0
0.0
0.0
0.0
0.0
0.0
0.0
0.0
0.0
0.0
0.0
0.0
0.0
0.0
0.0
0.0
0.0
0.0
0.0
0.0
0.0
-0.0443876440638
-0.0422003712145
-0.044540023697
-0.0445437126747
-0.0461767793886
-0.0462110644435
-0.0473674354595
-0.0493948920581
-0.0485466235571
-0.0472057687663
-0.0456547321849
-0.0424605375239
-0.040465780555
-0.0368756368641
-0.0332873201712
-0.0287512829689
-0.0268993963431
-0.0238529710519
-0.024295655773
-0.024993562865
-0.0269994491169
0.0
-0.0272910891021
-0.0257673519991
-0.0244968123539
-0.0230920380737
-0.0206048839813
-0.0172804362553
-0.0164654415015
-0.0126906658473
-0.00931433828799
-0.00456776082682
0.00933400059381
0.0
0.0195476673552
0.0201147772033
0.020253320728
0.0210512317148
0.0201588167936
0.0186204196647
0.0
0.0277698673279
0.0269370330625
0.0270219259841
0.0275278211364
0.0283776003222
0.028976197639
0.0307927844732
0.0351430747271
0.034271777917
0.0320183763041
0.0322009008074
0.032683257209
0.0330574325258
0.0332609518945
0.0335289137904
0.0346395375528
0.0350795417858
0.0352959811184
0.0363560208161
0.0362624151521
0.0360622863936
0.0359063549663
0.0358337758491
0.0393573891076
0.0402825011289
0.0414506978149
0.0415787179946
0.0402806666779
0.0387497449858
0.0370830950026
0.0360672085328
0.0348263654408
0.0336877888925
0.032715831028
0.0331245494238
0.0344131584021
0.0338625211084
0.0331386369504
0.0319156872398
0.0307050749259
0.0293930586519
0.0282398416127
0.0268211427413
0.0259567909398
0.0247610945064
0.0232449167068
0.0228084374387
0.0244393824815
0.0231316621247
0.0219389137896
0.0208455762672
0.0190012029271
0.0180002399746
0.0164635674005
0.015061273646
0.0126991043387
0.0104335243278
0.0084137847714
0.00633350096903
0.00809492394314
0.00596168165024
0.00453976859956
0.00310087641359
0.0017771067026
-0.000199696271766
-0.00244507845912
-0.00480601452339
-0.00714624743023
-0.00961254035571
-0.0121195159649
-0.0146495513322
-0.0123702190895
-0.0144432882455
-0.0163033227907
-0.0173763568165
-0.0201126373812
-0.0219327473244
-0.0234938066428
-0.0256194094013
-0.0274744014979
-0.029084147714
-0.0298232903361
-0.0277410868623
-0.026381153033
-0.0307100809232
0.0
0.0
0.0
0.0
-0.0306773794581
-0.0329678267511
-0.0337876048807
-0.034630366313
-0.0354008727728
-0.0365314711569
0.0
-0.041540630166
-0.0425086306546
-0.0422553995264
-0.0408444727959
-0.0401097282113
-0.0394911781516
-0.0393644119874
-0.0394262571408
-0.0400655080901
-0.041690186518
-0.0424591509829
-0.0416643454288
-0.0432991375409
-0.0434719161793
-0.0443669023683
-0.0454019266206
-0.0468000974345
-0.0473962181637
-0.0477518545909
-0.0478519215089
-0.0465031062758
-0.046932643775
-0.0468693160676
-0.0462149637536
-0.0453504100993
-0.0444913407291
-0.0433862742088
-0.042403913839
-0.0411666320352
-0.0398365557635
-0.0389170585382
-0.0379512416526
-0.0365058805769
-0.0358882722408
-0.0344503375676
-0.0333681077273
-0.0330536665917
-0.0319134946839
-0.0311749090135
-0.0296966741184
-0.0284939828695
-0.027437431636
-0.0260126152086
-0.0239563754777
-0.0218236867446
-0.0198010110242
-0.0171476277543
-0.0136141570816
-0.0110814938911
-0.00943664471695
-0.00788730891955
-0.00596020819651
-0.00478012517584
-0.00262250724857
-0.00172912904156
-0.000655790431103
0.000353664143139
0.00244500476699
0.00573796297526
0.00821575541534
0.00923304884043
0.0104284578036
0.0121389788843
0.0127167069545
0.0133608765632
0.01437525158
0.0153808681257
0.0168191310473
0.0181647226444
0.0190965197033
0.0203704407383
0.0217844065563
0.0214551800091
0.0219404972502
0.0221329324898
0.0216993086692
0.0219153418579
0.0219782884629
0.0225109864741
0.0234884063123
0.0249441941991
0.0264512808171
0.0284712177576
0.0283282581111
0.0277721829885
0.0263401014662
0.0254697986834
0.0243637792281
0.0244319087488
0.0241972880378
0.0236588169911
0.0239453314945
0.0243132204955
0.0245963632002
0.0252241629376
0.0
0.0239624025268
0.0239256811906
0.0245992965732
0.025475138281
0.0236924081278
0.0216422944656
0.0189800717624
0.0168057759656
0.0150448992062
0.0142808731054
0.0129347385227
0.0129123490502
0.0104202832041
0.00756712146993
0.00432835835714
0.00104909286498
-0.00212293324131
-0.00491861391093
-0.00760288276876
-0.00989624253247
-0.0125157138146
-0.0152566871589
-0.0175038185303
-0.0171706656156
-0.0189957020102
-0.0215196949764
-0.0259074198828
-0.0284406545752
-0.0312020287131
-0.0345282538449
-0.0370014250112
-0.0390167866122
-0.0396590557642
-0.0409472753233
-0.0419722870297
-0.0406038594926
-0.0415028172593
-0.0420116820207
-0.042911049734
-0.0436261139346
-0.0454094362253
-0.0474717322652
-0.0495042124396
-0.0508594080688
-0.0528644763382
-0.0535953014982
-0.0535752052666
-0.0499275491489
-0.0507728822468
-0.0509266712562
-0.0516234959059
-0.0515360201884
-0.0517403525262
-0.0520121480571
0.0
-0.0504343815399
-0.0524256242015
-0.0528713487858
-0.0529889824629
-0.0507452056622
-0.0498158637307
-0.0484798895338
-0.0467549265816
-0.0440809165394
-0.0406199055684
-0.0369478446399
-0.0327895725371
0.0
0.0
0.0
0.0
-0.0115219986127
-0.00789468685756
-0.0024497950031
-0.000510436004751
0.0
0.0
0.0
0.0720842878839
0.0986460969128
0.0
0.0
0.0
0.0
0.0
0.0
0.0
0.0
0.0
0.0
0.0
0.0
0.0
0.0
0.0
0.0
0.0
0.0
0.0
0.0
0.0
0.0
0.0
0.0
0.0
0.0
0.0
0.0
0.0
0.0
0.0
0.0
0.0
0.0
0.0
0.233799591784
0.221893510533
0.217529006379
0.0
0.194705271026
0.189288002641
0.185999321922
0.1794754369
0.170280111128
0.158541083698
0.152096207462
0.140336508179
0.0
0.126794385964
0.122783721174
0.11947760116
0.116496752115
0.112261076358
0.1093922234
0.109280626174
0.0
0.0
0.0
0.098999615645
0.0
0.0955881260575
0.0
0.0
0.0
0.0
0.0
0.0
0.0
0.0969272743498
0.103130856164
0.1243661811
0.0
0.127685583181
0.129738417236
0.139566661261
0.142310750745
0.0
0.0
0.0
0.0
0.0
0.0
0.0
0.0
0.0
0.0
0.0
0.147796449361
0.14950950805
0.14560655155
0.140995369834
0.144050917257
0.0
0.0
0.0
0.133887226559
0.0
0.0
0.0
0.130854306011
0.135198587905
0.0
0.0
0.0
0.0
0.0
0.194259932461
0.0
0.0
0.0
0.0
0.0
0.0
0.2663211341
0.0
0.0
0.269820751281
0.26791130274
0.265908218258
0.266534363072
0.0
0.25577853995
0.245339404321
0.239171462981
0.24175807764
0.236235533273
0.226394537329
0.0
0.225880150617
0.228162802169
0.227246295383
0.0
0.223230668471
0.0
0.0
0.0
0.0
0.0
0.0
0.0
0.0
0.0
0.0
0.0
0.0
0.0
0.0
0.0
0.229338904465
0.215536354688
0.212333252213
0.0
0.0
0.0
0.164599201568
0.145204001558
0.0
0.0
0.0
0.111839814033
0.111098846006
0.111888614414
0.0
0.0
0.0
0.112334892648
0.1144929553
0.11677409396
0.117097994427
0.11766115058
0.118803814607
0.120291864068
0.124163623772
0.132768901288
0.142438230367
0.147519549959
0.152848848798
0.163406192202
0.169955195424
0.173377277453
0.17558331334
0.173070069562
0.175817959635
0.181905413001
0.187874340639
0.193057688656
0.196064623821
0.200928530857
0.204546717075
0.209056110686
0.215663446085
0.0
0.0
0.0
0.0
0.0
0.0
0.216214624517
0.213223915639
0.208575145328
0.203735240087
0.200594912201
0.201105055723
0.194771066944
0.0
0.188659482658
0.172016953277
0.0
0.0
0.149010235417
0.144010442199
0.139683254128
0.137201678825
0.137689167365
0.138835036971
0.137652272116
0.133923944914
0.128443821514
0.122871677854
0.116795943114
0.110065744898
0.104512350348
0.099320023485
0.0939901165576
0.0890154259204
0.0846749414008
0.0799099698318
0.0760464258888
0.0718933776496
0.0675767859125
0.0639400149656
0.0611174376246
0.0563300653724
0.0516065571497
0.0463472777967
0.0414166022029
0.0359156000139
0.0307422967071
0.0257553857522
0.0226682177382
0.0205718224346
0.0157546130302
0.0131845027298
0.0123035742757
0.0105497727402
0.0100425015558
0.0129150666296
0.0127674991233
0.0095555269404
0.00619062867012
0.00469043751265
-0.000200325323108
-0.00340044525936
-0.0067643172007
-0.00965016102314
-0.0110043690344
-0.0149975750778
-0.0187574843973
-0.0210612993587
-0.0241180272192
-0.0274895047831
-0.0305295041917
-0.033225803676
-0.036877201037
-0.0394870491662
-0.0407191966906
-0.0422469108164
-0.0445089878465
-0.0457727251548
-0.0470081002312
-0.049171779961
-0.0514088092865
-0.0538749326075
-0.0562797354162
-0.0581208365475
-0.059538857717
-0.0601971227686
-0.0606328569904
-0.0606347715483
-0.0611121937117
-0.0610853251557
-0.0604148320709
-0.060113393674
-0.0605584501857
-0.0604796678547
-0.0607373288141
-0.0603041591814
-0.0578099721781
-0.0547884606485
-0.054451520353
-0.0528641918978
-0.0527521215269
-0.0521778567532
-0.0520742888046
-0.0518832883973
-0.0515600663521
-0.0514653598489
-0.050453414879
-0.0490271727965
-0.0466718749685
-0.0435424795667
-0.0407746027279
-0.0373495281189
0.0
-0.0353301141396
-0.0332839552508
-0.0304611759897
-0.0276937748838
-0.0242594134248
-0.0225476247438
-0.0213372471653
-0.019824684074
-0.0184949181789
-0.0170833605885
-0.0162070862286
-0.0131480667575
-0.0117727214832
-0.0106273148262
-0.00850681904829
-0.00824403242328
-0.00737127565481
-0.00595051138373
-0.00430401127518
-0.00338286156328
-0.00239376695805
-0.00164264315744
-0.000729042285469
0.00290647337796
0.0
0.0
0.0
0.0285771350569
0.0
0.0
0.0
0.0
0.0
0.0
0.0
0.0265739247648
0.0243633956106
0.020717671175
0.0178667479514
0.0176230281993
0.0165164864365
0.0149683612109
0.0139776043103
0.013664448112
0.0156767264761
0.0170935729594
0.017613141001
0.0200745926163
0.0187566881296
0.0194572395196
0.0191832465135
0.018218349266
0.0167682211231
0.0156977664978
0.015993994865
0.0141519457912
0.0136946414155
0.0132524637156
0.0128155150863
0.0148102607306
0.0135672868381
0.0126710538366
0.01132583168
0.0117306263505
0.0112918945137
0.010672014223
0.010005633763
0.0100048922121
0.00986254068804
0.00941873214223
0.0115054757002
0.0136996651137
0.0
0.0180463526446
0.0165155099329
0.0
0.0155704315052
0.0141059049253
0.0
0.0
0.0151698009781
0.0
0.0
0.0127908950439
0.00545405798942
-0.000841050080042
-0.00438929872713
-0.00571186680918
-0.00678466013577
-0.00717351292251
-0.00523575343342
-0.00315148773541
-0.00510310694212
-0.00587796382469
-0.00604368058082
0.0
-0.00497761594481
-0.00303034946267
0.0
-0.00657300243623
-0.0114181152032
-0.0165399084283
-0.0162345546175
-0.0190918228913
-0.0217784595331
-0.0253432208868
-0.0283739059064
-0.0283475139157
-0.0312507664694
-0.0338144147926
-0.0368259171884
-0.0400216777603
-0.0429870095944
-0.0442970562833
-0.0462536280806
-0.0484167647582
-0.0505482417537
-0.0523814383658
-0.0545255349643
-0.0565272463521
-0.0575994084051
-0.0587179268026
-0.0584770067944
-0.0595951954807
-0.0603415338281
-0.0602821924897
-0.0611609639261
-0.0619427121609
-0.061568601575
-0.0601329881648
-0.0594110067794
-0.0594593144965
-0.0587387588791
-0.0578532327608
-0.0563687023494
-0.0544769535381
-0.0557977419468
-0.0553988237622
-0.0540656792375
-0.0538431877152
-0.0525690260053
-0.0514026634816
-0.049735170338
-0.0455865644329
-0.0439562316321
-0.0424679601174
-0.0408740665763
-0.0385314261055
-0.0374996824205
-0.0354126940999
-0.0336891834877
-0.0312894622893
-0.0291819682508
-0.026599440549
-0.0245964568415
-0.0221704753943
-0.0200563899797
-0.0187024648229
-0.016916704597
-0.015152204343
-0.0140744380431
-0.0133263328846
-0.0105486409274
-0.00784078363888
-0.00660996645545
-0.00491604120037
-0.00303072157664
-0.000617101409178
-0.000677229663235
0.000957395369438
0.00234706352054
0.00313112081146
0.00331035813166
0.00444738772731
0.00455013676222
0.00459804501539
0.00442749619482
0.00444593600379
0.00534939385724
0.00725360305793
0.00668600903683
0.00480216628668
0.00137425774891
-0.00392721517399
-0.00493152782434
-0.00448282639219
-0.00773982209051
-0.00980956869281
-0.00950309132438
-0.0098993565541
-0.0101491559073
0.0
-0.0125980653764
-0.0137963609733
-0.0141217824884
-0.0141122410918
-0.0139163862106
-0.0130992904462
-0.0134289560072
-0.0146329453411
-0.0149024865039
-0.0150245062282
-0.0152286041302
-0.0152703692004
-0.0146979921893
-0.0154268100113
-0.0156115016269
-0.0158123537399
0.0
-0.01216745618
-0.0136928310936
-0.0148738587593
-0.0155552343612
-0.0162533748882
-0.0167687508526
-0.0158055741834
-0.0169439811201
-0.0177715991961
-0.0182533283896
-0.0191377029948
-0.0198353077754
-0.0208415203659
-0.0215481843545
-0.0222832802192
-0.0232797117932
-0.025208047243
-0.026930070441
-0.0261070270918
-0.028339947671
-0.0301772869457
-0.0314387649437
-0.0331117103372
-0.0340061313808
-0.0343124610071
-0.0355747271816
-0.0368748521941
-0.0386941355175
-0.0401735555909
-0.0416685075264
-0.0420300005013
-0.0428452303809
-0.0449577587238
-0.0462018134934
-0.0482756714969
-0.0502889141812
-0.0519524235678
-0.0544057028933
-0.0560357883274
-0.0568166463558
-0.0578670649102
-0.0592882176553
-0.0588929000323
-0.0604452601198
-0.0621951168178
-0.0640012706482
-0.0650893910387
-0.0662158428781
-0.0669922955612
-0.067958745682
-0.0684037327452
-0.0684499300199
-0.0681914706616
-0.067812841529
-0.0689707164362
-0.0696825672487
-0.0701628628113
-0.0708413314923
-0.0710215947758
-0.0710304697291
-0.0702987678462
-0.0698901816949
-0.0688561264285
-0.0679441135806
-0.0677137428148
-0.0672377592542
-0.0705883112698
-0.0698820137162
-0.0695109354307
-0.0693114526076
-0.0679430982945
-0.0663305408983
-0.064655101486
-0.0624989193668
-0.0609036372903
-0.0594418663531
-0.0578817220101
-0.056297649016
0.0
-0.0575259148419
-0.0560336678345
-0.054635199634
-0.0534121518441
-0.0518830857359
-0.0485995939163
-0.046330174854
-0.0450002102604
-0.0420645542367
-0.039569915173
-0.0370538381223
-0.0340220079373
-0.032636506828
-0.0308458099415
-0.0267525360725
-0.0256086472808
-0.0240840677498
-0.0223441825694
-0.0211759809713
-0.0185471100104
-0.016394872182
-0.0143013542645
-0.0129995194661
-0.00820041129138
-0.00627501837256
-0.00484940498352
-0.00356822162469
-0.00230387052966
-0.000768836766178
-4.46702111132e-05
0.00123268835161
0.00234661585849
0.00379250908972
0.00486196377259
0.006262578773
0.0105358428063
0.0116059327052
0.0125656278116
0.0135666553983
0.0144914267732
0.0149204232122
0.0151394595811
0.0161721207386
0.0165879251356
0.0167503312707
0.0171039342408
0.0182272218678
0.0205062696841
0.0203545457197
0.0201029135659
0.0202177240463
0.0195060990394
0.0189946785539
0.0183281769303
0.019285329793
0.0191737980336
0.0172666755189
0.0160459111743
0.0145984830871
0.0155062218395
0.015285426518
0.0148510242793
0.0141209718954
0.0133428863044
0.0120356543431
0.0102012319221
0.0086217866892
0.00703971036997
0.0057938880348
0.00410472962372
0.00286591661857
0.00116865817741
-0.000632053499626
0.0
-0.00362161755864
-0.00454944246401
0.0
0.0
0.0
-0.00346600833282
-0.00794966889466
-0.0102921962952
0.0
-0.0164990636281
-0.0196281598802
-0.021225906305
-0.023154236439
-0.0248428828196
-0.0266728554954
-0.0290611504631
-0.0313928615905
-0.0336503231128
-0.0355788469855
-0.0376138143304
-0.0396708529371
0.0
-0.0384900883455
-0.0413691436078
-0.0439810034146
-0.0458795729685
-0.0480590305699
-0.0499261424559
-0.0514619009177
-0.0536133332373
-0.0556618122554
-0.0571673608401
-0.0595181326633
-0.0617888093609
-0.0641160957834
-0.0664087387268
-0.0654099987949
-0.0683126496367
-0.0709798811704
-0.0722809049618
-0.0742381944698
-0.0764855698438
-0.0773906670362
-0.0786489109275
-0.0791318866859
-0.0802760083181
-0.0810666666634
-0.081770187842
-0.0819087823333
-0.0825924802114
-0.0834874242297
-0.08379756455
-0.0841439445517
-0.0841075583638
-0.0834153825989
-0.0828718944273
-0.0821492915587
-0.080630670936
-0.0802186546942
-0.0793564776153
-0.0778590558467
-0.0768211182695
-0.0749848886853
-0.070308125117
-0.0687770978611
-0.0668284812988
-0.063186315503
-0.0587829491285
-0.055871940754
-0.0506136898824
-0.0460828041759
-0.0406218510872
0.0
0.0
-0.0266449218895
-0.0230800449869
-0.0198126002775
-0.0148294175066
-0.0100429654698
-0.00133303754974
0.00985112944807
0.0203465069257
0.040574777058
0.0375723936447
0.0
0.0
0.0
0.0
0.0
0.0
0.0
0.0
0.0
0.159744578538
0.168050516635
0.0
0.0
0.0
0.0
0.0
0.188577492431
0.0
0.0
0.0
0.0
0.0
0.0
0.0
0.0
0.0
0.213974334552
0.224530202061
0.0
0.0
0.0
0.0
0.0
0.0
0.0
0.0
0.0
0.0
0.0
0.0
0.0
0.0
0.0
0.0
0.0
0.0
0.0
0.0
0.0
0.0
0.0
0.0
0.0
0.0
0.0
0.0
0.0
0.204590516098
0.190944431309
0.18808110995
0.187188171407
0.184893599885
0.0
0.0
0.0
0.0
0.0
0.0
0.0
0.0
0.0
0.226563485369
0.256898236005
0.0
0.0
0.0
0.0
0.315323465019
0.329361884975
0.0
0.0
0.0
0.0
0.0
0.0
0.0
0.0
0.0
0.0
0.0
0.0
0.0
0.0
0.0
0.0
0.0
0.330061882209
0.0
0.0
0.0
0.0
0.0
0.0
0.0
0.276395179441
0.25623558242
0.241621957412
0.235534641575
0.229562765246
0.212341041857
0.0
0.0
0.0
0.0
0.0
0.0
0.0
0.113742588085
0.11054165098
0.111324916174
0.0
0.0
0.0
0.0
0.0
0.0
0.0792376926987
0.0762710372401
0.0
0.0
0.0
0.0
0.0
0.0
0.0
0.0
0.0
0.0
0.0968953271071
0.0
0.0
0.0
0.0
0.0
0.0
0.0
0.115053733663
0.112609769324
0.115352689501
0.11427150587
0.117054187068
0.118229711676
0.11983209826
0.122800044088
0.0
0.0
0.0
0.0
0.0
0.0
0.193110032914
0.0
0.0
0.0
0.215763811909
0.0
0.212491148263
0.214090488968
0.0
0.0
0.0
0.0
0.0
0.0
0.0
0.0
0.0
0.0
0.0
0.0
0.0
0.0
0.0
0.0
0.0
0.0
0.0
0.0
0.0
0.0
0.0
0.0
0.0
0.0
0.0
0.0
0.0
0.0
0.0
0.0
0.0
0.0
0.0
0.23994544469
0.229557035137
0.216245844739
0.207236611007
0.19986277259
0.192640731383
0.187236751995
0.179546026572
0.170697519124
0.163015370695
0.155408062047
0.14518488416
0.140276803862
0.134124108863
0.127057209179
0.122750504057
0.120454249556
0.116136304896
0.109377955351
0.102538799065
0.0966154549676
0.0917332670884
0.0
0.0796873050086
0.0772496775491
0.0736622083066
0.0668434256173
0.0585970000047
0.0510551765482
0.0450426882128
0.0408095117689
0.0376225681009
0.0351555422149
0.0318244859591
0.0281252931745
0.0246337092441
0.0213211019254
0.0167632473991
0.0121195565323
0.0089122603527
0.00492767057517
0.000763722410065
-0.00385512731566
-0.00678679501495
-0.00946209243459
-0.0120362145372
-0.0153833395243
-0.0191123879212
-0.0199299315665
-0.02149337332
-0.0233656927394
-0.0259571540222
-0.0282331974675
-0.0307925938412
-0.0339149274381
-0.0363027815486
0.0
-0.0385939162657
-0.0447823179399
-0.0486788745584
-0.0523236726324
-0.0545372452396
-0.0570579313691
-0.0591100314115
-0.0612867708064
-0.0619757223912
-0.0622923523015
-0.0628951293118
-0.0629258286413
-0.0631787190263
-0.0631183623805
-0.0659334970908
-0.0654505840539
-0.0632633312856
-0.0639014949899
-0.0636450294383
-0.0627054335399
-0.0608760731243
-0.0577499098494
-0.0529629196969
-0.0552346926363
-0.0544918499156
-0.0548676722761
-0.0541229218386
-0.0528005787042
-0.0513353250261
-0.0502304122968
-0.0488739757637
-0.0476118246526
-0.0447719518034
-0.0423675622112
-0.0395604088855
-0.0364603277701
-0.0329668814887
-0.0312847355558
-0.0285578292478
-0.0269076691436
-0.0250479874496
-0.0222018067041
-0.0195517870126
-0.0167312307142
-0.0132965351403
-0.0105349724803
-0.00833446883829
-0.00636872433488
-0.00456928195905
-0.0039288804171
-0.00337860506162
-0.00174416898988
-0.000905263674622
0.000389897581544
0.00172440413138
0.0032986129408
0.0043786201772
0.00503983090576
0.00557478675554
0.00683957848604
0.00808029868845
0.0
0.0151149226711
0.0163606370556
0.0175985108412
0.0195002467307
0.0203577232844
0.020786367834
0.021243985359
0.0219110379296
0.0224858372453
0.023164516534
0.023527501394
0.0
0.0268871542894
0.0
0.0
0.0
0.0
0.0
0.0
0.0
0.0
0.0
0.0
0.0246003895554
0.0218486602025
0.0213597136599
0.0182751029339
0.0159022105921
0.0140006497082
0.0117355728824
0.00932066706426
0.0065228588729
0.00458206850169
0.00189449535714
-0.000995484895145
-0.00721251123791
-0.0120065365343
-0.0139071360394
-0.0152574139912
-0.0166617497601
-0.0181716583256
-0.0182109900155
-0.0176036723071
-0.0180398301257
-0.0177273232511
-0.0178708330896
-0.0182649170567
-0.0174873065603
-0.0180930045498
-0.0186798454834
-0.0189209108335
-0.021015351349
-0.0225296453153
-0.0247531066629
-0.0277170278515
-0.0303720259002
-0.0306854663327
-0.0328227166319
-0.0332623002805
-0.0352185052642
-0.037064648818
-0.0409365135153
-0.0436308614205
-0.0459307564771
-0.0474601254874
-0.0493226817744
-0.0512374724084
-0.0527485441224
-0.0538866101446
-0.054789204818
-0.0559141521753
-0.0594180017307
-0.0625461912045
-0.0645772501996
-0.066600556527
-0.0681329720484
-0.069476323748
-0.0706956836676
-0.0714524090314
-0.0714407613658
-0.0707799298487
-0.0694860927064
-0.0710476968639
-0.0741988012825
-0.0758709758058
-0.0758174357744
-0.0758735580259
-0.0761016896854
-0.0766445343363
-0.074887985982
-0.0753922102659
-0.0794114431032
-0.0804598232044
-0.080989586439
-0.0801502083195
0.0
0.0
0.0
0.0
0.0
0.0
0.0
0.0
0.0
0.0
0.0
0.0
-0.0926649148479
-0.091115961704
-0.0909291106171
-0.0908810234272
-0.0912018478791
-0.0912179638671
-0.0937374373188
-0.095358502955
-0.095272406459
-0.0956587124539
-0.0973449558396
-0.0987728164114
-0.098922675426
-0.0982094494276
-0.0973637222729
-0.0959737280825
-0.0961518888785
-0.0978870205632
0.0
-0.0986830971034
-0.0936581556602
-0.0857689839013
-0.079948045656
-0.0740015808729
-0.0722367117721
-0.0671975652773
-0.0608667199655
-0.0544207600176
-0.0491374442458
-0.0439288445346
-0.0400456810857
-0.0374269308362
-0.0360376317918
-0.0368760230057
-0.0382717994418
-0.0394600848972
-0.0415908706393
-0.0415737590381
-0.0392332593722
-0.0375582675383
-0.0367484917137
-0.0351220406567
-0.0329648456143
-0.0297166541778
-0.0261792945599
-0.0229634529546
-0.0209802917952
-0.018988787473
0.0
0.0
0.0
0.0
-0.00577754059184
-0.00640007771264
-0.00744519656488
-0.00793871066221
-0.00698202989966
-0.00494676356452
-0.00230407532235
0.00012790007113
0.00449484214677
0.00723188230905
0.0107076934535
0.0137275032041
0.0168027253878
0.0198655369116
0.0230266044043
0.025094724822
0.0270753545681
0.0293320373666
0.0303463597203
0.0287127870432
0.029346393292
0.0301530073083
0.0303784216295
0.0325218953555
0.0337551316069
0.0370339466623
0.041548586178
0.0422294806232
0.0
0.043268646694
0.0398621253793
0.035859460655
0.0296567198826
0.0252984847901
0.0
0.0231316653037
0.0265438930766
0.0
0.0232811158431
0.0202635840029
0.017517912033
0.0134075263798
0.00787643480252
