-0.0459329674496
-0.0453561746681
-0.048727931953
-0.0479765578723
-0.0442791579741
-0.0378868716949
-0.0365471808434
-0.0388692253053
-0.041480731388
-0.0408137737351
-0.0431809202052
-0.0435726729798
-0.0453004513986
-0.0454085114095
-0.0448807205282
-0.041248820912
-0.0403445483367
-0.0383749139912
-0.0334820984595
-0.0366529463549
-0.0390312294544
-0.0402016142856
-0.0384144642864
-0.0393049611297
-0.0376197804704
-0.0329183696759
-0.0325929483582
-0.0328333679191
-0.0300848519285
-0.0279581698801
-0.0317992471043
-0.0325621200139
-0.0118497177528
-0.0133444438419
-0.00737506116747
-0.0112117985067
-0.0222428489113
-0.0260561385549
-0.025869938131
-0.0221274550044
-0.0216887711977
-0.0282628130704
-0.0322430428029
-0.0344026634352
-0.0326889160522
-0.0254779619966
-0.0441907807637
-0.0426956710976
-0.0436148989584
-0.0434635409379
-0.0402551802421
-0.047054570592
-0.0512474989178
-0.0516904097632
-0.0320021166088
-0.0298610368438
-0.0396122921353
-0.0383288152508
-0.0441589600062
-0.0426974433668
-0.0408887041216
-0.0421575322621
-0.0415571080733
-0.0404681349649
-0.0415780231831
-0.0447445469504
-0.0451369917854
-0.0475517343757
-0.0492701424944
-0.0472293612565
-0.0488264203238
-0.0502611507504
-0.0482256297154
-0.0433216902299
-0.0423695915065
-0.0357230973824
-0.0310508945377
-0.0346576752991
-0.0371758978522
-0.0385591573007
-0.0427991369004
-0.0437252712195
-0.0435836922412
-0.0442256090919
-0.0453948564243
-0.0461128838237
-0.0454292798401
-0.0461307491293
-0.0480176708178
-0.0450601440941
-0.0434719756966
-0.0428157103208
-0.043720445925
-0.0411438667421
-0.0385672875593
-0.0403461667442
-0.0391223349369
-0.0383902103552
-0.0364685375816
-0.0316010220543
-0.0290681931494
-0.0278875664435
-0.0323222886639
-0.0372714580899
-0.0346451573868
-0.02327106646
-0.0215549680685
-0.0212000961671
-0.0190328915109
-0.0160594705146
-0.0088618978522
-0.00488813989866
-0.0089507733074
-0.0103262855994
-0.0123758966614
-0.0126638394207
-0.0183765815843
-0.023245399708
-0.0292013642529
-0.0339140331559
-0.0327191157808
-0.0295987218235
-0.0275171261927
-0.0201928503065
-0.00749560664468
-0.00726702256311
-0.0150469966039
-0.00910313950116
-0.00187571875207
0.00304889375637
-0.00163426106228
-0.00713207042696
-0.00708163916536
-0.00589399684644
-0.00221718658745
-0.00701523103287
-0.0178495678828
-0.0134365767309
-0.0112698052437
-0.0163843961904
-0.0138733718767
-0.0153613264841
-0.0119560138554
-0.00338795507935
-0.0072811268879
-0.0115947211286
-0.0143064471246
-0.0141671640372
-0.0150207928781
-0.0154653757207
-0.015212741499
-0.012634141188
-0.00159403122737
-0.00205953191882
0.000557132262946
0.00265639448027
0.00735874142892
0.0019226902233
-0.00295553144836
-0.00859972782173
-0.0128639624558
-0.0137345560644
-0.0100734092688
-0.00555171503581
-0.00782977762445
0.000614323281159
0.00284160037212
0.00287437089335
0.00176296380978
0.00127623211929
0.00402383734466
0.000670709176676
0.00234336856434
0.00366313747687
0.00680969206174
0.0227084129799
0.0244441533534
0.0273489300228
0.0205442423107
0.00925696447913
0.00747427737795
0.00175772231244
-0.00333442333384
-0.00293803677605
-0.00657382356034
-0.00866589917281
-0.0138261957803
-0.0161001784009
-0.017077843687
-0.0166702405063
-0.0162626373256
-0.0126429498188
-0.00765779377384
-0.00409949612197
-0.00056547554207
0.00547452727986
0.000632206107592
0.00310527102795
0.0167342973849
0.00934605231132
0.00380260931458
-0.00178518572141
-0.00169830600206
0.0104096533736
0.0141186279075
0.010429877765
0.00637985574966
0.00881013259749
0.000248023380204
-0.00790716530758
-0.0038987102912
0.00234024292205
0.00165753738983
-0.00262782441298
-0.00414005253581
-0.00286632081117
-0.00682602344453
-0.0110103594936
-0.01632180587
-0.0179083046179
-0.0192560727497
-0.0184183555775
-0.0146480686301
-0.0117464771746
-0.0164093508291
-0.0162532820531
-0.0117941978851
-0.00657170020916
-0.00404182672038
-0.000363325100135
0.000155006898701
-0.00166609262516
-0.000958580029296
0.000638643945862
0.0113618459625
0.00299795056137
0.00273316272757
-0.00382641989838
-0.00646976453464
-0.00635909067197
-0.00658887040401
-0.00738456900886
-0.0115076664805
-0.0173737577252
-0.0235131936844
-0.0241922973547
-0.0254900451846
-0.0232364630463
-0.0239217160559
-0.0281380152732
-0.0302764150077
-0.0314135657538
-0.0315380184464
-0.0306789457461
-0.0231828782102
-0.0260109823421
-0.0335768524904
-0.0328861030929
-0.0310460207438
-0.0303988670663
-0.0268723221421
-0.0195073159924
-0.0207596149436
-0.026983594086
-0.0282189760885
-0.0302636899007
-0.0338443120461
-0.0361831439226
-0.0379365539404
-0.0385450236963
-0.034939591357
-0.0353829716841
-0.0311965723099
-0.02848883397
-0.0268710415122
-0.0299151990252
-0.0303664721206
-0.0348014331949
-0.0328676040879
-0.029584092842
-0.0283573040127
-0.0281261278552
-0.0292400535634
-0.0326643786833
-0.0320777285724
-0.0271427516797
-0.0222077747871
-0.0229264388371
-0.0244867012949
-0.0275821259044
-0.0340991643084
-0.0425932250284
-0.0480767819264
-0.0531240296191
-0.0575823336332
-0.0643143038704
-0.0653466585104
-0.0576973382663
-0.0571501783716
-0.0562424636224
-0.0544017409031
-0.0542841164912
-0.0576030465351
-0.0600142601244
-0.060734858805
-0.0643086920815
-0.0651379095587
-0.0627572973329
-0.0625082449614
-0.0615670393857
-0.0607091013042
-0.0639910095454
-0.0689243278346
-0.0693508923302
-0.0704968679774
-0.0734266362207
-0.0753882343446
-0.0838344147567
-0.0855928224588
-0.0845973304856
-0.0820602012529
-0.0729038841809
-0.0643830862846
-0.0595785630813
-0.0556986058993
-0.0526095405251
-0.0507189007823
-0.0508927342897
-0.0546967178615
-0.057038105121
-0.0604223399006
-0.0575406599628
-0.0574731688861
-0.049521452045
-0.0514408813191
-0.0501522114535
-0.0487570180531
-0.0469508169145
-0.0492325465463
-0.048995416235
-0.044881459199
-0.0462563318175
-0.0512549539581
-0.0492436758137
-0.0474909199492
-0.0443908144803
-0.04682593141
-0.0486157018263
-0.0509650946914
-0.0511280094526
-0.0505180180293
-0.0495687402666
-0.0495119125306
-0.0500998874348
-0.0516506349808
-0.0498153751722
-0.0467286613381
-0.0467262348856
-0.0436829357606
-0.0396653234187
-0.039001889549
-0.0384341127432
-0.0368808474005
-0.0381232179347
-0.0406684128391
-0.0407886040294
-0.0392611606397
-0.0413519236112
-0.0425219838623
-0.0417150884759
-0.0433062249733
-0.0454760364058
-0.0439306678889
-0.0458662935494
-0.0456130436185
-0.0476796176795
-0.0486132604608
-0.0487956950461
-0.0484901582834
-0.0500348706271
-0.0503530966533
-0.0479645916323
-0.0455760866113
-0.0501806205277
-0.0530656592067
-0.0548043380184
-0.0544220402994
-0.0549068751471
-0.0539387828503
-0.050616797621
-0.0457067385889
-0.0442344503233
-0.042576449481
-0.0451850583333
-0.0444114344382
-0.0462918644424
-0.0448348323536
-0.0447961009128
-0.0478466840897
-0.0467042625089
-0.0430868981368
-0.0384021539491
-0.0339927413574
-0.0340550677268
-0.0354921760513
-0.0409753051631
-0.0425683374678
-0.0430709350825
-0.0442936792736
-0.0416831691654
-0.0425749628317
-0.0386426193785
-0.0382018229203
-0.0406940733529
-0.0425432868988
-0.043578002758
-0.0431090877747
-0.0398227018972
-0.0430466314611
-0.0423429971376
-0.0413589241559
-0.0390215978555
-0.0357587901749
-0.0380062328115
-0.0390642303889
-0.038142425154
-0.0333933770048
-0.0297351122118
-0.0303718803384
-0.0326132338909
-0.0304451890506
-0.0282046130922
-0.0324128642819
-0.0324785858631
-0.0348313564564
-0.0367662443528
-0.0392945983084
-0.0394381441028
-0.039798903497
-0.039414218008
-0.0410594710497
-0.0429629525178
-0.0450322358106
-0.0395190290838
-0.031011109822
-0.0329860924852
-0.0351802128396
-0.0400966346753
-0.0439187111446
-0.0465801721797
-0.0472833386389
-0.0469541008305
-0.0443653651859
-0.036120502007
-0.0402513501209
-0.0448406128685
-0.0462134554994
-0.048668048916
-0.0490086294496
-0.0469375304912
-0.0447971028714
-0.0440794167021
-0.0453850058818
-0.0475624924446
-0.0467896674944
-0.0423204008855
-0.0437181948283
-0.0474169266879
-0.0406359247307
-0.0340030764939
-0.0374489342471
-0.0401324264886
-0.0394272061497
-0.0380727469539
-0.0289929986231
-0.0261840183649
-0.0275689443345
-0.0240152673456
-0.0204615903567
-0.0171034113481
-0.010637567371
-0.00828072418095
-0.00135325974067
-0.00371199430366
0.00502003664077
0.0161127812361
0.0100079199325
0.00438015845605
0.0147034786092
-0.000846642002019
-0.00403449991454
-0.00253458092638
0.00837305816533
0.00519549181163
0.0129710644596
0.0134010158886
0.0128987209473
-0.000712047555969
-0.00319393278483
-0.00558777007287
-0.00973962804556
-0.0071262030951
-0.0121595323263
-0.015355434161
-0.00650756040275
-0.0053679647304
0.00884223270151
0.00387974131171
0.000588944781172
-0.002256257585
0.00632443296268
0.0064823776065
0.00474484353866
0.0193722481118
0.022535268762
0.0205109810639
0.0262292342223
0.0175937612657
0.0234352917527
0.0264809101746
0.0242853367468
0.0186723463125
0.0186735594553
0.0220306508019
0.0258226352027
0.0275844779275
0.041286049776
0.0344909981582
0.032498224278
0.0326606239658
0.03467104923
0.0370511045295
0.0419136386536
0.0445365674589
0.0439164277394
0.0347625272844
0.0336160542253
0.0434813221585
0.0625717488925
0.073991375932
0.0785029667525
0.0778645419936
0.0716691873547
0.0611515895092
0.0596099066783
0.0533310353712
0.0493374179864
0.0499843708621
0.0480861098858
0.0573486208717
0.0535528073495
0.0567800503179
0.0631361914861
0.0553166727603
0.0556749033885
0.064547999612
0.0685604352469
0.0610005260721
0.063685150305
0.0638209604426
0.0693263694738
0.065891678365
0.0627729734488
0.0594075514472
0.0607579513819
0.0691694868175
0.0788282252174
0.076865157251
0.0724508628147
0.0821219862078
0.0807131642932
0.0843278786167
0.0771739037202
0.0740493858287
0.0709248679372
0.0623058066264
0.0561191344811
0.0517556793517
0.0528827912858
0.0588191855957
0.0667376625016
0.0759135469024
0.0746553597492
0.0653468160832
0.057059250727
0.0521594674376
0.0501260841885
0.0511835541627
0.0531358479009
0.050497070054
0.0541591168908
0.0588988468786
0.0497745704025
0.0480783353176
0.0490125588049
0.0539991947575
0.0527244900521
0.0496849408997
0.0463678555038
0.0421976386636
0.0380274218235
0.0338572049833
0.0296869881431
0.026105876276
0.0231642246691
0.0231000940557
0.0192137694517
0.0110097905929
0.0140571574591
0.0157401924936
0.0195081461989
0.0214734028783
0.0149355845283
0.0117510272893
0.0158364059075
0.0222613827742
0.0278158407798
0.0341815817305
0.0441481866869
0.0475261495476
0.0478102700977
0.0416021570195
0.0350629037917
0.0306106928688
0.028870465315
0.032821313289
0.0438874448235
0.0396865292705
0.0364453838036
0.0333218773518
0.0298627277487
0.0312726209288
0.0375218293992
0.0417568118035
0.0379833001062
0.0282019205361
0.0283293010717
0.0259688682127
0.0249528786553
0.0257317282655
0.0307023572647
0.0291726138543
0.0255237716549
0.0247690991665
0.0263031533406
0.0317053928419
0.0265515157488
0.0197911286425
0.0170628383049
0.0172018503138
0.023880657053
0.0325504737455
0.0260444499941
0.0164146175268
0.0116950078317
0.0126465800296
0.00917646561835
0.0103589561996
0.00959998437428
0.00629454512586
0.00713904496389
0.0091866896717
0.0100503496852
0.00613363195643
0.00860645085666
0.00552084416932
0.00683850536077
0.00618823822094
0.00504711406622
0.00952536703006
0.0140036199939
0.0146074492367
0.0084325906758
0.00358894571995
-0.00146316062354
-0.00794095433213
-0.0114860435222
-0.0155232905083
-0.0153395610365
-0.0158443408797
-0.0161380875444
-0.0167700610331
-0.0157602985592
-0.0133715537291
-0.0110525568251
-0.010602936432
-0.0123844387245
-0.0143932357373
-0.0152418536298
-0.017486760227
-0.0193013387929
-0.0209941597316
-0.0217284246189
-0.0199567359168
-0.0226341656231
-0.0258878468097
-0.0277831803841
-0.0242665795595
-0.0228468262867
-0.0251651538535
-0.0274411919652
-0.0259734020077
-0.0263721217947
-0.028224388262
-0.0291377222667
-0.026574636547
-0.0331587982172
-0.0316627719715
-0.032451944842
-0.0299386827003
-0.0271221298497
-0.0253671469913
-0.0262272688813
-0.0262108878789
-0.0254807534478
-0.0252967441056
-0.0213163338164
-0.0233709380746
-0.0266467877034
-0.0269123480863
-0.0268930287172
-0.0262440028904
-0.024330287798
-0.0272165033274
-0.0285568659559
-0.0292449730541
-0.0304629940876
-0.0253283799135
-0.0243131682843
-0.0244042734085
-0.0250570096469
-0.0242425587027
-0.0269715306697
-0.0188583542927
-0.0128432093569
-0.0163740819608
-0.0218219603799
-0.0177763558861
-0.0183762503246
-0.0210679822193
-0.0179505861371
-0.0102228156289
-0.016255266181
-0.0168080016282
-0.0118533402705
-0.00914804561131
-0.0047411599861
-0.00889458848588
-0.00647744538281
0.00469295488494
0.0152415712183
0.00885617868184
0.00113240327745
-0.000700207249431
-0.00228952465826
-0.00584090343722
-0.00110215393588
-0.000487455387801
-0.00381532209485
-0.0037376804743
-0.00102408295633
-0.00175844606916
-0.00687432481399
-0.00961422333661
-0.0111959135977
-0.0116723130101
-0.0121487124226
-0.0124108928016
-0.0096780962142
-0.00744289420757
-0.00188423853195
0.00212305035734
0.00648749002377
0.0107839688607
0.0172993453376
0.0174465647158
0.0144703752726
0.00849861392436
-0.00190165599141
-0.0056963165068
-0.00324555510881
0.00946160205736
0.00431086793327
-0.0079734210829
-0.0123628924274
-0.0153758807184
-0.0154796688518
-0.015797142014
-0.021209950059
-0.0232019147854
-0.0298336687302
-0.0299846505379
-0.0263078892084
-0.0228255815359
-0.0192455431216
-0.0156182375305
-0.0140210236696
-0.0149715323913
-0.0218716454285
-0.0204432930597
-0.0152823692405
-0.00502412820036
-0.00843742253163
-0.010207605485
-0.00790964713029
-0.00406688327037
0.00274540447458
0.00648121543347
-0.00767463271163
-0.0102080520898
-0.0120432079126
-0.013277641757
-0.0177756484797
-0.0164282955981
-0.0129357484098
-0.00924156560006
-0.0116751325901
-0.00935089697204
-0.00915465683499
-0.00877643016529
-0.00609230510753
0.000596271394586
-0.00636944389103
-0.00165406767619
0.00387386852541
0.0107634942854
0.0126135333958
0.0201342487981
0.022576868776
0.0263207960126
0.0270366282306
0.00267784222306
-0.00401532789309
0.00100299927068
0.00298015169252
0.00551620925629
0.0134685104177
0.0214208115791
0.0155583608901
0.011121669082
0.00885366516313
0.0106398949136
0.0142698738409
0.00983974871486
0.0047378998536
0.00770079342097
0.00733115466095
0.014204537476
0.0264725818108
0.0274788079635
0.0212509383779
0.0177521841329
0.0239012083408
0.0225620587824
0.0139124692622
0.0113545143862
0.0100481467575
0.016003515701
0.0266078097901
0.0304707978911
0.0346148848871
0.0382526813935
0.0418904778998
0.0328595286108
0.0289774233501
0.0284840830965
0.0302774709372
0.029458094714
0.0323686657505
0.0401567624342
0.0384582151609
0.0394353954458
0.0440249316511
0.0521102630318
0.0473236678333
0.0507466544924
0.0466443663358
0.0459689320601
0.0446798676988
0.0476258052956
0.0590759748073
0.0636231903165
0.0669864159715
0.0640082370325
0.0537178603649
0.0615841128772
0.0631851288879
0.0687751623947
0.0742031150235
0.0750550292337
0.0720777771635
0.076440393906
0.0713348452097
0.0734870474325
0.0725915846137
0.0827227537231
0.0867204384282
0.0913844845526
0.0849232389041
0.0832612675116
0.0788118688974
0.0699585798082
0.0705376367402
0.0690840254867
0.074365170345
0.0832105752322
0.0836356929683
0.0877070972483
0.0905442314478
0.0937919628464
0.0773949001608
0.080166367705
0.082983321298
0.0869941551924
0.092243769267
0.0985783824615
0.0958486713985
0.0891433433264
0.087336289885
0.0847633152812
0.0875424482643
0.0965055478947
0.11476227886
0.116100058554
0.113637471615
0.122529757084
0.124236811948
0.119298892354
0.116459046865
0.12055003517
0.118026580602
0.113574896494
0.111279262154
0.105631645961
0.11547203114
0.104378444031
0.0974793136669
0.0924732847899
0.0868792466696
0.0878709077746
0.0888625688795
0.0690693076594
0.0560025608281
0.0529329988914
0.0627758756305
0.0669812044572
0.0632656367182
0.0684033693021
0.0632265068964
0.0585902693248
0.0484569205486
0.0414059833238
0.0369866488669
0.0342198487462
0.0317138895454
0.0259568668071
0.0286193716919
0.0222601100569
0.0159008484219
0.00970490180535
0.0158651498506
0.0233732782787
0.0208994973192
0.0152593813397
0.00473611558894
0.00382187318331
0.00895845530082
0.0117413399575
0.0153081360641
0.0146866163249
0.00789666789707
0.00677663588286
0.00572231367657
0.00374462861645
0.00596349802921
0.00152672476035
-0.00363208707402
-0.00270002596835
-0.00350252677035
-0.00103362412116
-0.000313555308826
-0.0053202299442
-0.00909440566736
-0.0114051760257
-0.0125022605272
-0.0148310546469
-0.0103727702801
-0.00573911520226
-0.00252265748696
-0.00193263456449
0.00251985045981
0.00676928018482
0.0114330509657
0.0189870843834
0.0168486214151
0.013585709781
0.00358757530031
-0.00849585507733
-0.0122164122347
-0.0165833814128
-0.0178007959118
-0.021756715293
-0.0240470334352
-0.0181834591808
-0.0215477766508
-0.0188938472311
-0.0193439293918
-0.0242845918806
-0.026784816348
-0.0243694193049
-0.0204290034493
-0.0277056899321
-0.0273993148772
-0.0280729031792
-0.0290359804826
-0.0282291873015
-0.0320003354786
-0.0322484866709
-0.0325938870339
-0.0313969717452
-0.0285616291791
-0.0295490851165
-0.0309886890127
-0.0268629289223
-0.0250581733218
-0.0277518835095
-0.0233176507133
-0.0241660042371
-0.0263722286418
-0.0125220936269
-0.0341504305877
-0.0300529152037
-0.0301199679987
-0.0310646479279
-0.0276547375675
-0.0241309188133
-0.0221539579421
-0.0220351894092
-0.0158370685115
-0.0199315736568
-0.0199197135671
-0.0206837702606
-0.0246039358242
-0.0285900778274
-0.0310012888116
-0.026563310884
-0.0295707234713
-0.0304059520915
-0.0290558558227
-0.0233195524293
-0.0258136527501
-0.0277043439443
-0.024550914625
-0.0305683347865
-0.036585754948
-0.0400969448044
-0.0392519077187
-0.0396606862727
-0.0401397342208
-0.0353163436235
-0.032030784711
-0.0315873964179
-0.030160281586
-0.0267959758732
-0.0279853595029
-0.0308272753524
-0.0305114592481
-0.0303682981066
-0.0267565158083
-0.0210591248153
-0.0195868858985
-0.0234498908726
-0.0249366532985
-0.0244854487739
-0.0177002776534
-0.021959660735
-0.0246460592767
-0.0209216310909
-0.0234714471591
-0.0330977528083
-0.0341269002294
-0.0329047317899
-0.0318267919941
-0.031360085246
-0.0300441472407
-0.0344876387335
-0.0384198886707
-0.0343859178807
-0.0381529892364
-0.0329279188805
-0.0394027033927
-0.0339815586403
-0.0352375626807
-0.0332376894779
-0.0334045409283
-0.0326448285774
-0.0324831192823
-0.02920859321
-0.0258413516338
-0.0300303882311
-0.0330699826167
-0.0326064668472
-0.0341062724204
-0.0364716747171
-0.0347655791152
-0.0346358276062
-0.0412692833994
-0.0368009191183
-0.0373208509792
-0.0365720927341
-0.0377834719622
-0.0337481279541
-0.0322993188561
-0.0349204164696
-0.0412018953291
-0.0377989225909
-0.039488539666
-0.0386344102543
-0.0413389395889
-0.0442190019371
-0.0444332118313
-0.0457876292887
-0.0510049761974
-0.0534059298414
-0.0555213302259
-0.054229715116
-0.0521484766736
-0.0544401678042
-0.0552257856583
-0.0508482475803
-0.0490588793684
-0.0481955560399
-0.0502768703837
-0.0478135652913
-0.0484752592425
-0.042733005883
-0.0454925537382
-0.047094149977
-0.0579520266687
-0.0563692729818
-0.055614670101
-0.0546520103306
-0.0583950028874
-0.0588342579334
-0.0567997742263
-0.0531013738768
-0.0511393951175
-0.0576096938009
-0.0554908934492
-0.0585190291238
-0.0615471647985
-0.0673133121853
-0.0682878133934
-0.068945390404
-0.0677928722694
-0.0693298200784
-0.0688296694591
-0.0678650983655
-0.0668970829575
-0.0633854667158
-0.0599821666831
-0.05939847675
-0.0541282789113
-0.054469335422
-0.0501742425969
-0.0498301739454
-0.0501717149574
-0.0523610154483
-0.050443025589
-0.0512623022861
-0.0527495661044
-0.0495509473538
-0.0472436581334
-0.0457452826396
-0.0488591716629
-0.0457903055338
-0.047383308208
-0.0431635799218
-0.0385417336867
-0.0354604810818
-0.0387799143332
-0.0429078270054
-0.0447132555324
-0.0409996074163
-0.0396143321904
-0.0356651846862
-0.0380592932971
-0.0307143326793
-0.0323039159227
-0.0351552683629
-0.0369328992617
-0.0350549498176
-0.03509940696
-0.0314148269425
-0.030155561897
-0.0269048732266
-0.0276488744324
-0.0286380744888
-0.0281840231968
-0.018949974747
-0.017342714097
-0.0163510483985
-0.0154241435188
-0.0102356596116
-0.00963424355903
-0.00739414956404
-0.00645378933413
-0.0125845153579
-0.00907141636615
-0.000716685666653
-0.00997958618844
-0.014907646597
-0.0131660694604
-0.00993982096694
-0.00100171059002
-0.000529231212531
-0.00336540765174
0.000472511026485
0.0057309888898
0.00710038549957
0.010456548532
0.0176999584163
0.0128922469323
0.0160967561924
0.0183606191747
0.0190953292652
0.0251451883446
0.0222852954549
0.0228713012519
0.026807012207
0.0191347684672
0.0271247950794
0.0281401900293
0.0325073258977
0.0178654079507
0.0184794715394
0.0238251451947
0.030263540265
0.0245776727353
0.0295734286739
0.0341370898477
0.0350007177214
0.0326934268795
0.0353211120731
0.0399800973395
0.0398245947949
0.0396690922504
0.0360762556837
0.0393228272427
0.0454828971921
0.0464962632373
0.0508870985945
0.0499815307358
0.0500583667605
0.0457019245857
0.0377378091652
0.0341550291973
0.0323119435413
0.0299586101704
0.0286421212486
0.0273926928884
0.0301186508345
0.0283079537966
0.0241789579158
0.0275102431923
0.0315178590456
0.0332449836607
0.035763884971
0.0380521601084
0.0318432061404
0.026420676626
0.0268598966283
0.0201190020796
0.0153780957965
0.0155604062684
0.014576129659
0.0203693356876
0.0218683033525
0.0194501852098
0.0209805620707
0.025446436827
0.0347371208928
0.0397274269553
0.039801831271
0.0445181317181
0.0448476688379
0.0394887210598
0.0425640226494
0.041246555072
0.0373509725556
0.0374140807786
0.0419271813955
0.0425385567769
0.0547018643343
0.0368641371739
0.0314680011758
0.0321095862726
0.0250773074969
0.0219338084448
0.023139781183
0.0223770291723
0.0195693304266
0.0270463490106
0.0335396067319
0.0302695463409
0.0339257805384
0.0242287592156
0.0272774246549
0.0234034111958
0.0192193643013
0.013480037205
0.0100546073943
0.0111451793762
0.00978932635832
0.00474854838315
0.00177831646818
-0.000799784219129
0.000489929994533
-0.00215504759604
-0.00235361281663
0.00150844468221
0.000122038241381
0.00102191832251
0.00339710239608
0.00577228646966
0.00444309173217
0.00508834017562
0.0128035896581
0.0146891537926
0.0122108409676
0.00359725050097
0.00301095074304
0.00375060172214
0.00778007264668
0.00320569571079
0.000635707111339
-0.000167399012222
-0.00112613282276
-0.00964670646654
-0.00999424835951
-0.00900455652571
-0.0117446555626
-0.0144847545994
-0.0150460989557
-0.0163355157822
-0.0201769025374
-0.0258298599164
-0.0261215205719
-0.0293885365988
-0.0305402080412
-0.0310409611114
-0.0318845874529
-0.0291031643964
-0.0315053324319
-0.0289923977453
-0.0294000513778
-0.0328189977579
-0.0305338726759
-0.0291831974673
-0.0277741755417
-0.0258962254278
-0.0197567179942
-0.0101244299149
-0.0159220089626
-0.012668072179
-0.0117622395609
-0.0177669612184
-0.0133549220295
-0.0140789537219
-0.01534995567
-0.0180882959551
-0.0225798621045
-0.0218426797353
-0.0183115699764
-0.0207016296689
-0.0240861242267
-0.0219705673179
-0.0233783666139
-0.0290746249383
-0.0295450836332
-0.0323866080065
-0.0303674687895
-0.0294300723904
-0.0300245371899
-0.0277498357662
-0.0244973933515
-0.0257191585687
-0.0274846468932
-0.0232245573254
-0.0256122400447
-0.0268154458953
-0.0311443096037
-0.0313801791726
-0.0362616739102
-0.0329059655571
-0.0312896198407
-0.0307644604978
-0.031308695298
-0.0314673237065
-0.0270595811629
-0.0225353871716
-0.0214414328101
-0.0326222842567
-0.0305564105709
-0.0266437797236
-0.0267373744505
-0.0244288116893
-0.0247231577879
-0.0290073643984
-0.0275662273898
-0.0269076440645
-0.0272354972576
-0.032162017148
-0.0293027312249
-0.0270988592465
-0.0289669155074
-0.0228420157128
-0.0265795712633
-0.0260732430255
-0.0177185978193
-0.0220048394133
-0.0238054123466
-0.0238097802073
-0.0227722588049
-0.0145838265298
-0.0194290675343
-0.0260818624837
-0.0207098778619
-0.0172193539252
-0.0161546850099
-0.0225203967546
-0.0248224539665
-0.0276209465406
-0.0339008796318
-0.0308419081872
-0.0328257526253
-0.0358063007229
-0.0365332698004
-0.0372602388778
-0.0370163872807
-0.0371314226067
-0.0434106482009
-0.0502996973331
-0.0507564469162
-0.0510281961162
-0.0495841794143
-0.0453883043701
-0.0393636527956
-0.0331669955274
-0.0265255584188
-0.0239334357621
-0.0312944436911
-0.0195618052553
-0.0265464017637
-0.0370646670477
-0.0359099686909
-0.0370029698476
-0.0391495814331
-0.0460756343498
-0.0466655985664
-0.0476877977167
-0.0471089685384
-0.0464695670614
-0.0457654537771
-0.0461121463496
-0.0420432252339
-0.042732465424
-0.0433522959745
-0.041413882344
-0.037513554874
-0.0274991493602
-0.0208854817815
-0.0200578621135
-0.0192302424454
-0.0184026227773
-0.0175750031093
-0.0267017001208
-0.0288012490616
-0.0387313159341
-0.0441558734101
-0.0483059096038
-0.049728023208
-0.0480329801091
-0.0322548961297
-0.0273505290552
-0.0301211351663
-0.0335853217491
-0.0390985797888
-0.0246936039223
-0.0239981458042
-0.0233026876862
-0.0226072295681
-0.0337918791716
-0.0395495632096
-0.0403366490235
-0.039839276938
-0.0344156286481
-0.0217094633062
-0.0343170098718
-0.0376339384581
-0.0378968711997
-0.035432325453
-0.0314023393748
-0.035169495133
-0.0407843539052
-0.0414540853165
-0.0373161650231
-0.0374921768082
-0.0263780550433
-0.0270936918556
-0.027809328668
-0.0327869961397
-0.0338702319755
-0.0339504386294
-0.0347819361666
-0.0326781473421
-0.0341911955473
-0.0362440844117
-0.036212292385
-0.0364094471525
-0.0343419793649
-0.0356560997983
-0.0419669092583
-0.0406984230104
-0.0393971304363
-0.0355134081052
-0.0339351799957
-0.0242823432315
-0.0196368043678
-0.0147201742338
-0.0154689493079
-0.0136867233971
-0.00599105274846
-0.00482544272971
-0.00365983271097
-0.00527521170459
-0.00366035193418
-0.000580636831997
0.00509499173312
0.0115235925492
0.00774207305115
0.00152389149112
0.00465542467301
0.0122934201373
0.0172540948215
0.0123941999944
0.00557532261887
0.00900931434377
0.00976959213872
0.0102925629903
0.0142035585135
0.0203192735685
0.0189783159974
0.0183290638344
0.0152358652932
0.0163352918305
0.020464287802
0.0313229897902
0.0336147341838
0.0370545677215
0.0270854376385
0.0187041818745
0.017980982987
0.015023544243
0.0168702779444
0.0176741838233
0.0195937199621
0.026490341019
0.0304281882517
0.0320463428344
0.035290310507
0.041293143577
0.0475487282478
0.0557789375238
0.0542683422571
0.0485049182884
0.0452615498956
0.0464880500263
0.0477196034935
0.0475675515485
0.0493371369392
0.0562754557623
0.0610716700914
0.0645417053073
0.060176523933
0.0490796122276
0.0467645174809
0.046886414273
0.0461407070951
0.0474422504395
0.0521219667842
0.042872028732
0.0436754546338
0.037990269032
0.0317332922764
0.0335217641705
0.0433495869569
0.0354882176623
0.025123903383
0.0183824191655
0.0158440075999
0.0119771416928
0.00408098110458
-0.00138273372773
0.00244200833724
0.00994780409624
0.0101686666478
0.0133561995584
0.0190708601412
0.0282235617656
0.0262606378295
0.0234235273702
0.0234956551071
0.0261261081759
0.0218664688835
0.0184643896757
0.0133109169545
0.0110037878063
0.00917173190109
0.00851339603124
0.0151791294769
0.0195173539656
0.0243753425035
0.0310859855115
0.0403605329059
0.0350340233734
0.034327212008
0.0325164851128
0.0288888588212
0.0320347332932
0.0351806077652
0.0370909444259
0.0443847033984
0.0504530120524
0.0495787350307
0.0515834727902
0.0522711920384
0.045714567463
0.0509999138322
0.0523986311342
0.0401314138312
0.037720028396
0.0322850727954
0.0282120245207
0.0259860564749
0.0280792424842
0.0248189494205
0.0215141509804
0.0186304488369
0.0195245772541
0.0139697847963
0.0119706651951
0.00941218468236
0.0157713303911
0.0125122240689
0.0108199067437
0.00991827448559
0.00734545348638
0.00779418731577
0.00748088553623
0.00609920980181
0.00551065459272
0.00195366630901
-0.0028157824856
-0.00525195603116
0.00484348508031
-0.00130882317019
-0.00263943628235
-0.000413746629601
-5.35986703679e-05
6.99908011341e-05
0.000571858647446
-0.000199444384601
0.00161133756032
0.00366621641018
0.00729139535808
0.00519961770428
0.00396941811631
0.00260523577026
0.000704166853874
-0.00176077741583
-0.00376885479455
-0.00167619882876
0.00101217112478
3.57316128186e-05
-0.000384049819132
-0.00226347181089
-0.000694220109046
0.00104096297768
-0.00411129033063
-0.00767516554121
-0.0110156186873
-0.0112326575356
-0.0126662325484
-0.00945001346443
-0.00901318233117
-0.0057363782544
-0.0043062460438
-0.00457677318727
-0.00943461033572
-0.00721960037408
-0.00115868284084
-0.014215981446
-0.0140424111661
-0.0124149821887
-0.0135390412044
-0.0145210961421
-0.0135534166266
-0.0119343708078
-0.0106984552245
-0.00994831193467
-0.00714760413005
-0.00775922855072
-0.0109537422612
-0.00924916694228
-0.0035748775327
-0.00671104220906
-0.00860921473767
-0.00887951317995
-0.010419942043
-0.00969045979319
-0.00953106906035
-0.0102456294872
-0.0105755648461
-0.0164746369457
-0.0153729842393
-0.0142713315329
-0.0132619245684
-0.0143052613534
-0.0123384355377
-0.013293045983
-0.0107770037849
-0.00753537847599
-0.00177781498634
-0.00104473226765
0.000506317890011
0.00433808394505
0.00378742085391
0.00557786110276
0.0044274865855
-0.000695036767992
-0.00548380421774
-0.00359323626135
-0.00707209443854
-0.00925024442108
-0.00841041671094
-0.0071051251479
-0.0053363166537
-0.00406585631205
-0.00378867106718
-0.0092159672706
-0.0107906301107
-0.0136636284963
-0.0137672895321
-0.0107416690497
-0.00799095546215
-0.00832514013286
-0.00399197486193
0.00394123922677
0.00396142759704
0.00594168878273
0.00477896005051
-8.4742549789e-05
-0.00160018247469
0.000362851158335
0.00207256746748
0.00236921578928
-0.00167440437671
0.00190974180859
-0.00178387101144
-0.00277415334456
-0.000257634287472
-0.000605609339991
-0.00117116983757
-0.00124333509843
-0.000877209318804
-0.00468010817707
-0.00516537280555
-0.00369042706234
0.00828124986355
0.00367469169643
-0.0015037148543
-0.00444169399608
-0.00376605877234
-0.00482015295841
0.00208143952019
0.00520820735205
0.00641197211478
0.00247197767057
0.00201467687494
0.0027533388593
0.00460798825304
5.77820771441e-05
-0.00242946431983
-0.00332279378594
-0.00304582856752
-0.00413815305224
-0.00623427037955
-0.0152902402595
-0.0149469975561
-0.0116482532747
-0.0131316720486
-0.0122184315341
-0.0074995270219
-0.008920143906
-0.0100196531692
-0.0107628127862
-0.0115520131337
-0.0105479369687
-0.0106190792226
-0.00725525243006
-0.0102936784729
-0.00640424170353
0.00262037840011
0.00625043696347
0.00541329253273
-0.00210291424759
-0.00032818022684
-0.00646321330614
-0.00544367547076
-0.00717810248871
-0.00907934951261
-0.0109805965365
-0.023644970664
-0.0278708372013
-0.0204186499339
-0.0126674826914
-0.0075956187948
-0.010732919535
-0.014145030679
-0.00931502812092
-0.00847323220663
-0.00546789430599
0.00284914468357
0.00505529185777
0.00331510759603
0.00602414014683
0.0114717290096
0.0198968968856
0.0207650773
0.0255365964533
0.0284578091719
0.0282321755438
0.0260829962595
0.0273634483916
0.0307873212538
0.0158915071203
0.00998823258829
0.00825800758779
0.00858534821329
0.01218586448
0.0173078784876
0.0201349849658
0.0273167683522
0.0240171715344
0.0222967383037
0.0299370339639
0.0433350244771
0.0541348771833
0.059063338013
0.0673283618624
0.065747214669
0.0724225896517
0.0754660101637
0.0697214659531
0.0528434310152
0.0478940720775
0.0476727136297
0.0516539785334
0.0512675943171
0.0490274892276
0.0465658464493
0.0467631142634
0.0452426047295
0.0517823271477
0.0573571320931
0.0525443968901
0.0413494923947
0.0350294263685
0.0377250181872
0.0379882532128
0.0443795455362
0.0433218041275
0.0485817917341
0.0534254507158
0.0632560450141
0.0699637319236
0.0699377482196
0.0683350100905
0.0653094086992
0.0639536675176
0.0645270731576
0.0637524868773
0.0653561227135
0.0643585419883
0.0598425530043
0.0533752775054
0.0573853960697
0.0592994870142
0.0593713934985
0.0621734791047
0.0626875278156
0.0597138171058
0.0555638610087
0.0504821901262
0.0484900676944
0.0515602502206
0.0566501139938
0.0548216203252
0.0536644704667
0.0504627940459
0.047971900034
0.0426551507255
0.0401865129778
0.0366749386811
0.0411465034299
0.0482724937354
0.0486078864827
0.0489432792301
0.044796067049
0.0445351262378
0.0497649179584
0.0500239089276
0.049060869045
0.0485342091232
0.0451176878948
0.0483909100349
0.047095224992
0.0437524961082
0.0541318363551
0.0488385357428
0.0527593728924
0.0567158191483
0.0581124536875
0.0568679899199
0.0529385261575
0.0475153790073
0.0483211500118
0.0507439202006
0.0507390339933
0.0461926631155
0.0454248817785
0.0457829480548
0.0448492777629
0.0456692139519
0.0440483676478
0.0418076718039
0.0368246282969
0.0347553313397
0.0351726593892
0.033772323648
0.0299488146425
0.0336641369446
0.0339613581277
0.0352549339777
0.0359499084768
0.0319624780124
0.0309402137648
0.0302120111017
0.0360617857097
0.0384429182189
0.0353915650293
0.0363252285117
0.037952517379
0.0341901343084
0.035433810349
0.0278053028897
0.0275209362548
0.0224546481742
0.0260290127418
0.0246041462166
0.0253141933979
0.026485437515
0.0250592998227
0.0235336106875
0.0280987020091
0.0275459340717
0.0290093232001
0.0310087361834
0.035072070309
0.0323259407422
0.0273830024673
0.0215499559687
0.0221618022363
0.021574942706
0.0204326688212
0.019633788999
0.0200977927291
0.0191419543938
0.0174901048394
0.016576824328
0.0180608659769
0.0187386762933
0.0192673995621
0.0194396165232
0.0209994999397
0.0200982468871
0.024516082886
0.0225183445533
0.0214141787996
0.0211436104905
0.0358485100721
0.0221790166831
0.0249817998429
0.0222357143368
0.0183657210182
0.0127128015527
0.0109222378149
0.0101825145214
0.0116306778091
0.00955306821308
0.00806012174058
0.0079884289472
0.0114383309791
0.014888233011
0.015065357016
0.0183195688969
0.0246084999307
0.0273472334765
0.0304647107308
0.0320620035153
0.0365826932487
0.0394949922079
0.0347197709158
0.0311364119791
0.0302998841388
0.0276986392956
0.0289753070738
0.0290602345681
0.0234471745048
0.0262857917857
0.0283293630342
0.0216430411105
0.0184546078888
0.0201826293001
0.0185148816886
0.0173297386338
0.0157495881795
0.0153381578669
0.0102621914356
0.00416639722767
0.0087814479807
0.011876015605
0.00841826865027
0.00942091876288
0.00857464855675
0.00627784419566
0.00518283916357
0.00971005118491
0.0111508001062
0.00474079872041
0.00693257792999
0.00642374173389
0.0104036224427
0.00589945070535
0.00110780754088
0.00376520854316
0.00213255443128
0.00141876203709
0.00176852236374
0.00501046095264
0.00377723711862
0.0030782390103
0.000815121857799
0.00128073163568
0.00801215154056
0.00868199613215
0.00556454772328
0.00855162933582
0.0139546476275
0.0138183802007
0.00673610343927
0.0167354807934
0.0142251975448
0.0128224536839
0.0102126400013
0.0123069429695
0.00902470899068
0.0123485438414
0.0186418652752
0.0260644516235
0.0184705994965
0.0232949661993
0.0142698293284
0.00511925410114
0.00298869179415
0.00198963070608
0.002622031201
-0.00250011235053
-0.00118073406382
-0.00208484632388
-0.00165121550247
0.00197125469982
0.0125082697383
0.00717931215099
0.00431691325775
0.0102967405774
0.0203918707801
0.0278501692983
0.0320525990577
0.0293502213568
0.0172358454856
0.0199252657312
0.0129754707218
0.0228842767997
0.0109695516341
0.00547405430632
0.0256243468792
0.00937573588049
0.0081553286259
0.00693492137132
0.00477904972095
0.00953106399407
0.0071172839238
0.00103136626604
0.000404233159496
0.00297188365414
0.00407171256883
0.00226656983334
-0.000290456583421
-0.0174187332462
-0.0173530251226
-0.017201691594
-0.00874241216195
-0.00240720181688
0.00332640070411
0.00716926969611
0.00881416208129
0.0147081767906
0.0157875944828
0.0105590104905
0.00597481904078
0.0159506323539
0.012341568796
0.0143710433856
0.0120812525691
0.00498388279792
0.00390117447117
0.0174083923479
0.0204845029073
0.0180206123008
0.0181668212859
0.014110901866
0.0153357346694
0.00775478520321
0.0106535815614
0.0145450736247
0.019590975559
0.0243736093382
0.024662723318
0.0246171963752
0.0160708056734
0.0106608855272
0.00668152766311
-0.00058627658405
-0.00381076668954
-0.00671221556403
-0.00737481370178
-0.00975989291983
-0.00775235028872
-0.00885261519577
-0.0107547077514
-0.0123611039328
-0.0158037058637
-0.0159714212443
-0.0133926633164
-0.00691074922503
-0.00498152435163
-0.00752505694738
-0.00937706481916
-0.00994859440739
-0.00971037159332
-0.00842806135943
-0.00916123108799
-0.0117191708525
-0.0133933343623
-0.011544163589
-0.0132423335661
-0.0140661988003
-0.0134454922185
-0.0149524900728
-0.0160624719598
-0.018443691885
-0.0122444335982
-0.00125559185269
0.00812742601728
0.00974539910769
0.0148355109728
0.0139246460106
0.00963540092281
0.0106289261031
0.0123451966168
0.017864035644
0.017338605015
0.0146512655637
0.0120974830789
0.0145120416112
0.0184520632062
0.018126316061
0.0148585382568
0.0130164152314
0.0128660666623
0.0100322705748
0.00940025835012
0.0156666453621
0.0217981683707
0.0279296913794
0.0172484541054
0.0138928453095
0.0145851697366
0.0126885167389
0.011129828091
0.0122604139551
0.014710636897
0.0178405269681
0.0209780619523
0.0240582162932
0.0338592713656
0.0221084311075
0.0212450853498
0.0182366886825
0.0184451362444
0.0201040605071
0.0209529228567
0.021333197081
0.0246061354114
0.0305779723845
0.0306231249183
0.0264532081117
0.0237294407865
0.0218437192695
0.0180690326702
0.0160517582264
0.0192025250509
0.0233698543238
0.0247150381154
0.0202936463557
0.0170359220608
0.014120352589
0.0189279047494
0.020364285706
0.0157528710569
0.0170061108407
0.0167023257863
0.0128890258155
0.0136835626835
0.0114827296301
0.013060815039
0.0190928950401
0.020182786032
0.0180533436213
0.0191022854622
0.0206883387724
0.0251504784404
0.0283946567353
0.0297474224669
0.0340946215183
0.0394212199257
0.0417475711635
0.0429998702626
0.0439429757745
0.0448085387198
0.0477193560145
0.0505788288884
0.0552096188655
0.058632184654
0.0618752465296
0.0613284116759
0.0605719491951
0.0570105951732
0.0534521958386
0.0500546185983
0.0508282121885
0.0506413132589
0.0493692834146
0.0507123994035
0.0526345761627
0.0516776650832
0.0540814088005
0.0582344712251
0.0583622497111
0.0540810958248
0.0549929963949
0.0602796572157
0.0637390296648
0.0599021075727
0.0500772482421
0.0562593082277
0.0630257515472
0.0644290539465
0.0559798899725
0.0595894119876
0.0608474926366
0.0598534760153
0.0571818347705
0.0560378604338
0.0551312650634
0.0567236501191
0.0566109748776
0.0532187985071
0.0501771297763
0.0475942622928
0.0450113948092
0.0436327065471
0.0439362227851
0.0375486191748
0.0331004893957
0.0300369306212
0.0325559773674
0.0433238423302
0.0488586895029
0.0423656183639
0.0452233969786
0.0457755411301
0.0490174033006
0.043445370568
0.043143384565
0.0428903447118
0.042341473359
0.0410496918687
0.0404976834101
0.0397443499745
0.0387194280969
0.0382223470447
0.0443171392678
0.0481629124457
0.0589287033464
0.0688874523048
0.0625007057506
0.0625762984982
0.0597003682601
0.0631952325554
0.0689813571295
0.0729932370417
0.072782155635
0.0681425239778
0.0598103854487
0.0644724164227
0.0637423662049
0.0680166256809
0.0691450208102
0.0645747094326
0.0666194422844
0.0636471171393
0.053171022792
0.0453905236609
0.0427206956279
0.0458876155398
0.0502745347248
0.051881599877
0.0558231642072
0.0483367295641
0.0432525710966
0.0387150806666
0.0370271984983
0.0324712732304
0.0354051242733
0.0323674342412
0.0320013175874
0.0340727391915
0.0318005658006
0.0311149628116
0.0290866273229
0.0268239893127
0.0290334542548
0.0310941393613
0.0304658464021
0.0294091045696
0.0299383657026
0.0283853179292
0.0251418048496
0.0235548850421
0.0232599770098
0.0158394545523
0.0143109829123
0.0156773887387
0.0193556584852
0.0193159564489
0.0185858592861
0.020398901458
0.0204471206046
0.0204213975144
0.0222621484904
0.0151276580544
0.014554920978
0.0100699404835
0.0099925006685
0.0150049818549
0.0090307693073
0.0065220345492
0.00825324100149
0.00770960728076
0.0096714671117
0.0112279628762
0.0172091935046
0.0246328010594
0.0148045137894
0.0132597093942
0.011714904999
0.0141295236202
0.0150644640059
0.0107652871244
0.0103638400452
0.0126364505372
0.00650784074477
0.00364308628452
0.00103157588487
0.000131792280712
-0.00283508203337
-0.00309552417159
-0.00257367386246
-0.00662064100301
-0.00795249592158
-0.0104280900787
-0.0125291825169
-0.0118943794801
-0.0113941824361
-0.0128067727124
-0.0157356688608
-0.01409299064
-0.00938073761133
-0.0162853636228
-0.0186796738666
-0.0133735211407
-0.0143920718804
-0.0177220655613
-0.0189525622392
-0.0180007066586
-0.0134403084844
-0.00648251308911
-0.0075110639946
-0.0123211316458
-0.0108056901662
-0.00732098560816
-0.00896111817178
-0.0110764577454
-0.00941681001406
-0.00735861112195
-0.00526884959261
-0.008261328335
-0.0171840975551
-0.0212580119512
-0.0224257794764
-0.0248743688975
-0.0254760896822
-0.0243635484917
-0.0256246301696
-0.0276437488321
-0.0261299097025
-0.0247020683223
-0.0180681219653
-0.0161898216215
-0.00735935915013
-0.0110676527106
-0.0167599399502
-0.0194171487841
-0.0163875297665
-0.00800785504403
-0.0102648570352
-0.0155024205116
-0.0170811004382
-0.0165911170867
-0.0121808711433
-0.0140340522804
-0.020967815911
-0.0299006420817
-0.0318173801957
-0.0248307068051
-0.0231866080575
-0.0232437724233
-0.0334619438201
-0.0318187703223
-0.0394936943459
-0.0403829141518
-0.0408662157821
-0.04180362262
-0.0457099366544
-0.0456075182176
-0.0446787216367
-0.0349007046586
-0.026505851234
-0.0143937245176
-0.00749381971494
-0.0128641422965
-0.00293980357096
0.00716316118423
-0.00408737914581
-0.0119550360745
-0.013016836619
-0.00576686286819
-0.0084926006513
0.00113627270164
0.010461634506
0.0109753019323
0.0114889693586
0.0154210240327
0.0201593604262
0.0239356379
0.0235133602808
0.0175479558429
0.0115825514051
-0.0018655675842
-0.00955174996976
-0.0167482371998
-0.0167096625766
-0.0201214400483
-0.0240917528989
-0.0223601737195
-0.0252342196204
-0.0215088148747
-0.0165308310965
-0.0113910003918
-0.00611776820236
-0.000155487266922
0.00365619602171
0.00953087628801
0.012016833262
0.00878545032045
0.0128047777122
0.0171530307504
0.0150925036913
0.0153020551459
0.0139398298823
0.0119929371317
0.0149573433602
0.0167305990767
0.0153217868616
0.0280410726699
0.0297597407309
0.0319529540873
0.0277048777457
0.0190348702977
0.0138462647394
0.0068934604589
0.00339908591233
0.00487401985596
0.00456138191839
0.0100893925653
0.00738847985088
0.00674997933274
0.00465365327754
0.00207690584521
0.00122597459976
0.000666926393101
0.00419393092628
0.00436885455089
0.0113625286694
0.017434737037
0.01585879301
0.0108912111323
0.00766819552741
0.0115426802016
0.0199574340365
0.020059798501
0.0189338528418
0.0173489835018
0.0240596224802
0.0280502464046
0.0354261365274
0.0387831937463
0.0491321659666
0.0604553763729
0.0737891828244
0.0783949450686
0.068843436405
0.0709307518635
0.0702853472517
0.0668039553237
0.0751842243884
0.0662881678067
0.0576770702926
0.0572497159248
0.0588261545275
0.0596866555298
0.0537782682263
0.0525899171228
0.0548514488558
0.0581119013187
0.0555492796532
0.0575914016588
0.0611015983469
0.0542053910468
0.0529373780405
0.0587432470576
0.058242896007
0.0560632148055
0.055878337683
0.0514176057456
0.052736772813
0.0508849986788
0.0490332245445
0.0497098392332
0.0495277843217
0.0554885001236
0.0548134926499
0.0515632997814
0.0579274586093
0.0599666519431
0.0523679968256
0.0456485436297
0.0443224089552
0.0437900923398
0.0423926475057
0.0395838043989
0.036731081511
0.0286922006383
0.0212651916053
0.0122731887334
0.0105396298082
0.00823440045893
0.00915304564771
0.0104910255351
0.0119516760489
0.0145057924501
0.0155814017775
0.0166481987249
0.0107480857675
0.00333730450199
0.000291814583228
0.00134128350003
-0.00487697957275
-0.0145664757167
-0.0257208536607
-0.0364057123518
-0.0405998063195
-0.0440553729136
-0.0419810745727
-0.0384844936161
-0.0369128795824
-0.0343801373907
-0.0310046957422
-0.0311273577581
-0.0304969863264
-0.0253346759785
-0.0214925690625
-0.0170683078404
-0.0217761851772
-0.0246388223595
-0.0346247089636
-0.0454102015676
-0.0516631672888
-0.0514973533898
-0.0533440752122
-0.0588174310093
-0.0603350657851
-0.0682804278097
-0.069835764121
-0.0689323890996
-0.0644664451996
-0.0579304857252
-0.0606095334118
-0.0656009535268
-0.0674844097576
-0.0724934614655
-0.0731400566269
-0.0708383173038
-0.0665354746294
-0.0665965752731
-0.0697267259772
-0.0684020721479
-0.0755179444121
-0.0792693242461
-0.0799338085272
-0.0762006911106
-0.0730961640066
-0.0721187644652
-0.07173530277
-0.0693433455134
-0.0661117484254
-0.0619975736017
-0.057489470419
-0.0579787476064
-0.0546623190114
-0.0546287564046
-0.0581897773018
-0.0582997306454
-0.0480548400875
-0.0373775558035
-0.0336290364604
-0.0275927052495
-0.0184332166552
-0.0210048130424
-0.0252565512134
-0.0225361471853
-0.0198290117423
-0.0114244667586
-0.00301992177494
-0.00176434501542
0.00220835906335
0.00339510691197
0.0034297281936
0.00503119045505
-0.00185883111509
-0.00283115025307
0.00536568733737
0.0143941636032
0.0298196931406
0.045352205853
0.0540465803101
0.0501585860362
0.0503833827632
0.051114220847
0.045961218439
0.0405027360956
0.0401806911091
0.0387741783291
0.0379960534783
0.0313951599822
0.0335309522992
0.031229977107
0.0285374569441
0.0280270316413
0.0291355224209
0.0309908049664
0.0321119068572
0.0308691779811
0.028928329398
0.0273625855334
0.0247016826263
0.0283282218309
0.0332000071409
0.0326350345418
0.0287690758434
0.0293891727038
0.0351688380367
0.0459270611703
0.0442873582303
0.0460830268641
0.0441275218732
0.0360913841218
0.0354586849767
0.0345524241144
0.0298030077399
0.0267768329122
0.0288055106323
0.0320230183763
0.0338084753151
0.0331972263872
0.0305559910614
0.0315517286027
0.0309253633779
0.0304882504624
0.0273137942474
0.0233534815553
0.023285389831
0.0273364695991
0.0220629845783
0.0186093821551
0.020135269152
0.0180477978206
0.0142159806726
0.0141648093294
0.0170070849536
0.0180064973431
0.0168540150776
0.0173037872471
0.0161388255911
0.0106886464475
0.00724702347088
0.0137247123015
0.0174516587915
0.0184445068623
0.018833604528
0.0201636003849
0.0157278477678
0.0152610937774
0.015924477295
0.0167883387926
0.0187738801792
0.020262257348
0.0183094849916
0.0172699627583
0.0205653491513
0.0207372864497
0.017905206634
0.0162001412678
0.0118250591402
0.0164642962057
0.0183414237994
0.0191613630062
0.0172113958489
0.0140465142661
0.0108816326832
0.0111222436786
0.013130294573
0.00849012543847
0.00908198683708
0.00645817485708
0.00752231472797
0.00698654701231
0.00659836587707
0.00651925593635
0.00759422920397
0.0067886339053
-0.000609817471477
-0.0070557129582
-0.00635463273438
-0.00781437250035
-0.00930622439577
-0.0112205547098
-0.00863063514222
-0.00452039422363
0.00274963947609
0.00275099227068
0.00219903554739
-0.00248981034051
-0.00694310789877
-0.00697841473999
-0.00651308451445
0.00161685533855
0.00131284976557
-0.00131488001033
0.00267822893878
0.0031385006734
0.0122955462806
0.0124474771419
0.00528930358245
0.0053228262563
0.0145847608619
0.0105184877918
0.00115719968524
-0.00588436387904
-0.0101072012912
-0.0139761444156
-0.00534154807026
0.00299131667368
0.0166812753694
0.0170929251365
0.00884606149241
0.0011035330044
-0.00392291718589
-0.0103990147277
-0.0113083640407
-0.0176029268056
-0.0201472386065
-0.0199535192338
-0.0193694360436
-0.0176182705298
-0.0136345709559
-0.00526592450615
-0.00103520440204
-0.00036837553115
-0.00363183537929
0.000322233032892
-0.000547696422105
0.00406564413721
0.00428834332982
0.00764236150373
0.00942175108175
0.015636437626
0.0130697335382
0.0121092687706
0.00798319914233
0.00608877188587
0.00917219013586
0.00700117249219
0.0044157272182
0.0057598449025
0.00622835423192
0.0104624827553
0.00965029955043
0.00733962062982
0.00480366490766
0.0075057795382
0.00942329427284
0.00717098794691
0.0113161095253
0.0139910922959
0.0148591146585
0.0129677426227
0.0083443069583
0.00123854200764
-0.000643455824406
-0.00114145706724
-0.00151034470949
0.000669829938378
0.0056232450419
0.00550893562341
0.00539462620493
0.00395356480251
0.00949611170909
0.0104755839386
0.0120622721802
0.00976692913093
0.00750251848281
0.00752816112035
0.0077110128281
0.00536470918911
0.00456206376143
0.000966773813752
-0.000701682379444
0.00107978201636
0.00813246903448
0.0154256696201
0.01326757762
0.0102386751526
0.00776368251254
0.00449827549068
0.00537561452348
0.0052934293842
0.000559235710554
0.00138224358815
0.00324751854401
0.00662104651822
0.0079740488105
0.00918362649531
0.010326695941
0.0056912193348
0.00635111356663
0.00969199026599
0.0116011871945
0.0155955936038
0.0227666137464
0.0191442704324
0.0141692333078
0.0255633818613
0.0191269728127
0.021418269214
0.0245395788032
0.0198959694102
0.0185196095756
0.0208944454551
0.0170298734721
0.0159138957221
0.0208033978683
0.0196389073751
0.0242926718993
0.0278412741528
0.0294147703253
0.0291928904371
0.0292213596663
0.0288296963839
0.0246698515289
0.0219028156469
0.0219815571015
0.0257062565191
0.025669799249
0.0251042452756
0.0215992221226
0.0183878933775
0.0192893980189
0.0187003460163
0.0178138023065
0.0203425024048
0.0204484950776
0.0235905977614
0.0172324921135
0.0112616761299
0.0126529404838
0.00952392688374
0.00817977104076
0.0114247161414
0.0119222521352
0.00999794270745
0.0108086052236
0.0106780963692
0.00964073835833
0.00874675103218
0.00853205478747
0.00806464081905
0.00859336142764
0.00604927218302
0.00416427360872
0.00478844083115
0.00244200946013
-0.00268507987418
-0.00642242912176
-0.0155786878277
-0.0193161752062
-0.0194951409065
-0.0222651105479
-0.023512716017
-0.0253892136023
-0.0320530969126
-0.0387169802229
-0.0398225462683
-0.0396428009436
-0.0318332056583
-0.0298526961322
-0.0240888651318
-0.0211403073445
-0.0187520680454
-0.0173942662792
-0.0166767920018
-0.0150984483039
-0.0207519118286
-0.0250178124664
-0.0286224033247
-0.0255366503934
-0.0259876406887
-0.0282269851323
-0.0298601275197
-0.0297588827615
-0.0288672371814
-0.0296197105364
-0.0240703105352
-0.0220764501501
-0.0236064821189
-0.0202476921689
-0.0185491271116
-0.0148130085225
-0.0111147281689
-0.0154090005961
-0.0187524253665
-0.0216336302975
-0.0237444531368
-0.0252662624847
-0.0253055677038
-0.0230845670892
-0.0192044423173
-0.0195060564439
-0.0155070571811
-0.0149272902607
-0.00996318260931
-0.0104912473729
-0.00598173837537
0.00188249881409
0.0113983000476
0.0221272932
0.0189813981666
0.0160732479014
0.0102365220993
0.0113266963013
0.009741209787
0.0132025658766
0.00995138173244
0.0108012464318
0.0120382490734
0.0117727277865
0.0169718918606
0.0178317932487
0.0178452796284
0.0180720058272
0.0204003754913
0.0206734575145
0.020207763583
0.0233966501357
0.0256493228211
0.0294176175671
0.0305529463594
0.0259903961757
0.0287210983857
0.0322456360305
0.0321102449205
0.0333594671854
0.0298937446355
0.0219856456115
0.020052322785
0.0165155603822
0.0161297203107
0.0116898261513
0.00824463534934
0.0106696124563
0.0164250775683
0.0191051095044
0.0149683569289
0.0116450435594
0.0138448032826
0.0183785802915
0.0214003565272
0.0239985515175
0.0221917387787
0.0155912043168
0.0113796928799
0.00586577524914
0.00403848843493
0.00650694644558
0.00424447479293
0.00397095333748
0.00181530983036
-0.000340333676766
0.00023282144036
0.00401297706192
0.00434711364907
0.000539537517915
-0.00303829930418
-0.0012351838509
0.0021304512969
0.00157556678167
-0.000617955581444
-0.00490886304242
-0.00703965404731
-0.012234103578
-0.0125938867644
-0.0142058834382
-0.0155395123756
-0.012874611047
-0.0131510133748
-0.0129764336645
-0.0122016037286
-0.0105874415983
-0.0149014594618
-0.0142954464976
-0.0137149882527
-0.0159543046818
-0.0172251394232
-0.0162424726077
-0.0176716373701
-0.0171297478452
-0.0185801455908
-0.0194732708557
-0.0188180710777
-0.0204595336594
-0.0232156269722
-0.0258839343303
-0.0281940266102
-0.0311457414683
-0.0310457105267
-0.0316193507193
-0.0288417662896
-0.0290328805952
-0.0302346174495
-0.0291792076098
-0.0293820632398
-0.0326994340958
-0.0323919471392
-0.0314016989364
-0.0362900110107
-0.0380094255335
-0.0344766467609
-0.0344812784131
-0.0344099325813
-0.0326391883203
-0.0309566866909
-0.0304241144014
-0.0352686917297
-0.0384098845557
-0.043283924524
-0.045119455355
-0.0451861685234
-0.0483047037614
-0.0476564401392
-0.0458363059416
-0.0462072779316
-0.0488186185231
-0.0535675903744
-0.0564060484851
-0.0583939607162
-0.0593872115034
-0.0568802721807
-0.0528504770849
-0.0497056504788
-0.0542917966361
-0.0561115863401
-0.0523692394473
-0.0484071854144
-0.0487048851289
-0.048913536116
-0.0457503605252
-0.0491320528912
-0.0471222448441
-0.0524662908314
-0.0538947259574
-0.0543311784144
-0.0554333199357
-0.0562705176384
-0.0565113726764
-0.0560885575221
-0.0587650441205
-0.058238991654
-0.0544066187285
-0.0461925161245
-0.0446766256527
-0.0490227520968
-0.051747860665
-0.0539563509054
-0.0561648411459
-0.0575316758221
-0.060881841717
-0.0612595278942
-0.0626287100849
-0.0605023465705
-0.0576500258102
-0.0600155705943
-0.0614141240521
-0.0591434806754
-0.0580310725022
-0.0566874783808
-0.0540166491214
-0.0543464962764
-0.0532835068835
-0.0525103162328
-0.053804536807
-0.0534083473355
-0.0521894857895
-0.0486047499801
-0.0527569654384
-0.050110803216
-0.0510003388596
-0.0522636383661
-0.0520900306382
-0.0540170026235
-0.0551607835813
-0.0471159838832
-0.0348348949796
-0.0354098300954
-0.0369156642797
-0.0388962673326
-0.0374144702815
-0.037325748331
-0.0348633802533
-0.0379538878723
-0.0409789224265
-0.0382513498958
-0.0390569478056
-0.0366463968434
-0.0358551068428
-0.0347545850006
-0.0354835463933
-0.0376290067606
-0.0358131311359
-0.0353587791817
-0.0336747494233
-0.030730509254
-0.0215830355029
-0.0149819978879
-0.0154422633912
-0.0139819929516
-0.012335174648
-0.0118800397351
-0.0142828354551
-0.0117192297337
-0.00294035380057
-0.00250375407597
-0.00294264519954
-0.00314434248305
-0.00994778592548
-0.00734067570481
-0.0102960260601
-0.00943134150367
-0.00651077806654
-0.00779612552629
-0.0100377439443
-0.0102862500423
-0.0116739195128
-0.0111585850292
-0.00856607729755
-0.0084454657516
0.00409287659103
0.00879404903552
0.000120978004931
-1.9097490586e-05
-0.00536704293693
-0.00866757797335
-0.0130008347111
-0.0106635068599
-0.00178469637091
0.0115862834853
0.0186215487809
0.0183125414007
0.0170939196179
0.0164604304243
0.019118973572
0.0213304910109
0.0244088303451
0.0282365725904
0.0333277983863
0.0390372773157
0.0415125889419
0.0501681382138
0.0429398657362
0.0489511224731
0.05496237921
0.0513671300511
0.0430380855958
0.0382778340086
0.0368228916122
0.036677794258
0.0344770791091
0.033201377175
0.0318254943673
0.0284175387902
0.0314858195901
0.0321425260294
0.0287184197917
0.0295369870376
0.0315548947424
0.0355035776082
0.0346961873344
0.0385054981902
0.0429056087033
0.0428263216827
0.040564588626
0.0346134260622
0.0358389829332
0.03345978278
0.0309232388346
0.0435005054002
0.0476823892106
0.0481148518998
0.0506674439235
0.0484150601477
0.0453572843772
0.0419600081696
0.0351597963036
0.0229796508503
0.00979249591955
0.00500936940364
-0.00186808117015
-0.00625401750889
-0.00442222982115
-0.0014612022464
0.000904432460596
0.00638903208512
0.0109646781809
0.0158002444914
0.01745454807
0.0172085304479
0.0174204130021
0.0175707439789
0.0169919843526
0.0153801892007
0.0157735198392
0.0160484302715
0.0183338354017
0.0178926909782
0.0143504397438
0.0152689434879
0.0171846419672
0.0146629855251
0.0115616193585
0.0114954658428
-0.00321811157656
-0.00445440700862
-0.00892371315198
-0.0123760984397
-0.0111858085199
-0.0110794095638
-0.0119709667003
-0.0139968867584
-0.0150720313922
-0.0167267120338
-0.0184842483082
-0.0223751300812
-0.0250201404278
-0.0244695545831
-0.0241005824258
-0.0232372115238
-0.0255774768016
-0.0235878758813
-0.0266385126202
-0.0279431116835
-0.0290695677104
-0.0288015345371
-0.0259740198803
-0.0169100262531
-0.023673757501
-0.0214954200285
-0.0170654082947
-0.0167145225784
-0.0127741564485
-0.0147502476519
-0.0158213969054
-0.01567691099
-0.0138867499107
-0.0210506928789
-0.024714237914
-0.0250045353167
-0.0252948327194
-0.0239414318085
-0.0202077329517
-0.0243938007213
-0.0273037892415
-0.0279297166772
-0.0315488811518
-0.0380146546904
-0.0449898090023
-0.0518840572567
-0.0545079681413
-0.0571488460537
-0.0576180609142
-0.0498474652225
-0.0417382861561
-0.036992381139
-0.0323143564407
-0.0323151224718
-0.0304525179085
-0.0256811391308
-0.0223493058987
-0.0210762960155
-0.0189328189479
-0.0172676874005
-0.0172880173117
-0.0168054598721
-0.0129232931179
-0.0160374524934
-0.0154338249927
-0.012423559349
-0.00935967499788
-0.00737624265848
-0.00442461134987
-0.000777147509775
0.001987290004
-0.00374898300748
-0.006465040992
0.000377427906452
0.000171035188761
-0.00104586351901
-4.39915284389e-05
0.00248156057549
0.00185802540542
0.000858771401107
-0.000475803416748
-4.73955716764e-05
0.000531896570334
0.00236205586029
-0.0021772940488
-0.00761313259152
-0.00231841443696
-0.00395168398985
-0.00567525302008
-0.00848278968009
-0.00653285772883
-0.00661079534224
-0.00727683948493
-0.00970675467924
-0.00809225159976
-0.00466339593941
-0.00156141172873
-0.00420984072021
-0.00450533519856
-0.0042733803969
-0.00287140103414
0.00278165833841
-0.00292405210142
-0.00624274169037
-0.00609209581647
0.00355985592907
0.0156493141102
0.0154101249253
0.0168439706479
0.025964830831
0.0174036364439
0.00847570978795
-0.000822664815012
-0.00473264810964
-0.00424299652695
-0.00621435809125
-0.00486067418044
-0.00269825117748
-0.00620771552551
0.000303497205964
0.00517740942533
0.00740643797005
0.00522126820215
0.0093528715326
0.00595394746427
0.0148056077728
0.010556901643
0.000176022103664
-0.00660065833019
-0.00951202279896
-7.62971822096e-05
-0.00269205331001
-0.00530780943782
-0.00591201221407
-0.0134050139477
-0.00867951111783
-0.00710454889008
-0.00193471195011
-0.00468803434478
-0.00730065814278
-0.00731974419622
-0.0055595648623
-0.00727260786248
0.00312444119149
-0.00779947468442
-0.00847551411682
-0.00471476879346
-0.000656003741116
-0.00635067877726
-0.00877921536166
-0.0134151308939
-0.0144495636347
-0.0129555245795
-0.00896096110984
-0.00891960332475
-0.00990417449032
-0.014287554341
-0.0112372565894
-0.010746815763
-0.0139229045093
-0.00763031392738
-0.00673737399288
-0.00714106899779
-0.0144170411863
-0.0153751248316
-0.0113288004692
-0.00694690203547
-0.00893041166039
-0.0114574266769
-0.0130344278341
-0.00822557902077
-0.00186258624743
-0.00778994914673
-0.00453693834047
0.00119649477114
-0.00502822383798
-0.0107789456683
-0.0175385201324
-0.023965355208
-0.028472300733
-0.0363790785315
-0.034833099008
-0.0381704110388
-0.0391030730979
-0.0398537471051
-0.0370780344561
-0.041126702305
-0.0425187929046
-0.0399685905276
-0.0357616586034
-0.0338249012689
-0.0347050100056
-0.0328584246248
-0.0277456629672
-0.0273611337526
-0.0247388749403
-0.0261865134448
-0.027783168061
-0.0256464036569
-0.024991822424
-0.0243554452118
-0.0205182348971
-0.0161662746277
-0.0184611588047
-0.0128587738402
-0.000762245449847
-0.000861897168368
-0.000407306839378
-0.00167075489725
-0.000532553406458
-0.00189898705997
-0.0028409833659
-0.00191004287356
0.00415550274601
0.00653663646996
0.013916516984
0.0176567852683
0.0182582329022
0.0103613323842
0.00433945309179
0.00540593646725
-0.00189167567625
0.000600598463204
0.013918185161
0.0122003790796
0.0136235073768
0.0184673633559
0.0260099316387
0.0335524999216
0.0337782767617
0.033487001326
0.0351958430681
0.0368935127381
0.0444577722923
0.0432421638283
0.0342206755946
0.0299624425145
0.0286779330883
0.0306028467097
0.0309218495264
0.0353965503853
0.0367315321423
0.036916804887
0.0318955848035
0.0368267918384
0.039240234468
0.0386316333647
0.0379914473492
0.0418867966161
0.0420889944407
0.0341543276636
0.0360500299526
0.0423645465964
0.0460744407985
0.0451439951924
0.0412502876607
0.038436749824
0.0355090323584
0.0388928399673
0.0367615776667
0.040168673667
0.0385273956431
0.0336427546313
0.0295659437411
0.0234362627548
0.0201002839571
0.0180765841646
0.0174414476325
0.0222444904842
0.0276586193073
0.0356105646383
0.0407243001137
0.0376922319703
0.0388143935352
0.0346952759179
0.0324679114508
0.0320242775675
0.0277911674169
0.0259997496089
0.0279411391881
0.0296315814247
0.0295824318719
0.0291446568209
0.0294816564289
0.0297765237309
0.0301010746704
0.0273083319497
0.0306367194604
0.0262877872346
0.0265865472943
0.0195640421941
0.0107363117865
0.00279407565194
-0.00310118917744
-0.00587208987854
-0.0133719581283
-0.0193618039615
-0.0276836624507
-0.0335007542979
-0.0312880007237
-0.0330906968517
-0.0315515092588
-0.0303736404403
-0.0296626093989
-0.0272546381408
-0.0223202805942
-0.0178305067913
-0.0174324738243
-0.0179795066716
-0.0230147989821
-0.0255213728049
-0.0382939613561
-0.0417801096191
-0.0504548966288
-0.0586269163776
-0.0595670525206
-0.0601005965586
-0.0566211473843
-0.0547484209923
-0.0443284107318
-0.0338709112367
-0.0263425543981
-0.0223504558066
-0.0185382202424
-0.0147259846782
-0.0202149067603
-0.0186505387594
-0.0134231847355
-0.0134107122775
-0.015401544919
-0.0193184193103
-0.025558392068
-0.0320151367156
-0.0397856930345
-0.0417984441989
-0.0403479336803
-0.0373749155393
-0.0309788235184
-0.0292715522353
-0.0278025887813
-0.0229108873064
-0.0191924872521
-0.014617596513
-0.0111963160237
-0.00743485943997
-0.00810437768791
-0.00857463281551
-0.00386813416903
-0.00600815006626
-0.00309937148777
-0.00242936972461
-0.00261886135531
0.0026168015666
-0.00286533100403
-0.00297672927812
-0.00418905431061
-0.00446823096099
-0.00373504622999
-0.00626724705239
-0.0066587571898
-0.00365988415157
-0.00134908913678
-0.00329442082294
-0.0032445060536
-0.00531745852535
-0.00721659064586
-0.0068407070773
-0.00660873864496
-0.00627207216325
-0.00570199145015
-0.00636944664854
-0.011526726475
-0.0111972644793
-0.0121069845293
-0.0131252714032
-0.0126995221813
-0.0131900075413
-0.0122176152117
-0.0130455275841
-0.0133718763793
-0.0155035331558
-0.0153653324838
-0.0141271640797
-0.00908737153118
-0.00907820850272
-0.00604791882729
-0.00491305919256
-0.00328921779421
-0.00332071350377
-0.00546321608887
-0.00233697318269
-0.00168238872139
-0.00108978630134
0.000666070733744
0.00299071007592
0.00382707225838
0.00587693029867
0.00599605686316
0.0106057314759
0.0125198980992
0.0132932808364
0.0164986516932
0.0150337850333
0.0155296384877
0.0235483712544
0.0248376476223
0.0219916243002
0.0176204157977
0.0222541228463
0.0200706456289
0.0215794524446
0.0210344203325
0.0168675615876
0.0106896687809
0.0104382466098
0.00902308743534
0.0092111752742
0.0112162147745
0.0146146115659
0.0104367843206
0.00625895707528
0.00599285622806
0.00581090325987
0.0105019867583
0.0127758494739
0.0123015420221
0.017066056759
0.0172605253759
0.00951531401889
0.0105406906629
0.0153621636712
0.013779610422
0.010378870531
0.0129438916809
0.0180232444041
0.0136220038169
0.017109373847
0.0207613253312
0.0248826753684
0.0174186591433
0.0103233071075
0.00929947268618
0.0105635886285
0.01353776435
0.00645229256394
0.00643462870574
0.00693622144152
0.0119443424806
0.0117857710193
0.0134696852433
0.0139256228919
0.0130378052247
0.0066817708435
0.000137674900152
-0.000728579217504
0.00436053362998
0.00375758574352
0.00613213163659
0.00722716819481
0.00778295783122
0.00480140410882
0.00232747084193
0.00354108646539
0.00493609307232
0.00705537119793
0.00619816995095
0.00936145043244
0.00936040777977
0.0100556275523
0.00667193820437
0.00195665639408
0.00448274579101
0.00426859543534
0.00378164263752
0.0023732109829
0.00393798328309
0.0166104694618
0.0185665635779
0.0215615918536
0.0205275756846
0.0169694688076
0.0214272836756
0.0173287825089
0.0183532874704
0.020002803072
0.014287413547
0.0100977511239
0.00693858654094
-5.73663506449e-05
-0.00643821115715
-0.0102179906611
-0.00710757978131
-0.000757890751226
-0.00958513566506
-0.0121514804908
-0.0124460947046
-0.0181613537965
-0.0206429823446
-0.0167695850035
-0.0213355577738
-0.0256622251685
-0.0244877072848
-0.0169329734955
-0.00556763359037
-0.00786626864966
-0.0067227696444
-0.00710084176411
-0.00558847265345
-0.00802305245441
-0.00739375527133
-0.00799598068448
-0.00926344906466
-0.0125513350498
-0.0166979751786
-0.0216974889084
-0.0221659225165
-0.0226343561246
-0.0231027897327
-0.015974544265
-0.0181318080011
-0.0207535782785
-0.0216196084181
-0.021092230365
-0.0199627079225
-0.0178415344986
-0.0180928260878
-0.0129918799276
-0.00821479141947
-0.0048563701759
-0.0111455877432
-0.0111716295483
-0.0136494554037
-0.00162843879974
0.000637056227758
0.000469923512789
-0.00276397652641
-0.00205064660928
-0.0036001232611
-0.00223933669797
0.0038699419809
0.00950582110526
0.00871953451793
0.00459720591932
0.00455133745139
0.00733597934455
0.0129250457158
0.0163974924194
0.0162029588291
0.016073349646
0.0170297259611
0.0157942405489
0.016258164244
0.01653805753
0.0158150641863
0.0171225622743
0.0198757962827
0.0216852514765
0.0205528494049
0.020590241522
0.0241581586571
0.0308835400967
0.0361826278755
0.0356030750538
0.037512227322
0.0371651608931
0.0292281863393
0.0273242762146
0.0302631436633
0.0306795535397
0.0330843055606
0.0262677172409
0.0255311311817
0.0244702381956
0.0257416040694
0.0291248944374
0.0307886406821
0.0304381581362
0.0226283302603
0.0233011158885
0.0222260528756
0.0228831446142
0.0207440534918
0.0201316377784
0.0234018744896
0.0199633280441
0.0228721343922
0.0231244501784
0.0292774968392
0.0257363058198
0.020934204677
0.0164278397211
0.0120790699477
0.0127038587642
0.0128864163361
0.0104999731314
0.0149419089018
0.0126688143386
0.00633168936032
0.00360349351561
3.23040353321e-05
0.0011800667654
0.00507521004827
0.00774733699239
0.008236116747
0.00636927087196
0.00787362562265
0.00747102069293
0.00108504259917
-0.00471529421567
-0.00618967046801
-0.0102169719554
-0.0117950785466
-0.0141470934571
-0.0160859585384
-0.0153388643653
-0.0129238376316
-0.00720594618981
0.00943221807461
-0.00274306199674
0.000796358359285
0.000289410705392
0.00351912113715
