-0.0844808767934
-0.0850991228889
-0.0847769338324
-0.085210152546
-0.0852318200957
-0.0834204830491
-0.0852344657062
-0.085459918016
-0.0836592004497
-0.0818584828834
-0.0800577653172
-0.0782570477509
-0.0764563301846
-0.0781558835751
-0.0784752616704
-0.0787845467618
-0.0791353414813
-0.0789797399018
-0.0781258691244
-0.0776618951891
-0.0770353021927
-0.0762549330879
-0.0756950557734
-0.0750691969338
-0.0746233322022
-0.073468688585
-0.0722880562544
-0.0711074239238
-0.0699267915932
-0.0711965258796
-0.0712377775607
-0.071487622399
-0.0716956335218
-0.0716335410442
-0.0716721537289
-0.0710534115815
-0.0702702315157
-0.0696644660876
-0.0691739566794
-0.0685830728101
-0.0678887654138
-0.067253984253
-0.0662614702591
-0.0659257224491
-0.0654442213445
-0.0649692482838
-0.0647277569606
-0.0640413863957
-0.0630976508447
-0.0432193539528
-0.0429519136003
-0.0426844732478
-0.0424170328952
-0.0421495925427
-0.0418821521902
-0.0416147118377
-0.0413472714852
-0.0410798311327
-0.0408123907802
-0.0405449504276
-0.0402775100751
-0.0400100697226
-0.0382074168922
-0.0367510876998
-0.0349876229744
-0.0324777653968
-0.0310403721612
-0.0302666170826
-0.0288563347403
-0.0274891361644
-0.026315728555
-0.0249680347423
-0.0240009781351
-0.0234317618156
-0.0223140707626
-0.0212329288182
-0.020353097988
-0.0190101199759
-0.0174659102178
-0.0164232883618
-0.0160532335981
-0.0154840172785
-0.0153307372222
-0.0147278687376
-0.0144876936056
-0.0138547313019
-0.0135867838741
-0.0127696209418
-0.0121490599372
-0.0113231334203
-0.0106178268985
-0.00945535668372
-0.00829288646893
-0.00713041625415
-0.00596794603936
-0.00480547582458
-0.00364300560979
-0.00295283197983
-0.00207135425718
-0.00210226821545
-0.00199471092202
-0.00189219351651
-0.00147980898534
-0.00131123068653
-0.00112521781476
-0.00130842633944
-0.00128452986292
-0.00117118529659
-0.00127890794068
-0.0012811368675
-0.000896451877887
-0.00104104771783
-0.000847098014669
-0.000403786297164
-0.000374274512431
-7.47384956146e-07
0.000246200509838
0.0004620690957
0.000425281882189
0.000647010495229
0.00114207035342
0.000969364902292
0.00085336811147
0.000401716106975
9.28410852301e-05
6.2912616849e-05
0.000176422533834
-0.000399573162499
-0.000848090118593
-0.00093547463224
-0.00123343651082
-0.00160555485072
-0.00271241212886
-0.00373544323943
-0.00409507429794
-0.00477367338211
-0.00515547465631
-0.00547897990393
-0.00555000131685
-0.00649382285011
-0.00675871459788
-0.00700103267436
-0.00704121288329
-0.00694233319218
-0.00714158073029
-0.00723996436945
-0.00717771315521
-0.0072563340842
-0.00741167771665
-0.00702963833751
-0.00697102483767
-0.00692315251631
-0.00659807313047
-0.00629324589273
-0.00605456553064
-0.00569658136465
-0.00561382666931
-0.00502583974355
-0.00474019318168
-0.00459137759305
-0.00431772226061
-0.00436195025355
-0.00447745099241
-0.00457178684756
-0.00420776407568
0.00640022115187
0.00590776721999
0.0054153132881
0.00572807735723
0.00564391387432
0.00555975039142
0.00547558690851
0.0053914234256
0.0053072599427
0.00522309645979
0.00491793852075
0.00442306763473
0.00392819674872
0.0034333258627
0.00293845497668
0.00244358409066
0.00194871320465
0.00145384231863
0.00129191544944
0.00112998858026
0.000968061711071
0.000806134841885
0.000644207972699
0.000482281103513
0.000320354234327
0.00015842736514
-3.49950404586e-06
-0.000165426373232
-0.000327353242418
-0.000489280111604
-0.000651206980791
-0.000813133849977
-0.000975060719163
-0.00113698758835
-0.00129891445754
-0.00146084132672
-0.00162276819591
-0.00178469506509
-0.00194662193428
-0.00210854880347
-0.00227047567265
-0.00243240254184
-0.00259432941103
-0.00275625628021
-0.0029181831494
-0.00308011001858
-0.00324203688777
-0.00293831135782
-0.00263458582788
-0.00233086029793
-0.00202713476798
-0.00172340923803
-0.00141968370809
-0.00111595817814
-0.000828327408423
-0.000773682324276
-0.000851476499988
-0.000428013474994
-4.55044999933e-06
0.000418912574995
0.00436632873887
0.00831374490275
0.00830754756024
0.00855036168868
0.0085121656876
0.00906765790283
0.00916803236386
0.00892918003709
0.00917489110899
0.00966192815345
0.00935653210946
0.00919622134336
0.00883840252802
0.00892587302401
0.00858442392341
0.00872348382346
0.00853415732459
0.00788160427543
0.00753403720064
0.00704162295291
0.00645619565528
0.00653977710388
0.00675755052927
0.00596005771082
0.00548823292653
0.00535512565003
0.00536397521703
0.00482401934925
0.00424785830227
0.00387325308853
0.00385688337378
0.00367830466742
0.00350378035909
0.00300508278651
0.00253159788165
0.00272663228511
0.0100161952367
0.00865858038474
0.00853085031151
0.00842742017039
0.00822313274434
0.00834565757898
0.0086675953024
0.00820485819005
0.00825934453757
0.00780793725205
0.00795543003545
0.00746880306061
0.00763490109961
0.00763274492708
0.00644858952519
0.00566118971065
0.00448786146959
0.00355842544324
0.00334826476195
0.00264254817051
0.00222966758738
0.00171360819612
0.000921492580935
0.000621546494507
0.00252659437086
0.00443164224722
0.00318613513866
0.00309486157763
0.00296349379
0.00276854536889
0.0027294366322
0.00266735076862
0.00292554250789
0.00274407347209
0.00284758298152
0.00212863833776
0.00951848976808
0.00893025812335
0.0089689501764
0.00911834118531
0.0089527458123
0.00921870903231
0.00972872981768
0.00954990639235
0.00941506624099
0.00964514836908
0.00915256877069
0.00858558137799
0.00897406943264
0.00937860311476
0.00910627058756
0.0093331316849
0.00975535788701
0.00939778379063
0.00901747728634
0.00891512523149
0.00940671272595
0.00958718965782
0.00944449865741
0.00976188593083
0.0172216806878
0.0170605497825
0.0170474804668
0.0168008632733
0.0168869315957
0.0166782590703
0.0169638990182
0.0170253234791
0.0166056635192
0.0162211438802
0.0162095693344
0.0158375303628
0.0156021570138
0.0155991807021
0.0155503956451
0.0157107064112
0.015316510452
0.0153184946598
0.01533825737
0.0155727245974
0.0152326776704
0.0152092838598
0.0145215045073
0.0142679359724
0.0224963665517
0.022129367468
0.0217330285643
0.0218581130271
0.0213422189865
0.0209824953316
0.0202295744354
0.0196216594488
0.0193950496845
0.0187756461345
0.0183533405641
0.0183410252473
0.0182425556258
0.0179457512018
0.0176844111861
0.0174283690054
0.0169273565236
0.0163475577622
0.0159959362894
0.0155450250558
0.0154061305065
0.0149032131852
0.0145002602553
0.0140170196619
0.0226115299752
0.0218691055385
0.0217029347453
0.0213812417408
0.0208047499925
0.0202354410766
0.0196834212251
0.0190871667667
0.0187624180821
0.0197975925447
0.0191304092697
0.0176411752971
0.0195728832106
0.021504591124
0.0234362990375
0.0232659878639
0.0226655202707
0.0220729035267
0.0221007684189
0.0219920470568
0.0217786653448
0.0218701836248
0.0219240019557
0.021950874744
0.0216663856367
0.0214257210668
0.0213494944152
0.0212107652165
0.0211886942112
0.0208701428692
0.0203637531842
0.0201679780098
0.019886141127
0.0195866051102
0.0195803217853
0.0195838007631
0.0194572215304
0.0191545504652
0.0186669247724
0.0184546145326
0.0184411417613
0.0185109197374
0.0178458794068
0.0174430852136
0.0170156537729
0.0165772232067
0.0169239701422
0.0169652218234
0.025813882706
0.0258914255487
0.0250866705295
0.0251874484461
0.0247582841306
0.0246798219382
0.0241698805212
0.0239137523581
0.0234052990969
0.0234413455395
0.0229690180892
0.0228318630287
0.0230466535283
0.0235909085131
0.0233779368707
0.0233389934846
0.0225295160508
0.0214481227734
0.0210112663454
0.0203926101803
0.0201090338086
0.020017350178
0.0198404249782
0.0198419925024
0.0258266080923
0.0251788502121
0.024861542307
0.0241154007877
0.0237901494372
0.0237064820062
0.0236065308429
0.0248776673028
0.0229486865728
0.0226197975079
0.0221554928713
0.0216347242935
0.0284685014742
0.0279695525687
0.0274003362492
0.0269422355692
0.0262948017762
0.025730215275
0.0249977118776
0.0244494091089
0.0233280803415
0.0229339637506
0.0222690094024
0.0216424164059
0.0208679139424
0.0200450431055
0.0192034942588
0.0183254822859
0.0171089115418
0.0158185150376
0.0148661746387
0.0138462124363
0.0130971739735
0.0125308479834
0.0114697134681
0.01138728286
0.0173881458052
0.0233890087505
0.0219135054962
0.0216204181549
0.0208687340816
0.0204890096116
0.0198708494985
0.0197101286628
0.0191480158074
0.0193356028174
0.0188220236859
0.0183264743898
0.0180371901135
0.0175990108803
0.0169592691998
0.0164967834205
0.0160935791576
0.0146186513236
0.014037523143
0.0128296366152
0.0117652744552
0.0109414115144
0.00979826307472
0.011688964026
0.0135796649772
0.0154703659285
0.0147619243583
0.0139957687958
0.0130260731922
0.0123020026782
0.0116721820369
0.0106779285542
0.00971955616339
0.00886849634705
0.00817344156579
0.00729725506406
0.00669810366213
0.00609284090004
0.00529245775215
0.00450481321864
0.00404315419257
0.00441477648051
0.00339786995817
0.00148401550598
0.0003889047383
-0.000868838318662
-0.001685009147
-0.00343764009748
-0.00084068571631
0.00175626866486
-2.0920164749e-05
-0.00135893765723
-0.00247992910928
-0.00330313064743
-0.00330784644808
-0.00313835541366
-0.00331329640564
-0.00351940930291
-0.00380455981281
-0.00408301031422
0.00479987815376
0.00411797205651
0.00377015364872
0.00369219412236
0.00300334329763
0.0028031830239
0.00277631684963
0.00264221746921
0.00237245118415
0.00288718115615
0.00196403506868
0.00277052957674
0.00241370286532
0.00262228940838
0.00235814504557
0.00232994945204
0.00206406560035
0.00134570299089
0.00139571825672
0.00129477498944
0.000804755019183
0.000914468485151
0.000603443904903
-0.000524578256952
-0.00120582295159
-0.00224571321485
-0.00296465785861
-0.00359174690704
-0.00380116681739
-0.00440428002099
-0.00510247646468
-0.00531462135381
-0.00595568583952
-0.00607027384277
-0.00651779208092
-0.00748997455835
-0.00256864304219
0.00235268847398
0.00133239557025
0.00116580147929
0.000179815529255
-3.41482170721e-05
-0.000965237749967
-0.00161010530072
-0.00206952878595
-0.0028051804598
-0.0036640911252
-0.00465743848635
-0.00526741043507
-0.0054571536176
-0.00562936963079
-0.00584514562029
-0.00601686558152
-0.00674498387957
-0.00705129927319
-0.00740391284994
-0.00806026896414
-0.00860129630415
-0.00936711455132
-0.00992617172665
-0.000566411972424
-0.00172651216116
-0.00219180890163
-0.00274829983481
-0.0036601227095
-0.00436675203655
-0.00548683736701
-0.00399313892673
-0.00468843842697
-0.00612980007823
-0.0063574019465
-0.00688264160607
0.000702488946673
-0.000189743182523
-0.000298795245875
-0.000155270878169
-0.000433059976955
-0.00100848025301
-0.00128419916161
-0.00165590743189
-0.00153652425967
-0.00142888098389
-0.00155396544666
-0.00173221345171
-0.00202752971983
-0.00210863752265
-0.00316423609803
-0.0037112160616
-0.00413583654117
-0.00477880586641
-0.00539035195336
-0.00589045169949
-0.00559952053072
-0.00543507599827
-0.005443098812
-0.00554941928255
0.00342994798505
0.00269347617196
0.00283080319715
0.00283766194228
0.00317010273924
0.00367127395761
0.00414442816115
0.00427398039859
0.00440353263603
0.00262849336492
0.00245355237295
0.00128327981197
0.00104649767539
0.000260923332074
-0.000704479768547
-0.00140366831617
-0.00280963831343
-0.00339622306565
-0.00419734698447
-0.0046304003474
-0.00498053366434
-0.00539109272429
-0.00581952288294
-0.00623016792523
0.00443188696619
0.00327385696764
0.00229374427283
0.00232325605757
0.00121118692681
-9.33437512182e-05
-0.000431651189382
-0.000502996689587
-0.00121954705588
-0.00188475273708
-0.00233235695756
-0.0034386322014
-0.00175350400193
-6.83758024582e-05
-0.000378077577474
-0.00162605833182
-0.00182216420751
-0.00223405930075
-0.00287106938842
-0.00290058117316
-0.00297838196289
-0.00367905205237
-0.00418420491449
-0.00415485186638
0.00423842670096
0.00359678679498
0.00341283749937
0.00293546354713
0.00267883933206
0.0029065337967
0.00248298478937
0.00219213298891
0.00169161655914
0.00196196487849
0.00125657898836
0.000422880990692
5.9023569466e-05
7.61406691721e-05
-6.46587197554e-05
8.23446257114e-05
-0.00039428194157
-0.00134637100753
-0.00194675923234
-0.0018266352892
-0.0023251608971
-0.00288264393421
-0.00314827645291
-0.0036518551768
0.00422908769602
0.00321333862826
0.00287585794336
0.00204521562579
0.00130188506756
7.45665309456e-05
-0.000791123511264
-0.00109999853301
-0.00157042114375
-0.00198206490399
-0.00222471368178
-0.00287595053973
0.004709431346
0.00398147178458
0.0041016883241
0.00364895823334
0.0028737943672
0.00234830998866
0.0013264429467
0.00119729747187
0.000325324104809
-0.000175443657962
-0.000629906623575
-0.00129676581132
-0.00261436580504
-0.00356083294876
-0.00408540459169
-0.00474887078401
-0.00483006456917
-0.00562878759649
-0.00634640943502
-0.00668190591206
-0.00684593376087
-0.00696052176412
-0.0079132722327
-0.0079258388824
0.0034689707394
0.00196800348437
0.00146798310656
0.00094481363718
0.000545326457021
-4.219748691e-06
-0.000553765954403
-0.000594190882303
-0.00130181231328
-0.00208664588566
-0.00322318691321
-0.00350518914666
-0.00081912288868
0.0018669433693
0.00455300962728
0.00399346301402
0.00390731532326
0.00331701348834
0.00284923648806
0.00231755476701
0.00166656262804
0.000982182884993
1.36381219453e-05
-0.0010442753626
0.00103724134577
0.00311875805415
0.00234996349521
0.00248166198413
0.00231928764187
0.00150493567073
0.000719354713385
0.000152122601716
-0.000190239234485
-0.000749951198408
-0.00142821958128
-0.00220007643433
-0.00263643681034
-0.00326989516597
-0.00402496562062
-0.0046120464248
-0.00552552942005
-0.00580909917771
-0.00635839405042
-0.0066771107431
-0.00585978246018
-0.00627754419463
-0.00684271273013
-0.00760158624983
0.00114290372072
0.00141622173782
0.000938609680641
0.000610223281719
0.00025538077815
0.000261915435998
3.77793174349e-05
0.00040279419324
-0.000103020071492
0.000255301409837
0.000265381185707
0.000712992020217
0.0101630266175
0.00970384785126
0.00993385061103
0.00981744375058
0.00960066904314
0.00934628036891
0.00910775874345
0.00876638901117
0.00807415180505
0.00762861777475
0.0069663817913
0.00688172225643
0.0149586916366
0.0142671952014
0.0138238041156
0.0139698153572
0.0141795593548
0.0139355017894
0.0139448407944
0.0135265036397
0.0130882450381
0.0124157639282
0.0121936979998
0.0122410676552
0.0119193812647
0.0120847319188
0.0114070389562
0.0101448380456
0.00951981257331
0.00877573463014
0.00801653040913
0.00752080914832
0.00722086306189
0.00666982870029
0.00613731361195
0.00561323802098
0.0110604672923
0.0165076965637
0.0155942201824
0.0143997270577
0.0135047633357
0.0127439849764
0.0116819377255
0.0106941329183
0.00930560410802
0.00849869291631
0.00748955126068
0.0130372310543
0.018584910848
0.0171042023551
0.0168813890418
0.0166188915715
0.0158839145283
0.014595250899
0.0132693899866
0.0113481741233
0.0105606949405
0.00950832400987
0.00860550943882
0.00733123131645
0.0091395611859
0.0109478910554
0.0127562209248
0.0119705539851
0.0111176753116
0.0102740562747
0.00931303827343
0.00860095898882
0.00739753692872
0.00642858209605
0.00556346747412
0.00692761036994
0.00829175326576
0.0090304606197
0.00841460880172
0.00777230087909
0.00657500340722
0.0062295792769
0.00520978242513
0.00432110202798
0.00296606003216
0.00214078830382
0.000974074088919
0.00085006109839
-0.000146672644159
-0.00104692097306
-0.00249522735179
-0.00353858997878
-0.00281766112717
-0.00404017788079
-0.00460270080584
-0.00493456618252
-0.00461436133396
-0.00445645145935
-0.00578934308156
-0.00609094267453
0.00346318346651
0.00219916369872
0.00206108928857
0.00186705360307
0.00134140387388
0.00074002354514
0.000305237307356
0.000444793259365
0.00011854980492
-0.000832130473465
-0.00146244716666
-0.00276011909956
0.00602843351328
0.00492860033092
0.00467487305931
0.00451720790367
0.00379991676645
0.0026174148711
0.00320829653565
0.00379917820019
0.00439005986474
0.00558099684812
0.0067719338315
0.00796287081488
0.0171514066598
0.0154710273312
0.0153416437514
0.0150441779248
0.0151337979793
0.0154638378847
0.0153816586097
0.0159651810678
0.0167929264419
0.0176458051154
0.0177732111014
0.0182843893413
0.0183322550486
0.0188116132087
0.0192031635575
0.0195224490564
0.0194387022572
0.019131480742
0.0191042838664
0.0182748849857
0.0178156202371
0.0182332166209
0.0178586114072
0.0176114981617
0.0169923393307
0.0171128005891
0.0172296968875
0.0168426176204
0.0166303073806
0.0161373110986
0.015455570352
0.0143936024694
0.0137448524853
0.0129772947493
0.0124499121452
0.0123487969133
0.0155931134354
0.0188374299575
0.0220817464796
0.0212175445933
0.0203520992701
0.0195153455923
0.0190766636931
0.0185198486727
0.0177684093184
0.018371529136
0.0191958021464
0.0186055003115
0.0224674301872
0.0263293600629
0.0256716811435
0.0250553332736
0.0233104738038
0.0218701836248
0.020397325981
0.0189530673863
0.0176765603371
0.017170673318
0.0163189454851
0.01518150495
0.0197247588887
0.020501496893
0.0192271327883
0.0182389179115
0.0175543662037
0.0168751057169
0.0162537179591
0.0154198546107
0.0146720529708
0.0142805026221
0.0139698947255
0.0133755451065
0.0125664777423
0.0121744379556
0.0113207259148
0.0108541923514
0.00996451985034
0.00906774388517
0.00807911232467
0.00690049286268
0.00602959096785
0.00478293301874
0.00416311278506
0.00359761354825
0.0118250454096
0.0108079801506
0.0104041078711
0.0103418500429
0.00993757430776
0.00953775642629
0.00937744566019
0.00912090081343
0.00880309685637
0.00851530735003
0.00852250341049
0.00774245839305
0.00710982679069
0.00647355747395
0.00575477818084
0.00520101884046
0.00447306589307
0.00401760420951
0.00339811467713
0.00366193495267
0.00288627503457
0.00288594433326
0.00299970558324
0.00267471217974
0.0133921595403
0.0121425186653
0.0123550802381
0.012797723939
0.0130527806299
0.0125356431523
0.0113635583482
0.0107567214479
0.0102678589322
0.0100995319664
0.00958264582185
0.00884129947148
0.00821999108191
0.00752303807514
0.00714091271365
0.00696175197299
0.00672472511744
0.00624256261026
0.00536405458535
0.00487370391378
0.00472091990945
0.00548931101279
0.00497647265228
0.00526095514554
0.0138598505582
0.0224587459709
0.0214443263223
0.0218586950614
0.0218087591638
0.0216477076268
0.021295338769
0.0209440546115
0.0196185244004
0.0194945907782
0.0193630510259
0.0190020111798
0.0185452266911
0.0178538162382
0.0173343704655
0.0172871595468
0.0167102511149
0.0158173575831
0.0157321226279
0.0146579187969
0.0138391883405
0.0138731645929
0.012619231215
0.0121187081712
0.0221727753217
0.0206436124731
0.0200796807605
0.0194294426205
0.0190968364729
0.0187595211387
0.0186486568322
0.0185223289325
0.0184847083517
0.0180891102189
0.0174978162801
0.0168056584422
0.0157107857795
0.0151571917898
0.014452639267
0.0136120759101
0.0120091666699
0.011169595417
0.0102039475974
0.00920225333522
0.00845230875084
0.00739356851302
0.00672654397463
0.00606762161828
0.0101272678851
0.0141869141519
0.0134645831267
0.0130431902919
0.0120960617456
0.0114375494589
0.0106054189854
0.0099312909829
0.00895133702473
0.00804075097293
0.00698862476128
0.00634929315043
0.0052604657076
0.00468570683416
0.00331973846712
0.00243892214708
0.00186986456419
0.00113206994587
0.00045677787477
-0.00022901726987
-0.000798974360318
-0.00159646717877
-0.00230648288722
-0.00280393702288
0.0102785273564
0.00877160086379
0.00840245883566
0.00851704022488
0.00809671886231
0.0081887398083
0.00814186620489
0.00830291774193
0.00692455468985
0.00554701177703
0.00473084094869
0.00414624701835
0.00322103074068
0.00347318387407
0.00299350824073
0.00278400234803
0.00267057179936
0.00239758448357
0.00199710519949
0.000998717950397
0.000507375174906
0.000372859110833
1.62837324098e-05
-0.000817248914602
0.00445570076738
0.00972865044937
0.00988267789062
0.00948608103989
0.00951328452949
0.00930113302633
0.00963663611741
0.00979809772406
0.00973939824188
0.00938009127065
0.008952163778
0.0087930170805
0.00793385508211
0.00778652103533
0.0082597546072
0.00764945195716
0.0071428969215
0.00698763265736
0.00741208778628
0.00778115044609
0.00753651084643
0.00752742317448
0.00798924093719
0.00841518422199
0.0141269778468
0.0198387714716
0.0194263009581
0.0191036224638
0.0190735286447
0.0183974032063
0.0178019821152
0.0173028678589
0.0174540843391
0.0165705298122
0.017115029516
0.0161354922414
0.0157474142564
0.0153156836987
0.0149157004666
0.0146252653498
0.0141397958295
0.0133503258248
0.012807069558
0.0127292687682
0.0122446260012
0.0112193725779
0.0104246113522
0.00959885018594
0.0209013941428
0.0208438521152
0.0204630495589
0.0191810859382
0.0188039210963
0.0187573781942
0.019342841869
0.0199283055438
0.0182930735577
0.0171975394923
0.015923016651
0.0183328106269
0.0207426046027
0.0231523985786
0.0221772397894
0.0215758594606
0.0205792910687
0.0195772661052
0.0185766433153
0.0175340280733
0.0163693840486
0.0153715722198
0.0143541696455
0.0128618799928
0.0122136194466
0.0113346153697
0.0101797270336
0.00940704342726
0.0089338098554
0.00822635377508
0.00743391407261
0.00672993035602
0.00622569684354
0.00528692181225
0.00487296314285
0.00422933902902
0.00982223891956
0.0154151388101
0.0143760753001
0.0139909802409
0.01319489621
0.0129033036386
0.0127464652362
0.0117050008348
0.0110345105467
0.010628078639
0.0102929922316
0.00945706530712
0.0101320266769
0.0108069880467
0.0100839890049
0.0100868793343
0.00950923013146
0.00924574717126
0.00914380518603
0.00860732168199
0.0084261833475
0.00802239705033
0.00783711833547
0.00780049647261
0.00710577900668
0.0072533511584
0.00675729919628
0.00660657876811
0.00643155840782
0.00561762312033
0.00542688783388
0.00490752142954
0.00435086514571
0.00413996369349
0.00364547925558
0.00406564188152
0.0149460456186
0.0139155803426
0.0137849533259
0.013399183636
0.0135002194997
0.0136245631915
0.0130703077992
0.0127986300606
0.0132883986978
0.0128054954197
0.01236566268
0.012386662213
0.0118254620932
0.0116288601656
0.0113189136716
0.0106990934379
0.0104789323491
0.0108496485154
0.0107960749035
0.0101834441163
0.00968260359923
0.00936091059478
0.00938398031803
0.00924111735294
0.0207275246231
0.0195567626241
0.0194785517648
0.0196841619961
0.0194396943611
0.0194697881801
0.019943273085
0.0197747741545
0.0196647366012
0.0194709456347
0.019301130513
0.018952240633
0.0190560808437
0.0188772508044
0.0186670107548
0.0183480493431
0.0179631923888
0.0178619184202
0.0181284636746
0.0178521627317
0.0170888181303
0.0165225781225
0.0160238011816
0.0150216902358
0.0255642032184
0.0240614104921
0.0236577895456
0.023211673481
0.0228841998177
0.0226178992824
0.0227946591315
0.0225997966928
0.0220819184443
0.0214649885401
0.0212096077619
0.0205174499241
0.0195475029875
0.0195427938009
0.0181522741687
0.0177734558203
0.0167276923019
0.0162743008085
0.0150357450414
0.0145304334427
0.0145153005508
0.013434568676
0.0129658061858
0.0120449617795
0.0138701309596
0.0156953001396
0.0175204693197
0.0193456384998
0.0211708076798
0.0229959768599
0.0203417681612
0.0191142049056
0.0199492257085
0.017790566306
0.0161437597741
0.014783830013
0.0128767615516
0.0118704374711
0.0105914501621
0.0097049193235
0.00924863750069
0.00898126549311
0.00809779694858
0.00772542727568
0.00725492529662
0.00627803363256
0.00588549117987
0.00537364492328
0.0159524490674
0.0152607872816
0.0145705276693
0.014246612352
0.0139588162317
0.0130439310629
0.0126170750424
0.012060260022
0.0112138300239
0.0106963618451
0.00996121283726
0.00919548057243
0.00908609780777
0.0084956306222
0.00830465061678
0.00832655627143
0.00802190099837
0.00793500592266
0.00776652022022
0.0075895950204
0.00702855363722
0.00697572741027
0.00721730471582
0.00713933857543
0.0176936708227
0.0164986022777
0.0162364421227
0.0160896107419
0.0162280026253
0.0160376046542
0.0151737268552
0.0152372215063
0.0150107770926
0.0144747962546
0.0134076231334
0.0126621364027
0.0121653370556
0.0119672469721
0.0115642940422
0.0114738406204
0.0111714208882
0.0106050882841
0.0106848732817
0.0104834761851
0.0106370075743
0.0102666221093
0.0106628022764
0.010563340551
0.023866210738
0.0232732632927
0.0226803158473
0.0222616479912
0.0220051097585
0.0217090461054
0.0213324632979
0.0207099180854
0.0205338196389
0.0200732386991
0.019227304753
0.0187423246707
0.0184872745938
0.0180794405126
0.0181939425336
0.0173304020499
0.0172460732163
0.0163936046124
0.0151929075311
0.0148376549579
0.0141097020105
0.0139077228796
0.0123478841777
0.0122049418443
0.0161656257447
0.020126309645
0.0200247843434
0.0195202201296
0.0202112998812
0.0201078763541
0.01999560326
0.0202671884022
0.0199252432497
0.019501866207
0.0198128907873
0.0198703468325
0.019021522557
0.0189992002187
0.0185864056179
0.0181867464731
0.0179686555744
0.0174887219941
0.0174134874465
0.0167220703796
0.0156253061054
0.0148537799537
0.0152382136103
0.0146248486661
0.0147126498634
0.0145590391058
0.0136807824139
0.0131739760452
0.0125315953683
0.0124584243969
0.011449454706
0.0106427088649
0.00901194134645
0.00821238495183
0.00763663397446
0.0103285161661
0.0130203983578
0.0157122805494
0.0148990860329
0.0144208919414
0.0135866119094
0.0134342379747
0.0131066849431
0.0130355841618
0.0128448488754
0.0122185799662
0.0114498713896
0.0113408193262
0.0114250687915
0.011356441656
0.0109587799471
0.0106382443972
0.0100635715061
0.00909105832739
0.00870587067179
0.00777428508694
0.00702061680583
0.0065287845924
0.00568500020484
0.00576833693447
0.00554205125741
0.00589086176912
0.00526517489423
0.00446429569438
0.0038229864897
0.00318159130268
0.00219907771638
0.00325377017018
0.00555470388945
0.00509389807275
0.00463309225605
0.00417228643935
0.0161830272474
0.0146696157021
0.0131562041569
0.0127839998347
0.0129179338645
0.0133992696184
0.0132549184974
0.0138665505667
0.0139256601185
0.0142966276179
0.0150533515791
0.0158882136453
0.0154619396592
0.0151535540754
0.0151704198421
0.0147959865931
0.014303492977
0.0141759216404
0.0135647856231
0.0129124772929
0.0122800110412
0.012085307339
0.0119769232923
0.0121033371744
0.0103398437883
0.00857635040216
0.00681285701604
0.00650381664364
0.00603876462214
0.00557851438364
0.0045187820419
0.00443511461095
0.0047339032428
0.00431184239135
0.00827546953335
0.00698904144493
0.0107283208195
0.0144676001941
0.0137156647879
0.0143519341046
0.0128403844077
0.0127722599383
0.0125129041304
0.0120029627133
0.0121079669927
0.0118338949766
0.0119194672471
0.0121714616438
0.0116625123307
0.0115707361037
0.0111930752099
0.0105593721353
0.00986175772587
0.00929484970148
0.00887635381013
0.00830093353408
0.00714165348458
0.00639179488254
0.00543895843163
0.0048794978007
0.0042614170559
0.0038658123091
0.00315026066076
0.00292174605687
0.00287089742374
0.00253490489474
0.00209697699453
0.0022423136054
0.00124831145566
0.00137241042853
0.00147699141019
0.000424117813585
0.0110813841501
0.00998953079029
0.00889767743048
0.00905244564266
0.00929947951979
0.00912619203436
0.00875432502745
0.0087358057542
0.0088989208674
0.00833912292113
0.00803380624546
0.00791591122913
0.00776941054965
0.00740977287712
0.00712950351852
0.00667826158365
0.00603596027505
0.00561935599518
0.00606043217185
0.00608473210396
0.00642163736858
0.00592649814207
0.00540547161717
0.00456937934203
0.004609063499
0.00385018336528
0.00389524472552
0.00336967436464
0.00286626760543
0.0022551315881
0.00218642508433
0.00188375401913
0.00126427110078
0.00133189290426
0.00118539222478
0.000848493574189
0.000703070980975
0.000514240534062
-5.68012566755e-05
-0.000642883342905
-0.001121738837
-0.00142880161558
-0.00172287444677
-0.00190368869398
-0.00186747028672
-0.00232830917355
-0.00265272715678
-0.00276210330741
0.000529477045663
0.00382105739874
0.00711263775181
0.00674613472012
0.00613574608775
0.00539183349522
0.00648388858281
0.00574998301187
0.00551261884099
0.00699523878744
0.00689222532998
0.00612450224327
0.00605265407708
0.00598767788407
0.00611268297852
0.00620627144871
0.00634756027557
0.00645429742977
0.00666437212871
0.00662575944398
0.00669520671868
0.00581513116957
0.0064388338366
0.00641395187018
0.00585771226999
0.00520656139439
0.00568748046465
0.00628828537311
0.00619154862647
0.00613839169821
0.00702285234667
0.00745226799521
0.00751452582347
0.00565400026422
0.00547483952355
0.00516802807797
0.00606869970455
0.00530511038419
0.00483741275223
0.00494910381202
0.00455788416457
0.00457037144596
0.00493017446915
0.00569103881072
0.00415823824778
0.00310892299725
0.00323507893225
0.0026890117043
0.0110445109542
0.00990549628087
0.00906402018844
0.00915811132462
0.00876349868174
0.00816369249122
0.00788259637936
0.00843345877628
0.00838096325063
0.00801818391567
0.00806621497366
0.00772203428026
0.00771327730962
0.00761067392178
0.00785944728779
0.00784944026621
0.00774039481688
0.00772253694625
0.00703293873656
0.00671522076184
0.00604471724569
0.00559587620231
0.00497110206304
0.00463221259057
0.00349038034209
0.00321366932957
0.00272663228511
0.00149543131513
0.00111594495008
0.000621301775539
-0.000226040958098
-0.000246954508821
-0.00211210988638
-0.00123666415559
9.17629989658e-05
-0.00056616063943
-0.000496382663425
-0.000426604687421
-0.000795422628269
-0.00147005329675
-0.00214939976588
-0.00289504523326
-0.00348584312014
-0.00390401492421
-0.00438138226242
-0.00441263353603
-0.00498234590751
-0.00568574758979
-0.00236809915494
0.00094954927991
0.00426719771476
0.00387209563395
0.0038186873727
0.00323375612702
0.00287288163159
0.00296489596355
0.00360009380806
0.00264023326136
0.00246222997527
0.0018585413514
0.00171583712294
0.00188689568156
0.00200561745116
0.0010109538988
0.000283900458959
-6.92025557284e-05
0.000155012931149
3.09999406194e-05
-9.55726780346e-05
-0.000223223382953
-0.000682739464554
-0.000850894465686
-0.000506806368656
-0.000710763093401
-0.000416352946871
-0.00142821958128
-0.00128519126553
-0.00159481367223
-0.00199016047202
-0.00230516008199
-0.00246827519518
-0.0024683545635
-0.00295911530469
-0.00396155695181
-0.00476284622129
-0.00514249132296
-0.00495077054661
-0.00477061770203
-0.00555057673713
-0.00570021907903
-0.00605183393784
-0.00620768023628
-0.00643487203493
-0.00670728393045
-0.00653110611558
-0.00622379861804
0.00534859099218
0.00455541051878
0.00362522710747
0.00343838086841
0.0033624849182
0.0032722034611
0.00234574374651
0.00185283344682
0.00112694407559
0.000621215793199
-0.000119555136896
-9.67632027427e-06
-0.000238356274811
-0.000399407811845
-9.22656649539e-05
-0.000707039396672
-0.000279859288974
-0.000315819749215
0.000234050543779
7.15108508589e-05
0.000362448633654
0.000253892622264
6.03199185933e-06
0.000290686449801
2.03315164209e-05
-0.000143193666398
-0.00029606365307
-0.00131578113653
-0.00184523393076
-0.0016378842106
-0.00242569409476
-0.00280484975849
-0.00332247667395
-0.00332115386872
-0.00268893233599
-0.00270406522784
-0.00263858636884
-0.00299037319233
-0.00286743167403
-0.00327419428297
-0.00371097134263
-0.00347418920604
-0.00383498433316
-0.00364168280456
-0.00466454195045
-0.00521028509112
-0.00560472576931
-0.00620123156077
-0.00323577781435
-0.000270324067923
0.0026951296785
0.00284303914555
0.00294439248245
0.003220858776
0.00397866743749
0.00302946870097
0.0031069387894
0.00280847424483
0.00190558030546
0.000651150875606
0.000164186585435
-0.000838909850281
-0.00130883640906
-0.00268811219674
-0.00254384044408
-0.00222008386347
-0.00265644423948
-0.00294787146021
-0.00364342229344
-0.00376801070425
-0.00431954111781
-0.00476615323437
-0.00574949357394
-0.00706353522159
-0.00764160110811
-0.00882906352308
-0.00934339003948
-0.0101979222196
-0.0113989433882
-0.0122340501734
-0.0129281062367
-0.0133943950811
-0.0139265794681
-0.0143362324065
-0.00995559752904
-0.00557496265159
-0.00612599701319
-0.00678078560318
-0.00710908601976
-0.00721416966742
-0.00694935728796
-0.00687230388318
-0.00644040797483
-0.00573883176377
-0.00524227713566
-0.00474011381337
-0.0047182015447
-0.00396180167078
-0.0035147794846
-0.00244396864904
-0.00219801285817
-0.00212947170506
-0.00228150832443
-0.00208822002389
-0.00199553767529
-0.00202604817797
-0.00191989305808
-0.00160026362979
-0.00124625449352
-0.000831383088509
-0.00139044026384
-0.0013264429467
-0.00173626784975
-0.00183597429414
-0.00266405036957
-0.00319573870464
-0.0037589230323
-0.00439808267848
-0.00472556295581
-0.00526022098864
-0.005739903236
-0.00614839871979
-0.00669488924542
-0.00726964811886
-0.00730783750592
-0.0069313406807
-0.00767491595788
-0.007651687498
-0.00787987140058
-0.00782042453344
-0.00799834183719
-0.00828076075428
-0.00838617510325
-0.00867049885988
-0.00843792985796
-0.00876846581539
-0.00806878121581
-0.00779041669674
-0.00797007348937
-0.00805125404648
-0.00813550351172
-0.00862816909245
-0.00872216763225
-0.00918944858057
-0.00684494165695
-0.00450043473333
-0.00538671423898
-0.00540994269886
-0.00596808713858
-0.00565582573544
-0.00537232873207
-0.00473795764084
-0.00494993717932
-0.00534504587416
-0.0059112858819
-0.00607729793856
-0.00630804808328
-0.00697135553897
-0.00718779293108
-0.00776925181303
-0.00774808692931
-0.00838716720717
-0.00825587878786
-0.00824562704731
-0.00862576820095
-0.00886693543688
-0.00909883642216
-0.00962051773565
0.0010434419953
-0.000198090083539
-0.000567655409343
-0.000259772491522
-0.00066777192335
-0.000321196952484
-0.000877105851364
-0.000935223299246
-0.00168765475746
-0.00192666582086
-0.00193510531825
-0.00198693944128
-0.00179471599894
-0.00242701689999
-0.00297077583281
-0.00301484508912
-0.00338556125548
-0.00369856342955
-0.00411103394306
-0.00438187831438
-0.00445612075804
-0.00443190019424
-0.0045278829419
-0.0048140189417
-0.00536075418629
-0.00588243549979
-0.00543731153911
-0.00531594415905
-0.00574287954778
-0.00560571787324
-0.00578281503774
-0.00609780141966
-0.00652829515446
-0.00645603691865
-0.00617535749043
-0.0060572111411
-0.0064268492212
-0.00633160724447
-0.00648339914488
-0.00684551707722
-0.00641990449373
-0.00615038292764
-0.0058543258886
-0.00582902723853
-0.00578909836259
-0.00630325291432
-0.00688338899102
-0.00723169683675
-0.00740961414049
-0.00801413613166
-0.00819080999849
-0.00824513099535
-0.00844255967627
-0.0086754593795
-0.00925873050461
-0.00942871097696
-0.00955371607142
-0.00943499430182
-0.00915158328079
-0.00886651875323
-0.00808589831551
-0.00795709015602
-0.00745591232362
-0.00741556676404
-0.00735563045896
-0.00738679575023
-0.00733049715955
-0.00816262101899
-0.00850415610192
-0.00848464472474
-0.00943424691686
-0.00962283264481
-0.00761609411622
-0.00560935558763
-0.00663445027436
-0.00721317756349
-0.0074549202197
-0.0074016773091
-0.00863064273823
-0.00878235527033
-0.00946988328982
-0.0102411581086
-0.0106888483114
-0.0112035848974
-0.011749817476
-0.0119894965561
-0.0119985048597
-0.012321930739
-0.0120888722991
-0.011597615506
-0.0118343976426
-0.0112442611583
-0.0109269532532
-0.0110780043827
-0.0108342775186
-0.0105177103845
-0.0104780262275
-0.0102429835798
-0.00961506116407
-0.00978313679688
-0.00900069750197
-0.008175769703
-0.00702393704696
-0.00673283391351
-0.00668115852711
-0.00717903596045
-0.0071887056667
-0.00683237500724
-0.0066752918859
-0.00645182378398
-0.00711702285116
-0.00732917435431
-0.0071810201683
-0.00735703263251
-0.00748791098219
-0.00786176219695
-0.00775280272996
-0.00811863774501
-0.00862477609703
-0.00899044576142
-0.00926600593339
-0.00881393724525
-0.00833020721387
-0.00884122010316
-0.00925765241835
-0.0091913534201
-0.00927096645301
-0.00914199294286
-0.00914463855333
-0.00940705004129
-0.00878359870724
-0.00878673375564
-0.00820048631876
-0.00741292115357
-0.0070452606673
-0.00675739179265
-0.00600512568508
-0.00449903255978
-0.00374651511922
-0.00427158942814
-0.00458840128127
-0.00434889416591
-0.00310115813053
-0.00283262866837
-0.00221512334385
-0.00202439467143
-0.00156950840814
-0.00140639329494
-0.000902655834426
-0.000590883869222
3.63771438887e-05
0.000103754228397
0.000232972457515
0.000824107659732
0.000911571541692
0.00148765322036
0.00173857614488
0.0015938943226
0.00180265283034
0.00184820362851
0.00268331041375
0.00305840506542
0.00314289924964
0.00366424986182
0.00421031708977
0.00440807647201
0.00512090975559
0.00551981490145
0.00490917493608
0.00429853497072
0.00364580995688
0.00379925536383
0.00370352394917
0.00506914838685
0.00501962917298
0.00483501186073
0.00460509508331
0.0038312540224
0.0037119502185
0.00344400279064
0.00327625785913
0.00313248215843
0.00308998704034
0.00278293087579
0.0024781896204
0.00193633552711
0.0016526731731
0.00123466671968
0.000893303601434
0.000971269741826
0.00111570023112
0.00100764688571
0.00124268953342
0.000922074615237
0.000514815954338
0.000103840210737
0.000563673765594
0.000359300357201
0.000809801521144
0.000474801096061
0.000662143387087
0.000147737502371
5.8944201152e-05
4.14170318239e-05
-0.000622465844144
-0.00100202496348
-0.000899507557973
-0.00129866403682
-0.00114381645633
-0.00130156098028
-0.00145864410162
-0.00130486799336
-0.00148435943534
-0.00150949273475
-0.00141102311326
-0.00145021121826
-0.00171452754576
-0.00212136952301
-0.00269083717552
-0.00266860081956
-0.00253854922315
-0.00215418832082
-0.00149154888177
-0.00146749366862
-0.00107651874014
-0.00108908538984
-0.00108991214311
-0.00113811516578
-0.00113926600633
-0.00120698040617
-0.000355589888524
-0.000602868484627
-9.09428597216e-05
-0.000948292614941
-0.0012330264412
-0.00127022372433
-0.00151163567923
-0.00163738815864
-0.00162928597659
-0.00146790373825
-0.000402218772963
-0.0016810407313
-0.00163738815864
-0.00175065335665
-0.00179562873455
-0.00186647818279
-0.00210516515891
-0.00219495056406
-0.00207672484642
-0.00151072955764
-0.00098797677191
-0.000642638623936
-0.000502004585663
-0.00180869143622
-0.00011706826306
0.000721590254227
0.000702323596019
0.000571861929982
0.000519776473959
0.000827824742434
0.00102649686028
0.00129345218421
0.00163977582208
0.00240923839767
0.000979947344153
-0.000449343709365
0.000298782017823
0.00091042070114
0.00090090973152
0.00104278059269
0.0010633634421
0.00171766259416
0.00190532897247
0.00270877441447
0.00351477287057
0.00326343987643
0.00377387734545
0.0038346404038
0.00428282665858
0.00445479133878
0.0037620580807
0.00306386163701
0.00215253481428
0.00114496729688
7.23376041292e-05
-0.00111644761607
-0.00228316183097
-0.00326758025681
-0.00415534791835
-0.00650242108412
-0.00728005859604
-0.00873374217804
-0.0105024981243
-0.0116824403915
-0.0123837718836
-0.0133811670288
-0.0134641730571
-0.0141501335524
-0.0149217456865
-0.0152297873409
-0.0154487975892
-0.0158497729253
-0.0150239323907
-0.0145864939284
-0.0134841011179
-0.0130196311307
-0.0118474603443
-0.010942826916
-0.00977453856287
-0.00833351422695
-0.00601728226517
-0.00370105030339
-0.00138481834161
0.000931413620177
0.00324764558196
0.00556387754374
0.00553238155116
0.00478565799752
0.004297847112
0.00381003622648
0.00332222534096
0.00378619927619
0.00379182119843
0.00391963063997
0.00471298307805
0.00329816351378
0.00330981742788
0.00299284683811
0.00242610416438
0.00192145396825
0.00162382279098
0.0022385965227
0.0023634362665
0.00221329787263
0.00210267828508
0.00200850778059
0.0028426224619
0.000897768069093
0.000416511683499
0.000170972576277
-0.000376668789901
-0.000711999916293
-0.000701172755466
-0.000822956819179
-0.000932577688781
-0.000580552760358
-0.000348889880023
-0.000392959136337
0.000191886127
-0.00155777512573
-0.00134397011603
-0.00114480856025
-0.000645945637017
-0.000239269010421
-0.000305237307356
0.000138391883405
0.000464132671862
0.000384764357923
0.000988214876852
0.000930593480933
0.000724606250157
0.000518619019381
-0.00106825120743
-0.000822123451883
-0.000998387249089
-0.00114265900175
-0.000938120242705
-0.000123020886605
0.000186515537756
0.000515232637986
0.00148401550598
0.002369884942
0.00445620012636
0.00528071785571
0.0061438482698
0.00596956868044
0.00687627229888
0.00818468541026
0.00855127442429
0.00886824501406
0.0091893559842
0.00955718182113
0.00978040520408
0.010829307078
0.0118782089519
0.0101819625744
0.010768626695
0.011024999577
0.011160997183
0.0118369506567
0.0128694861228
0.0131508269537
0.0129709254421
0.0134115055668
0.01319489621
0.0144458168989
0.0156967375879
0.0160109650103
0.0163251924327
0.0166394198552
0.0169536472776
0.0178821738754
0.0188107004731
0.0168474921577
0.0160794383697
0.0157408002302
0.0151100734674
0.0149379004454
0.0147657274234
0.0126823091825
0.0124522270544
0.0122618224692
0.0124735506747
0.0127386143872
0.0133468534611
0.0138154572146
0.0143669876282
0.0140095788824
0.0144746816114
0.0149397843405
0.0154048870695
0.0137383244415
0.0148317023343
0.0148734500675
0.0150486423924
0.014862206223
0.0149968016554
0.0146645328231
0.0143701226766
0.0135912417277
0.0135443615103
0.013024499054
0.0146231951596
0.0117047561158
0.0118285243873
0.0120715038664
0.0116128211521
0.0117489841087
0.0117567622035
0.0114330056229
0.0110481486686
0.0108152555794
0.0106403939557
0.00984993846112
0.0125296111605
0.0097675938354
0.00933717946891
0.00888808709254
0.0088643625807
0.00821378712537
0.00758860291648
0.0072866726222
0.00682898201182
0.00653812359734
0.00658045336477
0.00597237964156
0.00673733475832
0.00750228987507
0.00566466207439
0.00667271902973
0.00677036189795
0.00609796015629
0.00504658132959
0.00520316839897
0.00541836896819
0.00498606299021
0.00410077558849
0.00377701900788
0.00444305144235
0.00175073272497
0.0020262069146
0.00187548648643
0.00151791900408
0.00144739364312
0.00166358631626
0.00127154652956
-0.000438020496576
-0.00225116978643
-0.00313753527442
-0.00411996287838
-0.00504998093904
-0.00769442733506
-0.0077942991301
-0.00765540458071
-0.00870026197761
-0.00950254335101
-0.0094138294181
-0.00972171233592
-0.00910041056038
-0.00940465576381
-0.00906229392761
-0.00853804637197
-0.00594196173524
-0.00719209204809
-0.00640014839758
-0.00428233722065
-0.00278442564571
-0.00175462177235
-0.00128899433058
0.000414368739022
0.00183150321245
0.00153635229499
0.00123971322165
0.00292806575887
0.0046164182961
0.00173733270796
0.00234747662137
0.00288693643718
0.0027667265117
0.00330088849256
0.00359612539236
0.0038440720051
0.0041663338158
0.00475060365886
0.00603620499402
0.00612652944229
0.00621685389057
0.00442568962367
0.00328212450034
0.00371931162962
0.003980565663
0.00434773009731
0.00486775129023
0.00454350527169
0.0043201959064
0.00397080997441
0.0037859479432
0.0037324536996
0.0044842237552
-0.00107428981332
-2.70381389484e-05
0.000886524224618
0.00177884233615
0.00191483994209
0.00263436662015
0.00335115509139
0.00404529713704
0.00434880156955
0.00474167472354
0.00502880282727
0.00504170017828
0.00574212554879
0.00515819302107
0.00510007557319
0.00516439036358
0.00513413780792
0.00429225164586
0.00338348445126
0.00309808922239
0.00244776510006
0.00144763836209
0.000802360741712
0.00125546121794
0.00170856169416
-2.11648837171e-05
0.000275632926257
6.59682969357e-05
1.56752420044e-06
5.39043132168e-05
-0.000263899643847
-0.000250182153587
2.81889795006e-05
-0.000449509060019
-0.000656442096536
-0.000290111029525
-0.00298127229233
-0.00373394846951
-0.00538745500991
-0.00683965043602
-0.00804555275593
-0.00945938021628
-0.0109169528457
-0.0123170562017
-0.0138244787463
-0.0147184437503
-0.0150503884953
-0.0147477108161
-0.0154835212266
-0.0153268547889
-0.0150130986158
-0.0151001524282
-0.0152688100953
-0.0150488143571
-0.0142481071219
-0.0135521396051
-0.0132830347226
-0.0126547882196
-0.0125416883722
-0.0110319509185
-0.0144810795794
-0.0143040750113
-0.0142656342913
-0.0143564051863
-0.014705467031
-0.0147999616228
-0.0155631342595
-0.0156832648167
-0.015639116192
-0.014840723866
-0.014255713252
-0.0152937846581
-0.0170202902052
-0.0165690482703
-0.0162457877417
-0.0160025569296
-0.0157242717789
-0.015263690839
-0.0148383229745
-0.0142095738055
-0.0142194948448
-0.0129443106008
-0.0136197746366
-0.0127118275812
-0.0141845264884
-0.0139774214872
-0.0134030792975
-0.0132586488082
-0.0126014593267
-0.0121584849245
-0.0117179114138
-0.0114643428788
-0.0115363563957
-0.0116745895425
-0.0117789191911
-0.0110808947121
-0.0128511388143
-0.0121574928206
-0.0117408885407
-0.0111908528971
-0.0106108028027
-0.0103068089323
-0.0101072240788
-0.00908866404992
-0.00903253080989
-0.0082845131118
-0.0075364954137
-0.00678847771561
-0.00826406695225
-0.00743507814121
-0.00641842295187
-0.00587640350793
-0.00499169152648
-0.00402769721343
-0.00330932798994
-0.00288437680906
-0.00247736948116
-0.00225174520671
-0.00286651893842
-0.00329424139626
-0.00372196385411
-0.00661196258541
-0.00609061197322
-0.00654408944894
-0.00686147672235
-0.00756099597128
-0.00780166054122
-0.00851812492517
-0.00882154337533
-0.00924078665164
-0.00981728501396
-0.010890245408
-0.0117619740561
-0.0120591951638
-0.0134462358182
-0.0138091805038
-0.0145843443699
-0.0144151906508
-0.0149771315416
-0.0163060613621
-0.0162967157431
-0.0162555434303
-0.0161130111665
-0.0158868908401
-0.0182584359027
-0.0180934159499
-0.0172923713994
-0.0174271387965
-0.0168754430323
-0.0165634263481
-0.0168765211185
-0.0171504211699
-0.0178268706956
-0.0188944605004
-0.0195651227532
-0.019008380487
-0.0217594053006
-0.0222624813585
-0.0225238213743
-0.023121153919
-0.023002346167
-0.0228794112628
-0.0225376248469
-0.0222860471337
-0.0222685199644
-0.0220543114991
-0.0212404952641
-0.0204266790291
-0.0223691391444
-0.0226500632916
-0.0233662829566
-0.02313405127
-0.0222621506572
-0.021967826493
-0.0228844511507
-0.0236534110603
-0.0238121476882
-0.024573838783
-0.0251338020799
-0.0257841195883
-0.0290111029525
-0.0288678299178
-0.0293118824062
-0.0300146226859
-0.0309318161498
-0.0312845157089
-0.0315133610141
-0.031919620957
-0.0324479229107
-0.0332928647529
-0.0336666365993
-0.0345305077843
-0.0373950425149
-0.0372339909779
-0.0369699325974
-0.0362502405687
-0.036101669699
-0.036010396138
-0.0354596197234
-0.0349250344449
-0.0338051210791
-0.0329691081723
-0.0318033000789
-0.0310710414005
-0.0326357546397
-0.0342004678789
-0.0308167320946
-0.0306975208871
-0.027546678192
-0.0275694965823
-0.0275923149725
-0.0270795625943
-0.0261017648087
-0.0248342660631
-0.0237055031304
-0.0228787895443
-0.0220520759583
-0.0229381041309
-0.021990816848
-0.0208738665659
-0.0192468161302
-0.0171698531788
-0.0156794617516
-0.0139699013395
-0.0124674393146
-0.0115318059457
-0.00948129248495
-0.00877011932193
-0.00979356050211
-0.00827456341177
-0.0064729886677
-0.00605357342672
-0.00510569749542
-0.00391451138372
-0.00331983106349
-0.00272779635371
-0.00209507876902
-0.00109321915619
1.18192647507e-05
0.000156831788343
-0.000708031500596
0.000294482900818
0.00186928252989
0.00255143996014
0.00368368187069
0.00400991209708
0.00435673840094
0.00485088552352
0.00561274196902
0.00602644930543
0.00591368015937
0.00609101542882
0.00511776147914
0.00592376654927
0.0063488830808
0.00635417430173
0.00671985058015
0.00673422947303
0.00696490024944
0.00681203026277
0.00617931267807
0.00656342886143
0.00624992402137
0.0058247215075
0.0035084101774
0.00410127164045
0.00448802682025
0.00486155394772
0.00459831570649
0.00447769571138
0.00391715699419
0.00373410720614
0.00308386906615
0.00319895312136
0.00325781795419
0.00295588765992
0.000472241467936
0.000305898709973
0.000448589710382
-0.000302016276616
-0.000551940483183
-0.00098780480723
-0.00139059900047
-0.00205043409243
-0.00234922272428
-0.00252854661092
-0.00270787049756
-0.0028871943842
-0.00530238540542
-0.00588607321417
-0.00585755353337
-0.00625389243707
-0.0065507034751
-0.00715861184766
-0.00792278320232
-0.00875788337353
-0.00935950842124
-0.00945599383488
-0.0100210830021
-0.00750180043713
-0.0148177335111
-0.0145121655024
-0.0144456151712
-0.0140252938086
-0.0138748247134
-0.0135564387221
-0.0135788470427
-0.0141131809882
-0.0143507832641
-0.0143050671152
-0.0144665287219
-0.0156036054855
-0.0167406822492
-0.0167158002828
-0.0163675718054
-0.0166021977695
-0.0163294551726
-0.0166680933121
-0.0159131022258
-0.0162552920973
-0.0164735549606
-0.0164168463003
-0.0161275620241
-0.0160036284018
-0.0180156581513
-0.0200276879009
-0.0193966238227
-0.0185786407512
-0.0183215138702
-0.0177661076373
-0.0168229475066
-0.0162627394907
-0.0153462801837
-0.0139387848266
-0.0125312894696
-0.0111237941125
-0.0097162987555
-0.00830880339845
-0.0069013080414
-0.00549381268435
-0.0040863173273
-0.00548038207748
-0.00615410662437
-0.00682783117127
-0.00649985484197
-0.00712802197666
-0.0071024719936
-0.00748112499135
-0.00931858744138
-0.0111560498914
-0.00999966678536
-0.00937910578075
-0.00847513375512
-0.00759241259554
-0.00695870290693
-0.00615915312633
-0.00485461583428
-0.00395485694331
-0.00317126680784
-0.00238311960835
-0.00539274623084
-0.00473465062776
-0.00390095263009
-0.00206283539148
-0.00094241935971
5.85341315298e-05
0.000563263695972
0.00134727712911
0.00204141917477
0.00254276235782
0.00313405629666
0.0025868250001
0.00228332387461
0.00197982274913
0.00255358951864
0.00354181100952
0.0042935744511
0.00437054848756
0.00477416282005
0.0053137086182
0.00619750125002
0.00648240704095
0.0064678561834
0.00624713951636
0.00602642284932
0.00580570618229
0.00558498951525
0.00536427284821
0.00514355618117
0.0048587429866
0.00405770505012
0.00416981279356
0.00414955403143
0.00378098742357
0.00372526425316
0.00366954108275
0.00134463151865
0.00129734123159
0.000861390925204
0.000796738819475
0.000872720752019
0.000524571642927
0.000679088522113
0.000229665444434
-0.000441327509657
-0.0006369158378
-0.000832504165944
-0.00102809249409
-0.00122368082223
-0.00365598894315
-0.00446521504402
-0.00483394700252
-0.00512132643924
-0.005338431848
-0.00555412846918
-0.00573328920984
-0.00562374770855
-0.00538630416935
-0.00553313555014
-0.00535603838564
-0.0109846606315
-0.0102175195791
-0.0103657531334
-0.00984341041729
-0.00935405846368
-0.00972733425816
-0.00905534920014
-0.00990318137172
-0.0104651288765
-0.010707698286
-0.0117946341173
-0.0133787727513
-0.015407790627
-0.0156096044073
-0.014787891025
-0.0148689128455
-0.0145726044735
-0.0141652598302
-0.0141283932484
-0.0139179812341
-0.0141307081576
-0.0140567898012
-0.0138252195172
-0.0146307285354
-0.016438255903
-0.016752752847
-0.0163603757449
-0.0156158017498
-0.0150519560195
-0.0148169927401
-0.0144813309124
-0.0140452152554
-0.0139426978499
-0.0136075386882
-0.0128513835332
-0.0138177787378
-0.0154213493807
-0.0140111530207
-0.0129972228101
-0.0123271425916
-0.0120100000372
-0.0113888636123
-0.0108841274338
-0.0108375845317
-0.0104312319924
-0.00996585588362
-0.00907924567667
-0.00875085927774
-0.0103210290885
-0.00881021354852
-0.00798453836459
-0.00726054721886
-0.00609449440658
-0.00570848661174
-0.00503889583119
-0.00443363306909
-0.00352659874935
-0.00249886506618
-0.0019575930072
-0.000652473680839
-0.00109173100031
-0.000573687401202
9.59033793428e-05
0.000182461139719
0.00131172012447
0.00178660720287
0.00241386821598
0.00269463362654
0.0030473265716
0.0031191747378
0.00434851385941
0.00557785298102
0.00298903715904
0.00380884570177
0.00396493671918
0.00468967524986
0.00495009591595
0.00482435005056
0.00458566307444
0.0041341764206
0.00416798732234
0.00331973846712
0.00348740403032
0.00030680483156
-0.0028737943672
-0.00290992679212
-0.0018713593341
-0.000977142997058
0.000234215894434
0.00118349399927
0.000747133623263
0.00136488366675
0.00167028632476
0.00185465230402
0.00207729365267
0.00263676089762
0.00267925601571
0.00296092754785
0.00331089551414
0.0036219994627
0.00341853878992
0.00288404610775
0.00233259506251
0.00189582461687
0.0011416602838
0.000728534981697
0.000433880116199
-0.000202891866532
-0.00304865599086
-0.00337357002605
-0.00312604009695
-0.00396486396489
-0.00410028615055
-0.00450142683725
-0.00556289866787
-0.0059054192407
-0.00618263291921
-0.006726636571
-0.00732884365301
-0.00940886889848
-0.0114144069813
-0.0119306317232
-0.0121748546392
-0.0126405680634
-0.0128712256117
-0.0132241698898
-0.0134897230402
-0.0137520551598
-0.0141142524605
-0.0145612812607
-0.0150465788163
-0.0160290924026
-0.0194494566637
-0.0181335167905
-0.0176717717821
-0.0177236918875
-0.0174914535869
-0.0170147542653
-0.0167340682231
-0.016769453263
-0.0166143543495
-0.0164011313742
-0.0163662490002
-0.0185820271326
-0.0209569585766
-0.0208178193082
-0.0200559628627
-0.0197704022832
-0.0169866446541
-0.0158040137852
-0.0146213829164
-0.014561611962
-0.014744159084
-0.0142213996843
-0.0139664289758
-0.0140408367701
-0.0149467930036
-0.0149576201644
-0.0142791930449
-0.014164188358
-0.0134415266315
-0.0129747351211
-0.0120483613889
-0.0106767777137
-0.0108222003069
-0.0103779890818
-0.0105692138062
-0.00811070091362
-0.0122953158977
-0.0112476541537
-0.0103340058078
-0.00985357617551
-0.00937935049972
-0.00899524754441
-0.00833847474657
-0.00792856386118
-0.00711214831387
-0.00611128080498
-0.00547394001599
-0.00658273851081
-0.00769153700563
-0.00620478990685
-0.00537299013469
-0.00485577328886
-0.00429349508278
-0.00427985696084
-0.0034101918889
-0.00257195005527
-0.00209697699453
-0.00192625575124
-0.00143351080221
-0.000255718093485
-0.00123351587913
-0.00122169661438
-0.00095267110026
-0.000611307982009
-0.000107894608774
0.00035194556011
0.00113388880306
0.000634615810203
0.000639986399446
0.000818565105808
0.000714645526757
-8.71464087047e-05
-0.00197371138895
-0.00153007558416
-0.000983346953597
-0.000553349270755
-0.000747887622245
-0.000707621430974
-0.000323181160333
-0.000328637731916
-0.000275725522623
-0.00083320855973
-0.000724817898994
-0.00131685260877
-0.00260766579654
-0.00227233467015
-0.00241660642281
-0.00292993422126
-0.00255541498986
-0.00267124643003
-0.00318556633241
-0.00328494207548
-0.00341523839087
-0.0036255644228
-0.00320383427266
-0.00377230982125
-0.00603935327047
-0.00553404167172
-0.00583208953264
-0.00630854413524
-0.00720946048079
-0.00785944728779
-0.00832731027041
-0.00900301241113
-0.00927418748375
-0.0096406045331
-0.0099770997281
-0.0113372742082
-0.0136031535888
-0.0133316478149
-0.0133962999206
-0.0136419316242
-0.0143451613418
-0.0146052645347
-0.0146841301826
-0.0146168390804
-0.0144168441574
-0.0151330638223
-0.01513297784
-0.0153145328581
-0.0177837141749
-0.0172515364019
-0.0165393645209
-0.0165033180783
-0.0165621035429
-0.0164642159557
-0.016125538132
-0.0157868603084
-0.0157372121211
-0.0156875639337
-0.0166993181296
-0.0177110723256
-0.0187228265215
-0.0195202840652
-0.0203177416088
-0.0211151991525
-0.0210128470976
-0.0211842363576
-0.0210335159294
-0.0209940831054
-0.0201585596365
-0.0198047952192
-0.0197355926635
-0.0208553472927
-0.0219751019218
-0.0221806393988
-0.0219134327419
-0.0213991922078
-0.0205913682805
-0.0203674041266
-0.0200749781879
-0.0196436576999
-0.0193174274735
-0.0188104623682
-0.0184724856313
-0.0180997852571
-0.0172295381509
-0.0165404426072
-0.0160699406281
-0.0153743897949
-0.0144193244172
-0.0136367197716
-0.0120352259329
-0.0104337320943
-0.00883223825563
-0.00723074441697
-0.00562925057832
-0.00402775673966
-0.002426262901
-0.000824769062348
-0.00268893233599
-0.00285969061782
-0.00303044889965
-0.00320120718147
-0.0033719654633
-0.00354272374513
-0.00320921147593
-0.00250093525637
-0.00202686831721
-0.00169658369278
-0.00381637907757
-0.00298012145177
-0.00236832403183
-0.00123997116867
-0.000561702785797
0.000247364578443
0.000889745255359
0.00158860310167
0.00199437360668
0.00249356723123
0.00267751652683
0.00294348636087
0.00207142701146
0.00240468794767
0.00281757514483
0.00376106597678
0.00412690099182
0.00438832037586
0.00481633385085
0.00509486372057
0.00512098912391
0.00508949313133
0.00545904522908
0.00560786081771
0.00465329810597
0.00472398220356
0.00511685535756
0.00530866211624
0.00505584096622
0.00574807817234
0.00574362031871
0.00694554760889
0.00589284597696
0.00544647857937
0.0057796204631
0.00611276234684
0.00385150617051
0.0038740798418
0.00392326835436
0.00372592565578
0.00328650959968
0.00314479747515
0.00291686490557
0.00195460346737
0.00137629286188
0.000619231585351
0.000333346918543
0.00106229196986
-0.0023624507766
-0.00278236206954
-0.00325402150318
-0.00324856493159
-0.00348253610706
-0.00398272183553
-0.00429250297886
-0.00463321130852
-0.00462055867647
-0.00444843525964
-0.00516109657855
-0.00607242340127
-0.006983750224
-0.00742573913627
-0.00761497965281
-0.00766697912649
-0.00782001446382
-0.00763820811269
-0.00817742320954
-0.00830225633931
-0.00861857875451
-0.0083841908954
-0.00895473002015
-0.00786135212733
-0.0105963313134
-0.0100532403973
-0.0102085046614
-0.0100062014432
-0.0101421990491
-0.0101294670488
-0.0088468420254
-0.00668835458757
-0.00678607682411
-0.00809003208186
-0.00877780482033
-0.00861972959506
-0.00973031056993
-0.0100851530735
-0.00995270719961
-0.00963821025563
-0.00926889626282
-0.00867719225436
-0.00904915185763
-0.00906965533873
-0.0094750091601
-0.00923053491109
-0.00884584992148
-0.00792459544548
-0.0112652606914
-0.0105661581261
-0.00962192652322
-0.00838724657549
-0.00745202327624
-0.00636633088182
-0.00554173378415
-0.00515265708117
-0.0041022703584
-0.00426108635459
-0.0044156098478
-0.00358207720079
-0.00360878463843
-0.00284924310209
-0.00221595009712
-0.0015090760511
-0.00103270081681
-0.000214876481937
0.000302340363898
5.08420191041e-05
0.000565909306436
0.00160579956969
0.00209779713377
0.0035567719367
0.00230366531207
0.0027854111356
0.0039478262335
0.00506270632537
0.00621949950103
0.0071389285058
0.00672959965472
0.00700962429434
0.00688189422111
0.00699953790445
0.00726980685549
0.00748318856751
0.00338836560257
0.00414847594516
0.00447289392839
0.00495167005417
0.00554916794956
0.00619163460881
0.00653589467052
0.00702682076236
0.00739489131826
0.00784001527893
0.00794476822528
0.0088377411254
0.0095950471209
0.0088827165033
0.00867387862725
0.00901375358961
0.00865478393372
0.00828497388895
0.00757123448378
0.0073265155158
0.00677177068552
0.0069663817913
0.00583646140394
0.0054991460697
0.00516183073546
0.00459947316107
0.00403323315332
0.00399024198327
0.0041424439533
0.00295373810142
0.00310396247762
0.00187416368119
0.00138786740767
0.0019194697604
0.00245107211314
0.00298267446587
-0.000383944218679
-0.00100980305824
-0.00164623111161
-0.00199421487005
-0.00231276621207
-0.00279839446896
-0.00311487562079
-0.00263222367568
-0.00328676093268
-0.00374089319698
-0.00401959503138
-0.00415931633404
-0.00567855814335
-0.00551998686613
-0.00536298311311
-0.00471795682573
-0.00484576626727
-0.0044051927566
-0.00399380032935
-0.00384977990968
-0.00502087922393
-0.00594865512971
-0.00583771145488
-0.00563052047134
-0.00996593525194
-0.0100157057988
-0.0106565189515
-0.0105453239437
-0.0111092490423
-0.0112426076518
-0.0114871612691
-0.0111004920716
-0.0106327084573
-0.0108175704886
-0.0100305873577
-0.0102707624897
-0.0122823325644
-0.0123169702194
-0.0103865079475
-0.0090225237883
-0.00874234041205
-0.00836310538
-0.00853755693403
-0.00724848323514
-0.00587358593278
-0.00431300645996
-0.00388921934768
-0.00431913104818
-0.00564763757105
-0.00488529168761
-0.00465255733504
-0.00421595224006
-0.00347699355314
-0.00307362393962
-0.00286536809787
-0.00235029419651
-0.00193799564768
-0.00246943264976
-0.00198842759716
0.000348473196375
-0.00251597555186
-0.00279765369803
-0.00280575588008
-0.00228878375321
-0.00124038123829
-0.000651732909909
-0.000344101325082
-0.000416273578557
-0.000291268484103
3.05568008674e-06
0.00104550887848
0.00208796207687
-0.00104501613353
-0.000569308915883
-0.000480594982978
-0.000443139752825
0.000190483953453
0.000348559178715
0.000320780268836
0.000666191171098
0.000392456470349
0.000103509509429
0.000195029994102
0.000286550478775
0.000378070963448
0.000890657990969
0.00135363982228
0.00151535276193
0.00177561469139
0.00180868482219
0.00290214869736
0.00266487050881
0.00266768146993
0.00310544401948
0.00319671758051
0.00525583588929
0.00275035679695
0.00338704279734
0.00434045466853
0.00483948294242
0.00522440971143
0.00560933648044
0.00599426324945
0.00637919001846
0.00676411678747
0.00714904355648
0.00753397032549
0.0079188970945
0.00830382386351
0.00676639348225
0.00634201772165
0.00620668151833
0.00597874894875
0.00612822594
0.00573352731478
0.00556495563
0.00506352646462
0.00493307141261
0.00455681269233
0.00340051556863
0.00133173416763
0.00105600864501
0.00112611732232
0.000238925081061
-0.00053797165993
-0.00102311047888
-0.00125882114323
-0.0022400119243
-0.00309322129914
-0.00366582400005
-0.00404158666837
-0.00459997582706
-0.00721557184096
-0.00768955279778
-0.00803092253006
-0.00886230561857
-0.00967425669821
-0.0112866769081
-0.0122008146919
-0.0132918776756
-0.0140702691865
-0.0142039518833
-0.0145134089393
-0.016115160725
-0.0179169868021
-0.0186044354532
-0.0199137613002
-0.0209185972248
-0.0215632994249
-0.0220963105652
-0.022923969957
-0.0227601868272
-0.0228454283964
-0.0228734586392
-0.0232703795772
-0.0240560465169
-0.0257628753362
-0.0254553231197
-0.0247109938435
-0.024133430623
-0.0245916106713
-0.024085392951
-0.0240004886972
-0.0229706848238
-0.0219423624923
-0.0220719974051
-0.0211915911547
-0.0209706826809
-0.0221537666105
-0.0211566161843
-0.0208751100028
-0.0203405313383
-0.0207673807447
-0.0209620050785
-0.0214132403994
-0.0217787513272
-0.0224045241844
-0.022382697898
-0.0228995840426
-0.0231166464601
-0.0233337088777
-0.0231228074255
-0.0233933210955
-0.0239142550241
-0.0236090177167
-0.0233719048788
-0.0220956491626
-0.0224361855276
-0.0217493189107
-0.0208145122951
-0.0196721839947
-0.0187463063144
-0.0206039349302
-0.0196439884012
-0.0184573527395
-0.0172783232079
-0.0159985091456
-0.0145258102384
-0.0129981355457
-0.0124213130961
-0.0113599206338
-0.0103529351507
-0.00930097428971
-0.00869918389134
-0.00992253401227
-0.00902979921708
-0.00864709843532
-0.00792567353175
-0.00703922867544
-0.00701227651884
-0.00647488689321
-0.0057065817722
-0.0054446663362
-0.00567831342439
-0.00512281459513
-0.00592459991657
-0.00797734891815
-0.00736074971521
-0.0066547884048
-0.00554776577601
-0.00682741448762
-0.00676689614824
-0.00646810751639
-0.00621958548337
-0.00613294174065
-0.00588144339586
-0.00645554086669
-0.0063191265771
-0.00640659707309
-0.00655599469603
-0.00637179406743
-0.00707899220073
-0.00698738793839
-0.00693687662059
-0.00665842611919
-0.00635087390268
-0.00660253759813
-0.00714960354403
-0.00787325737442
-0.00876011891437
-0.011963953187
-0.011750068809
-0.0119693237763
-0.0121398862829
-0.0125826953344
-0.0125655782347
-0.0118046345249
-0.0122550497065
-0.0126800802557
-0.0128466743466
-0.0132271462016
-0.0131141323365
-0.0137191437656
-0.0137425441902
-0.0137284034023
-0.0143864990053
-0.0149380294189
-0.0146430438521
-0.0153280056294
-0.0164378392193
-0.0171252085022
-0.0170912256358
-0.0172757569657
-0.0162319842691
-0.0215872752698
-0.0214837657603
-0.0216620997477
-0.021732949196
-0.0218658117535
-0.0222913383547
-0.0223675650062
-0.0224047689033
-0.0226646141492
-0.0230918802392
-0.0238424134719
-0.0249008230084
-0.0259592325449
-0.026223707609
-0.0269854780722
-0.027267566288
-0.0279323552855
-0.0281884900627
-0.0286621337042
-0.0291911764288
-0.0295328702483
-0.0303295296995
-0.0306021069457
-0.0294757382903
-0.0319035025753
-0.0315950442372
-0.0313474283257
-0.0314905426238
-0.0317463334716
-0.0314941803382
-0.0318922587308
-0.0311664553419
-0.0306296411366
-0.0293750463561
-0.0291643036405
-0.0280161086988
-0.0283297788895
-0.0271375213056
-0.0268756058696
-0.0260327276036
-0.0255685883177
-0.0243030803941
-0.0229004901642
-0.0223296997064
-0.0218220731985
-0.0210117690114
-0.0208234412305
-0.019939476634
-0.0219250072877
-0.0212478897453
-0.0199239336725
-0.0192778226848
-0.0174969167725
-0.0173838169251
-0.0168964425653
-0.0163726910617
-0.0156172899057
-0.0145796285693
-0.0134816208581
-0.013505596703
-0.0156296052224
-0.0143535148569
-0.0139393114685
-0.0134710384163
-0.0131791945119
-0.0129534908691
-0.0123716219176
-0.0125984830149
-0.0123669920992
-0.012348228107
-0.011776604282
-0.0119095462078
-0.0118751532718
-0.011951545274
-0.0119863548936
-0.0125182879477
-0.0128272423377
-0.0121063134861
-0.0114831134851
-0.0109565510203
-0.0110263289963
-0.0109235668718
-0.0116047255841
-0.0114776502995
-0.01361812113
-0.0139054145844
-0.0134139924406
-0.0140873003039
-0.0138274550581
-0.013530895353
-0.0122624045035
-0.0129144681148
-0.0130616301969
-0.0143310271679
-0.0152637702074
-0.0120278579078
-0.0169615113547
-0.0168536167459
-0.0165978986525
-0.016276212262
-0.0166302280123
-0.0173612432538
-0.0174635953087
-0.0179321990622
-0.0186302301553
-0.0188095496326
-0.0197355926635
-0.021067287147
-0.0223989816305
-0.0227068645483
-0.0230093768769
-0.0243515215217
-0.025046080251
-0.0254477169896
-0.0263536732231
-0.0272428430582
-0.0283368029853
-0.0289064426025
-0.0298323202828
-0.0290874155863
-0.0326505568302
-0.0333633041315
-0.0332517718083
-0.0339892357253
-0.0345269560523
-0.0345212481477
-0.0345678770321
-0.0346035134051
-0.0344546184481
-0.0348620424597
-0.0351867051619
-0.0346837944546
-0.0366019414098
-0.0361289591709
-0.0355902467401
-0.0354381241384
-0.0345372077928
-0.0348005320164
-0.0348386420351
-0.0346015291972
-0.0341561539036
-0.0334535855886
-0.0333987685398
-0.0328513785066
-0.0351118013156
-0.0344271702396
-0.0336122362341
-0.0321914574323
-0.0313036104024
-0.0304901711669
-0.0300470314141
-0.0291734772948
-0.028917435114
-0.0282423943759
-0.0275480803656
-0.0278273642342
-0.028315479365
-0.0277844524325
-0.0263171307286
-0.0259917206414
-0.0258111577272
-0.025194730489
-0.0245833431386
-0.0244387472987
-0.0236878039964
-0.0225371354089
-0.0219431098773
-0.0206054230861
-0.0210727900167
-0.0204993539485
-0.0214736793705
-0.0213119664308
-0.0215349384808
-0.0214378842609
-0.0210797347442
-0.0212054012413
-0.0208805665744
-0.0215447007834
-0.0219172291929
-0.0206684216853
-0.024093495133
-0.023841421368
-0.0232311054899
-0.022723981648
-0.0223072979998
-0.0216158015646
-0.0212121740041
-0.0210966005109
-0.0211414039241
-0.0210261611323
-0.0214600412485
-0.0213079980151
-0.021676319904
-0.0217786653448
-0.0218132302455
-0.0216821865452
-0.0215849603606
-0.0227817683946
-0.0225504428296
-0.0226725509805
-0.0224356894757
-0.022950512044
-0.0233289137088
-0.0213557843541
-0.0244219609003
-0.0246902456435
-0.0250481504412
-0.0251228889368
-0.0250984964083
-0.0244757064769
-0.0246183974773
-0.0249651444128
-0.0252234221344
-0.025267564145
-0.0253079097046
-0.0259308716007
-0.0274008389151
-0.0270360753723
-0.0271115546389
-0.0269345500708
-0.0273543753814
-0.0274859085196
