0.0164530773485
0.0169486201953
0.0169416616316
0.0164955119398
0.0189755153235
0.0188273609059
0.0201966657188
0.0221547924986
0.0202902386478
0.0181502051515
0.0192768272979
0.0177003528543
0.0168680032835
0.0159331303309
0.018939111779
0.0203056114288
0.0153155582236
0.0128496209292
0.0163981879575
0.0182565382234
0.0101376659773
0.0106757265689
0.0126039128947
0.00903442813917
0.0143590597202
0.0111091073601
0.0164780746577
0.00817488677059
0.00715041320279
0.00761680199234
0.00955590130464
0.0109329152034
0.00739817605967
0.00903034481908
0.00896216088805
0.00799850561751
0.0109818597584
0.00897431672013
0.00937405089216
0.00986972495045
0.00894112041415
0.012466028817
0.0130489895533
0.0124817203981
0.0131253043066
0.0125677592169
0.0116370490581
0.0115262119626
0.015187102183
0.0105098823594
0.0135408432133
-0.000580567836566
0.0121857293669
0.0226433982023
0.0219148768437
0.0187683968055
0.0131869494163
0.0
0.0
-0.00401009183429
0.00836379235787
0.00143912624337
0.000446763963354
0.00645300394254
0.00274643333182
0.00156681464957
0.00553282722634
0.00724510172142
0.00897289822756
0.00914125217257
0.0115514948808
0.00993748817312
0.00967573468355
0.0161497194288
0.0130184268552
0.0114498898596
0.0170243771704
0.014617007874
0.0190026389379
0.0147255952128
0.0177004403849
0.0197276880784
0.0204573721709
0.0164142935734
0.0156268264587
0.0101158736582
0.0178309673732
0.0181158574864
0.0164613777267
0.0168699868499
0.0082805675957
0.0126096545785
0.0115541558186
0.0
0.00620840662372
0.00463028984492
0.00211175257846
-0.0014046143383
-0.00294303529801
-0.000628301700854
-0.00603269204578
-0.000458412946695
-0.000909636710944
-0.00134869301326
-0.00501105081615
-0.00377277019638
-0.00663692143242
-0.00149950808849
-0.00923037846801
-0.00760035222525
-0.00696511853695
-0.00478892009755
-0.00859543009015
0.0
0.0
0.0
0.00854529894914
0.000128179627823
-0.00229054080994
-0.0054895285509
-0.00404514485849
-0.0065262744027
-0.00642615819521
-0.00466059030128
-0.0106195364585
-0.0105368454373
-0.0118396800213
-0.00776698089427
-0.00715099007661
-0.0143540992877
-0.0110471704911
-0.00991607473584
0.0
-0.0106417061664
-0.00749978640817
-0.00478718741989
-0.00988100739957
-0.0079202534344
-0.00733138948626
-0.00205153107835
-0.00510487804388
-0.00338850576984
-0.00353256561373
-0.00592977103052
-0.00107266318883
-0.000876892576287
-0.00273405747452
0.00535268528564
0.0154951146515
0.000241161138043
0.00433077898747
0.00575168996968
0.00789378739134
0.00727885339288
0.0102520301601
0.0100840407391
0.0128904651724
0.0109150101308
0.0127152153314
0.01198228003
0.0129444521299
0.0123163221497
0.0132218464963
0.0114367879363
0.0109688708016
0.0
0.0
0.0
0.02173786104
0.0151057482188
0.0169474468952
0.0152898032643
0.011434047543
0.014382636387
0.0164928074868
0.0138074502069
0.00868702635061
0.00886544558328
0.00567184907258
0.0102671415739
0.00480713291149
0.00286420097208
0.00111417942435
0.00160943862267
0.00337620183231
0.0035966346944
0.0035357894508
0.00219311350534
-0.00428182201663
0.0
0.0
0.0
0.0
0.0
0.0
0.0
0.0
0.0
0.0
0.0
0.0
0.0
0.0
0.0
0.0
0.0
0.0
0.0
0.0
-0.011508480204
-0.0153847502998
-0.0133434083042
-0.016780315668
-0.0108097301696
-0.0102316716235
0.0
0.0
0.0
-0.00687641989612
-0.0109625534671
-0.0113892346371
-0.0049481824365
-0.00612318015718
0.0
0.0
-0.00197482489945
0.00288197291623
0.00180308899807
0.00296706842768
0.00824706605958
0.0109711216658
0.00687977846469
0.00940005424926
0.00753290087216
0.00870014687854
0.0167919056421
0.0142607602008
0.0138780182952
0.0192141576181
0.0153549114998
0.0153200998961
0.0166702615645
0.0177400566345
0.0175478758871
0.0147107508666
0.0140584384467
0.0133065968386
0.0172908782542
0.011593547297
0.0142395741293
0.0102261181194
0.00775596048502
0.00827540112053
0.00788678565611
0.00536195019658
0.00319844936515
0.00535691559925
0.00173711629668
0.00612118168705
-0.00133617370935
-0.00429373844094
-0.000105009659966
-0.00182589343415
-0.00195503897422
-0.000310414382162
-0.00254408315362
-0.00084684741336
-0.00358490557121
0.0
-0.00217691328181
-0.0046492714701
-0.00436269665343
-0.00934437957794
-0.0103850294477
-0.0141736895774
-0.0109888763163
-0.0131871400636
-0.0133262986019
-0.0142415864409
-0.0174106777399
-0.015246924136
-0.0122755303945
-0.0134655006545
-0.0165614839849
-0.0162889481232
0.0
-0.015514395855
-0.0133399327318
-0.0153676244444
-0.0143010491136
-0.0153859475663
-0.0142351230783
-0.0137833571882
-0.0121730794029
-0.0116717195692
-0.0115772265837
-0.0130456245414
-0.0105234561559
-0.00756943158512
0.0
0.0
0.0
0.0
0.0
0.0
0.0
0.0
0.0
0.0
0.0304693836635
0.0
0.0258165978024
0.0
0.0166672839117
0.0159707365414
0.0135936515882
0.0143240662569
0.0162293396326
0.00994860628399
0.0141169094021
0.0152215071784
0.0101766045079
0.0166756494209
0.0222870125492
0.0186463808841
0.0174041071119
0.0176125245186
0.0128134399534
0.0115850444411
0.0155732850051
0.0125029959147
0.00879755193801
0.00656965067167
0.0066213777213
0.00396250163149
0.00536271552624
0.00211347008181
0.00506769884761
0.00151903530997
0.00234315321805
0.00401478216428
-0.00196849882008
-0.00162586823776
-0.0019174606231
-0.00185854154464
-0.00481385468981
-0.00028153177967
-0.00100855535221
-0.000228471195567
-0.00665483558127
-0.0061213348644
-0.00446968156069
-0.00453334747368
-0.00576029035101
-0.00727545165295
-0.0106745579214
-0.0121703723991
-0.0116187678989
-0.0131967361419
-0.0171160348726
-0.0124527186267
-0.0115224654613
-0.0124052416734
0.0
-0.00501292648157
-0.014254385835
-0.0111302245095
-0.0165805904216
-0.0174777604744
-0.0085536596295
-0.00935816376356
-0.0109523316664
-0.0122871579911
-0.00921725683595
-0.0129015549987
-0.0140633988773
-0.0127587232168
-0.0136591305421
-0.00941871501667
-0.0100904229925
0.00644980585786
0.0
0.0
0.0101681170468
0.0129856749381
0.00937172921083
0.00722860195559
0.00907283631646
0.0146385565758
0.00782085214325
0.0169544420526
0.0170498480929
0.011250542441
0.0132091852217
0.0147009209262
0.0147700215835
0.01338216176
0.0172232234492
0.0184758691577
0.017755820941
0.0168855761288
0.0178098826397
0.0173121564285
0.0165931695129
0.0159240900988
0.0158563154762
0.0137526112332
0.0106767112069
0.0128276541982
0.013462681453
0.0153139370307
0.0131883875649
0.00949193262503
0.0106698960651
0.00915613049288
0.00786134757828
0.00721454467823
0.00300046544322
0.00798329961523
0.00402750595986
0.00103680788415
0.00234087598974
0.00373822942702
-0.000302638961062
0.00267699862124
0.000698719134078
-0.00448077708536
-0.00126212398083
-0.00340552053029
-0.00445307110325
-0.00580967297122
-0.00727911852212
-0.00982975153477
-0.0057168757602
-0.0124685052924
-0.00950757694444
-0.0105324240184
-0.0154857538005
-0.0126709895346
-0.0101613502728
-0.0109768268148
-0.0161690025183
-0.0103046652682
-0.00192889820614
-0.00546736417839
-0.00484231511897
-0.00130004394439
0.00485935929744
0.00696432034882
0.00218704674746
0.00196042323841
0.000434586181949
-0.00105349944603
-0.00645460972241
0.00122235207376
0.000242534989535
-0.00274357458558
0.000277144192614
0.00816244554464
0.0114532505433
0.00793411491924
0.0173697861727
0.0071473784006
0.0120038098778
0.0161572176331
0.0121502403687
0.0113715889362
0.0141329574629
0.00923196812138
0.00539643564413
0.00728340391325
0.00731404502119
0.00745174172465
0.015796901402
0.0241215097781
0.0394585674307
0.0417414684615
0.0
0.0245088865315
0.0347058825696
0.0337354795581
0.0354775425006
0.035313854519
0.033670591582
0.0252430589946
0.0258593652242
0.0227241416147
0.0235482081575
0.020917387129
0.0209432588172
0.0225700065938
0.0264810422706
0.0222615920773
0.0170046106868
0.0169391239162
0.019598903331
0.0133985000262
0.00948152373572
0.0129089333903
0.00431156321319
0.00525052177857
0.00894173873423
0.0082085072066
0.00340994986936
0.00290976123962
0.00239681362361
-0.00248947115361
-0.00230474059853
-0.00554225516026
-0.00299324714316
-0.00525056461093
0.00255604793959
0.00227771199923
-0.00341734988481
-0.00575829289902
0.00101697382869
-0.00705363426707
-0.00771073672182
0.00364383225057
-0.0116673181048
-0.0084113102008
-0.0181696653506
-0.00223699893983
-0.0100370716799
-0.00885807330091
-0.00805356503843
-0.00550196725616
-0.00123781298241
-0.0131176016709
-0.0109416903958
-0.00818697853114
-0.0165775979326
-0.0119241298707
-0.0118584498019
-0.0184116853882
-0.00829417767878
-0.00624253520541
-0.00892673734902
-0.0118415183316
-0.00894447205179
-0.00877180670631
-0.0152338294524
-0.00318083647612
-0.00916911448706
-0.00880866709578
0.00189327114873
0.00178456419805
0.00578034498574
0.0017689415612
0.00379508538712
0.0113287419666
0.00853055951634
0.00940790055067
0.00622622983826
0.0090553439342
0.013496218998
0.0134857684085
0.0133321924069
0.00983294147697
0.0267680047705
0.0205887336015
0.0119005736895
0.0202113750146
0.0181707554119
0.0182404193597
0.0309018908141
0.0196358143496
0.0192128171332
0.0167512697725
0.0204800875905
0.0204761926235
0.0173877721138
0.0170863619211
0.0
0.0120571438197
0.00842649273567
0.0159558877619
0.0159583089546
0.0102149802821
0.0103395669788
0.0108213920367
0.00208573035275
0.00119180357158
0.005737663199
-0.00157300008904
0.00922059277867
0.00893644385377
0.00249368209043
-0.000482139536133
0.00206564982155
0.00258581297632
-0.00370529986788
-0.00106149097789
0.00356469301366
-0.00202496791071
-0.00414080534405
-0.00797379780744
-0.00168330721113
0.00137820326785
0.0010364781147
-0.00142066157876
0.00023608144261
-0.00159281579093
-0.00315031130619
-0.00411447960253
0.000530298205678
-0.00591356326591
-0.00315105390807
-0.00766911476418
0.0
-0.0065870158461
-0.00243765236448
-0.0104853961541
-0.0105455222772
-0.0106575978695
-0.0018082589235
-0.00696181194083
-0.00715370889109
-0.00532390462156
-0.00797173301438
-0.00772042516249
-0.0101519276724
-0.0040476890528
-0.00360963978817
-0.00827500153601
-0.00107663477751
-0.00658089524193
0.00166971014553
0.00242066046441
0.00304067276263
0.00670231511177
0.00706140400894
0.00838928397939
0.00678321710762
0.0135627807921
0.00670461934634
0.0130175511512
0.0140153564562
0.0161090677182
0.0
0.0197204185706
0.0150461479435
0.0156983228501
0.0131130757258
0.0154427964197
0.0147476665954
0.0153293212422
0.0245271563425
0.0158553790561
0.017803787957
0.00951759813627
0.0123330547583
0.0145915119755
0.00445321131891
0.0122704036294
0.00727064655746
0.00554223299451
-7.14097786527e-05
0.0036881912479
0.00208822556576
0.0015917346247
-0.00153144476829
0.00124011029976
-0.0034118438414
-0.00937514512241
-0.0100603529848
-0.00735712809053
-0.00730973844643
-0.00409562110715
0.0
-0.00626202561018
-0.00629295057812
-0.00898743163543
0.0
-0.0111203855198
-0.0126002336679
-0.010706926484
-0.0166077534362
-0.0133441528843
-0.0109414089562
-0.0135649418385
-0.017601925071
-0.00911261031265
-0.0126888690528
-0.013014662218
-0.012663570023
-0.0153060257869
-0.0157734860613
-0.0125508761025
-0.0112713152905
-0.015171481878
-0.0129948854466
-0.014752642838
-0.01628207233
-0.0160688649083
-0.0166709110206
-0.0142997967657
-0.0142096686675
-0.0122698951318
-0.0133529152128
-0.0127987531637
-0.0141636861951
-0.0113216302581
-0.0106788179994
-0.00614454438452
-0.00966686219642
-0.00251283962847
-8.80840652412e-05
-0.00321534131008
-0.00138062934045
-0.00369171801209
-0.000899747618701
0.00107457840397
0.00323478003267
0.00165865658183
0.00685142031471
0.00828582476235
0.00491311884996
0.00923440650412
0.00794645371681
0.00942909265365
0.00934361064995
0.0133524434467
0.0166305981678
0.0145854640722
0.0171358973437
0.0134930600753
0.0173072101032
0.011323976374
0.00670970934699
0.0057383380741
0.00871283823215
0.00686126912603
0.00817596405952
0.00600201425552
-0.00187939473729
0.00233124241857
-0.00242966003176
-0.00228918507914
-0.00620081231759
-0.00426921785286
-0.00540219219302
-0.00544434167367
-0.00439725540004
-0.00916083726629
-0.00925809961176
-0.00847325308459
-0.00970792431193
-0.0116746639864
-0.0113527003758
-0.0159798715213
-0.0155767350784
-0.013689103155
-0.0176714576598
-0.0132418499238
-0.0176956295199
-0.0189781552692
-0.0179274201824
-0.0145974821125
-0.0111077353212
-0.0168593366623
-0.0218271620568
-0.0151495095315
-0.0190325748784
-0.0207045573805
0.0
-0.0143521549938
-0.0146784572853
-0.0130304931156
-0.0152282295413
-0.0175105774911
-0.0122616981454
-0.0149842956073
-0.0192771253104
-0.0149273857195
-0.0179104839505
-0.0138170263672
-0.0113573835311
-0.0206279557787
-0.0180664319292
-0.0163787468247
-0.0150876465769
-0.015114392278
-0.0129723252222
-0.00972143241217
-0.0102181984064
-0.0086026695408
-0.00598400518562
-0.0126571022332
-0.0117211079724
-0.00375671629143
0.00154234495054
-0.00283545989006
0.00207055649161
0.00278576922893
0.00368682324957
0.00316906872291
0.00671963541045
0.00573820154275
0.00777705954206
0.00861896116414
0.00600998254335
0.0133333568686
0.0133014449036
0.0162080711282
0.00983227617489
0.00818321598267
0.0115878421384
0.0072322889001
0.0106880473314
0.00677259476197
0.00747306500024
0.0101547843472
0.00442977818542
0.00589121891363
0.00697835068844
0.0113730476601
0.006289630207
0.00427082659702
0.000572265721038
-0.00215960966136
-0.00443708270466
-0.0078173369946
-0.00699238801458
-0.00873475205513
-0.00719562317587
-0.00857116596322
-0.00665305793914
-0.00840151275162
-0.00933723720873
-0.00707275518276
-0.0134559239352
-0.0182790684416
-0.0144025210523
-0.0140875441131
-0.00896519258259
-0.0118339812961
-0.0189776259508
-0.0161219404355
-0.0158000092234
-0.0194375991274
-0.0198460246166
-0.0213985802015
-0.0160123992751
-0.0163379046052
-0.0186937461059
-0.0226023868382
-0.0201532435226
-0.0200141432152
-0.018710401297
-0.0168464604814
-0.0157318034808
-0.0148942843115
-0.0147997198457
-0.0199360210346
-0.0167516329294
-0.0192336509074
-0.0180148144962
-0.0206858206056
-0.014633978937
-0.00939089298845
0.0
0.0
-0.0159341624592
-0.0104856623224
-0.00531874711194
-0.0101559727673
-0.00766293924124
-0.00428298586457
-0.00590425864661
-0.00254162921772
-0.000758070750914
-0.0025157329629
-0.00643957046227
0.0
0.00297144873059
0.0106503659282
0.00525890195722
0.00542265764113
0.0103369760923
0.00578983216809
-0.00100048772537
0.00531402595882
0.00859081575272
0.00308370097563
0.0
0.0178010492216
-0.00297734034999
0.00370736836705
0.018965200573
-0.00245364083096
0.00389850342144
0.0
0.00219179069642
0.00453442528259
0.0145110230533
0.0
-0.00794877811997
-0.00534651140097
0.00491193903197
0.0
0.00223760602371
-0.00407894455189
-0.00166421738914
0.0
-0.00192189579111
0.0
-0.0111345872504
0.0
-0.00806439079619
0.0
-0.0136287197913
0.00180553891661
-0.00438270409273
-0.0108602528051
-0.0209623608418
-0.0161312853041
-0.0132667099796
-0.0227130413117
-0.0199351608096
-0.00805984765014
-0.0214392905228
-0.0235074859422
-0.0262812178244
-0.0216930940576
-0.0212067462144
-0.0212360568994
-0.00735557371228
-0.0210754851882
-0.00302135408009
-0.0185488027545
-0.0151644432129
-0.00887875646227
-0.0155270816192
-0.0261554550989
-0.0162939084867
-0.0194588760974
-0.0220739220547
-0.0207774100165
-0.0209917563029
-0.01714626969
-0.00840155286702
-0.016542357199
-0.0141851750521
-0.00739512453651
-0.0146775223611
0.0
-0.00926785054225
-0.0108856413586
-0.0121522955769
-0.00296962351637
-0.00822910348516
0.000645834795584
0.00569355709481
0.0041386402829
0.0106321233874
0.0121445542733
0.0
0.00622446662157
0.0138284593578
0.0137296102713
0.00934751164084
0.0131380769963
0.0136334254718
0.0130569508862
0.0122780870162
0.0154069563991
0.0103578831868
0.00863934157319
0.00722539096987
0.0138071820805
0.0117716332796
0.00904047873351
0.00868777209792
0.00481770801024
0.0034204806387
0.00813369566234
0.00290707751353
0.00339513918806
0.000291044348526
4.99685811419e-05
-0.0076222459305
-0.0124560632102
0.00875372527359
0.00989412917512
-0.00280524196824
-0.00623712656933
-0.00841200931771
-0.0101021304178
-0.00604337297605
-0.00995070885228
-0.00438237288258
-0.0144748382988
-0.0101966687065
-0.0117832070771
-0.0159044015472
-0.0137140165477
-0.0160685451727
-0.0162856830743
-0.0148401995277
-0.0136545172372
-0.0154072825372
-0.0207896836261
-0.0147226884763
-0.0172269691015
-0.029071171879
-0.0213749497675
-0.0192690387739
-0.0218601705796
-0.0150357472481
-0.0159922057577
-0.0175684963359
-0.0185313155764
-0.0179317576439
-0.0224097555331
-0.0163534036538
-0.0291888276663
-0.0163016426153
-0.0157011753934
-0.0161028978838
-0.0161299053645
-0.0180601281249
-0.017146762991
-0.0141939691305
-0.0123126993601
-0.0141131272232
-0.0105130236148
-0.0124945241869
-0.0102101961006
-0.0175809952758
-0.00272265633681
0.00143982556051
0.0020436153104
0.00497387251639
-0.000815659819972
0.00480778300365
0.00195475091665
0.000450505533222
0.00160520249044
0.00722755412034
0.00920525730133
0.0134410824999
0.00743267446971
0.00687128532843
0.00743826896258
0.0174138419986
0.0209293574152
0.0118153106873
0.0158673164365
0.0039155824889
0.0102053490754
0.0143486391607
0.00507920310534
0.0
0.000504325068541
0.00874189627576
0.00396763074592
0.00374075506098
0.00307434251368
0.00522808685012
0.00130731819254
-0.00315241653577
-0.00454539115264
-0.00493126090876
-0.00703229333823
-0.00395647552282
-0.00405070582132
-0.0103697714063
-0.0136692510184
-0.0137189600253
-0.0103689187541
-0.0109979608387
-0.0162171633965
-0.0143878744228
-0.0142548780618
-0.0184760661515
-0.0157631371535
-0.0201742844889
-0.0233423724643
-0.0215834909191
-0.0223684611126
-0.018163926922
-0.0152462197886
-0.0174655556709
-0.0128354890511
-0.0159418403677
-0.0183378356789
-0.0190963128653
-0.0203845757455
-0.0170141860651
-0.0174335953789
-0.0166550127344
-0.0167079936845
-0.0211570360759
-0.0206910713035
-0.0194273598146
-0.0193013353803
-0.0145899559552
-0.0133924437332
-0.016814752457
-0.0134489607074
-0.0200721008211
-0.014504995127
-0.0176651284025
-0.0163457001797
-0.0107387174024
-0.0139492628052
-0.011299820266
-0.00913674838498
-0.00564275711102
-0.00467074647486
-0.00690720846894
-0.00652710778611
-0.00316171898274
-0.00211171078673
0.00214104304916
0.00214203604332
0.00455618739372
0.00604237467983
0.00717337039814
0.00907451275324
0.0106613763314
0.00698395143189
0.00893712951257
0.0189213366857
0.0105330574651
0.00802215546865
0.0121207465066
0.00658429465401
0.0135799740058
0.0113027967924
0.012497455992
0.00676450353604
0.0054327197408
0.00807124838341
0.00522059015608
0.00361780906905
0.00139054702986
-0.00268411518556
0.00374337332196
0.00119578906283
-0.00419414668821
-0.00432388663399
-0.00683171883625
-0.00962912188032
-0.0109814449687
-0.0125225719057
-0.011287144244
-0.0138425073935
0.0
-0.00971827093506
-0.0115149832155
-0.00710345473465
-0.0122660577316
-0.015688698829
-0.0163916664828
-0.01296060104
-0.0161411572252
-0.0118219842951
-0.0166545904946
-0.0176968648087
-0.0155549532972
-0.0192863084276
-0.0181792253589
-0.0168766410014
-0.0188655217583
-0.0153746326769
-0.0159228368667
-0.019105557621
-0.0197820004482
-0.00658664323949
-0.0183234562029
-0.0240534662294
-0.0284459953729
-0.0154148808262
-0.0174037421621
-0.022461159159
-0.0188532428307
-0.0180840346854
-0.0153530268285
-0.0161045228961
-0.0193894552125
-0.0163731992112
-0.0174199341288
-0.0171768809564
-0.0167386103227
-0.0138130875747
-0.00770996058491
-0.00347104842693
-0.00479975457668
-0.0112721758158
-0.00620527897789
0.0
-0.000957064265646
-0.00521373715522
-0.00422980380848
0.0
0.000832287095953
0.00455184069095
0.0057249621484
0.00639602121225
0.00593760882614
0.00636953110388
0.00422917883193
0.00809405680352
0.0110153379251
0.012647433651
0.0108415448755
0.00994919091822
0.0068343949111
0.00699886919126
0.00714137763104
0.0103450129224
0.0121972705688
0.00660424109767
0.0106540769648
0.00567544045602
0.00346785286537
0.00123907276918
-0.00274316390527
-0.00211244121652
-0.00282193272692
0.000545951781921
-0.00101454103416
-0.00541629862025
-0.00125402168446
-0.00534444397105
-0.00827413519702
-0.000837630232833
-0.00624591775358
-0.012096819439
-0.0150782371366
-0.018594440571
-0.0201870560869
-0.0222950053361
-0.0165443114259
-0.0199879305873
-0.0198045270772
-0.0128317547608
-0.0163184481583
-0.0172541648322
-0.0171511253878
-0.01799578739
-0.0200524378725
-0.0214856691023
0.0
-0.0168810190898
-0.0167077383742
-0.0181424408636
-0.01817631403
-0.0145640082944
-0.0121599801523
-0.0193031223149
-0.0100507624247
-0.0200272931548
-0.0188706953653
-0.0185420860639
-0.017556385012
-0.0177391492152
-0.0184668706264
-0.0180221039244
-0.0148472321025
-0.0138455378342
-0.0142845031767
-0.0144740759148
-0.0107790129163
-0.00996894294836
-0.0163635024323
-0.00769202635576
-0.0120487122662
-0.00502349949745
-0.00327935130921
-0.000493969124498
-0.00992001382796
0.000641410729442
-0.00146392145911
-0.000173778813237
-0.00143562747531
0.00952242414637
0.00297499985922
0.0123793103904
0.00903823929263
0.00917031075726
0.00677581002076
0.0109168748269
0.00936354229048
0.01501216924
0.0133067033341
0.0152994833338
0.0156176977487
0.0138396170958
0.0276076545309
0.0112088682136
0.00840899979212
0.0048456510737
0.0125572750029
0.010988387092
0.0120569325421
0.00753157050731
0.00403591036201
-0.000721278211034
0.00242590534524
-0.00185136579241
-0.00375855824473
-0.00213683682411
-0.00539732669272
-0.0053541624906
-0.0039511510793
-0.00745703429945
-0.00719707993746
-0.00866608004192
-0.00597470349654
-0.00726785645594
-0.00770209870862
-0.00722103507993
-0.00357424570948
-0.00910790709036
-0.0131981155773
-0.0100631210189
-0.0150496290044
-0.0126592046596
-0.0124263579597
-0.0191866252054
-0.0207324078374
-0.0147981560206
-0.0174988811652
-0.0144567314184
-0.0182844342866
-0.0174336584406
-0.0141806609473
-0.0191578680778
-0.0168688354522
-0.0192518969831
-0.0172643930436
-0.0182429600135
-0.0145809532357
-0.0205590272364
-0.0185929452566
-0.0184914202118
-0.0173383848638
-0.0142223014272
0.0
-0.00853532601756
-0.0133092357243
-0.0112718766969
-0.00887679515604
-0.00959981375955
-0.0069054702151
-0.00631462720136
-0.00325701986738
-0.00525545447594
-0.00147905932239
-0.00739070113882
0.00203378588628
-0.0033634681155
0.00143133255493
0.00323633302428
0.0029570979197
0.00863358150679
0.0133029065509
0.00960976632801
0.0168523861389
0.010633334141
0.00892041731877
0.0119868616877
0.00698023968268
-0.000262712843946
0.0113098435431
0.01250530307
0.0126634923747
0.0143931994027
0.008969863704
0.014132642208
0.00871972006234
0.00935831151401
0.0149393420047
0.00576022641953
0.0080342364754
0.00810820220733
0.00728147734265
0.00746256052484
0.00396424016816
0.00575307998847
0.00178491495682
0.00224539101264
0.000897393298513
0.000658020906724
0.00313575271783
-0.00327473149626
-0.00478872312278
-0.00732786755741
-0.00489892285092
-0.00327298505899
-0.00661232737855
-0.00629565518613
-0.00759928311086
-0.00942394899405
-0.00934662925895
-0.0142281733026
-0.0150698919172
-0.0137147147058
-0.0111979817869
-0.014330072353
-0.00974725382743
-0.00978169706625
-0.0053486799115
-0.0133367457522
-0.0119774153314
-0.0155985714694
-0.0153829340048
-0.0142751051375
-0.0167726484179
-0.0178362941307
-0.0265369549266
-0.02223135904
-0.0213005978312
-0.0202231421123
-0.0122678413867
-0.0113503176427
-0.0152005365532
-0.0162649335293
-0.0151569039664
-0.00827302894437
-7.88799947804e-06
0.000101582958927
-0.00307416825592
-0.000664510992455
-0.00856366010161
-0.00383811899647
-0.00316053961346
-0.00370073740053
0.0
-0.000600308448711
0.0
0.0
0.0
0.0
0.0
0.0
0.0
0.0561903694244
0.0492258614142
0.0470888782399
0.0478748581627
0.0535749227673
0.05092672425
0.0483582417936
0.0370242145444
0.0400607733063
0.0407503982932
0.0343976201669
0.0295616768562
0.0322316444769
0.0350267453222
0.0330522323953
0.031794634062
0.0285014078439
0.0287895267939
0.0274173282746
0.0260746963774
0.0261014109617
0.0191755830538
0.0212410059923
0.0230603707197
0.0178151904693
0.015812638873
0.0168127050311
0.0190719616921
0.0199584451574
0.0193679723466
0.0253164554913
0.022642351721
0.0228236865525
0.0105687390242
0.0133103864836
0.0151320582894
0.019315350905
0.0145327573325
0.0210035503378
0.0245951759862
0.0
0.0275575832455
0.0309160578605
0.0272739518186
0.0325665013031
0.0284196653253
0.0367655992172
0.0321945769608
0.033511869482
0.0355150045406
0.0261240626724
0.0400900779183
0.0390444881563
0.0435828971558
0.0421950857098
0.0421968093496
0.0458567757072
0.0443512173867
0.0497317509664
0.0
0.043765162041
0.0399762402006
0.0381623738732
0.0371630626727
0.0381593117938
0.03272640836
0.0367649536227
0.0317987475515
0.0396140865428
0.0
0.0210087985828
0.0228438632188
0.0317920239871
0.03203390778
0.0290347041298
0.0316710506135
0.0483716356389
0.0559528333476
0.0504994292718
0.0467049889792
0.051439451334
0.049630861258
0.0437961742637
0.0525873700949
0.0557798481402
0.0481801937809
0.0530120429608
0.0510319626259
0.0475468066244
0.0431260800691
0.0478396875907
0.0494019974347
0.0490374994769
0.0
0.0
0.0548784015396
0.0586823045463
0.0620458886133
0.0614322056327
0.0671334906295
0.0712084187349
0.0691370311668
0.074897799455
0.0779649163266
0.0813148644405
0.0697854855652
0.0669077193716
0.0644664048937
0.0663423824271
0.0671721253143
0.0705918348598
0.0675266511999
0.0719325025558
0.0586572339016
0.0550095882371
0.0550292418481
0.0607343226224
0.0492743057848
0.0540950936376
0.0423879608788
0.0365074325181
0.0
0.0
0.0398339272467
0.0484877205955
0.0488724230031
0.0518979297351
0.0573808601418
0.055684091106
0.0541094105215
0.0543313710411
0.0515795064862
0.0499223149942
0.0474300364935
0.0429742774322
0.0520909671388
0.050938445077
0.0411328259911
0.0433671689414
0.0465051060107
0.0440467943207
0.0482015613044
0.0307665386606
0.0276556597257
0.0312556579497
0.0343778782125
0.0357252155665
0.0393419827737
0.0377955802645
0.041615689488
0.0466839484475
0.0404346665764
0.0451720364499
0.0479032947945
0.0565906923513
0.0670344874517
0.0675403462225
0.066989858126
0.066823352806
0.0747897815932
0.0774349155839
0.0721988512272
0.0721354608272
0.0739297156327
0.078946628285
0.0746145559175
0.0885864511319
0.0909098276557
0.0893374558947
0.0764696845783
0.082035075715
0.0744004436104
0.0829550921066
0.0809255224779
0.0749300164158
0.0861624411245
0.0820018117485
0.0779312167341
0.0829811577712
0.0886233916475
0.0809760520599
0.0753648395889
0.0719575155452
0.0766770927823
0.0690183859681
0.0687395019563
0.0679875655447
0.068621647946
0.0734124910656
0.0
0.0740351506006
0.0679803616948
0.0625870114242
0.059115265515
0.0650530399379
0.0594212687437
0.0
0.06403326848
0.0621441047837
0.0666468480155
0.067917202066
0.0676862633643
0.0589104152805
0.0556157546161
0.0514424539869
0.0582455463382
0.0564160826069
0.0502448982231
0.050936534871
0.045630021509
0.0543278378079
0.0493387103268
0.0456306865246
0.0512767807203
0.0508622252205
0.0467565631156
0.0426309990005
0.0451449817481
0.0474496904166
0.0443605298538
0.034996397098
0.0408241239187
0.0399401605005
0.0402317423406
0.0377509232227
0.0361436737231
0.0365369379294
0.0367832701972
0.0364992864991
0.0409810911732
0.0418029300888
0.043943874256
0.0466896188221
0.0457274365053
0.0460214233171
0.0488702571465
0.0420576131424
0.0303024310361
0.0402340431289
0.042473500862
0.0478326559045
0.0426567811201
0.0435345483547
0.038375362023
0.0459484444797
0.0458921439814
0.0504174352509
0.0493192666576
0.0465956958614
0.0502023550055
0.047215540112
0.0448326599533
0.0444153653041
0.0485148489459
0.0460797869858
0.0417258904528
0.0443619878226
0.0428500482358
0.0458640701849
0.0395703844283
0.0446187872854
0.0401883652936
0.0415730800031
0.0392666485497
0.0318041765531
0.0282979451155
0.0337306017388
0.0335999743005
0.0322641577169
0.0278527431048
0.0261410226933
0.0291451651504
0.0239432716858
0.0182985854455
0.0191790775225
0.0193920197352
0.0198312410492
0.0178712588958
0.0223750365366
0.0197842736293
0.0133577648499
0.0125979162663
0.015021249196
0.0164023552051
0.0119756965796
0.0
0.0127843036812
0.00887459165187
0.011605117749
0.0170834157299
0.0115979502599
0.013723744238
0.00961718024733
0.0120380879505
0.0117976487032
0.007990516199
0.0150107824816
0.0167868388485
0.0145041327095
0.0119279363318
0.0118074567912
0.0177825848261
0.0163275034177
0.0156996193625
0.0146925934715
0.0126498525407
0.00467343523827
0.00994520272898
0.0101163806874
0.0123878764628
0.0223806206144
0.0163799543435
0.020994270026
0.0200303488879
0.0234054457528
0.0263254159344
0.0251302086208
0.0375720841825
0.020811116151
0.0204896580972
0.0272664667167
0.0248511341764
0.0263390136582
0.0233042154827
0.0288589697602
0.0308841616523
0.0284496924972
0.031793147077
0.0297307743697
0.0292977078628
0.0278901330248
0.0335410799321
0.0345391109318
0.0261566401347
0.028605164789
0.0271620083338
0.0270983628535
0.0145498303294
0.0259609968093
0.0264037607762
0.0219441189384
0.0210300404144
0.0214587468775
0.0290220519389
0.0266738936495
0.0245553656339
0.0208717908317
0.0239239365365
0.0293801744013
0.0287817613464
0.0273918138392
0.0191301770049
0.0343857955858
0.0262991696313
0.0314758798977
0.0389084557197
0.0357474533756
0.047358354582
0.0406549351344
0.0382162924698
0.0414468617518
0.0414038278309
0.0435268108658
0.0402974204816
0.0388959797664
0.0368992136364
0.034884820913
0.0313632477824
0.030606734336
0.0270030177397
0.0269403745404
0.026504061859
0.0314449361837
0.0317849858127
0.0344923379852
0.0375885387416
0.0315191384309
0.0356762148297
0.0298251903559
0.0317847782841
0.0261462574401
0.0
0.0
0.0386222454587
0.0503710746763
0.0361547334541
0.0396118436664
0.0442764636017
0.0494291034948
0.0558150591289
0.0608286288069
0.0696475474304
0.0702874189633
0.0638383740317
0.0670637101525
0.0893498429277
0.0924441836336
0.0868756389278
0.0899130962134
0.108058767338
0.0
0.103331826656
0.100163708509
0.10726534993
0.113313044097
0.108655120146
0.108282650958
0.115826766298
0.0
0.0994508293641
0.0911456275122
0.0974198395661
0.093892709497
0.103034905432
0.114166622385
0.10708101967
0.102835185644
0.086501356209
0.0961279424373
0.0977863062687
0.0973538443458
0.0776584694677
0.087703654522
0.0875586640212
0.079746551633
0.0759639383268
0.0835776233496
0.0786574709814
0.0737364431824
0.069135188849
0.070970318229
0.0678819199981
0.0649263402652
0.0569462679494
0.0588630219997
0.0549323748944
0.0514971101056
0.0694454072258
0.0
0.063063527438
0.0551228678253
0.0500405952368
0.0458331183948
0.0368513302398
0.0339602968423
0.0369229001436
0.0440078742953
0.0361759508188
0.0343563091553
0.032574010807
0.0352557770694
0.0306608672772
0.0303808599739
0.0271341948858
0.0347025110799
0.0336057372923
0.0366329393531
0.0331604510215
0.0299775411658
0.0284724841845
0.023639728412
0.0222824804791
0.0192004630141
0.0203684177138
0.0128879317262
0.017089974761
0.0140815649788
0.01052465947
0.0115025795412
0.0139868883075
0.0124693849075
0.0165884366952
0.0186585522972
0.017995315927
0.015668630911
0.017040072878
0.018440836353
0.0
0.0229238135928
0.0195758019668
0.0178746978019
0.0234013470213
0.0
0.0294660724321
0.0294819281915
0.0292561848622
0.0321842204758
0.0376082413599
0.0381029456568
0.0363153252179
0.0368104571871
0.0361870370729
0.0419985257708
0.0445594262839
0.0414150070806
0.0397477572943
0.0397763530692
0.043759733475
0.0397158798374
0.0465530064021
0.041431347449
0.0388032081422
0.0380040887119
0.0350635172985
0.0322967486046
0.0354210641508
0.0331517136332
0.0297291400786
0.0260069407825
0.0267413156821
0.0272586665839
0.0238280061285
0.0198198590557
0.019675432618
0.0182864904664
0.0179593492963
0.0195102904185
0.0147891154882
0.0123254705943
0.0147188463043
0.0177748572737
0.0119931687399
0.014798682105
0.0136104231336
0.0190598653063
0.0140788990161
0.0126506792641
0.0078108881041
0.0131062071811
0.0179194048355
0.0143722290282
0.014843718044
0.0133111751509
0.0118092148772
0.0147302031578
0.00868129669295
0.0163554425484
0.0118268285572
0.0143378912324
0.0089294189356
0.0107639896809
0.0109037588339
0.0118346887085
0.0111184364
0.00902213562797
0.00809134882902
0.00335577743782
0.000641314838463
0.00641626666652
0.0130112350916
0.01751875569
0.0191801126081
0.018233589911
0.012687913211
0.0100362211374
0.00937418870025
0.0101664742747
0.0121557114764
0.00620289124509
0.00961823235289
0.00840980596356
0.0105095805563
0.0131252727667
0.0111041009018
0.022937244057
0.0181589076424
0.0188655679854
0.0138448168383
0.0173653843303
0.0166372358431
0.0122660159589
0.0158813690951
0.0
0.0
0.0
0.0341309815152
0.0222631249578
0.0253386273228
0.022832572995
0.0250533742972
0.0345507036129
0.0250870039747
0.0255919592792
0.0155941921974
0.0210697040662
0.00951320397455
0.00991005255413
0.00437457344671
0.0114765562246
0.00876151033472
0.00643562855563
0.00461584446691
0.00625269989269
0.000225524951501
-0.00200615287236
0.00253077712902
0.00249855548362
-4.83457469808e-05
0.0138917793065
0.0123010411426
-0.00230754851553
0.000893185242336
-0.00129325193386
0.0124061484724
0.0101125300079
0.0070750464428
0.0100096306338
0.00548653798984
0.00748473279784
0.0093367917915
0.0103033534463
0.00841859374103
0.010976933597
0.0076868646272
0.00688607372002
0.0138411889489
0.0130087334409
0.00927493508262
0.00774277903308
0.0147523555426
0.0152253770802
0.0150876666027
0.00974738365301
0.0131470591081
0.0131407036693
0.0180883295167
0.0167423742294
0.0196731059655
0.0144912367317
0.0190175078533
0.0190243283642
0.0173482799407
0.0238742009788
0.0
0.0315481981037
0.0329451247755
0.0314515060141
0.0361041783087
0.0358883418675
0.0418502953186
0.0457713207656
0.044769180986
0.0388907262012
0.0430680865375
0.0433747122711
0.055313734131
0.0548309705679
0.0564236486357
0.0528909016235
0.0543840348063
0.055926788213
0.0545428228752
0.0570753001313
0.0543459292132
0.0520946174582
0.050154590249
0.0425620210858
0.0491607535006
0.0426767244011
0.0418615309728
0.0440938307547
0.0451241739836
0.0375130845926
0.044164386655
0.0438470198071
0.039252012517
0.0388409036277
0.0414872002745
0.0458609661236
0.0
0.0387302325939
0.0394138209093
0.0366231248239
0.0412950263739
0.0408527515272
0.0405930619038
0.0331480518967
0.0369745941786
0.0340834153802
0.0435907786955
0.0423133447887
0.0393966643856
0.0377471864613
0.031012342947
0.0324770374754
0.0300090353309
0.0266765609484
0.0325588531208
0.0389437690673
0.0336987427177
0.0338285870227
0.0275224236465
0.0311035291556
0.0289322457591
0.0276890099443
0.0227327121194
0.0248233392077
0.0220635563025
0.0250585480609
0.0208975898544
0.0234068385677
0.0215623864243
0.0217875962785
0.0167374624247
0.0168043998026
0.017229556513
0.0189506664719
0.01843391846
0.0138564438759
0.019542887798
0.0206413400846
0.0209261585764
0.0230319658514
0.0180281290227
0.0243379267881
0.0176632642787
0.0204527889024
0.0196119563364
0.0258816938798
0.0215480910279
0.0287678931473
0.025721391637
0.0286569978001
0.0308231200849
0.0334622578316
0.0302464953786
0.0297966976857
0.0268616836108
0.0352102676562
0.0259866699616
0.0326566712261
0.0319539518779
0.0316398987923
0.0298144942712
0.0348946831486
0.0301709835934
0.0346592092259
0.0342957809437
0.0348535911259
0.0321830203745
0.0399668218478
0.0332429377723
0.0323012852805
0.0364306095454
0.0378437400721
0.0395456140588
0.0396928330703
0.0305761627606
0.0331279897601
0.028507017491
0.0295453413588
0.0292577368796
0.0274410989687
0.0284745123766
0.0330706472556
0.0303683928478
0.0318509729687
0.0289311057041
0.0314981346678
0.0271023170379
0.033455338535
0.0344001106707
0.0
0.0
0.0
0.0
0.036927309875
0.0410438858415
0.0310576589598
0.0372900506408
0.0295651962598
0.0282007696912
0.0265220088219
0.0275235937977
0.0270187761415
0.0210757874145
0.0243299811035
0.0245496083358
0.0173074035743
0.0152627830351
0.0143037308117
0.0188877782309
0.0172657224113
0.0189837996947
0.0201650007844
0.0179228990365
0.0171908813209
0.0159586530729
0.0128302185687
0.0187501061084
0.0132290036973
0.0175992733708
0.0177544879996
0.0176009003915
0.0171551589382
0.0180056206706
0.0194381212525
0.0198804048234
0.0205500191989
0.0159502636748
0.016937645785
0.0141853343247
0.0197535463792
0.0213449769998
0.0273056037564
0.0245568235749
0.0283675527831
0.0307301317337
0.0290959483036
0.0306544633978
0.0299156660668
0.02966084243
0.0321279873317
0.0280631493955
0.0359795729267
0.029006874457
0.0328482305697
0.0373303846674
0.0288963076578
0.0335014292728
0.0314249688929
0.0245357773826
0.0218981345555
0.021595242252
0.0193664719953
0.0231883395976
0.0226150152124
0.0186769790016
0.0161838175247
0.0124249406237
0.0159936324869
0.0171218583417
0.0174489137654
0.0111555627166
0.00975584838087
0.00639996960821
0.00696421197758
0.00486091388679
0.0218316631179
0.0132584066117
0.00752895259368
0.00576526810976
0.0051770288552
0.000385594138574
0.00171053901864
0.000149005225026
-0.00155124321145
-0.00306743794888
-0.00336906150969
0.000564537388211
0.00291528703756
0.00582268335854
0.00241926626181
-0.00124543408342
-0.00183154050297
-0.000632641496345
-0.00107642329836
-0.00221371174081
-0.00440960307915
-0.00328426362317
-0.00337387673443
0.0
-0.00542325866118
-0.00595661225557
-0.000196505891478
-0.00250947251163
-0.00150790242279
-0.00165573579557
-0.00141646691041
-0.00265555887344
-0.00348732213378
0.000601219796329
0.000763795413452
0.00233579671904
0.00518723195973
0.00118528865419
0.00686262738286
0.00653917879544
0.00978555830059
0.0120345597656
0.0129887924159
0.0113539996018
0.0108305547727
0.0118994720266
0.0150104205184
0.015286251039
0.021298479548
0.0176336627988
0.0199464570185
0.0172850039323
0.0182108762835
0.0200792680928
0.0179495126733
0.0181274582293
0.0185231552883
0.019689902227
0.021698705469
0.0123952688797
0.0177273326784
0.0155247505492
0.0234480853275
0.0187299351998
0.0240492352895
0.0210822087008
0.0180516209511
0.0133973938568
0.00973468632149
0.0135727171227
0.0133059891891
0.0168520395059
0.0132489860998
0.0154080049036
0.0191697569057
0.0133596787382
0.0107377992098
0.00846851382681
0.00926758418574
0.00748199782388
0.0107285579344
0.00598600510973
0.00929032089238
0.000801906564632
0.0
0.00535363114954
0.000990301903108
7.14821999899e-05
-0.000769616328629
-0.00780365336513
-0.00437003293763
-0.00834722352352
-0.00442059767914
-0.00102146021999
-0.00278947247822
-0.0058311718069
3.21142425301e-05
-0.000401836823849
0.000137851220597
-0.000322149650737
-0.00134225952036
-0.000709662914448
0.000932853680113
0.00245931644106
0.00263606015802
-0.000365192427705
0.00514057321998
-0.000255836194038
0.0005857031598
0.000178085282708
0.00270533164413
0.00342419934484
0.00341760907971
0.00878193508117
0.00602192405206
0.0035396928105
0.00019802206427
0.00251062631971
0.0
0.0
0.00158147908567
0.00513789288277
0.0043649023581
0.00294130828175
0.0114303226606
0.0088712503716
0.00851517107008
0.0112540291143
0.010539476461
0.0140139917265
0.00643951681323
0.0118815008653
0.0104525613316
0.0104119745661
0.0122315551755
0.0145542192469
0.0168166046854
0.0135274538375
0.0144066255861
0.0144556593055
0.0123239452254
0.012792571823
0.0134783151147
0.00721471567695
0.0171962805189
0.028432724625
0.0248187129282
0.0136173050643
0.018103102989
0.0165648455887
0.0234157209538
0.0217564203597
0.0157149944283
0.0128877954556
0.0131217093073
0.00320096527405
0.00417612944368
0.0021947162149
0.00421805699246
0.00930452481219
0.00474007103195
0.00151073384268
-0.00145847894165
-0.000742095879054
0.00298917678582
-0.00271550668994
-0.000507859238606
-0.0113202550064
-0.00146577926985
-0.0028562112341
-0.000730920266721
0.0012636775065
-0.00159357037779
-0.00406978706929
-0.00322123432198
-0.00153951124968
0.000112581503628
-0.00852774913799
-0.00402076448001
-0.00489427224526
-0.0029074466695
-0.00112191295901
-0.00646529763948
-0.00538664410177
-0.00650673977996
-0.0096403907598
-0.00742988773145
-0.0073555437992
-0.00841753995601
-0.0117198159427
-0.00651401147987
-0.0202284662348
0.0
-0.0113479265847
-0.0080635110081
-0.0137393717919
-0.0142632591352
-0.0075249467055
-0.00960226174892
-0.00491334206223
-0.00192744390159
-0.00683205447582
-0.000458891434122
-2.12346294899e-05
0.00278816646505
0.00126632405897
0.00238514790157
0.00154779687323
0.00313978620167
0.0126018410848
0.00927417232987
0.00703701813347
0.00969084027183
0.00775684250528
0.0130466152159
0.0
0.00617292509431
0.00831919129804
0.0093621075088
0.0108838150887
0.00664573049389
0.0138663531761
0.0168808710841
0.00823085949754
0.00974365169726
0.0139550784229
0.00868789136848
0.00550025620207
0.00542142904035
0.00363114529473
0.00571865474896
0.00221999451565
0.00951176336806
0.00752827180591
0.0056993966017
0.0109270871319
0.00800960827939
0.00834382427929
0.0125988454787
0.00570782913864
0.00586677984631
0.00593050945342
0.00445865533393
0.00106467794068
0.00451939575673
-0.000731198644344
-0.00335804288525
-0.00470419919836
-0.00336333158975
-0.0081406604991
-0.0136156570566
-0.0167606614388
-0.0122343506921
-0.0115628743111
-0.011333335515
-0.0147014582238
-0.0133596861029
-0.0122606390404
-0.0133387799906
-0.0125896538464
-0.0109378417334
-0.0140058283938
-0.0111329675375
-0.0116773921571
-0.0118512010425
-0.00790938895283
-0.0128936380006
-0.0111236039285
-0.00711091929393
-0.0115534298565
-0.00964491064523
-0.0107913510024
-0.0107108097165
-0.00804524224729
-0.00379687748497
-0.00774003403227
-0.00432807526385
-0.00733478734487
-0.00482674639855
0.00361953568269
0.00420447416706
0.00449720536569
0.0109365844399
0.00675094170073
0.0022939700378
0.00936846799395
0.00738098713668
0.00114017454497
0.00521995111123
0.0045146837643
0.00482995532176
0.00950740290506
0.00854976519297
0.0106959951626
0.0118401725821
0.0120179041668
0.0164920478203
0.0171815631454
0.0159615516235
0.00882110139114
0.0157647582514
0.0152092483666
0.0126539210518
0.0109499205718
0.0140271411461
0.0109694787447
0.0145496448323
0.0120744420186
0.0174696161484
0.0242077294313
0.015325044434
0.0
0.0132442652316
0.0137401805566
0.010114785362
0.0156034818662
0.00424983601036
0.00554292480281
0.00609106251123
0.00260474248233
0.00179295989203
0.00310526116738
-0.00352477077808
-0.000429709736062
-0.00243088542963
-0.00435751849963
-0.00504899546289
-0.0123804621426
-0.00547684226863
-0.00326596838622
-0.0120356907896
-0.0113975418611
-0.00855591378433
-0.00643497534005
-0.00636720198156
-0.0113807916609
-0.0046605611547
0.00144404823454
0.0
-0.0101152352701
0.00458626180258
-0.0091866258287
-0.0114851026347
-0.0102052495707
-0.010483430688
-0.0140177836886
-0.0145645805891
-0.0159324725896
-0.0144459934921
-0.0103194236379
-0.0103674719163
-0.00537462909388
-0.00913162932622
-0.00679766142805
-0.00341854795363
-0.00808938618962
-0.00875368556479
-0.00847945778322
-0.00179456852866
-0.00456879502706
-0.00309354072327
-0.00189597700042
0.00472253011894
0.00534995872788
0.0100799963621
0.00621996405398
0.00462308991884
0.00565977143496
0.00803140669764
0.0108651232009
0.0111446623395
0.00478992738072
0.0120595989675
0.00815859136124
0.0136422098969
0.014997677435
0.016698608679
0.0174780917962
0.0177069883124
0.0159391803705
0.0199922020172
0.0138499116839
0.0196954666048
0.0111142460324
0.0133488227236
0.0150600344472
0.0152776435966
0.0167856487167
0.0178516014984
0.0175079946692
0.0178825762076
0.0149392863834
0.0117490290793
0.0114282102305
0.0163369684279
0.00179266472892
0.0100340382766
0.00910859614393
0.0041931038149
0.00625309219731
0.00399389030537
-0.000463687284512
0.000781126766845
0.0023890719336
-0.00434310324251
-0.00639242976186
-0.00652672644503
0.0
-0.00972242268968
-0.0097587576048
-0.0113014137103
-0.00599377329539
-0.00943945242949
-0.00981986757925
-0.000885540064224
-0.00871535321866
-0.00881648857909
-0.00674393347254
-0.0088081026564
-0.0140855241351
-0.00428487939757
-0.0062371365491
-0.0103568685444
-0.00721298853793
-0.00828921885928
-0.0144787468164
-0.0156385449237
-0.0118564848807
-0.0126526449777
-0.0100976962283
-0.00649438795487
-0.0110210543972
-0.00153735593449
-0.00831334009096
-0.00618074719295
-0.00797767112557
-0.00837592076768
-0.00473172814599
-0.00181380523235
0.000780820076144
0.000125531132993
0.000829984655901
0.000276396887298
-0.00235260885188
0.00121975926331
0.00131901647317
0.000428715783493
0.00130652773054
0.00788710692661
0.00525273511683
0.00768832987797
0.00230924021442
0.00845892146503
0.0115875368495
0.0115834861215
0.00748996102576
0.0145009236178
0.0122623563813
0.011249352576
0.00835444498564
0.0117637911131
0.0107030103256
0.0135185373935
0.0126829165221
0.0175346284314
0.0153471183839
0.014963685082
0.00964172533796
0.00723410774933
0.0142656826538
0.0108261581448
0.00591243584787
0.0107647325078
0.00689105497308
0.0121883396658
0.00872629871912
0.0175374786047
0.00679079991717
0.00633424267469
-0.00118959200906
0.00356621966788
0.00092623533657
0.000322651740341
4.80103181719e-05
0.00227843838037
-9.88879627025e-05
-0.00109025168376
-0.00725887083455
-0.00592802184282
-0.00848372474855
-0.00709371708735
-0.0211786997245
-0.0150094675661
-0.00834426876019
-0.019683123583
-0.0150120629887
-0.0118643037966
-0.00645400422648
-0.00846240162938
-0.0111471472671
-0.00850302784799
-0.0134695768906
-0.0073368770181
0.0
-0.00853809471806
-0.00604664572059
-0.00573293421002
-0.00779564010789
-0.00564331644351
-0.00675712601285
-0.0121820981366
-0.00664979691773
-0.00557340804241
-0.00537685423198
-0.00476503162987
-0.0201202038058
-0.00910531715029
-0.00547805577978
-0.00736222610897
-0.00815642806267
-0.00634745916516
-0.00510057953794
-0.0040900600208
-0.00044326184518
-0.00260784078825
0.000478988092586
0.00129933720174
0.00138223931014
0.00836380408091
0.00442294572125
0.00283151568108
0.00433086604661
0.00317822415661
-0.000797024226095
0.00534121363242
0.00892115530367
0.00661573525053
0.0085717180366
0.00594830924906
-0.00611159050191
0.00371283353511
0.00262330028616
0.00430264153009
0.00330767823136
0.00599920711699
0.0027650460945
0.00340575510879
0.00177183949573
-0.000480986921986
0.000876148535466
-0.00232951038585
-0.00643596984954
-0.00191349979771
-0.00601138816822
-0.00414756240539
-0.00551978055056
-0.00484604110479
0.00410477382317
-0.0108918939459
-0.00670381535035
-0.00689500411221
-0.00855331635033
-0.00920435572696
-0.0165252751394
-0.0171274889992
-0.0129268504915
-0.00966305240597
-0.0101867401871
-0.0170486172952
-0.0127556619633
-0.00829787797991
-0.020207586206
-0.0186361326876
-0.0174091308914
-0.0158603000765
0.0
0.0
0.0
0.0
0.0
-0.011845485445
-0.0155643748377
-0.00869859926239
-0.0118817421239
-0.0170242584344
-0.0148399474079
-0.0119465329919
-0.0151003150348
-0.0112998175478
-0.011510266641
-0.0145980746345
-0.00877034444031
-0.0120898783353
-0.0112992965338
-0.0128571683812
-0.00948478023287
-0.0122272702056
-0.00722948200131
-0.00816167495504
0.0
-0.0142326867761
-0.00510847627683
0.000953603360221
-0.000362241102118
-0.001502471266
-0.00260689915092
-0.000337244431106
0.00112544222044
0.000358874311625
0.00197014480731
0.00262547957661
-0.00496659621402
0.00328336164446
0.00631996802114
0.00377642507042
0.00621238468815
0.00917028648217
0.00626208281711
0.0100836012256
0.00715132857191
0.0119831051239
0.00887638825546
0.0133300857379
0.00547070244871
0.0165992140285
0.00790504820603
0.0127062856504
0.0101089217472
0.0119996981597
0.00857284518504
0.00729675282289
0.00847053352278
0.00531558833049
0.00175303006457
0.00128516792356
-0.00922539876952
-0.00290710484394
0.00217405333048
-0.000114806776927
-0.00248050123907
-0.00556381284844
-0.00269595102736
-0.00646741239581
-0.00803644600548
-0.00618532806917
-8.63078141015e-05
-0.0043565732407
-0.00999272013437
-0.00825018417129
-0.0119269797571
-0.0143511398184
-0.0117318585784
-0.00938020867287
-0.00659822547846
0.0
-0.0134322468043
-0.0144781383912
-0.00822097487924
-0.0127650890146
-0.0198740830759
-0.0141380859727
-0.00778851976732
-0.00888953897747
-0.00472444501406
-0.0117868879246
-0.00684705813269
-0.0117078290718
-0.0109996004531
-0.0136926026654
-0.0135896216938
-0.0149397975562
-0.0152775128016
-0.0103832687794
-0.0109897067957
-0.0124939032743
-0.00247528029481
-0.0141438922185
-0.00972964088398
-0.00819395253875
-0.0105010279468
-0.00824550259565
-0.00643618792275
-0.00631944671812
-0.00624778779296
-0.0018682580882
-0.00534298681957
-0.00118298174764
0.00498055904132
-0.000777191637563
0.000670800197329
0.00437761877092
0.00404502242678
0.000202587965475
0.000760390308316
0.0052617712251
0.0
0.00513219017101
0.00165121690892
0.00449656374032
0.00226645470696
0.00536843383385
0.00288984069012
0.00738695830041
0.00562666940092
0.00285564928039
0.00373805863534
0.00238511774421
-0.00116018192647
-7.34116347338e-05
-0.00158672972068
0.0016781316022
-0.00404764803477
-0.00164055705239
-0.00118673778149
-0.00505380628537
-0.0102307801346
0.000776069079486
-0.0122554109662
-0.007241468903
-0.0104118412544
-0.00634613836473
-0.00661310132292
-0.00409749837405
-0.00668620657494
-0.0073130568553
-0.00740664886359
-0.0157632238178
-0.0139444677103
-0.0130334330373
-0.0160377151211
-0.0177298999611
-0.0192187257808
-0.0186923612621
-0.018072754406
-0.0181328264158
-0.0158078551501
-0.0166409424975
-0.0173687145097
-0.0192987284108
-0.0180702956768
-0.0183267556394
-0.0262373670281
-0.027460934115
-0.0262216094852
-0.0165117111692
-0.0209396357557
-0.0211254602274
-0.0182526930556
-0.0241305268095
-0.0195562629811
-0.0192083157002
-0.0181748899432
-0.0156047361193
-0.0231372167581
-0.0211551070762
-0.019175428914
-0.0141081817488
-0.0188241456904
-0.0138305786921
-0.0117667896141
-0.0131669969919
-0.0109602441462
-0.0116734082586
-0.00646698458022
-0.00413672570131
-0.00401780411353
-0.00710738832391
-0.00901703612729
-0.00150731011467
-0.000651224283095
0.00288414623907
0.00169828098508
0.00950430453008
-0.00277573342925
0.00323331579951
-4.00808345403e-05
0.0046835691706
0.0070683239561
0.00297472116544
-0.00572432425271
0.00254375508344
1.29533645599e-05
0.0013958276982
0.00266456442212
0.00010801015443
0.000280193657385
-0.00408604058109
-0.00152012722446
0.00342576409064
0.00146101992908
-0.00262001411747
0.0
-0.00463376957239
-0.00420639718415
-0.00562315880416
-0.00683676804663
-0.00750415828737
-0.00921346112525
-0.0114972929154
-0.00985538272674
-0.00778341971175
-0.00889149444422
-0.0123284758942
-0.0140781155152
-0.016869266207
-0.0113782520914
-0.00436747228479
-0.0132639923891
-0.0139430699496
-0.0188342062313
-0.0193544616881
-0.0204420911508
-0.0260695777893
-0.0223678942277
-0.0191764332744
-0.0185785523595
-0.014677383833
-0.0171195221447
-0.0231062701186
-0.0226109530205
-0.021800724798
-0.0182122272863
-0.0238386217761
-0.0221124952889
-0.0282348448357
-0.0214206709263
-0.028840472259
-0.0265400784656
-0.0213352857596
-0.0195099643547
-0.0214027448755
-0.0203501985434
-0.0206448766745
-0.0199966435124
-0.0225856343956
-0.0257388344149
-0.026145311796
-0.0230013831008
-0.0170126030446
-0.0212638969749
-0.0240000960707
-0.0122025149134
-0.0128182231803
-0.00958391896254
-0.00786364292113
-0.0145863978496
-0.0124893241721
-0.00717139541607
-0.00927315216753
-0.0047160244101
-0.00615425761123
0.00054168230739
-3.93490084202e-05
-0.00215314429083
0.00262324246016
-0.00207500288749
-0.0011029730199
0.00136479444706
-0.00471615388409
-0.00340079828628
-0.00470382287951
-0.00566664357842
-0.00431242725134
-0.00538181757972
0.00181445181592
-3.82536525643e-05
-0.00174694128504
0.000837283115453
0.000280917993081
-0.00496027154062
-0.0055667662906
-0.00786052216484
-0.00736901549173
-0.0103981682337
-0.0123080817598
-0.0132668069893
-0.00533946653447
-0.00567624960072
-0.0108824527406
-0.0107547044678
-0.0100451906044
-0.011140794484
-0.0203988527543
-0.0115414828542
-0.0150380692655
-0.0180552907796
-0.0157147006885
0.0
-0.0189183088822
-0.0155295047329
-0.0157518872811
-0.0150289984197
-0.0197855675111
-0.0193131469887
-0.0190146681338
-0.020704493286
-0.00450515386784
-0.0165734923062
-0.0182011043238
-0.0229964314297
-0.0211528724935
-0.0200496223729
-0.0239953768525
-0.0233609101375
-0.0191434189339
-0.0208949350127
-0.0205573093166
-0.0240238843901
-0.0217002772722
-0.018206003765
-0.0214839564562
-0.0252628997279
-0.017857680307
-0.014616154972
-0.0127740599536
-0.0141277741439
-0.014834131637
-0.0133740403815
-0.0127456028118
-0.0130500343469
-0.0150296879294
-0.0140457666285
-0.0163324356363
-0.0179998377442
-0.00978127283449
-0.00726094770656
-0.00650775658683
-0.00650035643814
-0.00520661467654
-0.00731947769201
-0.00372289930169
-0.000465729875977
0.00201183260805
0.0147655616826
-0.0012737678319
-0.00157453478682
0.00914127563729
0.00585221887558
0.00129532237803
-0.00247397860208
0.000407787054996
0.00252679677074
-0.00225496602138
-0.000789471708424
0.0143359665013
-0.00506278593967
-0.00311082633147
-0.00257699921611
-0.00188418770053
-0.00445042851086
-0.00890300984342
-0.00950211955588
-0.00739763028004
-0.0104381921596
-0.00740228963571
-0.0129299790236
-0.0100806738652
-0.00959638337141
-0.00585041368775
-0.0127242591317
-0.00966902104095
-0.0071970526364
-0.0133191292314
-0.0155258844294
-0.0187265701997
-0.0191848745369
-0.016864180532
-0.0193688999756
-0.0164538268969
-0.0158736589256
-0.0235778227969
-0.024120893799
-0.0166028363216
-0.0145133711771
-0.0196838469032
-0.0226976109313
-0.0274459976191
-0.0237693201413
-0.0270051024436
-0.0255043499812
-0.0236164575025
-0.0240094617818
-0.0231189657083
0.0
-0.0227657779675
-0.0167789073897
-0.0225198355021
-0.020794928516
-0.0271181758308
-0.0290239475195
-0.0205056786895
-0.0267320875766
-0.0180712930611
-0.024616238807
-0.0250046827026
-0.0210010680335
-0.0157755058745
-0.0183347727007
-0.0184068491626
-0.0196758686868
-0.0183774323835
-0.0137568086041
-0.0175441505701
-0.0180213731063
-0.0111435181094
-0.0172328687019
-0.00930705090772
-0.0126411878662
-0.00484561618427
-0.00973757650965
-0.00799790716579
-0.00613925382462
-0.00126885706722
-0.00120013339607
-0.00565524659702
-0.00580597015794
-0.00388411332521
-0.00202103419106
-0.0050637452537
-0.00391384183866
0.000609715974986
0.00428955445055
0.0
0.0
0.0
0.0
0.0
0.020408335896
0.0163960311247
0.0113425824948
0.00522777958973
0.00830342456747
0.00961978908267
0.010112569755
0.011423286913
0.00826261483789
0.00805249929773
0.000976918127711
0.000446166281366
0.00103021243728
-0.00138153744671
-0.00224515493512
-0.00174904006074
-0.00793830454713
-0.0052535213504
-0.00788733260567
-0.00893654868223
-0.0145104163703
-0.0121361797163
-0.0198334119349
-0.0137068940237
-0.019714192699
-0.0165295182464
-0.0173372546405
-0.0214195443946
-0.0217810618168
-0.0108350882784
-0.0171920168417
-0.0122627324295
-0.0147717326602
-0.0168756176876
-0.0197591474327
-0.0195728447269
-0.0235285900972
-0.0194417785455
-0.022561421799
-0.0215950671301
-0.0224867444767
-0.0223877294926
-0.0210573597199
-0.0212935508257
-0.0219810219661
-0.0177728269821
-0.0230542237021
-0.0146483879116
-0.02129857494
-0.0145971985581
-0.0170542730281
-0.0137022441371
0.0
-0.00813563620717
-0.0119170759568
-0.0157077558151
-0.0117726024807
-0.0182198379089
-0.00991940715016
-0.0104415187769
-0.0121351558837
-0.00984167256968
-0.00695050157384
-0.011913232711
-0.0105590707909
-0.00779771677365
-0.00754205896266
-0.00676176191457
-0.0040927245253
-0.00671722394268
-0.00375741633519
-0.00255024510891
-0.00746240588174
-0.00474272246489
-0.00671962103187
-0.00780297145696
-0.0074043340185
-0.00393450883505
-0.00223285574827
-0.00489660723591
0.0
-0.00200779966206
-0.00560583150749
-0.00889372785185
-0.00688076919082
-0.00758575071032
-0.013372718485
-0.0106892209351
-0.0150628460145
-0.00702213555703
-0.0104096452815
-0.00828618144317
-0.00970116055347
-0.0128641090697
-0.0131670350954
-0.014448919486
-0.0144679881489
-0.0216171251225
-0.0214159214413
-0.01688941218
-0.0215402287617
-0.0193430482438
-0.0200786623582
-0.0186831371125
-0.0237838445188
-0.0195272388027
-0.0251769249789
-0.0240189148973
-0.0300616114225
-0.026728442353
-0.025400996466
-0.0216283120248
-0.0234764797553
-0.0193400991255
-0.0225200325134
-0.0258202736859
-0.0239257449468
-0.0253325570059
-0.0280967302513
-0.0267410885843
-0.0270344470692
-0.0291178712715
-0.0273769036042
-0.0320235743036
-0.0327427537147
-0.0296063402299
-0.0256700064403
-0.0272452050202
-0.0210399905754
-0.0226424181477
-0.0231858753533
-0.0185610491075
-0.0133228661602
-0.0185496839108
-0.0215210709782
-0.0187316777803
-0.0273524784067
-0.0181632836337
-0.015207527263
-0.0123419331051
-0.0139069461015
-0.0127600174527
-0.00949178588474
-0.0108206072509
-0.00766474999213
-0.0117095460644
-0.00764582119984
-0.0107265122867
0.0
-0.00467812498403
-0.0104202099735
-0.00534721838948
-0.00365579919437
0.000391079200127
-0.00397983154571
-0.00357144347339
-0.00156729178705
0.00050739028472
-0.00613651581161
-0.000890643222641
-0.0123838380104
-0.00449159512441
-0.00290728731734
-0.00438863208584
-0.00552004428183
0.0010027570549
-0.00283175790131
-0.00812401901409
-0.00912569064783
-0.0112680631964
-0.00988428265174
-0.0114320370657
-0.0163338074362
-0.0117910210492
-0.0120315159782
-0.0160974800249
-0.0101011790304
-0.0248075734415
-0.0147384802767
-0.0137008770845
-0.00901974786913
-0.012747478468
-0.0191955391344
-0.0185695028085
-0.0179382762252
-0.0149376314637
-0.0130519380872
-0.018828101134
-0.0168860481609
-0.0192810652301
-0.0177589873777
-0.0195310135061
-0.0239556732647
-0.0218880299269
-0.022443654338
-0.0229623566957
-0.0224369160423
-0.0227741301932
-0.020900463936
-0.018900072826
-0.0233832398616
-0.0226491312275
-0.0251271091584
-0.0223030819564
-0.0210917058032
-0.0174465564056
-0.0200435217104
-0.0181157185989
-0.0192617199888
-0.0200219891664
-0.0179573743249
-0.0176328388712
-0.0151015809476
-0.0134989265652
-0.0135869752837
-0.0200077010441
-0.0175548485868
-0.0153273447476
-0.0131858452966
-0.0154019810716
-0.0145287122595
-0.0138511747572
-0.00929674319158
-0.00740935321827
-0.00818684928067
-0.0102042139669
-0.00575951617988
-0.00607378020539
-0.00388874759761
-0.00380571921615
-0.000772154957409
-0.0046661795121
-0.00105173352949
0.00276253653221
-0.00175680961007
0.00324585694648
0.00163435735694
-0.00244468657842
-0.00598039161958
0.000344555402933
-0.0038180775878
0.0
-0.00755264622678
-0.00581895258055
0.0
-0.00507209652752
-0.0103583253769
-0.00570329277867
-0.0120155104355
-0.00763850153867
-0.0102406538239
-0.0164859985723
-0.0149862837797
-0.011582063349
-0.0151291517403
-0.0189088536651
-0.0229510178092
-0.0145680634022
-0.0145149747074
-0.0165342017075
-0.0191384916089
-0.0193963878786
-0.0215628351676
-0.0235195155279
-0.016877337716
-0.0228414933617
-0.0178319934822
-0.0200663073937
-0.0279961191633
-0.0262935453775
-0.0260927150316
-0.0230189075636
-0.0256952042092
-0.030256166101
-0.022586978501
-0.0269534536217
-0.0272441525443
-0.0262699600597
-0.0284856002546
-0.0267298825855
-0.0258267870372
-0.0211780616585
-0.0233219713837
-0.0251435925218
-0.0284605597601
-0.0243355722967
-0.0290357834962
-0.0314923319431
-0.0227511717712
-0.0246326616939
-0.0269413377966
-0.0255671497177
-0.0252909536202
-0.0229113229724
-0.0224103530201
-0.0295410628729
-0.0204662747799
-0.0212070760711
-0.0221504728228
-0.0181612267445
-0.0193580667819
-0.0168547294077
-0.019997575038
-0.015476542859
-0.0161762069993
-0.00593176722471
-0.0103175345015
-0.00594426533767
-0.0132854503706
-0.00647062089474
-0.00927102773377
-0.00585634457564
-0.00486505809054
-0.0010274872727
-0.00212022645739
-0.00491049183634
-0.00491429153731
-0.00588482619514
-0.00320580265741
-0.0071901064661
0.0124585200838
0.0100140241072
0.00100223253519
-0.000113185531726
-0.00582519294655
-0.00629023574611
-0.0089253009197
-0.00534157366785
-0.0108231006916
-0.00355911318318
-0.00198751866911
-0.00227047217284
-0.00499993175141
-0.00629871070087
-0.00665220460238
0.00813727846245
0.006985560911
-0.00242607551645
-0.00347710263875
-0.0112663041081
0.0
-0.0124496559407
-0.017529153864
-0.015731813281
-0.0164048377244
-0.0189709555063
-0.0175003980439
-0.0162656441786
-0.0224974694161
-0.0205860064041
-0.0200746296648
-0.0236600585011
-0.0291079468211
-0.0195307800551
-0.0254967543449
-0.023549731526
-0.0223211681364
-0.021470590025
-0.0258096796051
-0.0214074383822
-0.0290680644897
-0.0245528630588
-0.0243643239073
-0.0244187430768
-0.0345971285249
-0.0292245351644
-0.0242330399509
-0.0201999849473
-0.0254746113218
-0.024246945764
-0.0118026375385
-0.0233323811067
-0.0231270435338
-0.0208164458024
-0.0218331777074
-0.0189130645791
-0.024401234305
-0.0142526946884
-0.0178959393301
-0.0141699097966
-0.0135899827169
-0.0131723099757
-0.00943199761814
-0.0130469397313
-0.010195417597
-0.0129666995959
-0.0062092243852
-0.00565348839627
-0.00916101346461
-0.000117678794784
0.000316942100453
0.001930061288
0.00278415401678
0.00262164398731
-0.00169659946422
-0.00353112660496
0.000783029324594
-0.00321534436429
0.0010797999831
0.000606809361224
-0.00322650178902
-0.00085691998276
-0.00602116868861
-0.00487460223742
-0.00445685527389
-0.00370712666742
-0.00581910146581
-0.00513420629352
-0.00872387925011
-0.00874194927749
-0.00687971080901
-0.00664777371782
-0.0105788221599
-0.0102818443075
-0.0127634303701
-0.0093650365098
-0.0115687372488
-0.015571123585
-0.0149053003527
-0.0198729041528
-0.014434481222
-0.0138789140768
-0.016576045568
-0.0164456687219
-0.0260432151509
-0.0210234470761
-0.0209994405876
-0.0238574632026
-0.0229737286135
-0.0243201703998
-0.021375670063
-0.0260215650005
-0.0271981592572
-0.0241353157328
-0.0170617442184
-0.0235643696884
0.0
-0.0230032852047
-0.0282304465868
-0.0275105090443
-0.0230400197186
-0.0233385282095
-0.0236558133563
-0.0253814862075
-0.0282481601088
-0.02436442884
-0.0249060105105
-0.027163642787
-0.0304193506854
-0.027438313436
-0.0241045611427
-0.0233600798976
-0.0242785706317
-0.0202927143623
-0.01920414495
-0.0220817215751
-0.0225049238183
-0.0165152985807
-0.0235827864492
-0.0185380803368
-0.0190763577631
-0.0130906972353
-0.0136682820986
-0.0132588607156
-0.0130578671114
-0.0108525544186
-0.00665107295906
-0.00724317566817
0.000377351213293
-0.00591296370261
-0.0082653204929
-0.00165608052677
-0.0133955766244
-0.00223008308198
-0.00582855696582
-0.00488550643747
0.000605449145025
-0.0038237317729
-0.00119215685118
-0.00633275556309
-0.00111789535142
0.000516393462068
-0.00796097443645
-0.00721572381064
-0.00638634111763
-0.00424910372747
-0.00636961196301
-0.00802406460628
-0.00697776196295
-0.00797866406977
-0.0104405266891
-0.0111665874264
-0.00850666464481
-0.0134309250774
-0.0169271517012
-0.0164287285162
-0.0179702801703
-0.0139382268472
-0.0130957604765
-0.012672123088
0.0
-0.0151352420097
-0.0224392162132
-0.0191218980283
-0.0196357606132
-0.0250976789067
-0.0212094728698
-0.0251208101943
-0.0324578559341
-0.0214694024775
-0.0229660791612
-0.0231415490357
-0.0262025783687
-0.0260478593751
-0.0270010815297
-0.0263705455885
-0.0251111688113
-0.0299020531305
-0.0269106008857
-0.0267537887385
-0.0259470283621
-0.0278513939096
-0.0264000443782
-0.0238794800446
-0.0280151468525
-0.0245970805668
-0.0253770195826
-0.0247357075756
-0.0225565570512
-0.0245495624339
-0.0274980419165
-0.0239854679932
-0.0309649832039
-0.024423706116
-0.0204387833489
-0.0183080328612
-0.0201226616275
-0.0169261710397
-0.0180553875649
-0.0180595734073
-0.0153082838545
-0.0145759542174
-0.014631715595
-0.0106780540462
-0.020334943442
-0.0100408297182
-0.0065853490274
-0.0099788290347
-0.00439299368904
-0.00419696120627
-0.00632251086827
