0.0
0.0
0.0
0.0
0.0
0.0
0.0
0.0
0.0
0.0
0.0
0.0
0.0
0.0
0.0
-0.0629740085419
-0.0611251314898
-0.0602065490071
-0.0559069798234
-0.0441021598971
-0.0405390143921
-0.0477452927899
-0.0508598815542
-0.0574220937419
-0.0628251800992
-0.0752241841493
-0.0800249277435
-0.0831536205041
-0.0825164259469
-0.0764759065288
-0.0749504096288
-0.0734240612104
-0.0668609751303
-0.0586675183255
-0.048083960979
-0.0434579822002
-0.0443486383701
-0.0420585511505
-0.0435997511632
-0.0457364455148
-0.048127505344
-0.0486034928542
-0.0496224786416
-0.0503375090313
-0.0422878837773
-0.0356298915196
-0.0255884587138
-0.0214524261973
-0.0216058986955
-0.0207652158156
-0.0144354990875
-0.0183166189953
-0.0174620718124
-0.0155898082919
-0.0136786926969
-0.0121121148206
-0.0114857427619
-0.010510739512
-0.0214114037202
-0.0417125613529
-0.0589184015157
-0.0771520970219
-0.0923793295705
-0.110862165777
0.0
0.0
0.0
0.0
0.0
0.0
0.0
0.0
0.0
-0.0285821232544
-0.0243125002109
-0.0172883365004
-0.0108487897073
-0.0144979767707
0.0069449792683
0.0192959372047
0.0221630442321
0.0224631634157
0.02644704758
0.0318750653375
0.0345442963978
0.0293661336194
0.0305140677927
0.0232305697184
0.0199242879781
0.0205114820537
0.01465556713
0.0112157158034
0.0148084385748
0.0079826247336
-0.000358850816064
-0.00566106587507
-0.0171351304791
-0.022354283706
-0.0292396119638
-0.0367167136561
-0.0455333869058
-0.057289765649
-0.0717559832521
-0.0833273614013
-0.10705278296
-0.122654075469
0.0
0.0
0.0
-0.120238412414
-0.102437084533
-0.0929529461876
-0.0801508415757
-0.0602777745446
-0.0503355864365
-0.0459808325945
-0.0342563555691
-0.0245504500425
-0.00997302657637
-0.00445493657137
0.00487744027159
0.0180121293109
0.0284257087547
0.038676310104
0.0448836717616
0.0576716617668
0.0594336867879
0.0591994922515
0.0598484969518
0.0596286404209
0.0563669058671
0.0534319453132
0.06343419828
0.0618832300368
0.0590624184896
0.0565455058045
0.0579637815206
0.0567735101721
0.0640668579624
0.0574376284357
0.0591544372034
0.0577517738529
0.0615619848515
0.0626862455856
0.0547678154459
0.04281337675
0.0347726763124
0.0284868105022
0.0161483574212
-0.00598591664953
-0.0346414566653
0.0
0.0
0.0
0.0
0.0
0.0
-0.036833318369
-0.0253029896805
-0.0193517438059
-0.00172852063576
0.0109358490763
0.0180316908991
0.0170893926157
0.0236977452953
0.0243033897423
0.0266176208893
0.0331234459721
0.0222722353781
0.0183882725678
0.00945366197646
6.99373409685e-05
-0.01008573868
-0.0155790560105
-0.0127251741883
-0.019633320912
-0.0225927735117
-0.0385667559768
-0.0460041717105
-0.0552924844987
-0.0511375614273
-0.0452304040027
-0.0411737076113
-0.0334207755696
-0.0265234675847
-0.0263675051909
-0.0227079175188
-0.022582184435
-0.0269534343985
-0.0384221985072
0.0
0.0
0.0
0.0
0.0
0.0
0.0
0.0
0.0
0.0
0.0
-0.0302101081429
0.0
0.0
0.0
0.0
0.0
0.0
0.0
0.0
0.0
0.0
0.0
0.0
0.0
0.0
0.0
0.0
0.0
0.0
0.0
0.0
0.0
0.0
0.0
0.0
0.0
0.0
0.0
0.0
0.0
0.0
0.0
0.0
-0.0494774323582
-0.0653654707949
-0.0766238910895
-0.0674351415259
-0.0681580098067
-0.0622606341718
-0.057280954841
-0.0474091641145
-0.0536145938685
-0.0452789828855
-0.0375007319033
-0.027253720212
-0.0199253997781
-0.0139264269783
-0.00224851692517
0.0129354578578
0.0211162350338
0.0223141451259
0.0233360662732
0.0279220831941
0.031554548735
0.0381359109199
0.029908739089
0.0284238548195
0.0260022932925
0.0184157851705
0.0164205457937
0.0182748026334
0.0151705697975
0.0130031259853
0.000885940481732
-0.0106235435343
-0.032345444869
-0.0574365016561
-0.0750266327172
-0.0894154722378
-0.100394191688
-0.106249313074
-0.119802425985
-0.136540429709
-0.152629585848
-0.155609592357
-0.164051233957
-0.161955379901
-0.16373993102
-0.164248996647
-0.163296198914
-0.155257642921
-0.14963225073
-0.140663085738
-0.109793111706
-0.0760460621752
-0.0528179930212
-0.0312462906638
-0.00892139520596
0.0114950566153
0.0306998528487
0.0455967725879
0.0541709341816
0.0520170331007
0.0517409404539
0.0521911934747
0.0350899532611
0.0
0.0
0.0437858071943
0.0
0.0665191942964
0.068155686609
0.07066750904
0.0638622731079
0.0708549145378
0.0698049045293
0.0696023661485
0.0635043229974
0.0638574928642
0.0579280321076
0.0490414943066
0.0484390207098
0.0538750702245
0.0489242516959
0.0458855246276
0.0414553950564
0.035840353283
0.0344087317668
0.0310529279132
0.020579616043
0.023663789724
0.019869217932
0.0210307988825
0.0167640748401
0.00532743078887
-0.0113525952602
-0.0269496360589
-0.0406318593649
-0.045897347304
-0.0458506022396
-0.0397809791539
-0.0375785756305
-0.0384129038402
-0.0290174085261
-0.0151351923025
0.00301611758621
0.0175392042254
0.0194282555855
0.0173260001669
0.0144878116951
0.014485925373
0.0122089391455
0.0138118548656
0.0188939466966
0.0192996251371
0.0209881210662
0.0242672442949
0.0209579877754
0.0228949717532
0.0264936422901
0.0258423425342
0.02548459143
0.0172968448421
0.0127839044011
0.00992279356447
0.0102902826282
-0.000594701458314
-0.0117922968823
-0.018834568861
-0.0280726755833
-0.0368039498653
-0.0504275082021
-0.0654847691595
-0.087740142177
-0.101995723077
-0.125952099357
0.0
0.0
-0.124195392791
-0.111383546082
-0.0915189514218
-0.0610190844778
-0.0288225679201
-0.00930734623108
-0.00226127444844
0.0107290894303
0.0218486283538
0.0273119069339
0.0326596215219
0.0405493030807
0.0483688453017
0.0543072560071
0.0531963141065
0.0549477615805
0.0638459069254
0.0716012584772
0.0727434890858
0.0711011384749
0.0717057515021
0.0640241513913
0.0538975921339
0.047648015224
0.048946910853
0.0434803728835
0.0261727619739
0.0
0.0
0.0343218708952
0.0415108381043
0.0391322556305
0.0428021063432
0.0464912013758
0.040903105087
0.0426247898306
0.0396583851411
0.0390435040949
0.0364594577061
0.034139739571
0.0295351768888
0.0305715684711
0.0395922120161
0.0432298280136
0.0362598128709
0.0357026990203
0.0409129241975
0.0384011612959
0.0348385712698
0.0361994787356
0.0326098400483
0.0301728067186
0.033272700756
0.0305839096137
0.0320156246481
0.0347839247313
0.0351185615927
0.0313776272306
0.0200591932954
-0.00305776909648
-0.0129872240837
-0.0249307199328
-0.0345010117721
-0.0410016791229
-0.0246646260264
-0.0255787998448
-0.028667609193
-0.0373228723066
-0.0628112732897
-0.121373805375
-0.192949957208
-0.266584195635
-0.33390705195
-0.379405934082
-0.389337105165
-0.403580543017
-0.394402910504
-0.397842433873
0.0
-0.395051868389
-0.352563040557
-0.3150212988
-0.272457268115
-0.233709453061
-0.190327075656
-0.147650284098
-0.105324523928
-0.0528173862494
-0.0075582246859
0.0124768155033
0.0269397922834
0.0374089001925
0.0559526345478
0.052318827451
0.0610380496789
0.0596542923536
0.0740046885319
0.0683096079336
0.0615775565307
0.0596947967813
0.0676338741632
0.06036260912
0.0637293809393
0.0641756138219
0.0642572604554
0.0567433305347
0.0692759254746
0.0656923116545
0.0567255304177
0.0554156635629
0.0508564272349
0.0459659849386
0.0421254236099
0.0386605192272
0.0344194480348
0.0228391192169
0.0205620434681
0.0165521612102
0.0190813107471
0.0171562102838
0.0200110635085
0.0214578963342
0.0121656861751
0.0
0.0309441290702
0.0377103493252
0.0377217163199
0.0382114399355
0.0376484506432
0.0368187261967
0.032856245085
0.0345070617776
0.0359440898745
0.0364083581222
0.0325311297214
0.0278871875634
0.0285047655583
0.0285152857388
0.0274218600179
0.0268825423334
0.0261741430413
0.0292721780525
0.0355423531912
0.0323424946451
0.0342187968535
0.0379971525425
0.032140817589
0.0372353222931
0.0
0.0
0.0296939492538
0.0146931985687
-0.0179410491644
-0.075163831145
-0.104780698381
-0.121003751067
-0.112701846809
-0.117644640784
-0.135853793565
-0.164926706453
-0.172092321699
-0.197282415863
-0.209238857809
-0.223941854417
-0.217505033045
-0.211105517947
-0.198991281192
0.0
0.0
-0.20564842938
0.0
-0.174932017993
-0.144200025712
-0.0830110888683
-0.0306251434064
0.0095228052697
0.0270620071659
0.0440687032398
0.0627172411737
0.0464077793102
0.0491883760799
0.0554027839617
0.0480666083773
0.0529076034023
0.0530082647655
0.0455584728742
0.0403578121043
0.0331377053181
0.0280718922118
0.0305030885682
0.03764812723
0.0431782754589
0.0438400319404
0.0422710761685
0.0332126667538
0.0376058541543
0.0229082083038
0.0171882374698
0.0133497450168
0.0202389699439
0.0151837002919
0.0170747500845
0.0184574008786
0.0260667593817
0.0
0.0326933432733
0.0327771848694
0.0329033912202
0.0369641042021
0.0308004042236
0.0253171993155
0.0235897347637
0.0230514634579
0.021954752698
0.0246048823478
0.0249921168354
0.0214942050112
0.0201748275645
0.0272212390574
0.0
0.0253396867097
0.0336952262054
0.0303406231615
0.0315183486506
0.0434711618925
0.0
0.0
0.0
0.0312900803966
0.0328063866069
0.0256222708725
0.0190153346465
0.0171415239272
0.0158137877139
0.00768099462181
0.00254982430455
-0.000539069915157
-0.000678987861373
0.00646124198216
0.000870892933451
0.00856925023702
0.00203142721054
0.0126615908344
0.0260176596963
0.032853832144
0.030822908129
0.0294445508779
0.0254067502625
0.0278010736591
0.0221541892272
0.0208021321377
0.0157367772214
0.00942579413896
0.0048022483979
0.000376914377215
-0.000826050266229
-0.0220792320751
-0.042292931882
-0.0746164979069
0.0
0.0
-0.0910017121535
-0.0778690903218
0.0
-0.0911406606147
-0.13059106847
-0.190752853108
0.0
0.0
0.0
0.0
-0.223101258247
-0.167580081399
-0.129992491629
-0.0925807795109
-0.0732437398207
-0.0458866696846
-0.0264863319353
-0.0208037432984
-0.0290551839391
-0.0295618441356
-0.0266874123368
-0.0198184066653
-0.00729650804115
-0.0208590988809
-0.0189574181241
-0.00177128330201
0.00178815285627
0.0244848842351
0.0384080256175
0.0452304312684
0.0401078042487
0.0413762189476
0.0453060775546
0.0469544362575
0.0497769063444
0.0468571929535
0.0407353302133
0.035044488986
0.0357191428805
0.0337143669754
0.0315445684552
0.0346362466621
0.0339480718821
0.0315994013313
0.0288462296155
0.0265218561696
0.0292043495803
0.0289423796552
0.0275819112887
0.0260122084207
0.0221103855768
0.0219697937032
0.0179299688001
0.0219888401313
0.0
0.0183303973585
0.0263237871501
0.0184365375046
0.0139159415635
0.01096410236
0.0112329140025
0.00589195573456
0.00611472795939
0.00799390687326
0.0105658891591
0.0120530613638
0.0146479004808
0.0254245811056
0.0
0.0227768488521
0.0171811810253
0.0153691926159
0.00821221008366
0.0106285820994
0.0184263816711
0.02189891104
0.0329603223731
0.035562445823
0.038761839846
0.044367913982
0.0428425400113
0.0449137204453
0.0
0.0356781700861
0.0342383031344
0.0337041358122
0.0363816754996
0.0421163902666
0.0462204621462
0.0447411783898
0.044269016955
0.0534580147125
0.051160939565
0.0396093476743
0.0365575865524
0.0256890210886
0.0190261702103
0.0220087790963
0.0144466383381
0.0135284766493
0.00805894570796
0.0100654728559
0.0100985954426
0.00637453308743
-0.000313669417168
0.00974697471935
0.0172451006113
0.0204838709988
0.0256946476635
0.027847159269
0.0277570247361
0.0308558649839
0.0292660094633
0.0200420757929
0.0136596950713
0.00119341220265
0.00445518436322
0.0
0.0030318412207
0.00388822716078
-0.00219797856983
-0.0115673370932
-0.0130196675476
-0.00248649101607
-0.00278604031979
0.00435076552697
0.00194326328467
0.012396075109
0.0203172945557
0.0117642743661
0.00654705320113
0.00948360195446
0.0196639241311
0.0183790974357
0.018746469974
0.020272155363
0.0183265643698
0.0177529401138
0.0198594589001
0.0157133058582
0.0125401904448
0.0168087407537
0.0127095665794
0.00892413907177
0.00928246648022
0.0075386090278
0.00531063908067
-0.000565238204768
-0.00817102757428
-0.00787748887518
0.0
-0.00132875554927
0.00112198976595
0.00671539384083
0.0063682107067
0.00296446383578
-0.00300792151258
-0.00483996029639
-0.00651649704582
-0.00183550839443
0.000787907260072
0.00628500518503
0.0155229395458
0.0215076188034
0.0292893742099
0.0342339732226
0.0380510375401
0.0430098005108
0.0469088475981
0.044569044139
0.0436813032096
0.0420485928951
0.0444726323933
0.0377854511436
0.0340738592048
0.0390870339903
0.0361083125661
0.0403421354126
0.0394119058438
0.0430258850486
0.0393731210049
0.0334426643697
0.0299840430121
0.0149021071126
0.0113438418374
0.00903799975063
0.0110143031583
0.0163514360702
0.0212110994335
0.0261133475437
0.0390358215021
0.041170704705
0.0420216735056
0.0464869901951
0.0396827436756
0.0332599461801
0.0255022752391
0.0191917264421
0.0163867660382
0.0170735818734
0.0167273397591
0.0278946600337
0.0265072761242
0.031180136822
0.033957259293
0.0311057200997
0.0347268667119
0.0259995417963
0.0197425057494
0.00775638411075
-0.00139897233886
0.00209116949271
0.00323686636786
0.000629116319473
-0.00153511142401
-0.00947034033437
-0.0175880517865
-0.0306256639154
-0.0596502339749
-0.102104469107
-0.141449574578
-0.173210291885
-0.185825788216
-0.1878183597
-0.183115367648
-0.175255893674
-0.160445068517
-0.150371463462
-0.136360681372
-0.117780738412
-0.104119479441
-0.0837230402057
-0.0600544445928
-0.0369527646971
-0.0205980332222
-0.000535741418396
0.0116810115438
0.0153366195512
0.0218014876286
0.0271412766542
0.0317443328308
0.0276670035579
0.0255467083814
0.0224621299179
0.0330549539156
0.0
0.0
0.0
0.0
0.0476343404937
0.0522291556114
0.0551787621661
0.0547051626183
0.0560878385707
0.062760551724
0.0562930239858
0.0567206009181
0.0563696621836
0.0552219682973
0.0619864841458
0.0609903376407
0.0561247129012
0.0581273948358
0.0582324915747
0.0479616904545
0.042889121886
0.024985954287
0.0215176840798
0.0
0.0
0.0
0.0
0.0
0.0
0.0
0.00894280428339
0.0206219331883
0.0290355792342
0.0
0.0418313134894
0.0324929584335
0.0480822110337
0.0
0.0
0.0
0.0
0.0
0.0468626342575
0.0316494134275
0.0283009019467
0.0404676216043
0.0244847485575
0.0325972073478
0.0236954381144
0.0306880361181
0.0386938920915
0.0355790240815
0.0411167116366
0.0278537151287
0.0223715236311
0.0166468012391
0.0114928232372
0.00693178149269
0.0
0.0154973550019
0.00426958076765
0.011130273973
0.0106969030546
0.00534719508215
-0.00572934609666
-0.00980915185559
-0.023455814061
-0.031935179139
-0.048061751224
-0.0630808703192
-0.0739282741452
-0.07869671083
-0.0818555246198
-0.100971232236
-0.0929101350754
-0.0884060842026
-0.0811490479179
-0.0744834975887
-0.0718458387411
-0.0703391416067
-0.0771146936343
-0.0644384179289
-0.0613667674151
-0.0759245197299
-0.0781989334539
-0.0679292176783
-0.0554526960495
-0.0562434420172
-0.0526527291044
-0.0360320229973
-0.0267260765294
-0.0123443496864
0.00731546586492
0.030419719256
0.0460906202321
0.0510644957527
0.0558044907675
0.0
0.0593078849211
0.0592835466115
0.0590026948666
0.0557363511683
0.0549967578977
0.0538360175068
0.0499182417958
0.0487476105742
0.0425592541474
0.0447146776763
0.040482497184
0.033350777347
0.0318118034946
0.0266620324124
0.0241187580667
0.0161752769187
0.0184104230039
0.0180106026419
0.0173524025351
0.0243136680269
0.0256686313189
0.031909659382
0.029076263023
0.0279363652215
0.0402042651933
0.0353346267725
0.03545733225
0.0339203481069
0.0332862049785
0.0312134185643
0.0328768994242
0.0274452692237
0.0283326120986
0.0257133523019
0.0238125608519
0.024197718495
0.0281986583853
0.0292715280207
0.0330627208389
0.0305105308744
0.0303718102936
0.0322706539374
0.0232134525984
0.0193460160008
0.0139707405137
0.011089351804
0.0119376815624
0.00692734832222
-0.00444703721761
-0.0282137074322
-0.0366511095436
-0.0344548400695
-0.043355766128
-0.0675733602821
-0.096598622685
-0.138025233121
-0.183518016628
-0.215756948627
-0.218814926543
-0.205293088021
-0.204020423547
-0.202893705839
-0.207427461068
-0.191675492409
-0.172231885454
-0.146605579127
-0.113879916117
-0.0812928151956
-0.0514181149628
-0.0249012686315
-0.000440014282357
0.00952449870253
0.0172854981322
0.00862075346992
0.00422625667479
0.0087102933858
0.0176773920395
0.0348777302302
0.0451385348512
0.0528099508999
0.0561277681653
0.062008722265
0.0610824433363
0.0670306294615
0.0668340432908
0.0694286195461
0.0696361765403
0.0647982183832
0.064022863545
0.0521934256838
0.0511216599748
0.0359206906783
0.0347305900095
0.0241090759897
-0.00171163762165
0.0
-0.0219722215957
-0.0294891469673
-0.0267716421029
-0.0419403888758
-0.0444643827826
-0.0380285066351
-0.0186362578832
-0.00440489851915
0.0032768555901
0.00487708251834
0.0135817081153
0.0236196900088
0.0299521268933
0.0323773109264
0.0326012924635
0.0351499503445
0.0261677288417
0.0279566236619
0.0220363558906
0.0235860155029
0.0240692130754
0.0210020907322
0.0175263229985
0.0182829496238
0.0214728396757
0.0140680187926
0.0115002749458
0.00322888909063
-0.00647830127043
-0.011701180757
-0.014526724129
-0.011392511755
-0.00749153477738
-0.00156046821166
0.00131437199901
0.00820615061588
0.0131780830376
0.0183639233205
0.018052147636
0.0137602991163
0.0122058388832
0.0174539013156
0.0120516238436
0.0164107516713
0.0146430226162
0.0172493042845
0.0163376090948
0.0154193356651
0.0165420277423
0.019919235995
0.018074954186
0.0211680658032
0.0244128329923
0.0266720821843
0.0311458842448
0.0293971822973
0.0369954329874
0.0299560892498
0.0281080053351
0.0270070984247
0.0234770831772
0.0193661032418
0.0212959941821
0.0169784962999
0.0170311237787
0.0165443493582
0.0108376936502
-0.00318721209954
-0.0281598784646
-0.0471332677185
0.0
0.0
0.0
-0.0353056114772
-0.0108305695599
0.00567557643852
0.0175411037374
0.0260288020815
0.0351779379405
0.0410515661136
0.0401787186347
0.0410844473489
0.0459813434323
0.0581502515414
0.0372528467458
0.0334456699003
0.0256304642085
0.0278969026862
0.0326382004518
0.0279589284599
0.0286087556943
0.0295787935357
0.0315796508437
0.0314522693258
0.0266960466241
0.0
0.033847068016
0.0304751473831
0.0272088327261
0.0299967323867
0.0304090950185
0.0241279990236
0.0246956136963
0.023144518195
0.0224335139201
0.0171921567488
0.0160471837881
0.0197860607497
0.0217246480949
0.0287937274946
0.0201192189935
0.011727197621
0.00969635653196
0.00227396508972
-0.0108534384993
-0.0223049205874
-0.0299477060752
-0.0440646380028
-0.0520210951175
-0.0644302147174
-0.0594532765084
-0.0540960401488
-0.060889323339
-0.0654088465287
-0.0704769290458
-0.0734458595753
-0.0647737507041
-0.0494827711541
-0.0332532975282
-0.0180549798772
-0.011955433452
-0.00908832026396
-0.00437948864347
-0.00563113360482
-0.00666218884581
-0.000302718543926
-0.00601760216727
-0.00755945258874
-0.0183025297523
-0.029653744662
-0.0407868125435
-0.0503308610207
-0.0755043753293
0.0
-0.080803527467
-0.0672481621641
-0.0708557041111
-0.0803696313578
-0.0733647788394
-0.0842478000937
-0.0614411098698
-0.0260601685292
0.0
0.011497165911
0.0181070475537
0.0267464660591
0.0425059806365
0.0562262846004
0.0558568567799
0.053166293729
0.0487232165636
0.0444014139402
0.0438094932861
0.0331451952252
0.0232188072343
0.0181024193164
0.0152280013763
0.0100062396945
0.0118464593131
0.0156112374009
0.0175288765013
0.0224926202216
0.0213562378237
0.0189474446658
0.00969723849476
0.00151303333083
0.00109982832945
0.00147027364425
0.0194300006892
0.0224178317997
0.0318819210016
0.0285630484546
0.0272671676233
0.0280935026272
0.0327197081655
0.0299614755468
0.0238698952583
0.0269746565743
0.0220652150185
0.0155544809207
0.0310385626585
0.0
0.026394736618
0.0180675992172
0.00850890034533
0.014285152028
0.02793053963
0.0323995729942
0.0192727702278
0.0160349166106
0.00649527295618
0.00168988471464
-0.0107753581482
-0.0194549066
-0.0185342177967
-0.0210694037088
-0.0168254896182
-0.0166490418733
-0.0146292806658
-0.0105492764858
-0.00638018573331
-0.0037637541804
-0.0041677254067
-0.00298064182933
0.00394407078151
0.00461882634398
0.0104295509888
0.0118255188888
0.0121497023951
0.0204239281103
0.0207574819495
0.0192942837017
0.0155936636304
0.00744394357533
0.014102136036
0.0145326876359
0.0147195445959
0.00992173919766
0.0125418630394
0.0150530081333
0.01539640287
0.0178817503378
0.0192828450405
0.0259107581138
0.0240255176079
0.0238072186476
0.00976984081977
0.0135281308263
0.0147444922182
0.00769240919185
-0.00530887661564
-0.0127357197302
-0.020924819706
-0.0362086297564
-0.0375855548596
-0.0340917318556
-0.0377093885327
-0.0485928212498
-0.0579630094352
-0.0655325263698
-0.0668628845614
-0.0671724126002
-0.07004815608
-0.0708104248245
-0.0620805328557
-0.0485851610181
-0.0343688704786
-0.0298019424502
-0.0191340521232
-0.00559827759964
0.00657176058788
0.0217564585059
0.0207422631315
0.0197697465586
0.0279984846482
0.0250871727423
0.0267192136142
0.0274155300882
0.0290284378382
0.0311778128764
0.0280013794274
0.0292773671061
0.022882408517
0.0248635915378
0.025446218485
0.0299419787352
0.0249365381942
0.0234236976587
0.0246905554161
0.0247294800941
0.0343462776649
0.034781956801
0.0363773778028
0.0381751697794
0.0273647771147
0.0302812657369
0.0304504771386
0.0
0.0286389107825
0.0235087430961
0.0241441650271
0.0247365370532
0.0234319143733
0.0299266661679
0.0365310508015
0.0387052386082
0.0386771003323
0.0375976832246
0.0386607235988
0.0401495076595
0.0430517785731
0.0424981488478
0.0439284460763
0.044814251135
0.0503194294118
0.0454256672554
0.0373530017132
0.0309047842556
0.0238343558852
-0.00497722707733
-0.0205760085467
-0.0215301596023
-0.0189846299849
-0.0244978181315
-0.0373191514765
-0.036894507689
-0.047315343318
-0.0747374789361
-0.106147437226
-0.135486742892
-0.173918082799
-0.189627230719
-0.183610717903
-0.186002874565
-0.197652936046
-0.197102649687
-0.190424007614
-0.188526100962
-0.179534878568
-0.160298602481
-0.135813806795
-0.105904378744
-0.0905825502259
-0.0825414748863
-0.0704159078382
-0.0720981329732
-0.0744993608147
-0.0683702590308
-0.0723495301987
-0.0963233098016
-0.120280163451
-0.137532281615
0.0
0.0
0.0
-0.12952872605
-0.111131649832
-0.0854692118352
-0.0551512867375
-0.0234755287659
0.000698671863562
0.0151669872348
0.0311316547574
0.0413424775215
0.0473174983716
0.052152094291
0.049297316441
0.0395600746213
0.0335617897369
0.0285456428992
0.027414637291
0.0231306454961
0.00970481508823
0.00904593874016
-0.00235697267254
-0.00984719925092
-0.0202442003313
-0.0321983658788
-0.0371012654625
-0.0498525445383
-0.0622900099083
-0.0717332579235
0.0
-0.0699609542886
-0.0536269218992
-0.0248171480121
-0.00968110834081
-0.00188342156959
0.00851476560914
0.00713318682665
0.006950903091
0.00251510881351
0.00284892420887
0.0
-0.000953807758205
0.00268447374517
0.00303139554031
0.0106156585335
0.022947416858
0.0289235346517
0.031897814488
0.0440772971405
0.0455684251151
0.0472313976118
0.0529738514009
0.0574574746713
0.0548768478172
0.0525761156232
0.0532137605933
0.0558256479135
0.0491892661714
0.0507781160208
0.0460577843089
0.0247815189305
0.0145154658184
0.0130731101532
0.00599876760398
-0.00162864380387
-0.0130399860743
-0.0232971174032
-0.0265556207843
-0.0258858832022
-0.0262082354996
-0.0291185348892
-0.03008993133
-0.0404064203024
-0.044464483676
-0.0509172814458
-0.0538882012636
-0.0671167284339
-0.0740564113288
-0.085237671993
-0.0885644286824
-0.091510044658
-0.0776511140083
-0.0608883878672
-0.0504607535446
-0.0490281752752
-0.0490576651428
-0.0568340576388
-0.0586157715377
-0.0623098083469
-0.0582521979685
-0.0418670607802
-0.0194530138525
0.0
0.0141386569639
0.0260196315807
0.0258563473477
0.0299509584685
0.0319195588651
0.0291778134667
0.0332164690576
0.0253339560361
0.034625146997
0.0193969561218
0.0232551175597
0.025844732831
0.0279121774305
0.0116609911901
0.00171137677992
0.0
0.0
-0.036096088675
-0.0394598952827
-0.0607708124303
-0.0716617226709
0.0
-0.1275748051
-0.168814709075
-0.203437374283
-0.239575092886
0.0
0.0
0.0
0.0
-0.235015450515
-0.20317367058
-0.163639024342
-0.130349980678
-0.107326865372
-0.0808688560806
-0.0604406306374
-0.0409588936587
-0.0149231759603
0.000234646668669
0.01548961163
0.0260174696523
0.0359743671072
0.0
0.0
0.0495980870516
0.0473105747128
0.0496159388815
0.047256708844
0.0347361100002
0.0349224165745
0.0367619850274
0.0408922857504
0.049033655958
0.0470854415968
0.0474034128949
0.0488420870855
0.0506026466812
0.0483934473359
0.0515513073635
0.0489572210203
0.0501075567071
0.0504826372657
0.0426158965763
0.0450227754707
0.0440413673395
0.0357781411722
0.0
0.0
0.0438576829215
0.0124429238679
-0.00660494376235
-0.0282958046903
-0.0372424332965
-0.0393565484556
-0.0455220236237
-0.0349389273881
-0.0361394670862
-0.0406500331355
-0.0485216930361
0.0
-0.0362913099765
-0.00503722896235
0.00804061334387
0.0155816482902
0.0156528230671
0.0117427626809
0.013465458594
0.0149596447594
0.010871845381
0.0075794335644
-0.000603808434373
-0.0156824963291
-0.0391611387441
-0.0552372479602
-0.0542218720229
-0.0514391971815
-0.0465793542809
-0.0399255989025
-0.0260271674245
-0.0113995227707
0.00182031262307
0.002680600679
0.00794679827879
0.00815984184044
0.00424611192292
0.00363431795447
0.00877423461599
0.00721433761463
0.0021714914814
0.00458767543883
0.00437228311665
0.00177267891668
-0.00912205200446
-0.0180890845954
-0.0257965055888
-0.0293293213729
-0.0255990566914
-0.0180339058351
-0.014130507653
-0.00559316994398
0.00802000849348
0.0167800289056
0.0369039796895
0.041722837965
0.0467328781572
0.0505582541421
0.0495246355436
0.0513768424375
0.0491307713603
0.0
0.0412023011469
0.0305341850816
0.0304757631512
0.0242776762004
0.027679541189
0.0323819716179
0.040208038061
0.0472274642147
0.0
0.049927946803
0.0392121766426
0.0302818657255
0.0
-0.00853743924628
-0.0216490406017
-0.0317536713801
-0.0411032210616
-0.0523760135462
-0.0549156446733
-0.0521312853996
-0.0389614117437
-0.0195876708403
-0.00827216135194
-0.000318657276208
0.00765958986156
0.0121792829104
0.0221110758808
0.023603061726
0.0251202589571
0.0326380228145
0.0344580739017
0.0358102388282
0.034215640073
0.0373791226991
0.037408945071
0.0297931779909
0.0282653691936
0.0176626521394
0.00614418505722
0.00191363449262
-0.00186147309854
0.000588696411014
-0.00620766990939
-0.0212305862483
-0.0275187854652
-0.0294226868029
-0.028358234173
-0.0419838459303
-0.0766422246268
-0.112232073468
-0.127381372642
-0.135804024633
-0.153991220151
-0.153416074588
-0.158987855087
-0.181306523469
-0.197570379795
-0.214247289252
0.0
0.0
-0.20950647334
-0.191411483912
-0.157064634078
-0.113982824314
-0.0790875060332
-0.0486252302936
-0.0239893606398
-0.00454928330639
-0.00178154123958
0.00548622846542
0.0104615464265
0.0168519466291
0.0266899267725
0.0262968810828
0.0314932962054
0.0373194823096
0.0410699118116
0.050105679483
0.0552406728121
0.0557573064974
0.0558964184333
0.0583436161273
0.0623320096339
0.0580495561976
0.05878534311
0.0581331174194
0.0595487597028
0.0576181834185
0.0549518755518
0.0495447640134
0.0502293306153
0.0546927015259
0.0476531779151
0.0526409289876
0.0527903134334
0.052374461428
0.0414155745128
0.0315384165057
0.0206272750146
0.00468917853562
-0.00206452373129
-0.00389565306744
0.000814594182541
-0.00160352792415
0.0
-0.0813118395168
-0.151533141198
0.0
0.0
0.0
0.0
-0.19415412886
-0.179385045002
-0.161241859805
-0.153743416081
-0.133588487555
-0.107127131484
-0.0916244655842
-0.0746937864599
-0.0461751407281
-0.0370438566825
-0.0226144193392
-0.0175876057872
-0.0187200004712
-0.00918757275095
-0.00602220553524
0.00501262446003
0.0147078380902
0.0151514896345
0.01572130691
0.0204433135453
0.0240943298844
0.0134810325546
0.00615907411018
0.00580156122722
0.0135736581447
0.0227113142878
0.028917509207
0.0303296512394
0.0340374144919
0.0317724754885
0.0192181213025
0.0116182742359
0.00175865557248
-0.00623778765495
-0.0189726394437
-0.0256862592216
-0.0256829121166
-0.0299579236866
-0.0355909913405
-0.0388315527074
-0.0433926563358
-0.049185847453
-0.0538458912748
-0.0591442484113
-0.0609059902811
-0.05382882077
-0.0399450360323
-0.0220483223737
1.74225932048e-05
0.0240056379372
0.0311471900251
0.0298395556498
0.0320415856145
0.028686050818
0.042454727701
0.0520884498261
0.0588446756439
0.0603896938121
0.0539734749029
0.0549924471641
0.0606571904995
0.0675157063432
0.0610805517015
0.0570870586215
0.0568288717023
0.0570992473843
0.0475614941203
0.036701831619
0.0367371618551
0.0270158569855
0.0157185972111
0.00420504718247
-0.00540726036239
-0.0138587123929
0.0
-0.00221498734387
0.0101586729534
0.0277278734058
0.0128561136543
0.0307874121399
0.0253743246053
0.0214866074401
0.0244849692434
0.0374397572596
0.0489104395177
0.0419564061134
0.03911022228
0.0404340617069
0.0384280788383
0.0
0.0
0.0454631434852
0.041992740309
0.0323649649114
0.0272226660279
0.0203441699071
0.00555181505135
-0.00935365063061
-0.021052292035
-0.0323819235704
-0.0316050619788
-0.0325089481969
-0.040072453465
-0.0560171795441
-0.0637305768544
-0.0869499155162
-0.10762311623
-0.122703564054
0.0
0.0
-0.125179198532
-0.100408748369
-0.077351978546
-0.0571220963481
-0.0464060502499
-0.0437271264522
-0.0441061427773
-0.0406613913834
-0.0376996696001
-0.0348152367738
-0.0238861093635
-0.0108238655931
-0.00157859956009
0.0
0.0
-0.00715446631952
-0.01641687089
-0.0234862450474
-0.0327050345377
-0.0409393456232
-0.0473518112389
-0.0469979028446
-0.0315003957481
-0.0100779705696
0.0152671037908
0.0345214733701
0.0417536535718
0.0434475978582
0.0463176995706
0.0525339478553
0.0474565471892
0.0468636356528
0.0476795444832
0.0435024246979
0.042270078442
0.0357770445868
0.0302769647416
0.0254963231455
0.0183654004928
0.0131049000273
0.00441332357028
-0.00456911838889
-0.00769052217905
-0.0109542494196
-0.0178532727221
-0.026121828904
-0.032982361962
-0.0391807431961
-0.0392300578222
-0.0380574992933
-0.0327761515266
-0.0240105878565
-0.0176736054753
-0.0163809341975
-0.0274605718543
-0.036121439391
-0.0376110878266
-0.0359571147644
-0.0150747959809
0.0149950610953
0.0373004385732
0.0433653229321
0.0454789321445
0.0413049120517
0.0383434428571
0.0328748671174
0.0353979078212
0.0298117699162
0.0304087199954
0.0286399745161
0.0265630971269
0.0224815848883
0.0187706950209
0.0113157465779
0.00674904799031
0.0
0.00191570948883
-0.000740253347541
-0.00848638133383
-0.0115420359253
-0.0150504425918
-0.024237397574
-0.0323689536213
0.0
-0.0717362361177
-0.0727092141926
-0.077037492475
-0.0879723982352
-0.0966198697384
-0.109111175128
-0.130232864979
-0.149420846186
-0.156619573434
-0.15934043104
-0.150106402949
-0.140202100399
-0.136760446164
-0.127742292471
-0.122496793667
-0.110072068243
-0.0817310099206
-0.0600179772916
-0.0390191784419
-0.00703277305864
0.0129513969679
0.0317366260605
0.0436002380609
0.0504244594639
0.055643925774
0.0583090222194
0.0589752321325
0.0581559354501
0.0609149863513
0.0612536310013
0.0574681683562
0.0590192841703
0.0548269993343
0.0588675572519
0.0552904420018
0.0562087160686
0.0446771256674
0.0348274173162
0.0223940628904
0.0017307196355
-0.0131668004553
-0.0153653088528
-0.0195397009627
-0.0253208436449
-0.0212721938248
-0.0340421237356
-0.034600222601
-0.0453717085185
-0.0603132277512
-0.086140152309
-0.105096653001
0.0
-0.102505937474
-0.0934934293878
-0.0856206014801
-0.0795396177896
-0.0685661837579
-0.0463617323015
-0.0214315600898
0.00347657330073
0.0204855135168
0.0255697865873
0.0303421547068
0.0328459366547
0.0340496854396
0.0363442895077
0.033062449712
0.0321826776728
0.0329184534502
0.0247187646307
0.0270934531377
0.0263804006526
0.0222510646725
0.0215678167379
0.0160620421035
0.00817672356802
-0.0032607691697
-0.000739942269187
-0.0030154494293
-0.0100005570404
-0.0170182268373
-0.0296350595903
-0.0447771156133
-0.0596258086665
-0.0740902884146
-0.0901881809418
-0.111970441965
0.0
-0.133790548572
-0.165926535899
-0.183871131486
-0.195704553207
-0.200148747041
0.0
-0.203242310271
-0.192327280328
-0.165766282786
-0.142584733459
-0.121622144324
-0.0892800167025
-0.0548890539536
-0.0153771116035
0.00327381482909
0.0165933284488
0.0227701347344
0.0272130671905
0.0267033397466
0.03050323646
0.0313133684992
0.0355778066198
0.0410357214797
0.0387541811214
0.0392201994265
0.0370579100041
0.0391610573551
0.0377108651353
0.0335537289884
0.0109431615624
0.0108995480836
0.0120795690873
0.012255295157
0.012741217294
0.011712882814
0.0178772068879
0.0167918331854
0.0108966888047
0.00672690059572
0.00935617397573
0.00673146536367
-0.0074851065917
-0.00791202665246
-0.0192486471125
-0.0253527646803
-0.0252580227703
-0.0257891930088
-0.0255954532153
-0.0189368927059
-0.0227586554658
-0.0286364395166
-0.0379979221555
-0.0433231471261
-0.0485352562372
-0.0437640021938
-0.0319551399826
-0.0139462485388
-0.0048840929583
0.00448418286455
0.0030498729711
0.00194382682724
0.003850399906
0.00150427043777
0.00416966384376
0.00301203989975
0.000744879939289
-0.000764959978268
-0.00369791854788
-0.0045860213734
-0.00330470101221
0.0
-0.00575818607762
-0.0112206203379
-0.0135282815
-0.0171729457867
-0.0176372518998
-0.0276302952635
-0.023679453822
-0.0285030961663
-0.0258961501325
-0.0335771283366
-0.0468755831344
-0.048645760509
-0.0636014166629
-0.0644810023978
-0.0665233113475
-0.0607628036338
-0.0559714393363
-0.0409936245659
-0.0330514599809
-0.0279259475265
-0.024454740432
-0.0231867457511
-0.0224251587828
-0.0206360566352
0.0
-0.0422137445733
-0.0691367288975
-0.0913675200401
0.0
0.0
-0.0971581628767
-0.085487257755
-0.0672025744618
-0.0607626239694
-0.0649147687284
-0.0569394676428
-0.0462986723293
-0.0367743201309
-0.0301294341723
-0.0367916102631
-0.0475980196525
-0.0437350658981
-0.0343791711886
-0.0268835357837
-0.0222922737481
-0.0252597645931
-0.0331657613014
-0.0415281498054
-0.0440495086266
-0.0476008223189
-0.0578667364863
-0.0546602178864
-0.0508506771104
-0.0456027145267
-0.0417868326823
-0.0458751656208
-0.0519046595449
-0.055949544253
-0.0550205833006
-0.0495664708467
-0.0334249475259
-0.0250987557769
-0.0060108325119
-0.001027603382
0.00235458917845
0.00445510775663
0.00812402203487
0.0112393475232
0.00662118077028
0.00476904134345
0.0104201632582
0.00808802683014
-0.000368088443454
0.000842427156635
0.00210419888644
-0.000335697995533
-0.00135090810704
-0.0048021406336
-0.00828113628772
-0.00329050346807
0.0
0.0
0.0
0.0
0.0
0.0
-0.00499849810185
-0.00800608204089
-0.00501160380953
-0.00596315600496
-0.00596200247606
-0.00563020072883
-0.0100528493677
-0.0144031936355
-0.0191313439037
-0.0269331318962
-0.0303544334847
-0.0214843598793
-0.0196498395806
-0.0122917720569
-0.0152646863747
-0.00944044185369
-0.0117421872907
-0.0127216569131
-0.0113592480247
-0.0130337921115
-0.017140135973
-0.0167344978451
-0.0139924077074
-0.00953664664257
-0.0025773368152
-0.00280315550982
0.00516896267845
0.00553148136733
0.00988835383967
0.0164925750355
0.0190013839606
0.0162248904763
0.0176567641558
0.0178874558599
0.0
0.0251333688979
0.0229625848125
0.0255473739241
0.0245984191405
0.0252027058313
0.0147488587961
0.0114988347314
0.0135180783971
0.00721015431643
-0.000579881289261
-0.00136629781296
0.00360005108327
0.00570108732951
0.00631716205361
0.00345279357731
-0.00711015463403
-0.00784863455946
-0.0529474415285
-0.0788424867529
-0.101588690211
-0.135061839291
-0.172533940937
-0.19040536969
0.0
0.0
-0.182192576637
-0.161500484387
-0.131749316439
-0.0973958796184
-0.0646534661977
-0.0455578100722
-0.0249639198156
-0.0125761436329
-0.00526823415669
-0.000387331658876
0.00313543415589
0.00522575745435
0.0029661342843
0.000175182802311
-0.00149209375588
-0.0042292586976
-0.0108653467084
-0.013190044247
-0.0272828188289
-0.0291668982463
-0.0234552699486
-0.0190220949062
-0.0259212544868
-0.00872007226972
-0.0167759356007
-0.0284032469765
-0.022083814377
-0.0226688612726
-0.0255277014228
-0.0307735062305
-0.0362358038859
-0.0422153692747
-0.051592560075
-0.0600611044283
-0.0647419301298
-0.0606413344795
-0.0600020202129
-0.0663613116354
-0.0628931033075
-0.0639033526372
-0.0565248638594
-0.0500263061307
-0.0485527402713
-0.0409608822954
0.0
-0.0210570315145
-0.0102288467865
0.00334516751258
0.0028954960057
0.00453791795549
0.00757518418049
0.00607344184694
0.0123449416789
0.011452847989
0.00838627734302
0.0134861397155
0.0153341039524
0.00996575480516
0.0150709010872
0.0174387117205
0.0158235322032
0.0177842272591
0.0183852212245
0.0134647529083
0.0102879055414
0.00850388341314
0.00500822611564
0.00535260274644
0.00445886199723
0.005359710244
0.0
0.0125392582239
0.00693352296638
0.0124615954946
0.00810078086401
0.00637396597245
-0.00620239302466
-0.008593099366
-0.0121845721422
-0.0175001389965
-0.0175271142859
-0.0175879401413
-0.0222462421033
-0.0187908948266
-0.0282406920954
0.0
-0.0712588228474
-0.0849253028703
-0.0856667732985
-0.0887394299534
-0.0797474898673
-0.070084800984
-0.0575955456264
-0.0450023008987
-0.0310858536948
-0.0150706475467
0.000253591512887
0.00281989538408
-0.00209892227574
0.00310341754825
-0.00286012988586
-0.00305269223487
-0.0137660724244
-0.0105936790882
-0.0209133120949
-0.0241459418697
-0.0334564482791
-0.0274593096493
-0.0254165404803
-0.028213908269
-0.0344801064719
-0.0308648446949
-0.0339657892094
-0.0344758901835
-0.048188080268
-0.0577228337522
-0.0696241422528
-0.0703026606719
-0.0726175570497
-0.0577791396614
-0.0537529726744
-0.0415549840003
-0.0287100237026
-0.0273461987813
-0.0222265781113
-0.0128766936814
-0.0184222545651
-0.0156371298196
-0.015924071196
-0.00754334196786
-0.00734123993524
0.00145560630318
0.00406195652158
0.000903927736603
0.00479633831432
0.00457811585297
0.00534776320231
0.00899816113632
0.00716614538235
0.00855175466939
0.0128481039515
0.0117611973706
0.0114396190936
0.0191564534215
0.0243065862641
0.0202376175931
0.0211370758691
0.0186084224431
0.0221311218561
0.0197769446695
0.0189595793958
0.0176879734583
0.0198520861324
0.024704147696
0.0230224027953
0.0262379968814
0.0240564694633
0.0223462893181
0.019821473923
0.015961474532
0.0128069889864
0.0183341135299
0.00798350663427
0.00111886425128
-0.00625213559375
-0.0173784818617
0.0
-0.0210254136925
-0.019862107296
-0.0247433980781
-0.0165599314122
-0.0162045689065
-0.0171628422109
-0.0157837736391
-0.0068398901191
-0.0057283677782
-0.00623343917254
-0.0073619562991
-0.00757936694371
-0.00441516809625
-0.00465623102265
-0.00561645603312
-0.00648618831585
-0.00571606061566
-0.00677574455203
-0.00225044664409
-0.00748321398139
-0.0103818590106
-0.00946376873348
-0.0165066853861
-0.0177344666525
-0.0134316469794
-0.020967921852
-0.0189584896633
-0.0197805525945
-0.0251184379035
-0.0268631905569
-0.0368586886126
-0.0398338849464
-0.0465004101835
-0.0490296188242
-0.0604928089876
-0.0735397248964
0.0
0.0
0.0
0.0
0.0
0.0
-0.121365104457
-0.0904862873379
-0.0604317478733
-0.047804738511
-0.0332942099981
-0.0233538472296
-0.00527485876864
0.000499421056915
0.00400381559124
0.00642477104939
0.0131339050986
0.0100612834952
0.00898609077397
0.0127956936766
0.0115459375546
0.0133364849008
0.0127765882465
0.0175679602053
0.0192532123918
0.0225336425223
0.0199216189924
0.0225117145434
0.0249836506522
0.0220119850675
0.0268723154327
0.0218224237577
0.0236192134556
0.0234556092601
0.0173527454038
0.00602679749712
0.0210473845709
0.0222642997512
0.0223483830059
0.0184213777684
0.0186218576267
0.0182963485306
0.0135357619927
0.0136120289162
0.0150308874258
0.0147099610872
0.0163596119021
0.0126461609173
0.00694091962883
0.00665706628004
0.00557388197063
0.000925673400366
0.0047510290835
0.00247100527829
0.000956881696155
0.000892044799733
-0.000516260226151
0.0018250754803
0.00236013728477
0.0
-0.00364258857402
0.00534302764957
0.000771131512103
0.00151732562176
-0.00131567038494
-0.0023824062606
-0.00552527261566
-0.00123108057501
-0.00880269860737
-0.00803817602855
-0.0188769953512
-0.0163971015753
-0.013874798284
-0.0156130186809
-0.0175569334478
-0.0130264516478
-0.0208319228147
-0.0500486085571
-0.085902667859
-0.126118779978
-0.175872918852
-0.230247900788
-0.265185319285
0.0
0.0
0.0
-0.267313884229
-0.24229397038
-0.230147814528
-0.210835139183
-0.185109110291
-0.159231310732
-0.128378794584
-0.0969682451155
-0.065995402299
-0.0571302923894
-0.026859945382
-0.0127287784602
-5.97528314256e-05
0.00904806168545
0.0125837425084
0.0216347909685
0.0203382668266
0.0218473039998
0.0184411033136
0.0206430710322
0.0194724551928
0.0144607947575
0.0220019289151
0.0214256095611
0.0255597310009
0.0270961379757
0.0278984990376
0.0264243011214
0.0215830162814
0.0255026172948
0.0
0.0
0.0
0.0163487913326
0.0166833210061
0.0126010951998
0.0127048363331
0.010421100186
0.00342418551803
0.00429765477133
0.00381707881926
0.0
0.00148922567724
0.00367613733972
-0.000801757594963
0.000334799113705
0.0030458563827
0.00325236939488
0.000574613327845
6.57830411761e-05
0.000861238416693
-0.000498166682504
0.00139616251855
-0.0037193531088
-0.00441490788329
-0.0036258473454
-0.0103722110022
-0.0156399442883
-0.0117336777794
-0.00994290076079
-0.0149630819286
-0.0129996619541
-0.0125371369446
-0.0153318030245
-0.0145780309515
-0.0169440230596
-0.0160045092262
-0.0082105715884
-0.0115679446169
0.0
-0.0163299757371
-0.0142947708802
-0.0172877095818
-0.0134913097637
-0.0230683173467
-0.019011153267
-0.0238954916645
-0.0288286915336
-0.0265606203388
-0.0291911041273
-0.0298823959846
-0.0337777351497
0.0
-0.0382076286385
-0.041264161158
-0.0405155518262
-0.0297236639551
-0.0189050817403
-0.0173952691923
-0.0150811537182
-0.0134453889869
-0.0110294772825
-0.0104883637398
-0.00554794816452
0.000982606913994
0.0063470162309
0.00490482571978
0.00783497086086
0.0111702604064
0.0101182201983
0.00746938744637
0.00568595568068
0.000861253121049
0.00776091988503
0.00649136958832
0.0125187920334
0.020376218396
0.0234344768348
0.02329756254
0.0230283416487
0.0200945951971
0.0218236746533
0.0214803741059
0.0172869556167
0.01689166632
0.0170324714438
0.0124085964748
0.0103464011796
0.0215658095214
0.0198368130536
0.0143178706751
0.0150971980165
0.00903974779549
0.00427482607594
0.00114311962349
-0.0034208703084
-0.00555976811169
-0.0124120341574
-0.0238038091956
-0.0218498830886
-0.0143050470037
-0.0148005746392
-0.012484035361
-0.010017561453
-0.0115457021153
-0.012065286398
-0.0141619082622
-0.00950795828496
-0.00953482502501
-0.011066722281
-0.0117820072999
-0.0126848570787
-0.0110387471609
-0.0101185270095
-0.0140322522573
-0.0113524581416
-0.0125127661241
-0.0116187387945
-0.00859360247571
-0.0093783784493
-0.0101656866967
-0.0128592934214
-0.0123777790618
-0.016834564773
-0.00958472110025
-0.0063845488718
-0.00759138396942
-0.00739616376234
-0.011043067742
-0.0120395692528
-0.0233643665924
-0.0316830879104
-0.046126771823
-0.0547676103972
-0.0675068826837
0.0
-0.0790019027177
-0.0729073763397
-0.0704865555192
-0.062833676333
-0.046134026855
-0.0347617965802
-0.0160145282498
-0.00880247326457
0.00245230268626
0.00583160901662
0.00823887329628
0.00406575002717
0.00391609414113
0.0035041250401
0.0108510395197
0.0149881741316
0.0140788018907
0.0124324476881
0.0172766684434
0.0138759658665
0.0156418325697
0.0166719429277
0.0133398719817
0.0136995558774
0.00725037326262
0.0025514157997
0.0125683118071
0.00903875008058
0.0124653465844
0.0273254028313
0.0128463063893
0.0126518342368
0.0116475634058
-0.00627895154018
-0.0159382205445
-0.0265127557284
-0.0325117086833
-0.0252067978729
-0.0237366582318
-0.0241042363479
-0.0437846721452
-0.0496991197069
-0.0541185583873
-0.0576903672281
-0.0597235970404
-0.0588793167779
-0.0543168743325
-0.0464995977921
-0.0338039256926
-0.0303583863924
-0.0206874181921
-0.0120895379165
-0.00244773163188
-0.000980365916509
0.00359435225255
-0.00195771137692
-0.00177687643991
-0.00627456839485
-0.010652590208
-0.00887926498452
-0.00592028204305
-0.00394235816075
-0.00720129599424
-0.0030379816823
-0.00512616194911
-0.00792738882708
-0.0167431742668
-0.0213455283261
-0.0201533105701
-0.0217223228436
-0.0263866330056
-0.0190762740302
-0.0175204165419
-0.0170915432723
-0.0148964340147
-0.0160146282764
-0.0190143241243
-0.0188775546252
-0.0270291358503
-0.0275363049579
-0.0308197532828
-0.0377338649118
-0.0389061127832
-0.0544967474084
-0.0367306082711
-0.0398379859826
-0.0438724294662
-0.0417733891555
-0.0431899361322
-0.0348582203297
-0.0243911178464
-0.0117479815368
-0.00731009214473
-0.00177222382639
-0.00465181228546
0.0
0.00306770112884
0.0062454222845
0.0131881826712
0.0103310105732
0.0193778584117
0.0184665399888
0.0135397968538
0.0177130630907
0.015191471466
0.0163169402023
0.0185084325303
0.00747530662864
0.0142019103854
0.0179604572793
0.0226391966928
0.0264269478762
0.0272648732605
0.0331417634526
0.0321835484765
0.0240447613202
0.0220849806213
0.0208343399368
0.034413163793
0.0297619906782
0.0228734587904
0.0181638207312
0.0159969041856
0.0112520038618
0.00564350735908
0.00222139964688
-0.000454716660681
-0.00378031224262
-0.00861077328969
-0.00949968660238
-0.00512418978376
-0.0181137562204
0.000420149151004
0.000411085966874
0.000582674978702
-0.00856683002813
-0.011635053258
-0.0193097283912
-0.0264421353215
-0.0266685290875
-0.0225953375159
-0.0164921462236
-0.00777333458211
-0.00723355801872
-0.00561438872257
-0.000236568806656
-0.00147684939303
-0.00330156231796
-0.00866074319408
-0.0108037614174
-0.0110266165931
-0.00869658061791
-0.00548690023113
-0.00508119433782
-0.00627991554214
-0.018837789061
-0.0236923134266
-0.0293413797338
-0.036959766727
-0.0431499377214
-0.0458697603591
-0.0460235408481
-0.0465418399941
-0.0416246979571
-0.0377178555622
-0.0346776170814
-0.0357008368622
-0.0305455088868
0.0
0.0
0.0
0.0
-0.00881171160027
-0.0110186960374
-0.0235415797674
-0.0260853590845
-0.0262442878072
-0.0250390034885
-0.0181912172004
-0.00541280290284
0.00610401372183
0.00690020291838
0.0110005832593
0.0093165546784
0.00978419906969
0.0107360864346
0.00955809134787
0.0118074079415
0.00990918687157
0.0127035175185
0.0
0.0
0.0137006882036
0.022057628774
0.0198092447268
0.0181284554936
0.0336406349331
0.0195360493443
0.0
0.0146484099236
0.017355276234
0.0140020616027
0.0
0.00755784030791
0.0141356113558
0.0140062679103
0.0122656619906
0.0149588884651
0.0147947842318
0.0138955507718
0.00908057925673
0.00902573180948
0.00224620874736
-0.00303320654225
-0.014027019903
-0.0292739000045
-0.0335870399647
-0.0383160542981
-0.0316348490389
-0.0318826516467
-0.0300906241824
-0.0233536219257
-0.0147291026458
-0.00795476634815
-0.00508748294081
-0.00280502071013
-0.00197877384658
-0.00735064116181
-0.0060475511641
-0.00703387001045
-0.00711352247486
-0.00398969544591
-0.00260142857573
-0.00728733151299
-0.00939343334082
-0.00826999985465
-0.0115012833729
-0.013567922147
-0.013500293032
-0.0191240450509
-0.0186525343767
-0.021091117173
-0.0228069850028
-0.0259622648848
-0.0286922244506
-0.0279086262111
-0.0353507479262
-0.0457549171912
-0.0490617885376
-0.0537280015993
-0.0519507393864
-0.0501380309233
-0.0355317712211
-0.0259355662687
-0.022674626232
-0.0122234931759
-0.0150029037953
-0.0164424451567
-0.0140399073233
-0.0122779385499
-0.0156404553858
-0.0185462292217
-0.027822013546
-0.0406685224242
0.0
0.0
-0.0490275417488
-0.0338930818174
-0.0104669983047
0.00404055443357
0.0078947901311
0.00856228415775
0.0109801857375
0.0111602317532
0.0131444293842
0.0175105144314
0.0244859314365
0.0232167179123
0.01991969898
0.0175837142464
0.0163072178965
0.018944508237
0.0215600629174
0.0138503488454
0.0127972529757
0.011315234328
0.0121225864677
0.0
0.00727564164342
0.00815645677559
0.00843779627385
0.0115910798897
0.00853525588231
0.00633657318871
0.00816642203961
0.0056159999869
0.00438915877891
0.00326931984692
0.00267054056661
0.0158549781896
0.00772698705936
0.0113570170888
0.00964351367121
0.0110938874106
0.0120523972936
0.00999859303921
0.0112464312546
0.00344667013065
-0.00340203646959
0.00420467413734
0.00877909585949
0.000848180043607
0.000301863810416
-0.00304724308667
-0.00709036137546
-0.00393517233668
-0.00782377687046
-0.0138640391905
-0.0161147326864
-0.0162939681617
-0.0174772814627
-0.027014115528
-0.029183573574
-0.0324626007213
-0.0342021380818
-0.0396452516716
-0.0469681691049
-0.0515633553783
-0.0575710542573
-0.0650590693608
-0.0741573782806
-0.0762657188525
-0.0788525110568
-0.0794535882149
-0.0721275569751
-0.0757639086088
-0.0616116946821
-0.0431032632638
-0.0315657984024
-0.0150050444939
-0.00749890951102
-0.00776796811373
-0.0023515364248
0.00100772748591
-0.00205844282362
0.000639683916419
-0.00290296869204
-0.00386129416144
0.0002474368955
-0.00226840821941
-0.00480926373677
-0.00477189960245
0.000143059526312
0.0132812218296
0.0224513560068
0.0312410444322
0.0323731348704
0.021931001061
0.0239115174113
0.0222572985528
0.0323883465128
0.0245871577503
0.0239856192099
0.0200672666053
0.0218232684174
0.0204798431773
0.0167011846567
0.020018514989
0.0162405183183
0.00963286107862
0.0170978402372
0.0116147150104
0.0199357918317
0.0222456437443
0.0201636503446
0.0198213616372
0.0155642419386
0.0158935280793
0.0148302489763
0.0118373086559
0.00863296021439
0.00314925061982
0.00304662081613
0.0
0.0171235040713
0.0091179005592
0.00717894570482
0.00499880243621
0.00768822254571
0.00598225779349
0.00349714147697
0.00371819450193
0.0106699486952
0.00675698123211
0.00482935839448
0.000662684596352
0.000970193780062
0.00526152926584
-0.00506301794661
-0.0021680711708
-0.0107842430281
-0.00821314917339
-0.0114067671938
-0.0186842780552
-0.0171388086918
-0.017019656966
-0.0192602387163
-0.013461828145
-0.0129742601406
-0.0107260885964
-0.0119167951663
-0.0152388845788
-0.0198368058486
-0.021156547966
-0.0302926189887
-0.0357165661228
-0.0424396484578
-0.0414889932385
-0.0511599231304
-0.0425841410737
-0.045686104639
-0.0445358880978
-0.0359789970285
-0.0300948929726
-0.0246668916278
-0.0154135500993
-0.0086987892086
-0.00826916449361
-0.00310590507456
0.0126961667386
0.00567114349881
0.0035416537189
0.00435976613006
0.0113550807817
0.00847342920358
0.0113096225277
0.0165074911747
0.0170161652759
0.013299187415
0.0150741308481
0.0157096727866
0.0115243573459
0.0177579028058
0.0210168853685
0.0192030824576
0.0242547652994
0.0233157059191
0.0226343999473
0.021259650988
0.0213234107741
0.0237797129291
0.0208881892532
0.0212588552747
0.0141721935466
0.0143976557998
0.0174647496999
0.0213527482932
0.0177238838456
0.0139080404624
0.0050913129537
0.00226756021866
-0.00559194119727
-0.00688338628818
-0.0063044754651
-0.00381972464453
0.00147987797864
0.00467250465529
-0.00333327379557
0.00928446130963
0.00326049428104
0.00429354253543
0.00431569798227
0.003093017166
0.00609403448216
0.00375869043709
0.000249971363043
-0.00206802494006
-9.94493339164e-05
-0.00709820362472
0.0
-0.00285606784884
-0.00694249919324
-0.00935208350834
-0.00205650703167
-0.0104555831809
-0.0106260035635
-0.0123706632248
-0.000883831278755
-0.00429322827604
-0.014936644308
-0.0167342527137
-0.0216229657729
-0.0194879013803
-0.0183252614417
-0.0168968894469
-0.017575642772
-0.0181834315011
-0.0153236241611
-0.0153012383788
-0.0120710282862
-0.0116479204832
-0.0107255414076
-0.0187639640797
-0.00805998909457
-0.00436600580678
-0.00516041925413
-0.000354138143988
-0.00523135545901
-0.0038410127853
-0.00749092278827
-0.00325694770144
4.48598645453e-06
-0.000538040085932
-0.00283914867932
-0.00252292318159
-0.0164931542238
-0.00909852991977
-0.00784902134887
-0.0140684808349
-0.00964439194448
-0.00497191928581
0.00487381364497
0.00503577485578
0.0143799548812
0.0176407879473
0.0170904859917
0.0185352112654
0.0191550658731
0.0259017872568
0.0188643460645
0.0222998338318
0.0260055225116
0.0228141858156
0.0197612183067
0.0216144097237
0.0169035950802
0.0170009574712
0.0144125369649
0.0154413819965
0.0173308705149
0.0202660608187
0.018209753254
0.0165128547256
0.0139006222226
0.0143419937748
0.00978688234286
0.00958185310063
0.00353740849717
0.00650416946283
0.0038521365107
0.000854098010911
0.00778601113068
0.0114548264646
0.00899437791713
0.00247113011968
0.00511791339348
0.00654231474496
0.000971484708545
-0.00414169310496
-0.00902927195496
-0.0121176475352
-0.00947243530488
-0.00962022093324
-0.00576428695949
-0.00453816838301
-0.00625603582188
-0.00511793634004
-0.0110269323452
-0.0142224350656
-0.0173674943129
-0.0170117441766
-0.0167888631996
-0.0179748029628
-0.019937804435
-0.0197816875959
0.0
-0.0101623708765
-0.0129986449534
-0.0174141438567
-0.0245682127185
-0.0327168895245
-0.0299785965214
-0.0303403107694
-0.0325628664176
-0.0244189058045
-0.0198232348891
-0.0167616860648
-0.0149342518905
-0.00163517924863
0.00112124305414
0.000976816964519
-0.000260013386822
0.00676761568992
0.00737449657156
0.00702632989183
0.00974525653374
0.0126059229808
0.0116717642378
0.010726781743
0.0165531732769
0.0162156545216
0.0181614197397
0.0206807384276
0.0197396209931
0.0188712058574
0.0199526590416
0.0239064850836
0.0192158977626
0.0159950295593
0.0195961595386
0.0175264676596
0.0186011879346
0.0244456825172
0.0255040679441
0.0260343013345
0.0262977447804
0.0275472088292
0.0299118294721
0.02787873169
0.0239108660163
0.025283405017
0.0247285273357
0.0172665663202
0.0135520207797
0.0159490374011
0.0118111936029
0.0127621183921
0.00980309330895
0.0108627494268
0.0108776863818
0.00702098501672
0.0084297033198
0.00852713669521
0.00535113383678
0.00927318496523
0.00649811084702
0.00887668875655
0.00797986499095
0.00473498849094
0.0051008155231
0.000226336442624
0.00150081959521
-0.00520105140452
-0.00665934881461
-0.00422097788568
-0.00661931349502
-0.00634177913425
0.0
0.0
0.0
0.0
0.0
-0.0125127677233
0.000779007839233
-0.00724695807546
-0.00839802312638
-0.0143188744854
-0.0181163813806
-0.020477968992
-0.0227804818418
-0.0259645072015
-0.0311423746406
-0.0271423333955
-0.0246356988241
-0.026099756783
-0.0188270819894
-0.01777570496
-0.015615157608
-0.0165682355364
-0.0125699589679
-0.0142094681984
0.0
-0.00235915140773
-0.000307244622597
0.000350887680949
0.00379004920775
0.00302925020415
-0.000710086147306
-4.92304140278e-05
0.00327681755313
0.00766207126813
0.00619314881934
0.00458465645355
0.0102639569196
0.017976709188
0.0164931540573
0.0192181834508
0.0174807557148
0.016816821779
0.0198255798467
0.0160574314167
0.0184532271873
0.0191838269288
0.0183457907102
0.0182013694519
0.0197751865383
0.0250718481021
0.0269009449435
0.026582865725
0.0311084697147
0.0253630461908
0.0216156440253
0.019841858391
0.0189467493126
0.0123744880212
0.00794720120841
0.000113152269596
-0.00288299741824
0.000950383623483
0.000357816009932
-0.000155187496079
0.00133639226271
0.000943807103061
0.0054904827827
0.0134378372678
0.0123870953099
0.0110082583754
0.00579972193084
0.00852691478762
0.00725969877615
0.00822204207395
0.0125126470711
0.00893615312689
0.0063993218863
0.00212919149175
0.00181680391949
0.000183548087433
-0.00489941802621
-0.00813772907109
-0.00881220023759
-0.00922182608124
-0.00737790238132
-0.00745884639689
-0.00914914143973
-0.0124665009281
-0.0137530358214
-0.0153049247714
-0.0220686445411
-0.0198830521659
-0.0217716462583
-0.0232817656914
-0.0232044894225
-0.0252123669079
-0.0264781104035
-0.0199139890168
-0.0156873601346
-0.0197209013799
-0.0194149686697
-0.0228883870185
-0.0248695075126
-0.0223891867483
-0.0270653869685
-0.0251775445374
-0.0241905269539
-0.0113747110133
-0.0257141580552
-0.0152425129561
-0.0115172911518
-0.00991428746685
-0.00852567503295
-0.00881802289968
-0.00973701513125
-0.00817464671688
-0.00809139327997
-0.00109070374383
-0.00294193276626
-0.00261302708708
0.0
0.0128739474077
0.00737715420886
0.0104900823225
0.0094804951448
0.0114767279322
0.0195030233089
0.0173264925337
0.0164352301354
0.0175985907494
0.0145102438809
0.0107220231062
0.0110576830617
0.0175472014407
0.0213076514141
0.0214759802505
0.014849441771
0.0175850836857
0.0130383843755
0.0103232128498
0.0132043813137
0.0106776355174
0.00832894644269
0.00578881787951
0.00887819675895
0.0101588797379
0.0140058232879
0.014627143016
0.0117720561133
0.00791857783952
0.00451783056668
0.00088742481935
0.00232859070955
0.00215114705872
0.0114335746908
0.00136749810185
-0.00650078762741
-0.00247824831521
-0.00461476870722
-0.00597107440237
-0.00804496035817
-0.00574313182369
-0.00986379969598
-0.0138683232245
-0.01247829426
-0.0134095127122
-0.0157613825375
-0.0175489096713
-0.0200320499177
-0.016621581606
-0.0184847895998
-0.0218588965822
-0.0257582768301
-0.0241937613392
-0.0230985867255
-0.0226220438755
-0.0237140005832
-0.0279245920988
-0.031752330171
-0.0310683249045
-0.0353099326706
-0.0379907160413
-0.0391028976124
-0.0388986295434
-0.0398249402273
-0.038712978207
-0.0425954396
-0.036246925256
-0.0405983241993
-0.0418027043334
-0.0457264459448
-0.0439035701449
-0.0382811121893
-0.038054474478
0.0
-0.0130075511127
-0.0179131327492
-0.0179423625996
-0.0114352101755
-0.00848413903367
-0.00234746316776
-0.00294237355736
-0.000689631524112
-0.00622521703123
-0.00666243349394
-0.000573905443
0.00159929223852
-0.000395496390129
0.00141486558739
0.00127497542344
0.00637724177573
0.00595147385886
0.00752866065909
0.00586803531512
0.00314381115324
0.00406099035688
0.0
0.00938976446989
0.00401922444794
0.00722039147421
0.00230578829815
-0.0103775452044
-0.0125558323553
-0.0141392386678
-0.011581530978
-0.00799974997211
-0.00671923658509
-0.00612305297171
-0.0101836390201
-0.00629998538059
-0.00465430546034
-0.0106740788772
-0.00436927078636
-0.0103373760097
-0.00945373950313
-0.00776971934896
-0.00793095528991
-0.00686132372117
-0.0106918055466
-0.00572386818295
-0.0111897268485
-0.00799331321744
-0.00824878849039
-0.00443347359078
-0.00911297368602
-0.00744185515871
-0.00962824935162
-0.013584024372
-0.0154933818763
-0.0147951516362
-0.0165093820819
-0.0191269040331
-0.01827834009
-0.0202433587814
-0.0211724407836
-0.0256261787976
-0.0323191306566
-0.0358301503972
-0.034985667103
-0.0377339330243
-0.0407961828773
-0.0485809730737
-0.0511202790483
-0.0558301851821
-0.057693396617
-0.0661782594174
-0.0639545906102
-0.0658983017209
-0.0731639153974
-0.0825682196299
-0.0883641734316
-0.0951451033275
-0.107890227132
-0.115429812475
-0.115070040159
-0.112638929618
-0.0972429918078
-0.0681927145993
-0.0465104416636
-0.0350520250051
-0.0222774006697
-0.0167439874397
-0.011229244204
-0.0110891614289
-0.010852638186
-0.0149606583416
-0.011223176708
-0.0125383508369
-0.0068642890755
-0.00192958387015
-0.00276061153614
-0.000931302640872
-0.0045493213199
-0.00275326293632
0.000661416981935
-0.0015239977685
-0.00116888014679
-8.7528566275e-05
-0.0012116360153
-0.00669616428712
-0.00719923158974
0.00318256697075
-0.00380250496987
-0.0147591659294
-0.0149238373564
-0.0163439326265
-0.0183521193288
-0.0141660548276
-0.0122976074495
-0.00887196942982
-0.00408231068505
-0.00171119285255
0.0
0.000471086121753
-0.00727495024038
-0.000608993711362
0.000188736925754
-0.00680375187829
-0.00492567224018
-0.00344684088763
-0.00126137297572
-0.0020225251465
0.0
-0.00571628258841
-0.0071331268697
-0.005769652531
-0.00494183770613
-0.00994418949866
-0.00897257318838
-0.0102058230876
-0.00889740426348
-0.0107380827179
-0.0150856975547
-0.016263875855
-0.0195171733771
-0.0239386599781
-0.0231557090375
-0.0196851560737
-0.0215223853115
-0.0231400797848
-0.0244835877847
-0.0218392185675
-0.0224001172242
-0.0305296036324
-0.0323441889689
-0.0351437198484
-0.043361298775
-0.0421965106779
-0.0432996835079
-0.0392419158997
-0.0401186861958
-0.0319477831483
-0.0462017016185
-0.0511142588746
-0.0708906733314
-0.0817386312205
-0.0909195939791
-0.103824521782
-0.108012729267
-0.110701343068
-0.12109391964
-0.121682695262
-0.118567930199
-0.106744551536
-0.0921388522553
-0.0725127132354
-0.0593681638714
-0.0452345001303
-0.0291284206921
-0.0130250788691
-0.00908352943903
-0.00317328796735
-0.00255369408621
-0.00180508454692
0.00481526103897
0.00307608912942
0.00752510630918
0.00342323850182
0.00378447793712
0.00571324824563
0.00725642006267
0.00523163016326
0.00506991578051
0.00247826126284
0.00622759004369
0.00341431259224
0.00544903146664
0.00466221836603
0.00124914815368
0.000350511532243
-0.0060877859228
-0.0102136534972
-0.0165197702612
-0.0131091551114
-0.0165519306795
-0.0102666776685
-0.0185402818638
-0.0080533418773
-0.00955553528131
-0.00825175906543
-0.00621696120263
-0.00978049565255
-0.0112975879714
-0.0140104587961
-0.014922273532
-0.0192334978532
-0.0212486482964
-0.0218467681057
0.0
-0.0145945487358
-0.015919870945
-0.0180042206783
-0.0160533448242
-0.0152399671484
-0.0156091046676
-0.0165296176175
-0.0125576704922
-0.0198693483017
-0.0208690562808
-0.020750931993
-0.0329448799924
-0.0262480587406
-0.0335102303807
-0.0286246222288
-0.0266035265556
0.0
-0.0265325272886
-0.0242473002582
-0.0280637146507
-0.028313450476
-0.0261900411797
-0.0260314963923
-0.0263361537075
-0.025199469269
-0.0179633277814
-0.0251859514311
-0.0253552198388
-0.0205291692833
-0.0246831739477
-0.0201931581315
-0.0208231097814
-0.0227986377772
-0.016149017048
-0.0209042055074
-0.0216027890038
-0.0145187093441
-0.0131438859022
-0.00814298511774
-0.0080689355678
-0.00530517310134
-0.00120856091097
-0.00264602263316
-0.00455090845057
-0.00852435335146
-0.00995972194139
-0.00207777355712
-0.00509354372851
0.00261954392657
-0.000780649626924
0.00458778650724
0.00812888735655
0.00976637014968
0.00963171513149
0.00591116623679
0.00896714561569
0.0115545498996
0.0108273792548
0.00407490053288
0.00592638432228
0.00652885867472
0.00617363499303
-0.00208156190547
-0.00120376663929
-0.00472465655001
-0.0141202442344
-0.0158314134629
-0.0184168413118
-0.0229310496994
-0.0220987388995
-0.0279474156027
-0.0443405063312
-0.0402524495824
-0.0386768301352
-0.0313675513957
-0.0256034857059
-0.0161653884791
-0.0130669647975
-0.0140292663754
-0.0119672134662
-0.0110659921245
-0.0128468284947
-0.0122399176577
-0.0127194918973
0.0
0.0
0.00375022196137
-0.00768808965302
-0.00834574544856
-0.0171442420434
-0.0185677116015
-0.015033161827
-0.027917450421
-0.031673336652
-0.0313821341635
-0.0322553569584
-0.0315380373565
-0.0297659247561
-0.0264830037823
-0.0221650763079
-0.0245286270879
-0.0265185174289
-0.0289783602312
-0.0264914609481
-0.0283508353925
-0.031011468968
-0.0338341709953
-0.0344726533068
-0.0262211111276
-0.0272039932575
-0.0281813593556
-0.0255332846751
-0.0280469246238
-0.0357163374604
0.0
0.0
0.0
0.0
0.0
0.0
0.0
0.0
0.0
0.0
0.0
0.0
0.0
0.0
0.0
0.0
0.0
0.0
0.0
0.0
0.0
0.0
0.0
0.0
0.0
0.0
0.0
0.0
0.0
0.0
0.0
0.0
0.0
0.0
0.0
0.0
0.0
0.0
0.0
0.0
0.0
0.0
0.0
0.0
0.0
0.0
0.0
0.0
0.0
0.0
0.0
0.0
0.0
0.0
0.0
0.0
0.0
0.0
0.0
0.0
0.0
0.0
0.0
0.0
0.0
0.0
0.0
0.0
0.0
0.0
0.0
0.0
0.0
