-0.0180582600554
-0.011804865705
-0.00572479617517
-0.00176184645368
0.000336420788877
0.000960566584054
-0.00397127294765
-0.00926014968101
-0.0143114622567
-0.0124883633879
-0.0132880676001
-0.0157415146782
-0.0214243058009
0.0
0.0
-0.024873680878
-0.0124543041157
-0.00174330618248
0.00588798594593
0.0125685008067
0.0200886894968
0.0268715137836
0.0303744052289
0.0308584057747
0.032027282774
0.0363225209975
0.0412716888773
0.0442389136556
0.0449505762808
0.0419411849503
0.0382066222127
0.0355652338212
0.0347159836033
0.0333842455307
0.0296611068438
0.0257433607886
0.022859864291
0.0216626528719
0.019854806781
0.0168345651239
0.0144572671502
0.0159725924645
0.0174765082417
0.0176733051617
0.0193889132493
0.0210592428634
0.0198540425738
0.0168077186202
0.0167064459533
0.0187585089433
0.00965266728735
0.0136756431442
0.0175427416245
0.0182395824219
0.0192593043898
0.0228786560916
0.025354226241
0.0167195043534
0.0143297741418
0.0151050265622
0.0139187875183
0.0136497575318
0.0131327165804
0.0149328311149
0.0180667301468
0.0207486594741
0.0218460907937
0.019423079705
0.0224605173051
0.0272074264394
0.0280697092533
0.0265726995764
0.026685272919
0.0281626356396
0.0300917028524
0.0307980431335
0.0299599702373
0.0298138561495
0.029750843158
0.0305397604147
0.0298477373886
0.0298981181407
0.0305140489789
0.0290506916005
0.0284912853338
0.0297252031812
0.032108737925
0.0343418391677
0.0356723753057
0.0363368155377
0.0358622937562
0.0362608003369
0.0358589019713
0.0
0.0382338342929
0.0392472581629
0.040212550742
0.0430218967732
0.0434073662126
0.0443243122089
0.0442844714805
0.0460831802865
0.0478420557761
0.0478941030756
0.0478181152088
0.0471180848011
0.046161794653
0.045122519267
0.0456962507572
0.0456575989759
0.0452623248282
0.0453393271075
0.0447228659181
0.0454231551859
0.0475911105952
0.0481230755826
0.0478247075224
0.0472706686401
0.0457771888905
0.0463917862914
0.0476045062306
0.047371355983
0.0468500412108
0.0458985288493
0.0459686960225
0.0453884246897
0.0445717190145
0.0441505015117
0.0420738074937
0.0407633398118
0.0397005052517
0.0373529770925
0.0347979180017
0.0319825939204
0.0295697873967
0.0280225973501
0.0261898869389
0.0264144618905
0.0244964697654
0.0236325480121
0.0211297702312
0.0181218127327
0.015101651852
0.0130730159878
0.0108455439159
0.00797238313309
0.00481010950471
0.00176330864552
-0.00187923053165
-0.00484305841468
-0.00548204419562
-0.00353156913694
-0.00291667869264
-0.00196588783589
-0.000379014956657
0.00130207268279
0.00233421761454
0.00322533251665
0.00522053711617
0.00737370791125
0.00989097860673
0.0119289532539
0.0145620551098
0.0168642524555
0.019156418304
0.022749419521
0.0234210680922
0.0261150762506
0.0283914093055
0.0292719413229
0.0313363777207
0.0314248748124
0.0304208909195
0.0298650823655
0.0295810858947
0.0278295666067
0.0239725385942
0.0216210740385
0.0167948711664
0.0158905116384
0.0151012104023
0.0138718760165
0.0125623262699
0.0100805488524
0.00928705441154
0.0203838343337
0.0163362391095
0.0105046205583
0.0032867431174
0.0
0.0
0.0
0.0
0.0
0.0
0.0
0.0
0.0
0.0
0.0
0.0
0.0
0.0
0.0
0.0
0.0
0.0
0.0
0.0
0.0
0.0
0.0234987283592
0.0219443006948
0.0227461985259
0.0
0.0
0.0
0.0
0.0123233898946
0.00756060123689
0.00148844790002
-0.00537817770909
-0.0117494364334
-0.017274978218
-0.0210734930549
-0.0228444594388
-0.0305979186963
-0.0388525928897
-0.0457158422808
-0.0466162417335
-0.0446914822325
-0.0389114955774
-0.0330059857806
-0.0299367019252
-0.027018947385
-0.0225255982312
-0.0209954760014
-0.01799992399
-0.0180670018275
-0.0184712132759
-0.0190410368583
-0.0168726004852
-0.0118373512782
-0.00727984881577
-0.00300443735325
0.00154448581409
0.0028478700307
0.00321316712327
0.00605852332889
0.0093393891558
0.0137255456486
0.0158838403175
0.0135541101046
0.0113744925744
0.00665418873131
0.0033604536329
0.00111053427831
0.00193171232669
0.00362158918995
0.00346802646263
0.0173061543764
0.0135944307719
0.0147012885371
0.016988674044
0.0171870315766
0.0202398716283
0.0240743075188
0.0247803215917
0.0228060146293
0.0235620311113
0.0269426426348
0.0239719486629
0.0218260838631
0.021235392717
0.0205794175871
0.0207946959738
0.0241482242548
0.0262279205618
0.027705787334
0.0316235271452
0.0421869481577
0.0482371090457
0.0457413269972
0.0445861028655
0.0446863045614
0.0
0.0443414542976
0.0445911425967
0.0452487292905
0.0465063516602
0.0492173151582
0.0504153738978
0.0504328888551
0.0508096675346
0.0495194966855
0.0482323267009
0.04884544775
0.0521851038548
0.0528757568755
0.0537087727586
0.0544281670742
0.0513471508946
0.0458450405516
0.0428140855416
0.042720211797
0.0443338422904
0.0467137104211
0.0481099964361
0.0501921335796
0.0515579949471
0.0521863095054
0.0541456888741
0.0564907938264
0.0573481700636
0.055164836291
0.0521914399268
0.0489288273085
0.0444636818483
0.0432392883152
0.0464631970054
0.0475590984639
0.048105937247
0.0456824080178
0.0471610702241
0.0462959305357
0.0456434964322
0.0462063215691
0.0419056598548
0.039595656105
0.0375710443588
0.0350112229844
0.0322079353164
0.0283920541856
0.0220837424458
0.0145167684538
0.00427627053038
-0.00852309773286
-0.0170337964219
-0.0187944954863
-0.0185916224246
-0.0129122569416
-0.009148374764
-0.00897909196059
-0.00864432746111
-0.00793905297735
-0.00630758575202
-0.0063420886085
-0.0113623429037
-0.0182293763998
-0.023038881223
-0.025614901445
-0.0244387727617
-0.0225487300986
-0.0235632217918
-0.0229734033727
-0.0230723286294
-0.0155336464003
-0.00153015617641
-0.00325778236055
-0.00557006964382
-0.00393949304128
-0.00369620594576
-0.00610883856102
-0.0124135574014
-0.0171425759449
-0.0138739881673
-0.00750898035256
-0.00480252357525
-0.00837199177499
-0.0145773737753
-0.0170750281054
-0.0186137491368
-0.0210824350949
-0.023831501039
-0.0220411202371
-0.0143111869878
-0.00739035070182
-0.00649906379523
-0.0122068419809
-0.0164970598125
-0.0146215643043
0.0
0.0
-0.00256181091141
-0.00625206521127
-0.00515525725667
-0.00511425345578
-0.00659650614972
-0.00899396797372
-0.0118797203168
-0.0122904959559
-0.0124523225399
-0.00749480549558
-0.00391432283016
-0.00292170148648
-0.00299302080095
-0.00476525848943
-0.00536452665932
-0.00449790583937
-0.00237502619746
-0.00333830620315
-0.00927339878018
-0.0177588166062
-0.0222865745512
-0.0215151881344
-0.0189229817847
-0.0168534098156
-0.0156862929848
-0.0139981464842
-0.0144412849692
-0.0165949178661
-0.0180597590115
-0.0196271667478
-0.0182983348065
-0.0148248687367
-0.0135897867531
-0.0132232833081
-0.0140095984727
-0.0161244663035
-0.0168826954085
-0.0174722880655
-0.0169101467067
-0.0168442407346
-0.016790764747
-0.0164421552785
-0.0148487356052
-0.0136889170526
-0.0111792070188
-0.0081861319686
-0.00741047582407
-0.00536165306058
-0.00284311929824
-0.00111899027114
-0.000954242227239
-0.000308705059888
0.000998197061531
0.00373541537909
0.00446965391226
0.00527693502992
0.00466429177268
0.00368922073668
0.00212130516448
0.00134153915475
0.00139057839108
0.000640144448333
-0.00125010750742
-0.00315402604338
-0.00477722971059
-0.00482725348501
-0.00596895765262
-0.00669724635643
-0.00661940688163
-0.00701225988777
-0.00805055831891
-0.00741646151277
-0.0066070463584
-0.00941370296636
-0.0146928927102
-0.0174453941719
-0.0183236549545
-0.0181275061548
-0.0179617972126
-0.0162645505121
-0.0138555145322
-0.0108774834325
-0.00865913467582
-0.00908662482151
-0.0090305765631
-0.00809439173223
0.00552237583511
0.000700230667003
0.00581549296866
0.00860711871129
0.00963532738922
0.00978578240294
0.00898194587451
0.0088237292355
0.0
0.0078413954209
0.0106441279858
0.00946302515173
0.0103089951963
0.0114367478752
0.0101783172617
0.0109497793136
0.013272731135
0.0148448169772
0.0164028414249
0.0188365040241
0.0209047758869
0.0238979475955
0.0259099415042
0.0259340250296
0.0268207130673
0.0274708758353
0.0274124797078
0.026191953563
0.0259616183584
0.0265193162675
0.0270443325432
0.0269740091707
0.0285005110209
0.0287603926619
0.0300483945903
0.0293655628723
0.0298313813237
0.0296383073479
0.0291688413461
0.0303981051025
0.0326871612399
0.0334842028218
0.0344334538937
0.035152985843
0.0360795601543
0.0369671069825
0.0366329792811
0.0356601227552
0.0342694744248
0.034424135279
0.0339061214291
0.0335424357147
0.0324601621904
0.0319442230083
0.0285024922907
0.0263049464123
0.0224853918764
0.0204694208161
0.0198967603955
0.0191494921133
0.0159172714604
0.0141797735995
0.0127310738559
0.0110883304839
0.0122678845014
0.0165727642464
0.0201433842635
0.0232566996521
0.0246496251097
0.0269512198403
0.0301063992794
0.0310468840258
0.0285878258651
0.0287135518568
0.0291745137222
0.0288968042847
0.028307110247
0.0289910236309
0.028016523459
0.0249595047581
0.024273099977
0.0242607277224
0.0241686449125
0.0242655783505
0.0247615923831
0.0255301655056
0.0277912211347
0.0315701885188
0.0339714893773
0.037092287414
0.0386172514939
0.0418757974127
0.0447651985754
0.047107962459
0.0453348758664
0.0472018867465
0.0482440826483
0.0491738184351
0.0465278959346
0.0455609274301
0.0440689009995
0.0427985458708
0.0419367710603
0.0427085135751
0.0
0.0434880468914
0.0440541777311
0.0436935912766
0.0433697530549
0.043443783121
0.0402985007265
0.0386517440057
0.0387191035149
0.0395192202477
0.0385901775688
0.0374599236314
0.0385474695035
0.0390858681123
0.0372102150052
0.0323753968748
0.0294430837144
0.0266531398737
0.0205970748978
0.0150989670524
0.013302940455
0.0096107919399
0.00463042936605
0.00155226859935
-0.0010575377179
-0.0042583062254
-0.00780608538651
-0.0148452562046
-0.0215048061772
-0.0216566604951
-0.0250137890359
-0.0317546936862
-0.0379099989142
-0.0455035467413
-0.0492882550427
-0.05155688982
-0.0501379518704
-0.0495987941564
-0.0524317312485
-0.0545815159815
-0.0581856753996
-0.0611170125116
-0.0646453866476
-0.0679100365611
-0.06961201499
-0.0727159228072
-0.0740842752849
-0.0728497266346
-0.0746325415139
-0.0757581218452
-0.0686857054145
-0.0578070695275
-0.0508115052566
-0.0510010158092
-0.055148629203
-0.058352698104
-0.0598790779504
-0.05810347271
-0.062802440954
-0.0652274943823
-0.0633942785784
-0.0593927514756
-0.0553026181353
-0.0465623046677
-0.0404126630817
-0.0337119278042
-0.0275280926174
-0.0229711747761
-0.01890887115
-0.0133067435043
-0.00680542646464
-0.00217224197378
0.000478098362843
0.00123947291814
-0.000578924718731
-0.00214748638298
-0.00247452454706
-0.00229958786666
-0.00202795993826
0.00135552962617
0.00792488278991
0.0107601776487
0.0124322775124
0.0145685009817
0.0178636094007
0.0228105527384
0.0250447076111
0.0243324102556
0.0219891137328
0.0220246779845
0.0212880415194
0.0208486523571
0.0193763174902
0.0161629018571
0.0109349148996
0.00882798665877
0.0
0.00062584686777
-0.00253949315869
-0.00594810934608
-0.00856243183671
-0.011606545912
-0.0133868277064
-0.0128733961033
-0.0110003356437
-0.00919388446409
-0.00897070311692
-0.00928628809567
-0.00949803875303
-0.00957197657524
-0.00837129181363
-0.0072404791067
-0.0067788766856
-0.0075253533224
-0.00911418932586
-0.0143571152361
-0.0197881198259
-0.0255365241605
-0.0296304759699
-0.0339098765451
0.0
-0.0294935654683
-0.0427075031542
-0.0445085418498
-0.0400816101928
-0.0362742666123
-0.0344760061026
-0.0361552747253
-0.0398035138434
-0.0418444848272
-0.0417857860107
-0.039717567778
-0.0387856796818
-0.038024749708
-0.0409845091076
-0.0443699725155
-0.0444842017011
-0.0435415664245
-0.038677553578
-0.0352239965487
-0.0362282419872
-0.03765187801
-0.0427392369727
-0.0480934104807
-0.0519165989155
-0.0538470468868
-0.0578899747162
-0.0625277004001
-0.068008144875
-0.0694370940843
-0.0706288530329
-0.0739283121166
-0.0788031896905
-0.0823593368886
-0.0824125701205
-0.0808898010025
-0.0766426788212
-0.0699826923814
-0.0621147266401
-0.057808558881
-0.052998140934
-0.0483355228505
-0.0490498434856
-0.0554231299916
-0.0591327436522
-0.0602835532796
-0.0573679202138
-0.0543414048945
-0.0511704763059
-0.0481236838155
-0.0480650722503
-0.0512893043729
-0.0509903518687
-0.0455320057614
-0.0372781181176
-0.0315006178574
-0.0261305124516
-0.0184192528005
-0.0110816828598
-0.00745116128489
-0.00261513895934
-0.00135602209033
-0.00276675938214
-0.00536854647143
-0.00729908807518
-0.0089504321502
-0.00825268429954
-0.00470678428129
0.00109193141671
0.00676655845649
0.00959256759982
0.00927383749532
0.0
0.00474235394612
0.00564300293594
0.010677715023
0.00970620869375
0.00717489004324
0.00462130176498
0.00392316546031
0.00499410741537
0.00865614948119
0.0124743528441
0.0138530531487
0.0132810295047
0.0113188443846
0.00642882837252
0.000982498284229
-0.00479915092538
-0.00826881078474
-0.00967409864154
-0.0133997780875
-0.0150278411335
-0.0157429830309
-0.0201548773825
-0.0274026785164
-0.0266975731957
-0.0218465493842
-0.0176742768573
0.0
0.0
0.0
-0.0267314676174
-0.0422930113681
-0.0535322791419
-0.0596142192532
-0.0633396363338
-0.0704207352964
-0.079864903391
-0.0824883402937
-0.0854944539981
-0.0851595434874
-0.0752925206136
-0.068795638868
-0.0648583662466
-0.0574883316614
-0.0530528354497
-0.0484846956479
-0.045734030228
-0.0452980389705
-0.0489859051657
-0.0518792383238
-0.0487341734046
-0.0443573511303
-0.040150707579
-0.0379047717657
-0.0358428282425
-0.0347493969509
-0.0346703603434
-0.0352333721431
-0.0383096354919
-0.038696444225
-0.039189376604
-0.0337281867233
-0.02705977741
-0.0226969186842
-0.0207628175904
-0.015059314123
-0.00678474850423
-0.00280267830627
-0.00120054492749
0.00103771950862
0.00432837344811
0.00583678087847
0.00618470374271
0.00379181468072
0.00130798137109
-0.000163813276758
0.00251037916724
0.00288747504725
0.00549523399242
0.0150029006519
0.01974259846
0.0186774265611
0.0198858040734
0.0197528875325
0.018057600007
0.018995639227
0.0199129297005
0.0200949121042
0.0213574785926
0.0232781124485
0.0242353243752
0.0241556538977
0.0264152994574
0.028717900849
0.0295168034605
0.028983004425
0.0
0.0
0.0297653683227
0.030893365834
0.0307043353335
0.0298417404414
0.0293498489007
0.028365893146
0.027355351372
0.0254977503047
0.022404924006
0.0184027722473
0.0162224302755
0.0171618652709
0.0168997328557
0.0175090120993
0.0152782301895
0.0121861252843
0.00891267573139
0.00521917618503
0.00164079655474
-0.000572804327095
-0.00371209638047
-0.00553507616892
-0.0079946516627
-0.0055256299432
-0.009693181464
-0.0125303684216
-0.0132375828128
-0.0130954701346
-0.0249818118041
-0.0297649509724
-0.0355799462214
-0.0391466735872
-0.0413486651077
-0.0441685827913
-0.0477434320619
-0.0523211430985
-0.0538885597134
-0.0558377215946
-0.0604150008888
-0.0624478464424
-0.0635455159123
-0.0644378135571
-0.064087047735
-0.0656597559561
-0.070514984547
-0.0723561539358
-0.0744906499573
-0.0757244585613
-0.076185389401
-0.0783731361219
-0.0791455674794
-0.0791892951281
-0.0786550005754
-0.073796478055
-0.0697139961125
-0.0602290906052
-0.0501858593275
-0.040098519215
-0.0307050984999
-0.0201825092614
-0.0117248497196
-0.005993521116
-0.00240306511674
0.00236774849325
0.00665033665048
0.00909713809038
0.0140834415524
0.0163396644945
0.02120056297
0.0233726708655
0.0265032738387
0.030244077394
0.032986725162
0.0339205676488
0.0367471154186
0.0379380029653
0.0385986205463
0.0381457923021
0.0388355728517
0.0419136668426
0.0445771556757
0.0452287942158
0.0431042629603
0.039823915788
0.036061380223
0.0325754032044
0.0290406654949
0.0254464727151
0.0223971232565
0.0189588060358
0.0174110654546
0.0188499407603
0.0220486518208
0.0246319767159
0.0
0.0209573736619
0.0183385354787
0.0170056460728
0.0151009318076
0.0107466564064
0.00224903057754
-0.00842220256018
-0.0161921762809
-0.0211124225467
-0.0234548498373
-0.02225548759
-0.0200001833718
-0.016500500166
-0.00963560102952
-0.004149045148
-0.00453355424837
-0.00426602245172
-0.00369163736149
-0.00576694345563
-0.00917844147148
-0.00724429567827
-0.00602093345742
-0.00574578848142
-0.00750769074916
-0.00876561677745
-0.0140610004227
-0.0172162648105
-0.0182691468248
-0.0209463963045
-0.0232686896188
-0.02867479187
-0.0384002531703
-0.0552589636293
-0.070552134132
-0.0765397900074
-0.0771428676216
-0.0771459286182
-0.0812829991282
-0.0847546511811
-0.0879652803131
-0.0867081722204
-0.0787485869994
-0.0719138098367
-0.0662661800514
-0.0622162690925
-0.0602334264761
-0.0557365331645
-0.0543577540025
-0.0531000705615
-0.0520729591921
-0.0492117743658
-0.0445464995972
-0.0400767141372
-0.0386577915042
-0.0384697425275
-0.0376410827991
-0.0376925940686
-0.0364130784379
-0.0369649956799
-0.0356264896338
-0.0330463299245
-0.0303007492925
-0.027426146491
-0.0242874963146
-0.0222468049781
-0.0208693526242
-0.0171572545189
-0.0115979600228
-0.00784655767333
-0.00591372972625
-0.00386673650708
-0.0019471764929
0.000796751167607
0.0019418595623
0.00280470679858
0.00344910363519
0.00356016887481
0.00447423409783
0.00323505453074
0.0024633553407
0.00356362953504
0.00451534202219
0.00423472179828
0.00445105591573
0.0039998179199
0.00381418570527
0.00445844326586
0.0047849147535
0.00358406855785
0.00343611572251
0.005656445204
0.0083402686764
0.0106790372178
0.0122515543721
0.0144286086983
0.0
0.0156639434934
0.0145590030693
0.0135572152081
0.0101018752575
0.00726025699127
0.00353733980884
0.00138098363076
0.000646027807068
0.00273237429377
0.00485536713888
0.0062104941802
0.00654219188918
0.00366209938711
0.00158346276565
-0.000947009038514
-0.00690226115399
-0.0162883061068
-0.0235348655999
-0.0299814232831
-0.0326474217629
-0.0330604472093
-0.0323412019883
-0.0312704687609
-0.030528317902
-0.0296366226338
-0.0308608720359
-0.034051606221
-0.0354701123689
-0.0377486037324
-0.0370661897935
-0.0375786924788
-0.0410841015178
-0.0470247574893
-0.055152462119
-0.0660688176439
-0.0798660912051
-0.0869981893745
-0.0903953565546
-0.0925124411383
-0.0941358330146
-0.0960283225304
-0.0948229547594
-0.09026945816
-0.0845011307252
-0.0795568588477
-0.077792994496
-0.0742302139693
-0.0710436508806
-0.0678377652367
-0.0651885075095
-0.062615283498
-0.0584756692132
-0.0557574180958
-0.0531218512183
-0.050106282492
-0.0477584602049
-0.0445522410515
-0.0407144047345
-0.0331291504507
-0.0290447741303
-0.0296403747533
-0.0286743361469
-0.0266966202393
-0.0289341817115
-0.0364268103336
0.0
0.0
0.0
-0.0396518908527
-0.0278710671162
-0.0181078835794
-0.0115716227288
-0.00686440305078
-0.00176111829948
0.00438821791404
0.00987499589957
0.0143552296316
0.0172161555344
0.0186982591418
0.0207423219768
0.020490198535
0.0196548773269
0.0184682111546
0.0160675720976
0.0122907805168
0.00562452153898
-0.00267259101011
-0.0108478757913
-0.0183553737778
-0.0269311590376
-0.0290938815171
-0.0276773890906
-0.0245409526642
-0.0215477029217
-0.0192352863653
0.0
-0.01886590105
-0.0179369708293
-0.0172564131737
-0.0176746088794
-0.0211035894212
-0.0258189670078
-0.0276140451814
-0.0272988559615
-0.0286980879922
-0.0306342647836
-0.0331286477624
-0.0354051108561
-0.0347629790004
-0.0302922614462
-0.027102194936
-0.0280410827911
-0.0282193041728
-0.0269084139065
-0.0247342297031
-0.0203055911251
-0.0189984899624
-0.0179084286144
-0.0151934296697
-0.0132219026915
-0.0103994617406
-0.0108846399833
-0.012450625712
-0.014953696019
-0.0179600512526
-0.0190162162276
-0.018779643072
-0.0201846050293
-0.0235065639762
-0.030226415318
-0.0438503681883
-0.0550562152649
-0.0658880389857
-0.0760672077103
-0.082070332721
-0.0832862600081
-0.084025003022
-0.0847496537654
-0.0842822046843
-0.0824190706992
-0.0777264486895
-0.0712466319104
-0.0676422509502
-0.0638907671522
-0.0574965355319
-0.0517239108258
-0.0497016681524
-0.0454226419887
-0.0420403457838
-0.0425530434725
-0.0425920796252
-0.0414967215401
-0.0373786386175
-0.0345019067636
-0.0349759912799
-0.0321456198635
-0.0271319339621
-0.0223576799618
-0.0188744087613
-0.0176981524718
-0.0145791396969
-0.010413734831
-0.00540219312009
-0.00327259298596
-0.00254917248136
0.00311781995867
0.00539513338867
0.00693528171808
0.00831222195558
0.00930662796556
0.00799960618244
0.007228542775
0.00747367772197
0.00862952023359
0.0127605849171
0.016692811483
0.0171195323856
0.0164078119507
0.0160512474485
0.0155785818429
0.0154454281946
0.013781684123
0.012373539592
0.0138376325698
0.0147401649655
0.013501228159
0.0111532929623
0.00883248741411
0.0087232917083
0.0067008704209
0.00598771174694
0.0
0.00769422091113
0.00788768058711
0.00517758181532
0.00312410972286
0.00168813598033
0.00133728394673
0.00108284966808
-0.00122221362106
-0.00220309104065
-0.00211425597052
-0.00213669283634
-0.00260838957368
-0.0038015815094
-0.00654660568261
-0.00770781608035
-0.00846656665676
-0.0090965851755
-0.00995799405437
-0.0121626030772
-0.0148494512043
-0.0165871882684
-0.0173074765999
-0.019623639971
-0.0237749739319
-0.0255771326046
-0.0254486178084
-0.0267712679819
-0.0272432030288
-0.0276609750297
-0.0278177505865
-0.0300729065104
-0.0311256359534
-0.0315060515388
-0.0340397627431
-0.0431057066446
-0.0541962461918
-0.0623534655494
-0.0675292993111
-0.0733335395832
-0.0791111413456
-0.0814016405145
-0.0819192018682
-0.0811040767767
-0.0808594286733
-0.0832976208436
-0.0876793658609
-0.0927106029042
-0.0965191346615
-0.0976336658914
-0.100914062168
-0.103460665774
-0.10311236233
-0.104153403875
-0.104511540607
-0.099341855164
-0.0938059655113
-0.0923017275461
-0.0914899525405
-0.0900156652303
-0.0843835712314
-0.0852249805409
-0.088320465346
-0.085954622865
-0.0860129585063
-0.0821701724998
-0.0765789708706
-0.0733088776039
-0.0679320719831
-0.0612387550879
-0.0537009555926
-0.0511154910767
-0.050008504538
-0.0475736183541
-0.0471981152279
-0.0499226475892
-0.0537725890326
-0.0622867135049
-0.0686811438571
-0.0717729504825
-0.0735201430622
-0.0784979341019
-0.0860494717264
-0.0967320447693
-0.105525428921
-0.10668079168
-0.102585262819
-0.100284660801
-0.094522151125
-0.083009018666
-0.073483070519
-0.0647675246648
-0.0577141562862
-0.0517199692785
-0.0497217387318
-0.0485543277054
0.0
-0.0395515139172
-0.0338614747365
-0.0278686121623
-0.0245228364883
-0.0239378787476
-0.0242307982474
-0.0236558713734
-0.0192234732561
-0.0157905924764
-0.0123737955229
-0.0143563325304
-0.0161814626205
-0.0197008969173
-0.0228136896075
-0.0280323532812
-0.0389276729027
-0.0501120813235
-0.0575274882905
-0.062949217627
-0.0680438049505
-0.074844603391
-0.0841324476855
-0.0956223392771
-0.104790123585
-0.104681258628
-0.114735606009
-0.120228144618
-0.116838891227
-0.118267281907
-0.117299660517
-0.117047887034
-0.122734192914
-0.124743734515
-0.127194561829
-0.127129060653
-0.125099957276
-0.123555083135
-0.12062781374
-0.117201984959
-0.117314526049
-0.119486817357
-0.116953531357
-0.111181409603
-0.103362233136
-0.0953296278958
-0.0895532827323
-0.0875375972322
-0.0849600114267
-0.0837111911053
-0.0851501674556
-0.0834130436482
-0.0804683031328
-0.0745713859956
-0.070735991964
-0.0689147926096
-0.0677160204025
-0.0665694854818
-0.0656403826903
-0.0661523042798
-0.066147157099
-0.0619027393396
-0.0546404699897
-0.048027000145
-0.0459713664071
-0.0424876171225
-0.0402110665352
-0.0376469932243
-0.0313299308894
-0.0246357295594
-0.0178791409511
-0.0108773231535
-0.005301236238
-0.00142964012308
0.00266468751334
0.00771263095559
0.0149235623277
0.020048185727
0.020005437899
0.0227121817719
0.0249029566937
0.0266947195546
0.0271554672023
0.0265708887129
0.0282893425337
0.0275089951671
0.0271925463162
0.0289871785627
0.0296301542174
0.028170504389
0.0256856191835
0.0232456420365
0.0214395935012
0.0189633562532
0.0151553674906
0.0127843754027
0.0
0.00608208320473
0.00601360448258
0.00333942566033
0.00158059811256
-0.00147871755708
-0.00504650101619
-0.00751114257056
-0.0117962755146
-0.0146287776301
-0.0137023036941
-0.0113884147231
-0.00857064960522
-0.00575664960842
-0.0052587728072
-0.0049177856976
-0.00540013626312
-0.0086807363416
-0.0125272915865
-0.017884278366
-0.0263785970077
-0.0318439041085
-0.0357680696327
-0.0352211930576
-0.0339667456279
-0.0336354968106
-0.0370897330949
-0.0426785870234
-0.0507541625017
-0.0620242717595
-0.0665407664237
-0.0665890592608
-0.0658508858999
-0.0665115713063
-0.0766863662425
-0.0906094277524
-0.108298800936
-0.12597423139
-0.145925065105
-0.166943437944
-0.188245242377
0.0
0.0
0.0
0.0
0.0
-0.18903760716
-0.174232006518
-0.161630134657
-0.149508552512
-0.139404552003
-0.12954514535
-0.120016451693
-0.110535275337
-0.0997161086546
-0.0896281057389
-0.0785035645824
-0.0705201393338
-0.0625106748825
-0.0549873431237
-0.0472131319679
-0.0406117413901
-0.0353701611626
-0.0317018322223
-0.0282222323365
-0.0241249908773
-0.0222625170743
-0.0206475634118
-0.0200902829612
-0.0202155152809
-0.0231390481004
-0.0308923497785
-0.042560325708
-0.0552245821426
-0.0698819887863
-0.0847666271289
-0.0929684070837
-0.099690374049
-0.102423368263
-0.100144504045
-0.0922753630715
0.0
-0.0964090456069
-0.104741024524
0.0
0.0
0.0
0.0
-0.0950619211168
-0.0805132195205
-0.0674719171868
-0.0567539264862
-0.0480694417693
-0.0422768867914
-0.0362654793688
-0.0304525679345
0.0
0.0
-0.0167607340466
-0.0172693349686
-0.0177787651996
-0.0142738490328
-0.0090730449699
-0.00628629816389
-0.0029070934471
-0.00184796335313
0.00170543823495
0.00288883237916
0.00433312431452
0.00537038938496
0.00579501350139
0.00430593321831
0.00320988148182
0.000963674530323
-0.0023477850946
-0.00506452177787
-0.00466557770451
-0.00322899089181
-0.000595346664334
0.000490592623082
2.87690578624e-05
-0.000854975211144
-0.00538546764483
-0.00814525277157
-0.00974853442691
-0.0143404885817
-0.017143987495
-0.0197197491356
-0.0225573214545
-0.0257193623933
-0.0288003772094
-0.0303721851921
-0.0308701345598
-0.0321181879477
-0.0321723858563
-0.036687123958
-0.0444397047468
-0.0480108122662
-0.0482362304732
-0.0500201857608
-0.0563348780304
0.0
0.0
-0.0576998047814
-0.0469871155572
-0.0407587636276
-0.0357057832606
-0.0344431125679
-0.0353941663337
-0.038563585304
-0.0385002618461
-0.0356206841938
-0.0301476137346
-0.0239280157831
-0.014992909352
-0.00748379577182
-0.00463689477134
-0.00285718729542
-0.00258292904023
-0.00610403075434
-0.0122661773993
0.0
-0.015032398589
-0.00880765340518
-0.00277391132438
0.00314023889891
0.00780311419667
0.0128243876427
0.0150124065795
0.0158156662662
0.0161024169367
0.0185272847031
0.020774003223
0.0233827755025
0.0253650658995
0.0283109705555
0.0302961738279
0.0319954322921
0.0353491607527
0.0363696158298
0.0325244580038
0.0280643502656
0.0205676243029
0.0195090759259
0.0213471277481
0.0240932642406
0.0263160644305
0.0281477803258
0.0293530837262
0.0305960816741
0.0305199609927
0.0313021250764
0.0
0.0334115308221
0.0323758762526
0.035386095062
0.039768831757
0.0415297235683
0.0413284287443
0.0401869411665
0.0395490197979
0.037789116284
0.0365931687226
0.036850517372
0.0365230430358
0.0339060693494
0.0335662233051
0.0323496772032
0.0318042410026
0.0317666572531
0.0310287365517
0.0285862040447
0.0265840180005
0.0224458449761
0.0190620678281
0.0160057720262
0.0136570614312
0.0103706054352
0.00785575351879
0.00530614851093
0.00337019893243
0.00109917593781
-0.00256852717571
-0.00727004052365
-0.0122121544042
-0.017404577449
-0.0236217585851
-0.0306121242367
-0.036906237906
-0.0408718537788
-0.0436398585824
-0.0445472176543
-0.0464117523
-0.0458271365015
-0.0436626078635
-0.0424027789719
-0.0427458491239
-0.0421843468173
-0.0389593364454
-0.0350433164332
-0.0301518658011
-0.0260673254641
-0.022128422146
-0.0198185752959
-0.0213304372137
-0.0271135229133
-0.0311331458061
-0.0342469319926
-0.0371822919644
-0.0375977128101
-0.0388337777257
-0.0424576875559
-0.0454213917617
-0.0480109563922
-0.0485326545862
-0.0482740351071
-0.0468500819156
-0.0451084419885
-0.0449948109141
-0.0425403580418
-0.0399237067399
-0.0377496102514
-0.0381753767728
-0.0410491762423
-0.0454516725762
-0.0496191694627
-0.0594769692006
-0.0680740385191
-0.0722770120138
-0.0728353095237
-0.0723390956558
-0.0674361563198
-0.0611473492439
-0.057827699591
-0.0538385222504
-0.0551003629555
-0.0619868294795
-0.0673050276211
-0.0661244024909
-0.0664825883009
-0.0632907126021
-0.0596234071191
-0.0579468280165
-0.0588589961781
-0.0639336610031
-0.0687404426222
-0.0741061010197
-0.0846820452047
0.0
-0.0974703197496
-0.111675136554
0.0
-0.11471373241
-0.110088227963
-0.102871988221
-0.102755824282
-0.106252019652
-0.104990052822
-0.103271461841
-0.0997819631576
-0.097501693865
-0.100837123114
-0.105652702706
-0.106228536917
-0.104163399998
-0.101195698522
-0.0949555148435
-0.0800231081157
-0.0674908031148
-0.0603523861363
-0.0576507015218
-0.0579615315383
-0.0600181926014
-0.0590000202239
-0.0613548774993
-0.0635115327767
-0.0618538088476
-0.0548648424656
-0.0538586486687
-0.0509287240586
-0.0512389947451
-0.0530752188618
-0.0511436108247
-0.0469137536437
-0.0452253688132
-0.0404875191958
-0.0413621718843
-0.0443804727953
-0.0450640018496
-0.0438302737912
-0.0443837728073
-0.048768667653
-0.052484776753
-0.0525253293219
-0.0515638708747
-0.0555520869478
-0.0628448645065
-0.0670667663774
-0.0644854973578
-0.0602847092746
-0.0562490185471
-0.0500538960883
-0.0414817677503
-0.0343428019811
-0.0340244388072
-0.0353763030492
-0.0398925414105
-0.0391238544481
-0.0342345510084
-0.0293177154772
-0.027559206228
-0.023674307336
-0.0183575158115
-0.0108521495801
-0.00346312107481
0.0012674979929
0.00297470378982
0.00446724840975
0.00648217183274
0.0101825050478
0.011663377196
0.013068871425
0.0127896390664
0.0152258369061
0.0186800279996
0.0231839224571
0.0269845797645
0.0278357334221
0.0280723566413
0.0298967481841
0.0314425496023
0.0332587729267
0.0349251790054
0.0361300641977
0.0380130736055
0.0407934718084
0.0427065837776
0.0439877003613
0.0443850307906
0.0457256099981
0.0472792245737
0.0485516175958
0.0489363641074
0.0491799568432
0.0
0.0
0.0488862185428
0.0492662014459
0.0499588665128
0.0511694582456
0.05189433061
0.0510909185498
0.051613196588
0.0510944674293
0.0526278777942
0.0589359296406
0.0596056841743
0.0574402510591
0.0554552680367
0.0535843083067
0.0518263759956
0.0489018839819
0.0455752831771
0.0429569764344
0.041269298577
0.0410842549685
0.0407027524089
0.0407276914614
0.040066570395
0.0394914251809
0.0392362447707
0.0377844888726
0.0349064706824
0.033182680594
0.0270563742336
0.0214900474425
0.018955947954
0.0178575470257
0.0145464090546
0.00925365260996
0.00368719653265
-0.00230172658557
-0.00703088408661
-0.00977940069899
-0.0146770652754
-0.0175749144852
-0.0206172319135
-0.0202036304758
-0.0184655320415
-0.0187592698566
-0.0170009093051
-0.012681973678
-0.0089401250557
-0.00520257341179
-0.000198804249784
0.00362546674366
0.00668827970563
0.00998178059218
0.0140935342933
0.0176908117652
0.0225760109984
0.0248227875972
0.0260193046145
0.0276571475887
0.0288800827165
0.0300261807228
0.0309106682402
0.031848505846
0.0328714367042
0.035377618663
0.0402833228057
0.0404837297198
0.0410517470558
0.0417169082718
0.0423111087786
0.0437020212551
0.0443761774891
0.0447355558668
0.0440172607951
0.0440008301401
0.0439597473005
0.0429613767
0.0406515733777
0.0376741411951
0.0364691884364
0.0369408143351
0.0360141611141
0.0351061557937
0.03272886062
0.0
0.0
0.0
0.0
0.0
0.0
0.0
0.0
0.0
0.00952726608153
-0.000548870353192
0.0
-0.0138044205637
-0.0145534506109
-0.0143166886953
-0.0158803697903
-0.0178251167705
-0.0171849026991
-0.013869627132
-0.0112891226176
-0.00962859544164
-0.0103712639042
-0.0113192910465
-0.0116482298659
-0.0120474082687
-0.0126684216787
-0.013174272984
-0.0143348196083
-0.0158543890019
-0.0193299137321
-0.0221021274039
-0.021267264074
-0.023358684979
-0.0251660679603
-0.0261145743979
-0.0270165823131
-0.0280495365064
-0.0278802728729
-0.0262405383991
-0.0232100258781
-0.0221849205866
-0.0202945941342
-0.0178732887114
-0.016108270423
-0.0151675623324
-0.0149411484853
-0.0127378680859
-0.0101180227215
-0.0090485844935
-0.00619547877756
-0.00428971841869
-0.00169908333714
0.00192405805046
0.0024011099558
0.00404523153058
0.00587409785429
0.0100404672419
0.00858055751112
0.00881205487465
0.00945208141604
0.0105901321448
0.0111157323371
0.0106459341378
0.0111827639391
0.0129215770607
0.0139537005041
0.0146254459272
0.0160068108002
0.0185564066128
0.0188005623699
0.0210451082261
0.024537582929
0.0234411457111
0.023185603595
0.0238109967997
0.0276830786125
0.029227444573
0.0300398207145
0.0332460558716
0.0328819145283
0.0319087871264
0.0314030776129
0.0308395961862
0.0312294596193
0.0277545797692
0.023996398232
0.0277660589718
0.0226677213081
0.0213523644025
0.0197112817599
0.0150929934519
0.0112122818712
0.00726469499747
0.00698634885612
0.0101407369655
0.0149287657635
0.02145697701
0.0220275088948
0.0221532262088
0.0237126023874
0.0240713032866
0.0225001654728
0.0213512427672
0.0204867932546
0.0193313649483
0.0201055381739
0.0218861489177
0.0
0.0259088218065
0.0243570452227
0.0245790903153
0.0236720255486
0.0234207728262
0.0216571984715
0.0214628195889
0.0201676179384
0.0193208526196
0.0179362988371
0.0149036614822
0.0123869206749
0.00969036316939
0.00711383162258
0.00195572841971
-0.00334597137261
-0.0105755728909
-0.0160151381092
-0.0180894818721
-0.0168596213832
-0.0200293032802
-0.0248820586764
-0.0300209214287
-0.0346858919623
-0.0373370446188
-0.041384035899
-0.0488332480992
-0.0603026515001
0.0
0.0
-0.054953470441
-0.060291623678
-0.0686361949856
-0.0784415992168
-0.0852960694446
-0.0886923691209
-0.0894517055817
-0.0900648011337
-0.0940302544965
-0.102583722391
-0.114287669114
-0.12613278234
-0.13724870867
-0.151180326948
-0.165298610433
-0.179882441119
-0.190616520862
0.0
-0.190221057173
-0.180273059989
-0.17114626892
-0.163211187299
-0.156674956951
-0.15657698754
-0.162252886244
-0.16567977525
-0.167786394706
-0.167637485109
-0.163195506338
-0.151376646371
-0.138501068336
-0.127028662101
-0.114688988545
-0.102068333008
-0.0875977918612
-0.0783977382339
-0.0746899056697
-0.0710688628397
-0.0710017238124
-0.0719152356636
-0.0699736600104
-0.0641029180544
-0.0549850056917
-0.0463052555464
-0.032901469719
-0.0206005812965
-0.0167505981434
-0.011795212529
-0.00775709469931
-0.00461285340984
-0.003109567838
-0.00292173176938
-0.00369705651061
-0.00241904321228
-3.13575277887e-05
0.00324236083275
0.00774304483497
0.00562826629903
0.00356878194011
0.00300430713222
0.00663826971026
0.0092731079322
0.00907367303182
0.0065407190469
-0.000243524788399
0.0
-0.013857865632
-0.0156729489217
-0.0156745292657
-0.016986219036
-0.0216628873478
-0.0237612991729
-0.023399277069
-0.0193182811558
-0.0217157282262
-0.0250804486409
-0.028310976242
-0.0287971568428
-0.0276065165926
-0.0284271149745
-0.0359265859381
-0.0460286674655
-0.0510053079159
-0.0604219943781
-0.0644642340029
-0.0683578277409
-0.0714608677423
-0.0705913011753
-0.0703419583565
-0.0736345954501
-0.0783873050642
-0.0800547052626
-0.0788936717069
-0.0798225134184
-0.0856851599718
-0.0943935269179
-0.0964051994896
-0.0928927299706
-0.0861196273179
-0.0820472913662
-0.0791167191974
-0.0723919413176
-0.0594081185041
-0.0462932930249
-0.0339581276649
-0.0250792738566
-0.0154518718672
-0.00493268379422
0.00145557513634
0.00476863704284
0.0113342732534
0.0132053037391
0.0204868608287
0.0246492135577
0.022644519042
0.0201364175176
0.0202588713615
0.0194946220639
0.0171645470563
0.0153728721341
0.0140016234666
0.0110981646783
0.00821086211458
0.00633524360652
0.00551100044668
0.00173392778905
-0.00102981236706
-0.00381317139553
-0.00515785084755
-0.00676375277704
-0.00856008089246
-0.0102285788563
-0.0112004450114
-0.0137599764395
-0.0177096392255
-0.0232301831575
-0.0293665322413
-0.033592409014
-0.0394316297115
-0.0419842977891
-0.0444355963027
-0.0486000123692
-0.0525425405397
-0.0581865824844
-0.0628513342949
-0.0649649169954
-0.0676440768654
-0.0697228176335
-0.0712246163546
-0.0693672159795
-0.068723257278
-0.0652836025487
-0.062056496377
-0.0593691397656
-0.0567956920907
-0.0561684150406
-0.0546735555454
-0.0517447386806
-0.0487593661906
-0.0477819439602
-0.0469006791271
0.0
-0.0430437099178
-0.0372316167828
-0.0308768638536
-0.0230826073979
-0.0165413698572
-0.0109125751578
-0.00454420433619
-0.00129310599197
0.000243858041109
0.00077002966959
0.00124783782313
0.00268989837579
0.00695613846821
0.00934723293782
0.0113319290109
0.0138826684125
0.0142532673812
0.0140959949157
0.0143048332778
0.014205186034
0.0160051422086
0.0153185444382
0.0135974398155
0.0147695137358
0.0146104857034
0.0157675731202
0.0147792256769
0.0122797537333
0.00938052307313
0.0070936453685
0.00358677202446
0.00039939807935
-0.00236227685311
-0.00546599871379
-0.00834428453375
-0.0123320910481
-0.0154647456396
-0.0149121998311
-0.0108940510454
-0.00711474169099
-0.00438060478213
-0.0050948617517
-0.00794516592609
-0.00970840791426
-0.0130173070539
-0.0172070582197
-0.0187850364609
-0.0155620786676
-0.0144953176606
-0.0147132701317
-0.0152255942405
-0.0169535432734
-0.0192420277973
-0.022412126914
-0.0261288029536
-0.031425993597
-0.0351354580996
-0.0401939011991
-0.0454787078302
-0.0466059611278
-0.0500319453577
-0.0508457080706
-0.0507343464988
-0.0504642327538
-0.0495134246181
-0.0513317959703
-0.0529778395574
-0.0546472687917
-0.0612711419253
-0.0717071167222
-0.078785386797
-0.0828356714116
-0.0873543400586
-0.0891244937202
-0.0925323907024
-0.0947365383544
-0.100324827732
-0.111173257709
-0.120347920404
-0.129056498829
-0.140613554061
-0.15068673112
-0.159099949565
-0.160619311874
-0.168169250408
-0.169585857354
-0.160139331023
-0.14478027041
-0.124029404943
-0.0972279717597
-0.0732530343779
-0.0558874273733
-0.0461427815624
-0.0401071027806
-0.035642859759
0.0
-0.0268359881492
-0.0249897640749
-0.0213789552046
-0.0229108456934
-0.0248343064686
-0.0299567848896
-0.0365837471696
-0.0452371536325
-0.0550560332187
-0.061633885886
-0.0660165005062
-0.0681977772139
-0.0681829011248
-0.0644223384773
-0.0613019456864
0.0
-0.0640325490849
0.0
0.0
0.0
-0.068299166178
-0.0595442972015
0.0
-0.0634077598922
-0.0686627470598
-0.07175379998
-0.0731379413232
-0.071265519286
-0.0690072451088
-0.0641351510974
-0.0579016600506
-0.0508163045142
-0.0429503072284
-0.035226744373
-0.0258064553088
-0.0171833970823
0.0
0.0104796322711
0.00814283823418
0.0119880820609
0.0153623094509
0.0177931606758
0.0213358026155
0.0250175315939
0.0298746372078
0.0341171233376
0.0374471776547
0.043051493229
0.0437751584632
0.0459107396975
0.0469081464404
0.0490646382817
0.0508655091133
0.0536119234579
0.0551800043528
0.0558467897411
0.055575050273
0.0562171367368
0.0552938562309
0.055698819864
0.0517496811362
0.0502957833384
0.0481785442175
0.0450552873304
0.0414901209165
0.0369182045332
0.0303226229296
0.0280276804241
0.0167522424715
0.00699822404284
-0.00170121297297
-0.0112417190597
-0.0231890637294
-0.028814581598
-0.0319082283601
-0.0341425548457
-0.0360627543659
-0.0408065855531
-0.0454351147759
-0.0501048496463
-0.0548146524245
-0.0580701289477
-0.0594923842154
-0.061365553101
-0.060859803606
-0.0576247175726
-0.0552122777065
-0.0519866154823
-0.04800399922
-0.0441376175829
-0.0378194628803
-0.033785954181
-0.0337401657442
-0.0323097369678
-0.0325008874149
0.0
-0.0390117199472
-0.0446793287092
-0.0471895074561
-0.0516522621961
-0.0554881117198
-0.0560946389931
-0.0575236165282
-0.0584242950108
-0.0615208107417
-0.0651699910919
-0.0675924154616
-0.066122762538
-0.0698000124288
-0.0738625099593
-0.0803223525069
-0.0865901921091
-0.0911958461387
-0.0977109983632
-0.103704815482
-0.110062055892
-0.111563859884
-0.114692594015
-0.115579359096
-0.111667432661
-0.1101236965
-0.110738318764
-0.110822532502
-0.111872097184
-0.11191526837
-0.109975066743
-0.108549362021
-0.105881698706
-0.101646027647
-0.0998378254162
-0.0975048564526
-0.0928312732633
-0.0899815352946
-0.0811814623772
-0.0754832671821
-0.0725620130107
-0.0684979341459
-0.0647240223419
-0.0617022934975
-0.0557060620863
-0.0517847654456
-0.0492748705431
-0.0468038129209
-0.0452212861073
-0.0453193022416
-0.0431957276807
-0.0405899549383
-0.0396553596099
-0.0393425669404
-0.0401201716521
-0.0443332219565
-0.0500420002423
-0.0619841341571
-0.0783421397046
-0.0933937686955
0.0
0.0
0.0
-0.0992115552906
-0.0880086734731
-0.0757768430959
-0.0629698535699
-0.0529873969669
-0.044458276449
-0.0381889677127
-0.0328323388622
-0.0281541765847
-0.0271607145655
-0.0311127068635
-0.0272843058837
-0.024375581857
-0.0223390165989
-0.0184698123907
-0.0176737320143
-0.017862224102
-0.0178159016709
-0.0181543180673
-0.0178590088959
-0.0184349159991
-0.0191933123985
-0.0192319621932
-0.0173979192273
-0.0154850550571
-0.0145753800575
-0.0157282183402
-0.0189511250536
-0.0237626517628
-0.0312941631612
0.0
-0.0330880719897
-0.0310290665263
0.0
-0.0211464517697
-0.0149856976352
-0.0077069488055
-0.000895156763731
0.00425861904409
0.00474926715053
0.00462309498905
0.00294506659549
0.00216515599761
0.000983524100918
3.84238798998e-05
-0.00106416279441
-0.00369489643236
-0.00440238757415
-0.00502057518781
-0.00438078241476
-0.00477779144852
-0.0105244587045
-0.0142860349702
-0.0173765172548
-0.0156995585584
-0.0136692736545
-0.00921009041625
-0.0051038919718
-0.00346274017867
-0.00316287577314
-0.00262357670265
-0.00111409075773
0.000495833115793
-0.000157616023136
-2.87690578624e-05
0.00137952458962
0.00347311031393
0.00504946259813
0.00678845810414
0.0117317518814
0.0131083820808
0.0209584383428
0.0263296940992
0.0318044168128
0.0355935785208
0.037837141272
0.0394226249254
0.0415116682623
0.0432522353836
0.0459205730208
0.0507924319423
0.0535166073984
0.0543775506856
0.06071679688
0.0659259911806
0.0666314378034
0.0682023389814
0.0694497857327
0.0673384950997
0.0679717467449
0.0689401319065
0.0702572281536
0.0709137863507
0.0733123661505
0.0721409849555
0.0700940776878
0.0689573658889
0.068517426271
0.0705244033388
0.068899318484
0.0669170219017
0.0667414678486
0.0653593471314
0.0644458284589
0.0637895984289
0.0648596651504
0.0627258284492
0.063208124166
0.0642808993303
0.0655313715812
0.0680667385544
0.0673737264075
0.0685618622733
0.0665841164748
0.0650413528491
0.0647303683697
0.065329632785
0.0684936229586
0.0690065629542
0.0717032050268
0.0725152753723
0.0733790295053
0.0729085859432
0.0723648611033
0.0723703609097
0.0708558001842
0.0667224267055
0.0638353399063
0.0625037619093
0.0
0.0610733787795
0.0570601616561
0.0563680425807
0.0555835272347
0.0541947555667
0.0529809549037
0.0512204305354
0.0496882386161
0.0451814414236
0.039161747869
0.0367630797204
0.0320482713961
0.0284826892749
0.0237560603011
0.0175194688711
0.0143434500467
0.0123116314677
0.0112249863032
0.011701159263
0.0100007424667
0.0104719621757
0.00995013525326
0.0105658300022
0.0146282471687
0.0146386589274
0.0165437878311
0.0175927020165
0.0168716874973
0.0132759178622
0.00709954097783
0.00143692745384
-0.00140164877391
-0.00456619622705
-0.00795780205483
-0.00663812116969
0.00221579106188
-0.00729122285727
-0.00972966500368
-0.00843326759294
-0.00584350625238
-0.0044912090807
-0.0039834185719
-0.00240471361501
-0.00158708457732
-0.00243707460021
-0.00280800068226
-0.00259408369551
0.00106220064896
0.00142717717318
0.00155698694726
-0.00100772917296
-0.00202762631284
-0.00228497266927
-0.000205145050922
-0.000410472901182
0.000445418744303
0.00318299260746
0.00563491211654
0.00626669749894
0.00926914728097
0.0063475431135
0.00407608995306
0.00100146997102
-0.00147010172583
-0.00567770874081
-0.012811221361
-0.0213696396491
-0.0290589275599
-0.0383042975298
-0.0434677760889
-0.0447548015807
-0.0445167444342
-0.0424578146125
-0.0404308138706
-0.0401636138216
-0.0378997922452
-0.0377711334047
-0.0361160623161
-0.0372092964627
-0.0416552158739
-0.0454204135866
-0.0481422156182
-0.0514507125063
-0.0512788937798
-0.0535328130901
-0.0456402203306
-0.0337881575434
-0.0226042347554
-0.0165056634729
-0.00975564741221
-0.00269554196725
0.00211152691772
0.00581734178846
0.0022771402596
-0.00300012212031
0.0
-0.00454257127457
0.0023108269681
0.00885160530447
0.013439663359
0.0187694732817
0.0231017368394
0.0233843698559
0.0242876531798
0.024510822053
0.0229906389449
0.019683016294
0.0146054266049
0.00555472477119
0.00248153577839
-0.000492849877224
-0.00223121209434
0.00394158460026
0.010026190078
0.0133010812412
0.0115477651907
0.00843161269339
0.00491415577397
0.00179016821045
0.00360100679229
0.0064509611934
0.00684904439486
0.00881624117331
0.0119148833097
0.0148918059208
0.0172095614191
0.0212171573091
0.0229927495748
0.0236022618522
0.0256953536224
0.0288708505821
0.0351932282242
0.0368319258096
0.0412435384249
0.0448152103242
0.0481481179477
0.050603759069
0.0529317188626
0.0532525798632
0.0549367070772
0.0551051195771
0.056737832027
0.0547786637087
0.0551208900156
0.0520824381231
0.0494903802386
0.0493357925696
0.0486102205736
0.0462738214535
0.0425298256701
0.0366333292562
0.0282740237943
0.0211030626927
0.0155566617165
0.0122079694237
0.00807899372421
0.000164661434548
-0.00521167246689
-0.0131692463582
-0.0261798103157
-0.0403825534409
-0.0538931994688
-0.0670678216548
-0.0780312765165
-0.0866926127689
-0.0967928650459
-0.107165945128
-0.11873639135
-0.133211033786
-0.14248766147
-0.150239932194
-0.158811754074
-0.165379457308
-0.17057318228
-0.169846522598
-0.170455652168
-0.17220208399
-0.174658295979
-0.173213160444
-0.172622330444
-0.165998201834
-0.148959197432
-0.131882420949
-0.121307236103
-0.111166634336
-0.10258889837
-0.0876824496444
-0.0750492028646
-0.0607397086009
-0.0494802625494
-0.0410587020021
0.0
-0.0283092434915
-0.0176395005795
-0.00638212279998
-0.000290558786681
0.00637625572597
0.011635110504
0.0157737010702
0.0177434645736
0.0202913722387
0.0209526496449
0.0247996333124
0.0357936502144
0.035656686371
0.0309042053508
0.0293040675625
0.030837380009
0.0316291129012
0.0318290790396
0.0349976823949
0.0359808559031
0.0352523157178
0.0298965400307
0.020228568299
0.0107849102805
0.00282403289933
-0.00705380523969
-0.0182073097626
-0.0307244690368
-0.0391229475074
-0.0412450844117
-0.0453637669211
-0.0506141160992
-0.0551799680358
-0.055757504887
-0.0526850927141
-0.0490140664058
-0.0519615181893
-0.050540563609
-0.0518812901978
-0.0596644114301
-0.0697159884809
-0.0783483010684
-0.0862856990096
-0.0949923591362
-0.10171287377
-0.101829829485
-0.095514312765
-0.091231486395
-0.0896831017376
-0.0863762232498
-0.085973658013
-0.0871871920919
-0.0867939900758
-0.0897969322667
-0.0946612256551
-0.100036964315
-0.102804021367
-0.104706791948
-0.111523419441
-0.118458295884
-0.124580656984
-0.132482093586
-0.139281472144
-0.146951809048
-0.149030524033
-0.151676613862
-0.155517665054
-0.155929954627
-0.154198308452
-0.145179594624
-0.134999845971
0.0
0.0
0.0
0.0
0.0
-0.0857764436308
-0.0866048271843
-0.0847164247416
-0.0804247925114
-0.0745464641237
-0.0735070544065
-0.0728258359421
-0.0652932804761
-0.0609038038904
-0.0534408883675
-0.0437410880766
-0.0400637658035
-0.0314141911424
-0.0215279941708
-0.0131803371231
-0.00895558885229
-0.0126958297364
-0.0104590596311
-0.00652938611067
0.0
0.00571572943773
0.0105284098262
0.0158502076274
0.0205821475184
0.0224577159461
0.0243464376865
0.023719169279
0.0238151530719
0.0254986541114
0.0296146958383
0.0300809124766
0.0300767448958
0.0227821766803
0.0200783226577
0.0165669371892
0.0109975774855
0.00952553164259
0.008258429191
0.0108376650576
0.0126711617951
0.0122659647441
0.0134869002768
0.016543418953
0.0196565349591
0.0185273083157
0.0180605338565
0.0185521779774
0.0197116856819
0.0206493071644
0.0243678106118
0.0266117344589
0.0276077845594
0.033993268321
0.0444873756889
0.0498890198831
0.0526914701979
0.0569402540079
0.0572395421952
0.057850005508
0.0608376012788
0.0620003340733
0.0630979998313
0.0645884631432
0.0676079726382
0.071263317629
0.0724233364318
0.0733120878971
0.0747984226536
0.0763622394722
0.0801229479318
0.0848386082111
0.0885944309056
0.0911083651952
0.0920481763255
0.0946346164474
0.0988871733316
0.100583206505
0.101704116424
0.101430422446
0.101100099002
0.0992137536051
0.099140646766
0.0991688682697
0.0978995023874
0.097703967214
0.0982766892354
0.0988218762629
0.0998517062066
0.0991720042339
0.0967894144245
0.0947324142787
0.0945904337037
0.0940791174505
0.0923432156741
0.094007915162
0.0949488639408
0.0945980897438
0.0961886835979
0.0949829065647
0.0938851442718
0.0933352943002
0.0931998278026
0.0905764352481
0.0922465266691
0.0933017340994
0.0942586176878
0.0912861968357
0.0903033172738
0.0875061413097
0.0848672655528
0.0827960215818
0.0812627285964
0.0810811322194
0.0816476759893
0.0827883515853
0.0
0.0793685565224
0.0801619478519
0.0776619510883
0.0737289038399
0.0674313060034
0.0611837716963
0.0564668597353
0.0516710028084
0.0426553042538
0.0376421395929
0.0310880759197
0.022187829153
0.0130986835507
0.000676132596659
-0.0167711796535
-0.0323894551927
-0.0464421549935
-0.0605292537193
-0.0760192527413
-0.089255781295
-0.101443236508
-0.10795761257
-0.110862229881
-0.109452949705
-0.111543310369
-0.116207964554
-0.123744153725
-0.132479262715
-0.137553477118
-0.138975372699
-0.13654873579
-0.130410912271
-0.128049976743
-0.125985556599
-0.127238381
-0.129675968543
-0.130201716458
-0.129558610551
-0.128631751114
-0.125716473947
-0.122878225004
-0.119355953829
-0.115312991421
-0.108303977953
-0.0999588149478
-0.0910546770429
-0.0797836924498
-0.0693035129217
-0.061883969399
-0.054908814079
-0.0467203175715
-0.0400965105685
-0.0326500752422
-0.0267588953357
-0.0227499889086
-0.0177944473588
-0.0145485155868
-0.0101852250266
-0.00640883955239
-0.00751371636948
-0.010871945245
-0.0134879949435
-0.0101764267197
0.0
-0.0100635586063
-0.0141967098547
-0.0211579788633
-0.0273161326422
-0.0348090320109
-0.0387670189061
-0.0406124949489
-0.0444221782838
-0.0505471006912
-0.0515296660848
-0.0578318924684
-0.0622802987589
-0.0620772821892
-0.0642801489907
-0.0716634524523
0.0
-0.0734589664218
-0.0706756923044
0.0
-0.058345758884
-0.0599752648689
-0.0575634263548
-0.0562614780327
-0.0571961410246
-0.0521674916226
-0.0444554401631
-0.0400210143811
-0.032112410035
-0.0247077186688
-0.0173891372692
-0.0130856032152
0.0
-0.0165616884758
-0.0211422306417
-0.0209692497969
-0.0252397652437
-0.0286044290538
-0.0298990550805
-0.0331801550885
-0.0326290453877
-0.0293797229222
-0.036924499337
-0.0416468828867
-0.0410299601578
-0.0440949163118
-0.0371516896936
-0.0486037987399
-0.0508995709939
-0.0452247664775
-0.039480739225
-0.0340006012173
-0.0282888090585
-0.0200967009834
-0.0115170614184
-0.00509102351059
0.00449554355666
0.00666606240309
0.0113418656222
0.0157907874229
0.0206308490695
0.0272181476923
0.0329490910288
0.0392504548001
0.0430513253721
0.0480952495587
0.0531279212994
0.0565359050225
0.0596177709292
0.0619285214368
0.0666610033592
0.0668385100788
0.0681069274686
0.0719928499953
0.0737760969831
0.072653596745
0.0699664693053
0.0691843483115
0.0701881162045
0.0689400091893
0.068991311792
0.0662967641674
0.068249444156
0.0662744543822
0.0653785753178
0.0655148166712
0.0661359461733
0.066700287901
0.065754895163
0.0661581560916
0.0663605550169
0.0669467614968
0.0680571102304
0.0675557940085
0.068500307215
0.0686510481971
0.0691512127436
0.0701878241616
0.0706663672509
0.0714095780219
0.0723340183658
0.0718497165609
0.0702971997402
0.0670601132247
0.0628574578907
0.058110827083
0.0554308530611
0.0533084989408
0.0539840047994
0.0578190162254
0.0596029953543
0.0624180452751
0.0671792790652
0.0631535939208
0.0593582489763
0.0582868130377
0.0659597523702
0.0679251918964
0.0703076800365
0.0708334416621
0.0688580587863
0.0680718518185
0.0682474793021
0.0678600223612
0.0657180401559
0.0659801480761
0.0645241705669
0.0647799907828
0.0
0.0662416365693
0.0663930193825
0.0665259921194
0.0668245489042
0.0691608980481
0.068764168982
0.0689114496951
0.0689061390543
0.0697039329745
0.0691620944429
0.0682137889328
0.0697813701278
0.0702963761351
0.0690649127687
0.0668303492281
0.0658747924471
0.0659362769306
0.0683304191507
0.0690882081056
0.0680051919713
0.0678890077687
0.0686722538312
0.0672515874114
0.0676299315183
0.0660184600276
0.065409401852
0.0650927326622
0.0648851144251
0.0639664956986
0.0627977371766
0.0622915541362
0.0633651182335
0.0622806459444
0.0609912819932
0.0607555502196
0.0605499141261
0.0562278602771
0.0553801949143
0.0549902836786
0.0554244034438
0.0553299383397
0.0551690728397
0.0546773733758
0.0561718645113
0.0562806987051
0.0551968296189
0.0558846797119
0.0551709078349
0.0537315690133
0.0544154405927
0.0533930625829
0.0514141475852
0.0500236912728
0.0499121035612
0.048840572932
0.0485642932171
0.0466706527081
0.0438685786949
0.0415947878327
0.0403334801368
0.0389420157597
0.039984989294
0.0396153540422
0.0408339809019
0.0403264355819
0.0395141917629
0.0393170355119
0.0399769285991
0.0417632194101
0.0421807434596
0.0437676932041
0.0456607124174
0.0442195682514
0.0454378862256
0.043767113106
0.0431822212798
0.0422406464846
0.0411979350065
0.0404176881421
0.0409981898326
0.0417782249513
0.0424676705397
0.0430906136868
0.0440523221118
0.0427765035868
0.0436560511036
0.0447228610749
0.0462657877793
0.0463510605699
0.0471317991934
0.0469836569547
0.0473190774682
0.0481272401682
0.0480534149697
0.0492406841716
0.0
0.0487884028627
0.0495936420418
0.0497429362106
0.0490316129665
0.0489049079116
0.0483087915586
0.0461451273198
0.0457507769252
0.0465276971073
0.0461737671734
0.0437563048203
0.0440977992685
0.0415151229373
0.0419724164728
0.0419982767877
0.0411404041307
0.039540834835
0.0398069586298
0.0404228536175
0.0409413055615
0.0430883324659
0.0438094107955
0.0447537051038
0.0420567352604
0.0378866826284
0.0358362246668
0.033267687792
0.0323183781669
0.0313158048202
0.0341722031979
0.0410791115219
0.0502014937461
0.0569536577581
0.059070679938
0.0611085666963
0.0658557689646
0.0729769020133
0.0
0.0719587594319
0.0705871068652
0.0719494989767
0.071671780844
0.0726488165248
0.0741645436854
0.075675400486
0.0773490335906
0.0787049343263
0.0804810516107
0.0827936716731
0.0762613673213
0.0729161989111
0.0732266579469
0.0710250319508
0.0664932267547
0.0630370705801
0.0599374506648
0.0554098448151
0.0503495475414
0.0456445164159
0.0451699301659
0.0426714912587
0.0392041378869
0.0369398209867
0.0325461558305
0.028081565249
0.027884586994
0.0313191021927
0.0378083060239
0.044588276245
0.0511011305964
0.0583793383096
0.0627005144304
0.0612486991964
0.0606050844722
0.0561645502398
0.0549565509443
0.0614060566944
0.0662221606965
0.0693210137177
0.0707355844695
0.0697669366634
0.0693420077998
0.0635853709734
0.0623260485957
0.0665175259653
0.0711714023275
0.0749296129068
0.0755258110227
0.0741628219823
0.0737219967484
0.0746394292319
0.0790217112298
0.0818520397289
0.0861384466163
0.0893443115926
0.0
0.0880624581836
0.0875581145043
0.0877358415567
0.0871331795762
0.0869689930132
0.0843780482539
0.0859367559761
0.0879280131835
0.0887013515854
0.0910992408421
0.0937101796016
0.0949584108243
0.0933235049722
0.0928263331743
0.0907971876243
0.0886430129732
0.0878283211387
0.0866728052732
0.0862155769162
0.0866236271959
0.0854998442268
0.0826357367976
0.0810422022592
0.0802568955431
0.0756773414771
0.0728535201565
0.0684583649901
0.0672899409306
0.067693897657
0.0664761438496
0.0662334829861
0.0655640028398
0.0637800379438
0.0626221566333
0.0603824641824
0.0593466275718
0.0541288438611
0.0528039200704
0.0
0.0
0.0
0.0611843704241
0.0519905624369
0.0467339675876
0.0412327024469
0.0374147098677
0.0330479736594
0.0261851187603
0.0186153698476
0.0125082577022
0.00788315246894
0.00416456333679
-0.00518992967291
-0.0156505248835
-0.025292833194
-0.0351620499539
-0.043392625092
-0.0516094959179
-0.0591972709801
-0.0683374044502
-0.0795640096737
-0.0892715959393
-0.098568805265
-0.107014616711
0.0
-0.10474294645
-0.0972342118489
-0.0903686164858
-0.0841172817142
-0.0783731875035
-0.0756721727601
-0.0750455782456
-0.0764617203707
-0.0750507116648
-0.075355387644
-0.076695526219
-0.07955208064
-0.0820126262127
-0.085238403493
-0.08857210096
-0.0843222385901
-0.0890960989245
-0.0892566744699
-0.0862589382592
-0.0848527143065
-0.0800540236687
-0.077300549585
-0.0755750333219
-0.0722251387013
-0.0702508513887
-0.0707564718237
-0.0729463506486
-0.0730513915242
-0.0735010652873
-0.0718223790634
0.0
-0.0626298431345
-0.0566077076952
-0.0520966543596
-0.0484442977264
-0.0446078028774
-0.0388794559266
-0.0317506009971
-0.0278429442619
-0.0236218833294
-0.0173850584444
-0.0111480118923
-0.00636259389031
-0.00412809686784
0.00221314708802
0.00914705078637
0.0
0.0269474419345
0.0302986339362
0.0338019922911
0.0380878499611
0.0416495134972
0.0453283250004
0.0478244803465
0.0525875037602
0.0531741255444
0.0536981508649
0.0547662769385
0.0563977907308
0.0599461656869
0.0623712889198
0.0641299381428
0.0696107966449
0.0763358819283
0.0800405688628
0.0826339898406
0.0840021311077
0.0839838572953
0.0854943763621
0.087558125343
0.0886891860071
0.0911597510002
0.0930321236245
0.0943655160312
0.094029864989
0.0953346030686
0.0967957829479
0.0995631793557
0.104726155371
0.103078704195
0.101716554902
0.101175085654
0.101163795888
0.101197016125
0.102723973841
0.10393600972
0.104856646506
0.103871547442
0.104494871331
0.107136549228
0.10990298384
0.113693221955
0.114075137263
0.112288606704
0.111987457362
0.112960046084
0.114162941018
0.11484701948
0.116157153706
0.117635792097
0.11829206769
0.117767320257
0.118723972583
0.117769952257
0.117930138948
0.116216477837
0.113169270957
0.111478788303
0.114211212288
0.113034672989
0.11498999352
0.116544880882
0.115573696687
0.116772940658
0.117385598333
0.116969024927
0.119611841053
0.122318426926
0.120058351045
0.117149157535
0.116906880119
0.117817492254
0.123432317836
0.126246711927
0.126883530436
0.127802146043
0.0
0.12401864353
0.120059511294
0.121626795415
0.1238975528
0.126110729875
0.127356736148
0.128411096321
0.125012336714
0.120635283732
0.119045378342
0.119762424298
0.120862003359
0.11825494799
0.116097252256
0.112906734089
0.112287784843
0.111540221103
0.106744521848
0.102218023723
0.102153937035
0.102536470452
0.102226152752
0.0945232913592
0.0864681227895
0.0792309073774
0.0731839747647
0.068520045234
0.0645771369698
0.0639891157261
0.0647799693966
0.067698789475
0.0680437055542
0.065669339757
0.064829701022
0.0654369380447
0.0689567009871
0.0708180008317
0.069204433926
0.0689065669854
0.0699643872624
0.0682303623099
0.0675004894429
0.06618397883
0.0669738239655
0.0686104387702
0.0702809851316
0.0696401763863
0.0670222933021
0.0642725987448
0.061448548292
0.0571629247998
0.0522377285296
0.0485287334357
0.0455958723165
0.0426003529789
0.0365446534749
0.0311859555172
0.0252835032043
0.0174338936302
0.00919767290016
0.000913075541749
-0.00558524490495
-0.0130169058725
-0.0189201673457
-0.0234584760619
-0.0294045250454
-0.0343270707201
-0.0380401402381
-0.0446167992835
-0.0529126234482
-0.0658886355016
-0.0785547555977
-0.0894782263032
-0.100224989317
-0.111995173932
-0.128735028177
-0.139258601584
-0.140054517658
-0.135212502511
-0.13386807307
-0.131336539527
-0.127692423011
-0.124987330008
-0.125458686542
-0.129661901022
-0.132545838485
-0.135734311804
-0.134743923468
-0.128754887218
-0.123675362715
-0.11874152312
-0.111773349294
-0.107489381177
-0.104710224537
-0.102529525683
0.0
-0.0892023184168
-0.085545444478
-0.079493573562
-0.0727541940318
-0.0629299577324
-0.0499811868743
-0.0401094978253
-0.0290635743997
-0.0212993463372
-0.0163130084532
-0.0036775871675
0.0133999273369
0.0211638956745
0.0273084009176
0.033482299503
0.0408771283296
0.0464785738026
0.0528716479429
0.0547879959955
0.0564395886435
0.0608823028739
0.0635729261801
0.0673130238052
0.0720789742463
0.076999535742
0.0808968664651
0.0821812119255
0.0854361613104
0.0885058150367
0.0902923298522
0.0927697062848
0.0912706024769
0.0888911963554
0.0845200212373
0.0759538993376
0.0678194193794
0.0611630187616
0.0597597254451
0.0614766447434
0.062399690237
0.0617554806284
0.0648522296377
0.0684370437434
0.0725667355815
0.0761557372803
0.0775656965537
0.078630339091
0.081190798412
0.0829514512882
0.0812931932463
0.0808386402921
0.0790822028299
0.0773179451918
0.0779850214404
0.077627201477
0.0786219909697
0.0801427243099
0.0843425460876
0.0870667878131
0.0840508486464
0.0832293558056
0.0842527581092
0.0847939011605
0.0831270688131
0.086931292238
0.0895808844245
0.0932686981618
0.0949574688375
0.0935540986788
0.0931939840679
0.0936767215715
0.0963256824726
0.098475055572
0.0967121182512
0.0939367421308
0.0889694320732
0.0852753591911
0.084088024661
0.0808963940383
0.07983616192
0.0799549852934
0.0782657867813
0.0749165461472
0.0721976998653
0.0693350398525
0.0766446922382
0.081899585877
0.0845857032968
0.083885187133
0.0814644355411
0.0792345721136
0.0747561246645
0.0693330182626
0.0721734297546
0.0763864315584
0.0
0.0829112378318
0.0855177739123
0.0862294947065
0.0828955403888
0.0804049169573
0.0794011404028
0.0814134772408
0.0850076975776
0.0850853240454
0.0871050044007
0.086050770795
0.0830819361183
0.0766194849663
0.0728799483548
0.0698306089897
0.0677744526501
0.0653231356135
0.0618255059964
0.0549872124028
0.0454497805611
0.0366896723672
0.0264629543052
0.0179173130055
0.0126520105131
0.0101199247138
0.0125876501506
0.0165015447762
0.019005373282
0.0209282741817
0.0235967954109
0.0232555889903
0.0256768230844
0.0304335750789
0.031260542158
0.0324033991174
0.0340831689615
0.0336326286386
0.032171985777
0.0317476507015
0.0294834602099
0.0203575688313
0.0133652301799
0.00672774163731
0.0043320489571
0.00485911784573
0.0051890993602
0.00702486909853
0.00779366268349
0.0111747309189
0.0159512928789
0.0178907336028
0.0147090861719
0.0133307968779
0.0123666333181
0.0114765274098
0.00968102462294
0.00853177302127
0.00736744907796
0.00370945072885
0.0031174759238
0.00211108757271
0.00661266510422
0.0100823371443
0.0114434528591
0.00805631645709
0.0033728685511
0.000927462665266
-0.00309387743354
-0.00907457420544
-0.0167681848648
-0.0187124284852
-0.0168903290038
-0.0143020197464
-0.0174905750964
-0.0190370570347
-0.0180063194812
-0.0157818721369
-0.0164501698605
-0.0209308597914
-0.0256096866058
-0.0312716754011
-0.038080910498
-0.0448101143978
-0.053772477101
-0.0581981279576
-0.0615087929401
-0.0659834144513
-0.0639488701198
-0.0583422020808
-0.0515866594127
-0.0434367474045
-0.0377520782706
-0.0340110045558
-0.0284662920181
-0.0262057939105
-0.0260000007902
-0.0241403946813
-0.0158118787596
-0.0119610950543
-0.0087302897475
-0.00677108945507
-0.00355874460266
0.000217149526134
0.00520618689777
0.0106639189141
0.0138762837038
0.0192330967366
0.023888056593
0.0302200434556
0.0375110761849
0.0442455072908
0.0
0.0
0.0
