-0.0261828211373
-0.0256882960694
-0.0251937710014
-0.0246992459334
-0.0242047208655
-0.0237101957975
-0.0232156707295
-0.0227211456616
-0.0222266205936
-0.0217320955256
-0.0212375704576
-0.0207430453897
-0.0202485203217
-0.0197539952537
-0.0192594701858
-0.0187649451178
-0.0182704200498
-0.0177758949819
-0.0172813699139
-0.0167868448459
-0.0162923197779
-0.01579779471
-0.015303269642
-0.014808744574
-0.0143142195061
-0.0138196944381
-0.0133251693701
-0.0128306443022
-0.0123361192342
-0.0118415941662
-0.0113470690982
-0.0108525440303
-0.0103580189623
-0.00986349389433
-0.00936896882636
-0.00887444375839
-0.00837991869042
-0.00788539362245
-0.00739086855448
-0.00689634348651
-0.00640181841854
-0.00590729335057
-0.0054127682826
-0.00491824321463
-0.00442371814666
-0.00392919307869
-0.00343466801072
-0.00294014294275
-0.00244561787478
-0.00195109280681
-0.00145656773884
-0.00096204267087
-0.0004675176029
2.700746507e-05
0.00052153253304
0.00101605760101
0.00151058266898
0.00200510773695
0.00249963280492
0.00299415787289
0.00348868294086
0.00398320800883
0.0044777330768
0.00497225814477
0.00546678321274
0.00596130828071
0.00645583334868
0.00695035841665
0.00744488348462
0.00793940855259
0.00642401159015
0.00838513133829
0.00812016920843
0.00837340166986
0.00844528083261
0.00762875997865
0.0103478765594
0.0100753753367
0.00980248081717
0.0121851685073
0.0111379540126
0.0115810840107
0.00921303339633
0.00936291731927
0.00893133627307
0.00960876279724
0.00870579133124
0.0104051244931
0.0095550482015
0.0103218480359
0.0107591854983
0.0107728262812
0.0121051864191
0.0121945678228
0.0119283576303
0.012430492623
0.0119179393748
0.0126009435398
0.0125436027872
0.0123868704454
0.0128401158548
0.0134957928244
0.0133726498335
0.0139210307417
0.0131732682228
0.0147794394009
0.0141180909152
0.0141939144185
0.0148820849629
0.0151528265202
0.0154180822135
0.0151307495801
0.0159071500933
0.016151113055
0.0166218798712
0.0161012131489
0.0176552124466
0.016079551903
0.0182386809034
0.0203978099038
0.0193662582457
0.0175078712841
0.0186955158779
0.0169598518571
0.0172826400763
0.0177300884983
0.0206156192897
0.019536326656
0.0202598982194
0.0194580002728
0.020363911274
0.0212698222753
0.0210555737378
0.0217999467012
0.0199831897151
0.0212559990596
0.0216668898419
0.0209510691061
0.0224364923276
0.0211202894967
0.0191842907388
0.0200737447935
0.0203807930385
0.0226021310767
0.0199329514516
0.0202974522229
0.0195325827878
0.0178140904623
0.0210265463407
0.0205843278722
0.0179272015803
0.0195704749481
0.0201035431726
0.0199637025792
0.0184855281698
0.0203026954333
0.0195297767183
0.0184897528826
0.0184507960006
0.0194492872855
0.01935798842
0.0183828336806
0.0174076789413
0.0172734653858
0.0165402437907
0.0166811052229
0.0168539664878
0.0151112185042
0.0183390149948
0.0141669197056
0.0129045114492
0.0130636108928
0.0107916065144
0.0102941402305
0.0121932791051
0.0134432905877
0.0128894672704
0.0117095694249
0.0117157851038
0.0103227808151
0.0114495967078
0.0111786030135
0.011205827352
0.00860994053043
0.0108489179176
0.0128342894769
0.0120127612466
0.0105681749074
0.0104203349885
0.0121480393997
0.0123967900298
0.00979128066328
0.0100773451303
0.0114075349599
0.0120862488167
0.00962987289001
0.0118358336419
0.0105369121871
0.0116572018425
0.00931218698941
0.0120913449906
0.0113529307196
0.0109893565222
0.0108396432392
0.0143588769685
0.0136543360526
0.0143114869158
0.0110904864303
0.011499792912
0.0129882908809
0.0110105200283
0.0129339838113
0.0131798981932
0.0128209755444
0.0131440262795
0.0119701363432
0.0113498875199
0.0121544685218
0.0125079931425
0.011259752156
0.0128960929224
0.0107329205015
0.0107919166001
0.0110832311811
0.0121427970209
0.0128102295566
0.0142030234592
0.0152813391047
0.013453414188
0.01351483444
0.00988173014645
0.012668510701
0.0131039549116
0.0120022934844
0.0146025292211
0.0149561694635
0.0134205105599
0.0152941215407
0.0137323802488
0.0156207485136
0.0161858979286
0.0148547891831
0.0162483012237
0.0159318267865
0.0146377272492
0.0154149665222
0.0171182562691
0.0160371462283
0.0164072708656
0.0160259403495
0.0168087626712
0.0189033302617
0.0176766405987
0.0180130821678
0.0175685868589
0.0171240915501
0.0177395987308
0.0178291226365
0.0179186465422
0.0180081704479
0.0180976943535
0.0181872182592
0.0182767421649
0.0183662660706
0.0184557899763
0.0185453138819
0.0186348377876
0.0187243616933
0.018813885599
0.0189034095047
0.0189929334104
0.019082457316
0.0191719812217
0.0192615051274
0.0193510290331
0.0194405529388
0.0195300768445
0.0196196007501
0.0197091246558
0.0197986485615
0.0198881724672
0.0199776963729
0.0200672202786
0.0201567441843
0.0202462680899
0.0203357919956
0.0204253159013
0.0208337174612
0.021331232514
0.0197895969253
0.0212785193338
0.021416197298
0.021146951981
0.0228800706035
0.0211573794996
0.0222840266221
0.0226839417449
0.0216583267873
0.0210718734937
0.021566846536
0.0220294880011
0.0217430629333
0.0232784045286
0.0213865267917
0.0214208239154
0.020341016538
0.0214634524317
0.0206473677378
0.0204533652462
0.0203567506042
0.0212630712516
0.0202935445673
0.02018266144
0.0191576450622
0.0184469716483
0.0169861658274
0.0187716200211
0.018539562368
0.0175021168393
0.0165475625465
0.0158889865093
0.0164701073686
0.0150084885419
0.0167858051063
0.0177612426868
0.0152026364605
0.0124895948081
0.0113090508109
0.0108170119571
0.00780618068631
0.0126376950573
0.0104742704659
0.0112213318499
0.0109517430557
0.00868861930622
0.00930875906246
0.00926052356259
0.00892628620712
0.00757688173367
0.00776328500124
0.00550318692421
0.00561643829558
0.00473677546215
0.00461680227795
0.00493889329376
0.0035835250834
0.00398536139403
0.00581125371721
0.00412594598828
0.00310984607206
0.00352134769962
0.00127782770758
8.74563088464e-05
0.00135088141549
0.00261430652213
0.00113411218679
0.00194247735822
-4.54176386046e-05
0.000961411799811
-0.000696783916141
0.000182582475041
0.00357500590257
0.00384713052253
0.000775188658777
6.42456033377e-05
0.00112760737301
0.00104280453083
0.00122371380582
0.00139190596972
0.000598511165256
0.00158209211275
0.0012874467596
0.000348245818725
-9.45590037829e-05
0.00254739534703
0.000594495389012
-0.00208109263172
-0.000157765153927
8.6573835109e-05
-0.000700286797581
-0.000213931306836
0.000556318048277
-0.000441631354168
-0.00132491696923
-0.00225529627986
0.000385336991757
-0.00246080635832
-0.000366943186333
-0.00280688712707
0.000915473648489
0.000370266312651
-0.000329313664834
0.0001628822807
0.000411996907641
0.00461555881248
0.00475561505838
0.00537240309206
0.00452670503676
0.00403456539263
0.00272001790757
0.00377878239752
0.00255303745588
0.00288574612602
0.00329421577822
0.00471116192337
0.0042094014267
0.00476857847907
0.00440747729005
0.00460347523824
0.00459473701599
0.00315369056727
0.00167788677658
0.00401312395957
0.00343268005267
0.00635279328491
0.00472106318984
0.00684136711726
0.00699658529157
0.0056547125798
0.00638592141127
0.00777082980035
0.00722163750365
0.00832834015461
0.00784207474653
0.008444203609
0.00847089119909
0.00794024629818
0.009015394482
0.00928863005107
0.00879691307227
0.00842686064183
0.0102621678558
0.00970729995558
0.0116760502334
0.0106976060347
0.0101916793138
0.0122619673288
0.0119676642876
0.0115192025432
0.0120514221423
0.0117771593469
0.0136400183579
0.0145667166156
0.0147226467962
0.0147736343364
0.0143769736721
0.0132153174054
0.0139770925457
0.0147885853932
0.0155845113826
0.0163804373721
0.0171763633615
0.0171496864845
0.0178456777729
0.0167811101154
0.0166700648955
0.016460195758
0.0167881409691
0.0171612710194
0.0183812156991
0.0165252517045
0.0161296442631
0.0160796669364
0.0154178732172
0.0166905568177
0.0164584794293
0.0169070358325
0.0173401677771
0.0175218688705
0.0181161436862
0.0174998433883
0.0173185759644
0.0166895752564
0.0164436470567
0.017538479305
0.0179871068507
0.0173923084576
0.0149620688022
0.0159100650082
0.0137825036143
0.0145827401596
0.015588290071
0.014919770421
0.01599062147
0.0155476581547
0.0154742227747
0.0167932701228
0.0157363249587
0.0175049734138
0.01504693755
0.0153546205153
0.0142932977543
0.0131972364452
0.0156235549136
0.0159442445131
0.0138033076398
0.0144055565919
0.0137293003845
0.0143312000488
0.0154034963571
0.0140113213456
0.0128022951432
0.0133395980953
0.0136639655728
0.0123061963073
0.0144362100429
0.0119015227686
0.0122787925767
0.0135228649538
0.0130073060099
0.0119785127009
0.0119425311337
0.0141290217571
0.0134315403132
0.0140833082625
0.0131305397795
0.0128022135406
0.0118965695301
0.0141735492134
0.0117615619084
0.0103131770961
0.00949128121113
0.0110488669982
0.0119020683761
0.011217121138
0.0123463180716
0.0106217513681
0.0105254025977
0.0113967864552
0.0100781332055
0.0116529841414
0.0100404225088
0.00890932557521
0.00993949641017
0.00979754325829
0.00951982385126
0.00905126028072
0.00925494197254
0.00756769056508
0.00969137424462
0.00770836711803
0.00936128351521
0.0120895343824
0.00894951158971
0.0115247432812
0.00898034508164
0.00643594688208
0.0086362586338
0.00626672208793
0.0107084587643
0.0087001682601
0.00571834764958
0.00727617786658
0.0071680587837
0.00616484161123
0.0061643625783
0.00752446886077
0.00781607630727
0.00540040056702
0.00612630704287
0.00625062186458
0.00753141399677
0.00675765895037
0.00778932794964
0.00830155535453
0.0054127263013
0.00690866556004
0.00618412449191
0.00347842753695
0.00596939485751
0.00824290766531
0.00735722927116
0.00627458720545
0.00676604133538
0.00557943123361
0.0122969431707
0.00920625944468
0.00626685973324
0.00698544737806
0.00875983273505
0.00792823584517
0.00701175644833
0.00876286168826
0.00898611810386
0.00619087355359
0.00868494894991
0.00856037878851
0.00796902642135
0.00737767405419
0.00654877461286
0.00757351042607
0.00942855330906
0.0116054404874
0.00936145399018
0.00967352387229
0.00976019554014
0.00984686720799
0.0078202186327
0.00965128902124
0.00950474473918
0.00884394578813
0.00980801880516
0.00982367723737
0.0127145103542
0.0108917525957
0.00716996882816
0.00940310789974
0.00972051304666
0.00746332711345
0.0055589996112
0.00524074459186
0.0088413291328
0.00438400132565
0.0042440687791
0.00492843519431
0.00355060049347
0.00599762093123
0.00669982750965
0.00919975441599
0.00829216142056
0.00778810630243
0.00760695680055
0.0083756502083
0.0119775007148
0.00867904570353
0.00790830442472
0.00672468755955
0.00655821904985
0.00738424182881
0.00839589892711
0.0117104394665
0.0108916531046
0.0120106040037
0.0124450065241
0.0148222025321
0.0127435143799
0.0106648262278
0.012298833648
0.0152538662898
0.0102934820473
0.0123723133773
0.0118070799029
0.0112418464285
0.0145136677178
0.0130764339559
0.0139375991312
0.0134921770569
0.0127902620168
0.0129210995333
0.0153718730526
0.0148102033346
0.0144489638293
0.0154840028768
0.0159729433472
0.0156047974717
0.0136243264429
0.014321532134
0.0166381923825
0.0192547182749
0.0194969555714
0.0184566150721
0.0179507453131
0.0191891873928
0.0180973418128
0.0184374817985
0.017412869158
0.0155133880993
0.0171226519374
0.0176705945375
0.0155459026627
0.0170347286877
0.0179780683296
0.0176477654343
0.0166773100821
0.0169702020264
0.0171748593421
0.0177554163603
0.0162912735038
0.0200020597333
0.0169861738123
0.0181610574282
0.0169100611152
0.0174197087641
0.0168694489141
0.0161523090902
0.0159910745951
0.0156291767269
0.0192238342453
0.0165804681822
0.0153129328297
0.0154853788915
0.0168208498501
0.0155993151092
0.0170276432746
0.0158017703553
0.0156018805542
0.0145650382946
0.013732941845
0.0162193089232
0.0146727550416
0.0152571345566
0.0147627315991
0.0137086684244
0.0144779586768
0.0134978667497
0.0121272544413
0.0146458968709
0.0126969748983
0.0125589474986
0.0151788723624
0.0138205808913
0.0118093470047
0.0121604498123
0.0140554054136
0.0120741831821
0.0127666279196
0.0121995698122
0.0113875043931
0.00958791180474
0.00921174286075
0.0124899889718
0.00984000257183
0.00883910833145
0.00963815186907
0.0103239652331
0.00721579692417
0.0090691421091
0.00715812506096
0.00919001163056
0.00762005232028
0.00749851848539
0.00751702860825
0.00753430470498
0.00739905853261
0.00699886785573
0.00598707100492
0.00609835419254
0.00589314428162
0.0056879343707
0.00565669810648
0.00615603171243
0.00585942370849
0.00618175810337
0.00601085208534
0.00546504698535
0.00551048570992
0.00643173387803
0.00576303158583
0.00402211834072
0.00365316680806
0.00478633431178
0.00410995949777
0.00353990587988
0.00239696257883
0.00465503774599
0.00492740787554
0.00333025940003
0.00478893773619
0.00377753634125
0.00379247130926
0.00187662141376
0.0033747582219
0.000980702034025
0.000814330707317
0.00229562730518
0.00236149310017
0.000837252087392
0.000870238619554
0.00256757423061
0.000961852496704
0.00156290612458
-0.000204465227948
0.00187205166528
-0.000873966395321
0.000127551580387
0.000837091357033
0.00182387587364
0.00112034468001
-0.000505610773999
0.000507526247258
0.000631339215189
-0.000218302085476
-0.000765161160868
0.000893342844581
0.00130727738518
-0.00263039082063
0.00019361605343
-0.00357407009298
0.00146860037486
0.000812407720935
0.000931157172644
0.00205156094347
0.00232304493537
0.00273960218545
0.00100466553117
0.000599229386768
0.00163264970043
0.000635504040635
0.00108647093431
0.00236157837955
0.00341981271925
0.00242735702368
0.000503548529774
0.00119157675455
0.00271407884209
0.00164489932055
0.00255296718831
0.00291988122407
0.00211618749875
0.00185376087654
0.00416342011093
0.00471971455978
0.00511733619934
0.00582285984565
0.00529352922239
0.00572708341704
0.00653391532774
0.00681408067404
0.00796285654452
0.00642369912138
0.00769207735923
0.00308679447257
0.00774122111186
0.00776862547835
0.00829604870151
0.00796346856029
0.0086717978687
0.00854533695127
0.00957276921878
0.00888981536633
0.00962625399801
0.0103177638469
0.0104088751726
0.0111266532376
0.0118444313025
0.0112923913752
0.0103790272278
0.0120429644881
0.0119033257661
0.0130060677656
0.0111974291693
0.0117688750963
0.0106859238757
0.0115420680301
0.0119668257962
0.0125255351221
0.0120685174585
0.0120500356273
0.013468822586
0.0132341611616
0.0130722826807
0.015330328353
0.0140135581989
0.0156247027776
0.0161112939503
0.0145692345827
0.0169054314157
0.0148453832378
0.0142900421336
0.0146687713357
0.0141927038314
0.0151895607131
0.0145542162213
0.0151049982626
0.0151962427758
0.0149868774412
0.0167828865138
0.017198393475
0.0155403080427
0.0123239981489
0.0154802417036
0.0149237931802
0.0160306591872
0.0154947339258
0.0156094625237
0.014307776838
0.0145450945409
0.0137491601842
0.0149106741609
0.0117024073908
0.0127330243736
0.0113058986788
0.0123763250193
0.012684143133
0.0125980914449
0.0143209736098
0.0120451350793
0.0122222380911
0.0122950815916
0.0131820325302
0.0108082602634
0.0119501958417
0.0110749254895
0.0113662710773
0.0132027617109
0.0113677145103
0.0109417734584
0.0118276397545
0.0113696403835
0.0109055588075
0.010336496491
0.0102955247148
0.00844647018945
0.00843901327935
0.00907784189899
0.00721221446577
0.00777123098756
0.0104393679532
0.0083486235095
0.00845879415834
0.00838479061618
0.0140493465288
0.01157726799
0.00995260389527
0.00902863061723
0.00646647009287
0.00795499558233
0.00353549594424
0.00636992058364
0.00467858755456
0.00465594732065
0.00421917817586
0.00647124785507
0.00438896091489
0.00356979102915
0.0042119138033
0.00381377643333
0.00400411659745
0.00354106319305
0.00368582165326
0.00383058011347
0.00397533857368
0.00388923938148
0.0032905082268
0.00476837094826
0.00313168035519
0.00226595235932
0.00350154162997
0.00467406215022
0.00386825764608
0.00352743461252
-8.55816202543e-05
0.000968659326304
0.00188033406528
0.00294045843466
0.0027865250763
0.00255150699658
0.00249735850306
0.00119810193553
-0.000101154631995
0.00480789963312
0.00162773129949
-0.00216894926161
-0.000939339937745
0.00029026938612
0.00151987870998
0.00274948803385
0.00250048182024
0.0030125064679
0.00352453111556
0.00403655576322
0.00334466557328
0.00265277538334
0.00196088519339
0.00126899500345
0.00306203020951
0.00485506541558
0.00664810062164
0.00268354697339
0.00307425266457
0.00989182705566
0.00516043141259
0.00676866050344
0.0144007967525
0.0124043040837
0.0110462964605
0.00968828883731
0.00538932191296
0.00394094343965
0.00494757182317
0.00896809598962
0.00887213516712
0.0109841479874
0.00835014204838
0.00818093605841
0.00812025891773
0.00925280708039
0.010657964361
0.0105395242957
0.00579452981576
0.00970862027863
0.00479393290775
0.00726278565925
0.00725744204669
0.00677543148037
0.00521829396047
0.00400770407955
0.00402187189995
0.0056645979474
0.00453317997464
0.00457770882291
0.00252692742989
0.00204532157275
0.000299607409893
0.000877191977993
0.00149199702768
0.00113008002721
-0.000669381324655
0.00445330810592
-0.00171926753327
-0.00330273808815
-0.00402775958794
-0.00190510416073
-0.00468598140229
-0.0056162821062
-0.00412723814224
-0.00437809948332
-0.00235574485211
-0.003331786756
-0.00467259898275
-0.00675628619988
-0.00244276354141
-0.00531143858498
-0.00672246644434
-0.00278829471578
-0.00428997982734
-0.00579166493891
-0.00729335005047
-0.00740045155104
-0.00938406199243
-0.00871211818008
-0.0109237529563
-0.0121981627737
-0.0134725725911
-0.0115515078322
-0.0164492508956
-0.0159865918106
-0.0211839049479
-0.0198237276078
-0.0181288891285
-0.0233260743642
-0.0248646979543
-0.027205790688
-0.0288213397103
-0.0297074442621
-0.0294015570138
-0.030092676555
-0.0324505617518
-0.032434806616
-0.0350206071674
-0.0328471958714
-0.0319148763825
-0.0303032401933
-0.031581990183
-0.031051343607
-0.0316002272681
-0.0315919812149
-0.032304991982
-0.0320967949494
-0.0293196923891
-0.028473290306
-0.0281157778968
-0.0264009951314
-0.0258433318654
-0.0267185856659
-0.026011580898
-0.026783951849
-0.0262851236796
-0.0269495590737
-0.0284705670161
-0.0254005340508
-0.0235035027206
-0.0220666096702
-0.0230553014184
-0.0190247533086
-0.0215884267787
-0.0214213808916
-0.0189941418561
-0.0185513668366
-0.0184808019781
-0.0175845758949
-0.0161047089412
-0.0171734058184
-0.0151694887328
-0.0151927993897
-0.0155618636137
-0.0152396784851
-0.014122355812
-0.0155565771507
-0.0157618472583
-0.013395120736
-0.0130085541327
-0.0121056404244
-0.0124927045532
-0.0129649043524
-0.0113597267005
-0.0101865984031
-0.0127092025322
-0.0105362213411
-0.00809802222562
-0.00881062861467
-0.00836031027977
-0.00773748656828
-0.00841195658702
-0.00730808480747
-0.00802608930505
-0.00718749939929
-0.00809162672224
-0.00691930367419
-0.00573953640342
-0.00707966826551
-0.00749867824351
-0.00731969987947
-0.00614157219341
-0.00676733903907
-0.00607811875854
-0.00481244255638
-0.0060011712934
-0.00525509242782
-0.00428444760465
-0.00452923636702
-0.00511205694675
-0.00569487752648
-0.00450467600697
-0.00447006185842
-0.00387333842342
0.00152650819602
-0.000795325398015
-0.00311715899205
-0.00161431403766
-0.00166037348898
-0.00221964001015
-0.00154580319804
-0.000874470615097
-0.00159239116612
-0.000131835575684
-0.00123639404737
-0.00250681781732
-3.53655627003e-05
-0.000293308946193
0.0010110141351
0.0008550384094
0.00106192982286
0.000624647091711
0.00327256886411
0.00155564329189
0.00273337624951
0.00169847874464
0.00292501124605
0.00263704079043
0.00260327258105
0.00377324477475
0.00300728392984
0.00319519328602
0.00494461348272
0.00464938302377
0.00404999291373
0.00426480650012
0.00459173142468
0.00697149170443
0.00756722947693
0.00481807553737
0.00619006767136
0.0076825649827
0.00719215464569
0.0073505123868
0.0107428861994
0.0117680181478
0.0127931500961
0.0138182820445
0.011495459095
0.0102540721135
0.00965171131796
0.0100506230956
0.00807390383431
0.0094666657405
0.00937911430287
0.00862590221955
0.00966826790643
0.00923142291477
0.008299896539
0.0129518538926
0.00846664227827
0.0117251626425
0.0106334785748
0.0108427160392
0.00993418068894
0.0088128180702
0.0111205855304
0.0102417449406
0.00957198573272
0.0103410585335
0.0111909581011
0.00874664348029
0.0101690568151
0.00962753600203
0.0118853442671
0.0101493738832
0.0100994316598
0.00965380931474
0.0089908878204
0.00933955044292
0.0100062291664
0.00968027336032
0.00806565511978
0.00869917136838
0.0100171379895
0.00911556051607
0.0100442000956
0.00832689513242
0.00724451294198
0.00682152704892
0.00611823146738
0.00549254224338
0.00591909376152
0.00694762632361
0.00733229308631
0.00760871402966
0.00788513497301
0.00723777582703
0.00765072079985
0.00915391666676
0.00682289764003
0.00806423881826
0.00837377483055
0.00906544410271
0.00830794150303
0.00830649236378
0.00776703481501
0.00639300641186
0.00821367312753
0.00905011948351
0.00949821803994
0.0106087699976
0.0102452736888
0.0102113964242
0.00834199554359
0.00914854594206
0.00865811132153
0.0089487058274
0.00927944341382
0.00602112327677
0.0101438658619
0.00850191630456
0.00751025310464
0.00827956598021
0.00675493867342
0.00854894743016
0.00582976314513
0.00751826842728
0.00705454003611
0.00632571317604
0.00652561225649
0.00517940612125
0.00736975512562
0.0056105081081
0.00508438633846
0.00515097116565
0.00377780821321
0.0054169248373
0.00443490513663
0.00513298775191
0.00307444562515
0.00381374915028
0.00321087958484
0.00357968384009
0.00328906982829
0.00267021191565
0.00381094894298
0.00328253356224
0.00463421759282
0.00374240635115
0.00389555895508
0.00273934340911
0.00395624063454
0.00349696756282
0.00550491242236
0.0024440886779
0.00547321552344
0.007625927866
0.00705671467835
0.00747061579412
0.00585701606277
0.00505884987963
0.00457736222392
0.00484413043989
0.00413949558282
0.00289154693832
0.00333670107852
0.00335560660143
0.00227716191181
0.00460502446356
0.00362615925808
0.00356502515585
0.00467447295279
0.00320413222059
0.00319686595238
0.00373978898867
0.00317953286465
0.0038106848336
0.00269768012735
0.00222837792983
0.00227380683959
0.00513729602567
0.00494623704306
0.00381225357765
0.00337934567537
0.00301790224107
0.00425278056151
0.00470107446474
0.00411590613349
0.00392202631993
0.00350669560719
0.00409195255788
0.00467720950857
0.00550862283641
0.00655470995612
0.00572915338766
0.00592047674823
0.00691623568173
0.00642758342293
0.00599059277142
0.00623884957261
0.00542272111158
0.00620548946011
0.00795046280289
0.00628624413115
0.00415469544372
0.00628243155108
0.00756959038278
0.00736255382674
0.00757641409824
0.00690266415317
0.00801378374296
0.00738480702976
0.00837172420308
0.00825579891676
0.00389914437922
0.00975496325114
0.00960096218049
0.00897269661307
0.0088574648515
0.00779324594289
0.00856379458106
0.00773960969609
0.00810354803893
0.00936822864799
0.0099078115791
0.00942091876664
0.0109637244827
0.0135142476536
0.0110749079082
0.0105003415123
0.00958834076798
0.0107671786983
0.00954094654465
0.00970234827979
0.00851838341666
0.00910782188573
0.00980385400918
0.0139995932126
0.00942837878902
0.0111454414014
0.0140924040222
0.0112016583652
0.0119333234819
0.0117366370766
0.010976768696
0.0112819975381
0.010541024679
0.0103347266092
0.0114582196735
0.0113925382816
0.0104467496246
0.0111589567747
0.0097515105981
0.00861981137029
0.00851312095299
0.00879049535316
0.00925270097072
0.00956528121939
0.00899712915637
0.00807494905295
0.00803856152186
0.00848190991498
0.00659979903736
0.00783659556205
0.00860509059273
0.00871987488202
0.007592637205
0.00750106174737
0.00691457860885
0.00721297617895
0.00679425994422
0.00694675343015
0.00745550868259
0.00730211489613
0.00712618199379
0.0084343565385
0.00865686053788
0.00787450399748
0.00800563327409
0.00902487679211
0.00865121313355
0.00675450745169
0.00757129742224
0.00741521301586
0.00873099756611
0.0100467821164
0.0113625666666
0.0126783512169
0.0139941357671
0.0110031432354
0.00957385461205
0.00894853105642
0.00845412216601
0.00805391047846
0.00865401605064
0.00736142438219
0.00739168302301
0.00792212681618
0.00592018779134
0.00633507896407
0.00544265767108
0.00550311428336
0.00435289240584
0.00486595940772
0.00462827889073
0.00579598341824
0.0033088122368
0.00182380025112
0.002024058021
0.00415485044169
0.000993407625562
0.00582687558473
0.00571593202446
0.0056049884642
0.00549404490393
0.00360428734964
0.00239694988758
0.00252482939495
0.00214305190379
0.00135004369451
0.000173024339677
0.000610756307649
-8.45879817247e-05
0.000749808267327
-0.000694964933945
-0.000443825485703
-0.00128689166922
-0.0026244512503
-0.00192933440639
-0.00118342036861
-0.00159159738847
-0.00132207906292
-0.00364292718739
-0.00237611997074
-0.00341437086206
-0.00283389089765
-0.0011508220685
-0.0014359786035
-0.00131191584879
-0.00310369378651
-0.00180429861183
-0.00166692710373
-0.00164779546423
-0.00287710495278
-0.00294314297244
-0.00249650529026
-0.0040194311336
-0.00147941860835
-0.00287461168604
-0.00281283151026
-0.00160858796039
-0.00168726004262
-0.00289379851903
-0.00185629352501
-0.0034710464686
-0.00190979528329
-0.000580757774275
-0.000668813244016
-0.00343505336687
-0.00189986415597
-0.000953077744184
-0.000935196315604
-0.000629980071466
-0.00177717092259
-0.00157446810348
-0.000807336286171
-0.000680967555752
3.36337644047e-06
-0.00190812708441
-0.00115143360133
-0.00150555735422
0.00170441308696
0.00149908878586
0.00348180792021
0.0019987439096
0.00106546387645
0.00128478025963
7.11606919046e-05
0.00140211330093
0.00143856656001
0.000493708634353
0.00138743611362
0.00116355631463
0.000939676515647
0.00340077092641
0.00261346162683
0.00364511650053
0.00825278142669
0.00352576409096
0.00438482579423
0.00418795578952
0.00379023027169
0.0052301236513
0.00792975941334
0.00563630766961
0.00741101793989
0.00579341712289
0.00508757881522
0.00647012065453
0.00506572606857
0.00535231952448
0.00712066243206
0.00591341990564
0.00653955398521
0.00725710770476
0.00632551960346
0.00593126380688
0.00638719277889
0.00664000969024
0.00807687516824
0.00836270022822
0.00902928372566
0.00670405442767
0.00739356597323
0.00640673763181
0.00805803151266
0.00752967143325
0.0107781053435
0.00821335827522
0.00778983277872
0.0088918287208
0.00987972841051
0.00991189883842
0.0103016761288
0.0104571812903
0.00984949908378
0.00958443184348
0.0105896935914
0.0103077199685
0.0112445925356
0.0106086110417
0.0100990197124
0.0100643603901
0.00928733022141
0.00879100994611
0.0100259560342
0.0101209710968
0.0107123862653
0.0095436641365
0.00906752035622
0.0096257586442
0.0103836521553
0.010152649588
0.0118607549011
0.0122202349027
0.0112699759193
0.0142791592783
0.0124566574021
0.0107045105799
0.0113880578224
0.0110082053634
0.0122092036764
0.0122214092429
0.0141638198769
0.00990726426777
0.0143032573578
0.0118959390534
0.0120333989475
0.0102296748408
0.00996882658837
0.0127264633636
0.0119044573472
0.0105416095379
0.0114262758382
0.0109297481878
0.00981431661559
0.0106392602201
0.0115835171393
0.00962735631031
0.0097732091731
0.00822329479021
0.00888819855371
0.00964540232618
0.00889139587168
0.00888041996579
0.00833253340648
0.00798401547356
0.00766531138015
0.00754706641244
0.00742882144472
0.00731057647701
0.00840110093697
0.00793227061816
0.00854071036911
0.00633935874866
0.00622316659453
0.0075895124089
0.00569932905593
0.00633924069508
0.00681290734204
0.00386563063322
0.00964664380578
0.00626518377835
0.00429278064627
0.00469305987676
0.00463871810927
0.00411074277423
0.00386633936295
0.00337504605773
0.00358864361625
0.00401160224845
0.00225643150668
0.00408177266085
0.00213244315226
0.00336932906963
0.00287780293379
0.00275500053654
0.00375803260625
0.00317724593925
0.0029033357799
0.00302386216472
0.00350623848194
0.00365028098434
0.00234858392012
0.00177909354629
0.00289424745449
0.00319759262414
0.00102845590429
0.00248865647721
0.0026418471915
0.00270398451531
-0.000374245953514
0.00160148047006
0.00053538273748
0.00178790634494
0.000665391747724
-0.00274661060998
0.00110615165637
-0.000657752299904
0.00151798915593
0.00115934332867
0.000504725642782
-0.00191458758459
4.0711949006e-05
0.000420509595882
0.00049261336225
-3.64017530273e-05
0.000141968425715
0.000320338604457
-0.000633707584878
-0.000307107662509
-0.000679823208164
-0.000611873697535
-0.000934372562574
-0.00129945151437
-0.00154210978281
0.00153812355784
0.000571512792165
0.00302060854124
-0.00142545149468
-0.000118642534744
-0.00151717015996
-0.000634108170997
-0.00171521643257
-0.00243610883212
-0.00307765185032
-0.00209163783885
-0.00147131662601
-0.0018477549591
-0.00201843056756
-0.00172156597759
-0.000258918690581
-0.00107516348786
-0.00118947908675
-0.000377110872837
-0.00190865440633
-0.000413183355251
-0.00179995386386
-0.00196449950146
-0.00189012390812
-4.19725212421e-05
-0.00169008850098
-0.00292332692259
-0.00317385875942
-0.00160125476116
-2.8650762902e-05
-0.00353727048862
-0.00484987131849
-0.00487650163334
-0.00486103001529
-0.00506153751975
-0.00511407610222
-0.00629437253545
-0.00686768695761
-0.00814272827343
-0.00630983133086
-0.00449041318791
-0.00584830348087
-0.00517351398764
-0.00477033552394
-0.00330581818925
-0.00107592125584
-0.00262299244107
-0.00251918976739
-0.00263151180333
-0.00475162441995
-0.00430921045105
-0.00441756801348
-0.00535792939981
-0.00486014168251
-0.00443871537977
-0.00395970696497
-0.00451204611413
-0.00400369624512
-0.00370148968846
-0.00299084956788
-0.00236483989006
-0.00141845420102
-0.00118336499651
-0.00109113305861
-0.00134986868741
-0.00111532871718
-0.000182511643015
0.000341624187051
-0.000267558163072
-0.0027904927451
-0.00320652244885
6.90449450145e-05
-0.00169992605366
-0.00111627021661
-0.000771519427002
0.000959211692603
-0.00132651850893
0.000982704357377
-0.000349829521135
0.000818402427047
0.00165946963452
0.000395276536146
0.000628722840335
-0.00184796208162
-2.15086570027e-05
-0.000763188072533
-0.000333580564719
-0.000644863054825
-0.00131853872984
-0.000556744016569
-0.000803333120413
-0.000498880820526
-0.00111380859577
-0.000939016743763
0.0003352690965
-0.000515524632573
-0.000982382018703
-0.000672124121324
-0.000390926454797
-0.00227135151557
-0.00118201097006
0.000465067967758
-0.00103461008746
-0.000882898128465
-3.36934797202e-05
-0.000748235678148
-0.00215483355403
0.000178364363164
0.000620561315552
-0.00265780830486
-0.00284094646663
-0.00406282081309
-0.00682929030413
-0.00524792675877
-0.00566930354224
-0.00556280125899
-0.00517919317584
-0.0054490432709
-0.00551090425097
-0.00581498228463
-0.00533760629261
-0.00453616231277
-0.00483689109478
-0.00564909367785
-0.00598469102168
-0.0063202883655
-0.0061105013373
-0.00418758591986
-0.0050271880858
-0.00556412900177
-0.00588917826394
-0.00555057910206
-0.00694481613879
-0.00725059660267
-0.00643339981598
-0.00748657660987
-0.00640041248274
-0.00704050308474
-0.00469714799484
-0.00759834092594
-0.00949247066486
-0.00866829208865
-0.0085765720145
-0.0083208967731
-0.00663497513612
-0.00674883009053
-0.00803432426449
-0.00900333700448
-0.00779369355388
-0.00950527153603
-0.00875635349268
-0.00659080567916
-0.00730922710911
-0.00742832465916
-0.0073534282515
-0.00651933223254
-0.00719420887027
-0.00797636149441
-0.00688059234487
-0.00768664225544
-0.0082043294541
-0.0068431781359
-0.00494446004934
-0.00524702505948
-0.00483039000109
-0.00801791536479
-0.00869617515049
-0.00679028814322
-0.00806377469109
-0.0080567565956
-0.00651865163991
-0.00656911485251
-0.00900962758353
-0.00628360818132
-0.00625294350951
-0.00791707084938
-0.00753147788182
-0.00665612598316
-0.00592131624449
-0.00639274457593
-0.00711758026547
-0.00750252523919
-0.00826514097249
-0.00832681211582
-0.00644316519571
-0.00631608377517
-0.00887371947024
-0.008624844441
-0.00778581434398
-0.00870413674995
-0.00888696249582
-0.00843747673478
-0.00954012876663
-0.0084333249873
-0.00916120134408
-0.00966183902714
-0.00872744759231
-0.0102297852369
-0.010216894849
-0.00903391165144
-0.0104665814927
-0.0127703122169
-0.0119629850757
-0.0115100041845
-0.00964756877115
-0.0125782693846
-0.014265130837
-0.0159461871383
-0.0151205777553
-0.0163921883678
-0.0174541976133
-0.0178217505166
-0.0182511124512
-0.0185738345301
-0.0192794701471
-0.0190626999288
-0.0188485052215
-0.0180464025991
-0.0209460090226
-0.0202595471028
-0.0195982629755
-0.0189369788483
-0.018275694721
-0.0176832773467
-0.017746327014
-0.0162220968409
-0.0175833279467
-0.0176272252346
-0.0168422113866
-0.0183152394295
-0.0186388421166
-0.0173174679459
-0.0169345243132
-0.0167211277712
-0.0159959884645
-0.0157451690297
-0.0154964531752
-0.0152640879535
-0.0145473222638
-0.0147409240373
-0.015576910395
-0.0127748673371
-0.0143942028314
-0.0130378540472
-0.0136941642503
-0.0128504512714
-0.0118522006738
-0.0122812522956
-0.0108446178956
-0.0116149857344
-0.0113416736172
-0.0110156764807
-0.0103863455011
-0.0112664854431
-0.0109745045036
-0.0112030280476
-0.0128375670463
-0.0119935089695
-0.0130113930247
-0.0121425157062
-0.013833725679
-0.0141668286169
-0.0157614299523
-0.0165790235106
-0.0154253125045
-0.0167377339724
-0.0170236647836
-0.0162253473563
-0.0168654246328
-0.0162727621713
-0.0134686179685
-0.0151107203106
-0.0176182480047
-0.0189374320983
-0.0177584252764
-0.0169849724987
-0.0160264540748
-0.0162439388848
-0.0165210040176
-0.0142291615732
-0.0143806722373
-0.0155880932951
-0.015941263838
-0.0150425633584
-0.0146998713447
-0.0149140798301
-0.0109073607454
-0.0148373582877
-0.0152151287865
-0.0131343729018
-0.0146633720064
-0.0134998404458
-0.014049330422
-0.0138532392287
-0.0133168342033
-0.0128862741935
-0.0120470246836
-0.00981969110209
-0.0100059954657
-0.0107614751875
-0.0110003119199
-0.0096984987082
-0.0115460701152
-0.00996630436499
-0.0104292056917
-0.00973688452978
-0.0113721102255
-0.0109564444555
-0.0103175623791
-0.0102892462992
-0.0113233466746
-0.0105893007516
-0.0095855539305
-0.0112265343751
-0.0113374878592
-0.0118454260915
-0.0116675826627
-0.011489739234
-0.0105867614067
-0.0112214337012
-0.0107031325365
-0.0130610645818
-0.0105021199127
-0.00845338674352
-0.00696804533687
-0.00779970119472
-0.010579216173
-0.00902477139644
-0.00791164615723
-0.00961907912628
-0.00902778975249
-0.010517703757
-0.010515922684
-0.0115577149363
-0.0102826964586
-0.0107762503524
-0.0113619298066
-0.0111837558528
-0.0112714849305
-0.0134926703703
-0.012554375174
-0.0108342455517
-0.0122193503429
-0.010785418906
-0.0108640470187
-0.0101978916651
-0.00972499104042
-0.00669361423224
-0.00626732603225
-0.00584103783226
-0.0103542121664
-0.00933206397247
-0.00476812317179
-0.00556200739526
-0.00635589161874
-0.00714977584221
-0.00822118091619
-0.0104393298052
-0.0108649569615
-0.00983284224778
-0.0109096112309
-0.00958068662778
-0.0103709549795
-0.0119868877418
-0.0120017884844
-0.0122402256238
-0.0106760502013
-0.0119638746562
-0.0130176042658
-0.0119499983707
-0.013585395301
-0.0134176500578
-0.0134703756567
-0.0130352893917
-0.0113018078565
-0.014936672269
-0.0144875437416
-0.0141162462351
-0.0140229212638
-0.0141076456149
-0.0149240236119
-0.014884210075
-0.0150653688269
-0.0162913046297
-0.0159359493349
-0.0170168558568
-0.0173440668928
-0.0171685626625
-0.0157128790462
-0.017374714474
-0.0174660050704
-0.0174477645205
-0.0193273643336
-0.0183470760482
-0.0198394625836
-0.0201209058003
-0.0193168543757
-0.0183673453251
-0.0179959903972
-0.0179472341121
-0.0172329051708
-0.0177187152365
-0.01601341204
-0.0166069361175
-0.0146441269808
-0.0165414050664
-0.0154857240524
-0.0177814278163
-0.0205598817456
-0.0213942932412
-0.0213535096985
-0.0222120448762
-0.0236501297878
-0.0250882146993
-0.026153853942
-0.0277100634667
-0.0293050309405
-0.0279598029358
-0.0293999521234
-0.0266693736306
-0.0264600819104
-0.0267866750147
-0.0276912493405
-0.0270024920362
-0.0244359281375
-0.0245663945836
-0.0205710930486
-0.0215615743538
-0.0244896869742
-0.0233944333872
-0.0269027478935
-0.0255459853783
-0.0245493306363
-0.0252258994589
-0.0239266725768
-0.0266467315834
-0.0270254626297
-0.0277570838125
-0.0255148060366
-0.0255145497901
-0.0231115720506
-0.0238241711115
-0.0229443862294
-0.0220393815989
-0.0203090266802
-0.0192821512943
-0.0192854248597
-0.0173807040072
-0.0172358152588
-0.0177629433155
-0.0157440102993
-0.0169775700726
-0.0180226980208
-0.0181901297667
-0.0179384570919
-0.0182344562204
-0.0172273361974
-0.0169782123329
-0.0172963481455
-0.0179637508286
-0.0169584968274
-0.0168125819138
-0.017399730173
-0.0171399846298
-0.0170471432912
-0.0177347280683
-0.0174531290073
-0.017833493952
-0.0167302755298
-0.0164634000756
-0.0146685089616
-0.0148031308059
-0.0157134923022
-0.0151173313416
-0.0182994475406
-0.0182396058575
-0.0152257891717
-0.0138584857856
-0.0162475431172
-0.014992981632
-0.0155260498987
-0.0146869293915
-0.0158959155858
-0.0165348868604
-0.0149529202312
-0.0157894343485
-0.0161078309066
-0.0153509076116
-0.0161153149354
-0.0156313207437
-0.0154502509812
-0.0135245649579
-0.015361119302
-0.0155953068512
-0.0151770747017
-0.0141348073429
-0.0161130749487
-0.0173287413912
-0.0155159730781
-0.0155444534743
-0.0153417893431
-0.0156906185524
-0.0151963134715
-0.0158555787667
-0.0148978974795
-0.0143581988718
-0.0133035403755
-0.0157196512165
-0.0151076061783
-0.0144955611401
-0.0135946242147
-0.0148619545858
-0.0152328153764
-0.0160970772928
-0.0147848043061
-0.0146010334468
-0.0137207550605
-0.016092237429
-0.0136668887723
-0.0140847196992
-0.0132083082175
-0.0133566889578
-0.0109793262157
-0.0110877807614
-0.0141598828194
-0.0119465614007
-0.0138333875013
-0.0142599087823
-0.0138747105138
-0.0140935287077
-0.0152766444077
-0.0147212334436
-0.0140437254716
-0.0125108671108
-0.0142600664171
-0.0130346313832
-0.0137646494308
-0.013936127583
-0.0141532876453
-0.012915481299
-0.0132726003401
-0.0127264657447
-0.01185583451
-0.0133781176175
-0.0116444476159
-0.0116539306959
-0.0110435364237
-0.0133442311849
-0.0120273867423
-0.01284065383
-0.0123644812085
-0.0120499606963
-0.0115580428537
-0.0111378815323
-0.0111545935638
-0.0104787947141
-0.0115835191719
-0.0127912676993
-0.0103284835352
-0.0114795734224
-0.0107131977375
-0.0108704732269
-0.0118380298486
-0.0117280946653
-0.012523818809
-0.0118169238347
-0.0120932878554
-0.0136170445794
-0.0122209130263
-0.0146985961555
-0.0129531440088
-0.0120880269577
-0.0137201140463
-0.0139133318001
-0.0140673335319
-0.012035863182
-0.013793695162
-0.0136145537198
-0.0122130033507
-0.0140153084178
-0.0127517010776
-0.0135359980212
-0.0115537529845
-0.0134962250306
-0.0145493956636
-0.0133276689591
-0.0129387178489
-0.012194532842
-0.0157192345223
-0.012218668427
-0.0152289625804
-0.0191377008757
-0.0208342690624
-0.0198555839022
-0.0180527711404
-0.0181411326869
-0.0192282454816
-0.0193831049046
-0.0202199909856
-0.0225903112801
-0.0254870948781
-0.0236306763446
-0.0236537754338
-0.0278454656776
-0.0272889468219
-0.0267324279662
-0.0267281678393
-0.0267239077124
-0.0267196475855
-0.0267153874585
-0.0267111273316
-0.0267068672047
-0.0265101546258
-0.0262054410238
-0.0245368795541
-0.0211204372688
-0.0213016768724
-0.0212850925497
-0.0233571703007
-0.0226780739433
-0.0216201761714
-0.0204635940811
-0.0196894831733
-0.0189778930021
-0.020893903096
-0.0215811977649
-0.0213356523312
-0.018445430295
-0.0199168666997
-0.0183489176219
-0.0170513886468
-0.0167668788006
-0.0186039949605
-0.0177445433066
-0.0175071941623
-0.0158525037983
-0.0176504443398
-0.0151604888144
-0.0152982579987
-0.0121889742183
-0.0148826216308
-0.0141159353337
-0.0123897458844
-0.0116883546954
-0.0131610222889
-0.0105337599998
-0.01038426764
-0.0109448938122
-0.010063078576
-0.00814445317937
-0.00966429425401
-0.00971970108765
-0.0129736943213
-0.008700303492
-0.00719589323573
-0.00816579972532
-0.00753664187305
-0.00648243973409
-0.00646723905854
-0.00690009495138
-0.00603754623152
-0.00398844113819
-0.0055387836761
-0.00670573381039
-0.00483282528428
-0.00329946801699
-0.0028642469465
-0.00403973699331
-0.00526938850948
-0.00182547495499
-0.00193639837554
-0.00236880111429
-0.00466712771907
-0.00572805345471
-0.000414500643024
-0.00171542858815
-0.00225441688271
-0.00260884765523
-0.00127637123872
-0.00188979094218
-0.00145585785358
-0.00119600376643
-0.00309029207795
-0.00210792225551
-0.00265707336664
-0.00101047065627
-0.000569440076286
-6.00141733471e-05
0.00552594195397
0.00238239223893
0.00062122537581
0.000167999621774
0.0029688782819
0.00420872463333
0.00361252740981
-0.000696973171009
-0.00145214185639
0.000758254268122
-0.00033159918262
-3.11882625185e-05
-0.00161953214861
-0.00320787603471
-0.00606368558822
-0.00688504195593
-0.00815774196365
-0.00736536049697
-0.00657297903029
-0.00578059756361
-0.00498821609693
-0.00830045789639
-0.0083052746637
-0.0123623489639
-0.00979800501728
-0.0147731064531
-0.0140743625963
-0.0133756187395
-0.0136345731616
-0.013947668397
-0.0144714869583
-0.0108188373679
-0.0114419384637
-0.0126766832518
-0.0115198390705
-0.0136972596195
-0.0122762352829
-0.0102319203212
-0.0113391310632
-0.0128026552459
-0.0118477797086
-0.00901399148623
-0.0115445820989
-0.0111779387691
-0.00696252664463
-0.00842875609678
-0.0101353876193
-0.00805512218036
-0.00786673910855
-0.00855539355194
-0.00723308296757
-0.00776514694116
-0.00741577305462
-0.00738855620805
-0.0083297822141
-0.00718805089051
-0.0059164874344
-0.00569607708071
-0.00361144883214
-0.00442936630823
-0.00289771286685
-0.00317954290896
-0.0028979166258
-0.0023998061941
-0.00237398580188
-0.00229272272083
-0.00227159771142
-0.00137506921022
-0.00224775409401
-0.00121759943498
0.000605074637163
-0.000337945078326
0.00131254562705
0.00106535494502
0.00192081528242
0.00127427434305
0.002497653837
0.00291924546488
0.00293594940049
0.000852670980708
0.00217943315857
0.00255962964991
0.00174916527643
0.00341649989712
0.000457851219269
0.00279986124654
0.00302232823894
0.00175224264253
0.00328071812234
0.00336979641693
0.00101781847698
0.00208686415482
0.00307142284478
0.00156806052093
0.00089072183203
0.00123610725015
-0.000459777998778
0.004203772355
0.000409729135282
0.00181548544278
0.00148690679144
-0.00185099222756
0.000467131495718
-0.000343122946981
-0.000305506531196
-3.36337644025e-06
0.000344556132767
-0.000205572204675
-0.000755700542118
-0.00130582887956
-0.000401663008218
-0.000588232799012
0.00088727812043
-0.000650436050803
-0.0018288019875
-0.00183512065244
-0.00190175090248
-0.00323758535884
-0.00381360258229
-0.00583367990965
-0.00599419757054
-0.00547077155556
-0.00653841157956
-0.00546994180325
-0.00588890668971
-0.00550571937374
-0.00584820631741
-0.00641092075705
-0.00818151119805
-0.00683945576349
-0.00723559618995
-0.00745350329946
-0.00753260290694
-0.00606075422382
-0.00570432877888
-0.00137475300066
-0.00424469832294
-0.000993744013194
-0.00380292598829
-0.00423118135583
-0.00203271634519
-0.00362504936254
-0.000406633835828
-0.00039035669263
0.000560635551805
-0.000250302024677
0.000681993760307
0.0012570058495
0.00239660698242
-0.000304600509307
0.00412052220175
0.00176649869366
0.00283903811144
0.00181595994876
0.000991175245112
0.00482897631267
0.00169724038669
0.00238086601539
0.00435577001548
0.0035522571423
0.00361834925038
0.0050705088967
0.00401403337119
0.00556954598761
0.005958975048
0.00679299422146
0.00282696256415
0.00450796088168
0.00449814165925
0.00434928873201
0.00427149007945
0.00456426883954
0.0036027982397
0.00478178868388
0.00403931849381
0.00527352565922
0.00519775337737
0.00525179425172
0.00543870063634
0.00376314716228
0.00394538476585
0.00412762236942
0.00441763160848
0.00608319790437
0.00722829586703
0.00837339382969
0.00949335699478
0.00834672379484
0.00698015110096
0.00518557537453
0.00493974446321
0.00355369479625
0.00551549027566
0.00474479340534
0.00592400429065
0.00359957513774
0.00487538555076
0.00591799485615
0.00475116464415
0.00687653168521
0.00556367845733
0.00496143712756
0.00513424280485
0.00440301080282
0.00559373913388
0.00678446746494
0.00394046947922
0.00594020801322
0.00526277144347
0.00473862503177
0.00612525866441
0.00676647314228
0.00743518449168
0.00594818766626
0.00550079511631
0.00760416832877
0.00621012465274
0.00770145872462
0.00846167971276
0.00758649352143
0.00656191228101
0.00844791433332
0.00751432415548
0.00947482116776
0.0106894315192
0.00832349242526
0.00844884311415
0.00980047889607
0.00983623591778
0.0100683936673
0.00911567839037
0.0100597897181
0.00993941919621
0.0122310216201
0.0100369001326
0.0109784085542
0.00854480252024
0.00976238561107
0.0104731992787
0.0124879597831
0.00815085023577
0.0107943395034
0.0116336781971
0.0125170379724
0.0125621863011
0.012578954643
0.0143882504929
0.0161975463428
0.0138105771271
0.0134012080073
0.0125136432086
0.0106296707631
0.0119894030718
0.010093833333
0.00987287079551
0.00889748931138
0.00949563870851
0.0098283790336
0.0111512808897
0.0120649963221
0.0100863341092
0.0110707290265
0.0113226555671
0.0106845707255
0.0139259838371
0.0118458644803
0.0114903764338
0.0109017359335
0.0124381234457
0.0106532121659
0.0129141239796
0.0103872570365
0.0124686151176
0.0102869602969
0.0125736648186
0.0113561938235
0.0140465579274
0.0148060596043
0.0155655612813
0.0163250629582
0.0149434349771
0.0133900023687
0.0131579702992
0.0162535535555
0.0146250915244
0.0147107368981
0.0174862796304
0.0161396839614
0.014808632367
0.0145061319225
0.0150642088804
0.014843865226
0.0143798313203
0.0160074598512
0.0154118775424
0.0156708702312
0.0138665548229
0.0150211703159
0.0118582537133
0.0138562841492
0.0133376957454
0.0128191073415
0.0128020074176
0.0129678354192
0.0139161220154
0.0136948841692
0.014059385702
0.0139992009817
0.014868523214
0.0137173217406
0.0136057478565
0.0136432944337
0.0146422791342
0.0155716209759
0.0150742975748
0.015453927379
0.0150410863632
0.015577884633
0.0152452468964
0.0158952994823
0.0163725373657
0.0172769443839
0.0171495045592
0.0133630758119
0.0135638221586
0.0122160519251
0.0119669595812
0.0138190974103
0.0116896141444
0.011806044135
0.0105453355377
0.0116308948722
0.0110217633706
0.00917690538858
0.0107541882198
0.0085690976694
0.00828945798133
0.00977381658739
0.00881065377477
0.00939231759316
0.00850698943702
0.00802978002843
0.00752274627465
0.00656854955598
0.00964426260166
0.00472712254786
0.007172788022
0.00527766112839
0.00701896208764
0.0056517540075
0.00643439121704
0.00676040215667
0.00581097152333
0.00622267497698
0.00697283962665
0.00530081742928
0.00784785501139
0.00443455082837
0.00453099160272
0.00267424263995
0.000909274552376
0.00346745762387
0.00367638557646
0.0043788508304
0.00192730869254
0.00216621776263
0.00391142586912
0.0056566339756
0.0049423704399
0.0029711578855
0.000599128196262
-0.000178386979161
-0.00182837758221
7.09983257223e-05
-3.41125223059e-05
-3.9811749767e-05
-0.00059950236672
0.000400219896062
-0.000539641047906
-0.00102492449052
0.000783937413921
7.00554747679e-05
-0.00165374577807
0.00036291256455
-0.00507303062131
-0.00184025119946
-0.00272749348911
-0.00214235403427
-0.00264271476163
-0.00201014806961
-0.00287142915654
-0.00307174816802
-0.0033709191352
-0.00314428653071
-0.00256726406221
-0.000780089664982
-0.00189586085228
-0.00301163203957
-0.0042133656432
-0.00243740821771
-0.00149817442975
-0.00160576363765
0.00203055436575
-0.000351952200416
-0.00273997402909
-0.00293149100107
-0.00227616501033
0.000340618457113
-0.00144129980312
-0.000508870214921
-0.000445253028988
-0.00171007477861
-0.00164927728403
-9.61644650945e-05
0.00162884326691
0.000230175042712
0.000852480295347
0.00115423193082
0.00179926634347
-0.000300038491927
0.000584554094859
0.00193354234595
0.000910628783177
0.00127258324019
0.00204524335494
0.00081030132953
0.00222956397626
0.00103062768208
0.000471443116461
-0.000852933487422
-0.000247517256387
0.00244360179737
-0.000268012500785
-0.000470976449906
-0.00075244986826
-0.00070163245592
-0.0028926151425
-0.0023224214466
-0.00268012020224
-0.00427338976483
-0.00724693156928
-0.0061978899753
-0.00649566356975
-0.00857036095756
-0.0112957284987
-0.0101915756129
-0.0115284159957
-0.011211470094
-0.0112398325245
-0.0109334838616
-0.0110769692453
-0.00846448224332
-0.00816469564837
-0.00964123907107
-0.00881783475096
-0.00870604147916
-0.00995136660365
-0.0087651096126
-0.00898249348707
-0.00932216129964
-0.00814815784617
-0.00491664477053
-0.00431724297708
-0.00229565718174
-0.00273882539401
-0.00227359529978
-0.00295504256177
-0.00307845208047
-0.00308089664113
-0.00213598882386
-0.000575249498725
-0.000513961335071
0.000901771417815
-0.000884306292883
8.23132063539e-05
-0.000826864960096
0.000324924436606
0.00162511852334
0.000546712573649
0.000974071224214
-0.00408749353063
-8.43106158982e-05
-0.000444751242263
0.00140784546687
0.000649292602332
0.000205306870268
0.000106708022685
0.000933414606751
0.00135268564531
0.000171065574181
0.00094649111297
-0.000483405456864
-0.00117964224727
-0.00187587903768
-0.000627737643827
-0.00093242645798
-0.0019238459332
0.000935473444725
0.000706097282923
0.000592805751382
0.0022077737656
0.00160109074969
0.00177301380046
0.000821049679592
-0.00283922153843
0.000670593179876
-0.00120897966672
-0.000612040545404
-0.000912488231929
-0.000488879422173
-2.31652147539e-05
-0.00215161698958
-0.00240845420282
-0.00273894847997
-0.00288033996249
-0.00229300564696
-0.0017258232246
-0.00389629278158
-0.0024750557059
-0.00261862926561
-0.00489814532622
-0.00304158758473
-0.00264948262131
-0.00379867507109
-0.00381909688068
-0.00436776760594
-0.004166608728
-0.00254697293128
-0.00790298727749
-0.00330698865854
-0.00319417811653
-0.00415520243466
-0.00397200376663
-0.00427955965852
-0.00615322347875
-0.00523978209316
-0.00586125689614
-0.00624204843191
-0.00524469066482
-0.00624785680845
-0.00780266021951
-0.00523469344374
-0.0072657788749
-0.00658644770183
-0.00741895334641
-0.00621969197837
-0.00732118879152
-0.00582837341826
-0.0072624242247
-0.00844996144999
-0.00679550904769
-0.00806168049926
-0.00753469663234
-0.00922461889692
-0.0097044169246
-0.008698781529
-0.00912382634403
-0.0106967646565
-0.0100272597497
-0.0102397576076
-0.00984471678355
-0.010998777217
-0.0116046469846
-0.0115447387975
-0.0114142254471
-0.0112837120966
-0.0111531987462
-0.0110226853958
-0.0108921720453
-0.0107616586949
-0.0115910119139
-0.010153116203
-0.0111252969683
-0.0132201397099
-0.010871636723
-0.0122799706347
-0.013871246029
-0.00927696560171
-0.0142476451386
-0.0145752016444
-0.0132170768758
-0.0131930621488
-0.0149900795747
-0.0139496618256
-0.0143295992742
-0.0147708909072
-0.0175220485109
-0.0193877159966
-0.0221873540432
-0.0249869920897
-0.0258197731451
-0.0263117142346
-0.0302345584169
-0.0307329864627
-0.0302983584216
-0.032778954803
-0.0339257910682
-0.0334285917191
-0.0324531118193
-0.0340824555668
-0.0378767776179
-0.035080742304
-0.0368838190901
-0.0424080988801
-0.0430174458395
-0.0473019578474
-0.0462640246299
-0.0462255488481
-0.0453628561626
-0.04473237665
-0.0418437689053
-0.0418214477518
-0.043357430223
-0.0418556721098
-0.0413791408301
-0.0409026095504
-0.0411763951987
-0.0399728800085
-0.0427215894582
-0.0435406437459
-0.0430511766227
-0.0430505599027
-0.0412772899096
-0.0389685781455
-0.0395887814988
-0.0386442953121
-0.0379848676038
-0.0353997975847
-0.0343402067752
-0.0324349230345
-0.0292809356027
-0.0283977294377
-0.0287822241454
-0.0270244465712
-0.025085703561
-0.0232759314202
-0.0242782161604
-0.0210347557635
-0.0205782157279
-0.0198067910378
-0.0192341042169
-0.0164155649708
-0.0138846535521
-0.0159747043749
-0.0154997304386
-0.0155210527479
-0.0171348819485
-0.0166109449797
-0.0181838483749
-0.0146644895881
-0.0138723608169
-0.0143273734289
-0.013988453219
-0.0135865994016
-0.0126892984815
-0.0149027901133
-0.0135156084077
-0.0130603355169
-0.0120833454153
-0.012206886995
-0.0122189296086
-0.0118865622189
-0.0137312866712
-0.0116114589397
-0.0104207994701
-0.0104600603159
-0.0105542542213
-0.00723782071038
-0.00706856742657
-0.00737364184731
-0.00523727320114
-0.00823008352073
-0.00691737437937
-0.00546642811535
-0.00548729867571
-0.00534553017054
-0.00698747384334
-0.00445318068931
-0.00614435128403
-0.00590935349265
-0.00609601181112
-0.0073068725573
-0.00641959322244
-0.00607117748471
-0.00572724153441
-0.0053833055841
-0.00518421859819
-0.00425967356778
-0.00408733362221
-0.0029873044686
-0.00237347992959
-0.00302431236813
-0.00258318381248
-0.00237315626049
-0.00215740628796
-0.00333134985338
-0.00342715174845
-0.00454781296362
-0.0029261633728
-0.00239041132645
-0.00296839552865
-0.00421756260702
-0.00283006532245
-0.00210341666646
-0.00326412873846
-0.00164709979153
-0.00292374554005
-0.00332103405697
-0.00298764129443
-0.0017984540454
-0.00226999573574
-0.00272335182565
-0.00307871844844
-0.00266432290899
-0.00405471308624
-0.00437467834973
-0.00417130345296
-0.00540233959927
-0.00433736621207
-0.00548760844655
-0.00337134861615
-0.00251473356988
-0.00165811852361
-0.000801503477346
5.51115689216e-05
0.000402537139251
-0.00218416777277
-0.00263812325651
-0.00162450683428
-0.00162414798435
-0.00032567945619
0.000177258628385
0.000645677330391
0.00331198816067
0.00140569661713
0.00167934460417
0.000908928407499
0.00051687477305
0.000329960172207
-0.000282000661404
0.00128421559644
0.000868313378206
-0.000578613810557
-0.000116067141566
0.000131649127337
0.00310974818048
0.00376954598312
0.00427702569477
0.00476177578334
0.00468964332433
0.00427995972934
0.00488061478214
0.00361346673081
0.00472934222751
0.00286521119218
0.00371180404537
0.00359060038587
0.0032117827626
0.00459347917259
0.00339105174673
0.00432825747904
0.00641858584071
0.00309532196564
0.00397113073702
0.00482788775993
0.0043580015646
0.00281449171606
0.00305195634184
0.00105231917318
0.00418535773975
0.00621281668375
0.00464645187671
0.00566196149999
0.00390933052078
0.00655975794354
0.00498242076362
0.0034510889392
0.00606173553987
0.00608327606474
0.00528293290876
0.00581476600613
0.00634659910349
0.00714927042022
0.0119245348275
0.00759944575073
0.00700658325935
0.00759257282654
0.00623119315476
0.00836385519499
0.00866154977116
0.00852156479973
0.00863321228874
0.00966724683202
0.00606502394893
0.00680562716664
0.0075733392478
0.00840577675623
0.00871415335714
0.00777236769267
0.00897974875125
0.0102552879824
0.00753243643232
0.00774642091546
0.00926509710719
0.00755816333457
0.00969224786187
0.00728461718767
0.00825875018287
0.00740920039816
0.00886171191977
0.00921002020135
0.00795816689205
0.00794507501903
0.00581176990545
0.00726400317417
0.00582770844022
0.00700505730061
0.00635629241071
0.00689752090738
0.00523722434483
0.00674628115815
0.00735080613956
0.00744367937552
0.0082000802191
0.00638730597369
0.00637148637154
0.00953456733114
0.00949756853623
0.00757511815367
0.00848143743881
0.00830597587143
0.00952033589668
0.00778638984333
0.00903116946954
0.00816287215039
0.00861671155854
0.00981694653725
0.0100541423486
0.00616401771964
0.00851305440452
0.00815695161982
0.00686345882025
0.00739039862176
0.00660811173438
0.00581410868288
0.00651242737236
0.00401398955303
0.00337424297739
0.00411369222531
0.00431656626375
0.00354731525615
0.00354323143208
0.00100667642878
0.0025407088399
0.00123805863178
0.00259692043754
0.0020948014847
-0.000366849419016
0.000481785037327
-0.0015370362294
-5.75182700771e-05
-0.00207289472633
-0.000159803597602
-0.000232563430529
-0.00141088511907
0.00332942591963
0.0032307097018
0.00334769101669
0.00346467233158
0.00358165364647
0.00345562939123
0.00209732141557
0.00163273019776
-0.00114564848516
0.000504655301883
-0.00116280296053
-7.729136394e-05
0.00100822023265
0.000333723512866
0.000873486769016
-0.000350389487086
0.00108599297805
8.06669723077e-05
0.00045469964692
-0.00107239790915
-0.00027472467646
-0.000493310465121
9.96036286827e-05
-0.00179182494541
-0.000657768488837
-0.00163134379906
0.000611205099817
0.000213218167709
-0.00345631241131
-0.00018719572708
-0.00241158711448
-4.1391962063e-05
-0.000644188769921
-0.000518181377045
-0.00122705223969
-0.0031304985752
-0.00112879110961
-0.00162652778475
0.000233126374655
0.00209278053406
0.0011005075854
0.00021632451871
-0.000358187841759
-7.55030454574e-05
0.00118269408156
0.000975487954692
-0.00240734424845
-0.00231412362019
0.000471507824545
0.000227243392253
-0.000818769386328
-0.000620115718072
-0.00275782370776
-0.0017565761406
-0.00265496502193
-0.00217204813421
-0.002220779543
-0.00213585840576
-0.00270700023707
-0.00305636376364
-0.00382667376805
-0.00357780776964
-0.00234159668414
-0.00293605405159
-0.00297399892064
-0.00213081173164
-0.00262837151749
-0.000594618800335
-0.00330627735539
-0.00225544459733
-0.000625031611774
-0.00334981168854
-0.00315409866725
-0.00258104544035
-0.00235035998838
-0.00164080654664
-0.000614029682589
-0.0049473852621
-0.000888239168164
-0.0016709014233
-0.0029961557973
-0.00237376824402
-0.00358779528245
-0.00279897338489
-0.00159448161848
-0.00319444446483
-0.00208408238299
-0.00387390812139
-0.00371645150016
-0.00344098616844
-0.00264094061577
-0.00403174680358
-0.00407535122403
-0.00566134134539
-0.00729654356858
-0.00710735614285
-0.00644672883142
-0.00641419179902
-0.00508129505847
-0.00568452168185
-0.00769335227264
-0.00772046510956
-0.00421275004293
-0.00790979899398
-0.0063569314334
-0.00680905652794
-0.00786881256204
-0.00696894027331
-0.00606906798457
-0.00696178259211
-0.00617630942767
-0.00534294034195
-0.00466064913716
-0.00388739036759
-0.00339503788399
-0.00288922067829
-0.00551441235129
-0.00488006033463
-0.00321932911538
-0.00331580868465
-0.00326612737807
-0.00114489103756
-0.00123596920134
-0.00214421056666
-0.00085097319818
-0.00035584468313
-0.000466101645459
-0.000961245688532
-9.64120017707e-05
0.00134954498539
0.00172648913957
0.00166825644735
0.00156315442832
0.00156872385436
0.000920344386022
0.000702990464209
0.00131370549724
0.00299422501788
0.00100320640194
0.000240111761664
0.00253858262813
0.00165319252984
0.000136025239782
-0.00135621881725
0.000536868022494
0.000153751714804
-0.000900996845461
-0.00102772485481
-0.000910720591164
0.000444515948296
-3.03300700374e-05
0.00284287067645
0.00216953349306
0.00223589547734
0.00512748146823
0.00254002380408
0.00276987579623
0.00458252096211
0.00416949877
0.00171287567712
0.00378887513817
0.00535965004495
0.00221628133717
0.0052907373497
0.0037696733723
0.00416798773685
0.00317937616594
0.0035154190408
0.00205742320812
0.00224186174311
0.0023880292537
0.00052299467105
0.00129689564773
0.00224189111805
0.00267259257712
0.00104932866677
0.00227112068181
-0.000422089915077
0.00116126591073
-0.0013023626369
0.00245338821826
0.00228050976959
0.00168709015497
0.00441048471496
0.00253213222116
0.00426561911718
0.000666874955405
0.00190971456035
0.00124774575237
0.00126774376368
0.00101129601255
0.000553465185255
0.0015253775902
0.00166344674395
-0.000613780906423
-0.000460057903372
0.000860599361094
0.000861417391129
0.000374826689883
0.00114482321788
-0.00122324432883
-0.000428597912205
0.000523222376049
-0.000151692170265
-0.00082660671658
-0.000380876489552
-0.00037693925824
-0.0026792382913
-0.00236939195346
-0.00149487729849
-0.00216804013287
-0.00631233835736
-0.0061674512797
-0.00505523163955
-0.00617768551155
-0.00667517589184
-0.00565967262991
-0.00649113853728
-0.00695292201634
-0.00681153989613
-0.00649951415221
-0.00645959405214
-0.00654243425927
-0.00770131407565
-0.00644990745456
-0.00977601520343
-0.00874535850837
-0.00732841549664
-0.00977029015
-0.00842039845864
-0.00880332384921
-0.00896054574842
-0.0104765976031
-0.0100608102246
-0.00798442253921
-0.00848244874104
-0.0102081106995
-0.010295676487
-0.0122014002106
-0.0146374957663
-0.0103425308124
-0.0116810807349
-0.0143336903089
-0.0145030411996
-0.0144722893979
-0.0144272944653
-0.0155976023588
-0.0159467913028
-0.0170242558954
-0.018503636328
-0.0207454804576
-0.0242449430241
-0.0246590181101
-0.0236480912052
-0.0240022630249
-0.0253612736563
-0.0268847269101
-0.0278953416751
-0.0285318387214
-0.0279271281233
-0.0287027025492
-0.0316672924828
-0.0300070208743
-0.0290035155645
-0.0294557332839
-0.0309759465241
-0.0337486991715
-0.0306849336669
-0.0311944977142
-0.0286586775747
-0.0284575435789
-0.0290914054291
-0.0325545803454
-0.0365643481311
-0.0337407164501
-0.034054950992
-0.0327317640292
-0.0331450549416
-0.0334307233267
-0.0331811501459
-0.0312147800615
-0.0322346397762
-0.0314468117405
-0.0304613425198
-0.0312594219441
-0.0313751889851
-0.0333632445294
-0.0315506502718
-0.0301162379584
-0.0309208774058
-0.0283928738731
-0.0293648387531
-0.028239731617
-0.0296090254371
-0.0275869262207
-0.0264933856727
-0.0281110395574
-0.0279952682462
-0.0261465053015
-0.0259020341937
-0.0256575630859
-0.0243039797426
-0.0249077598733
-0.0239077046664
-0.0247056479315
-0.0256625364875
-0.0246772791633
-0.0252175220525
-0.0271001899737
-0.0271965964151
-0.0275604553433
-0.0264843068262
-0.0244212342066
-0.025855952534
-0.0261088755278
-0.0236765541641
-0.0218646169313
-0.019849529095
-0.0187944043416
-0.0178046978196
-0.0190446479556
-0.0150601016624
-0.0147715481089
-0.014841153442
-0.0102415474497
-0.0103380675709
-0.0116113684068
-0.00998923069032
-0.00836709297385
-0.00674495525737
-0.0051228175409
-0.00350067982442
-0.00304670799042
-0.00586672805523
-0.00380542492905
-0.00474348325376
-0.00416385506488
-0.00465627015899
-0.00480894765985
-0.00447346822768
-0.00340089709709
-0.00531312839283
-0.00639895701017
-0.0054397808315
-0.0068022005803
-0.0080599768864
-0.0116395777226
-0.0102354053941
-0.00919392805181
-0.0097883772795
-0.0113143519327
-0.011917286303
-0.0127501620444
-0.0104259069553
-0.0091603698881
-0.00948526896846
-0.00770336949191
-0.00810952100687
-0.00692569086718
-0.00663339039818
-0.0060853924395
-0.0073789216513
-0.00691828080898
-0.00743361152096
-0.00794894223294
-0.00580805049321
-0.00638880667084
-0.007808869156
-0.00816057978638
-0.00694478906718
-0.0064689774505
-0.00699170863387
-0.00404776314629
-0.00577085277415
-0.00666157076679
-0.00578608211786
-0.00689985952827
-0.00627815564093
-0.00730640013845
-0.00615582083689
-0.00779144663428
-0.00970522336884
-0.0100887102556
-0.00857135611496
-0.00663979625416
-0.00741662317317
-0.00753260609094
-0.00896850794101
-0.00883470565558
-0.00873312304257
-0.00888876536489
-0.00859480635647
-0.00992433065132
-0.0107576534999
-0.00830512170515
-0.00874828323919
-0.00919144477322
-0.00829175315823
-0.0107378715243
-0.0106983481888
-0.0105281233898
-0.0102823008526
-0.00974742696264
-0.0108506973241
-0.0116518748292
-0.0108344170827
-0.0113322170823
-0.0109926215302
-0.0110155312127
-0.0110023482984
-0.011834428629
-0.00983488528256
-0.00976930653507
-0.0103252080605
-0.0107019308525
-0.010778754749
-0.00985135378136
-0.0106966591638
-0.00982062835302
-0.0102727090071
-0.00962728296686
-0.0110256279152
-0.0105205720655
-0.0111233048699
-0.0090773669931
-0.00913374482414
-0.0087350980721
-0.00941676404487
-0.0109891579699
-0.0098550487065
-0.00944721054382
-0.0103390750506
-0.00791823278842
-0.009458871117
-0.00740204352734
-0.00920713570281
-0.00733290664125
-0.00677169742733
-0.00984481438977
-0.0109541396131
-0.0121659091372
-0.0127237240674
-0.0105380544061
-0.011135872034
-0.0100564232777
-0.0106725982271
-0.012174242501
-0.0115522527322
-0.0109855659746
-0.0118168561534
-0.0125319172782
-0.0129576831257
-0.0138434538658
-0.0156825639151
-0.0156183517829
-0.0156134088574
-0.0115817344576
-0.0118360589729
-0.0116169856861
-0.0132295666882
-0.014103387802
-0.0121033765292
-0.0126500489297
-0.0106924391251
-0.0114786885227
-0.0114423786293
-0.0130493081857
-0.0123047624943
-0.0136352138363
-0.0114612848907
-0.0128583930508
-0.0125513791164
-0.0121248041747
-0.0119259846588
-0.0130111697738
-0.0128448874901
-0.0132710371257
-0.0129160948182
-0.0141554982815
-0.0192145783759
-0.0156699526757
-0.0161600947128
-0.0166655939682
-0.0169333225902
-0.0185015971122
-0.0180896760331
-0.0179143837469
-0.0164626261991
-0.0133542957446
-0.0159428253769
-0.0142139438559
-0.0143658296486
-0.0145177154413
-0.0137188628797
-0.0129851030772
-0.015043949875
-0.0116131737441
-0.0128684195605
-0.0119809506881
-0.00783109754245
-0.0120702222021
-0.0111783998408
-0.0118831352568
-0.0136137222132
-0.0140899760957
-0.0138566459392
-0.0151918073731
-0.0142279523173
-0.0127357454617
-0.0126396460193
-0.0109427139737
-0.0100693742768
-0.00928179095486
-0.00871390416733
-0.00950434640805
-0.00912857247323
-0.00783922963136
-0.00728427693552
-0.0065132138529
-0.00709033576964
-0.00342427806269
-0.00465993493206
-0.00380639213352
-0.00303710432384
-0.00320780135679
-0.00411880045652
-0.00283103541814
-0.0017517873992
-0.00203868746532
-0.00163543954901
-0.00282294472767
-0.00090086947552
-0.00326398217921
-0.00153253907739
-0.00118480281136
-0.0017003969513
-0.00196983191391
-0.00222919672344
-0.000170271842289
-0.00278382082403
-0.00193353915765
-0.000509403350311
0.000720343290979
0.000702617818048
-0.000166313691851
-0.000497135927622
0.000222892049744
-0.00103120051897
-0.000636272756483
-0.00249369535722
-0.00136795452583
0.00158222103661
0.00020353283784
0.000181482237322
-0.000263237475027
0.000937229482054
0.000288843917524
-0.000622334109803
0.000325478609616
-0.000684748107702
-0.00238230409811
-0.000937582909362
0.000209668791294
-0.00285277408991
-0.00117705170746
-0.00174840474016
-0.00291719469836
-0.00186716097633
-0.00273425096896
-0.00329961718321
-0.00311465689973
-0.0026913015753
-0.00197740167638
-0.00401266725392
-0.00301038793981
-0.00587315023431
-0.00380210608506
-0.00361886911403
-0.00369131179013
-0.00289119594808
-0.0034242216631
-0.00446105452909
-0.00457660065615
-0.00283243175852
-0.00518811076797
-0.00465463539261
-0.00585752058091
-0.0043133813717
-0.0027692421625
-0.00420176376378
-0.00490802485508
-0.00580280111234
-0.00449882403114
-0.00467535046589
-0.00415637218537
-0.00271770235337
-0.00127903252137
-0.00497374601172
-0.00479875159471
-0.00510715429133
-0.00523379053669
-0.00566491588784
-0.00446585977434
-0.00521041876553
-0.00600735931734
-0.00681379745557
-0.0070909469508
-0.00703867765374
-0.00647924245484
-0.00607713451308
-0.00716257361688
-0.00799591572973
-0.00712710488132
-0.00761199100082
-0.00631568061366
-0.0070699908961
-0.00682722547843
-0.00825425486419
-0.00825224460792
-0.00710574061773
-0.00700799883068
-0.00728733200974
-0.00246156363396
-0.0076966743096
-0.00384405105815
-0.00613463231355
-0.00586741823066
-0.00689462816731
-0.0080464288845
-0.00698719921472
-0.00631497927532
-0.00629467160002
-0.00647069016392
-0.00639094587718
-0.00548427252873
-0.00613813235382
-0.00679199217892
-0.00662830369248
-0.00535658360527
-0.00443764679306
-0.00523367836175
-0.00495369182381
-0.00487686223446
-0.00606250170898
-0.00331903132741
-0.00498393168583
-0.00575823454382
-0.00368382614091
-0.00592897366828
-0.00388143442056
-0.00372403953227
-0.00574426629247
8.09349102782e-06
-0.000136433788386
-0.0033677805941
-0.00519077000863
-0.00504825214836
-0.00444861367289
-0.0048521063446
-0.00199018778398
-0.00272884982598
-0.0018071074355
-0.00303484114176
-0.00140127049697
-0.00229993847541
-0.00215467345463
-0.00338207310593
-0.00340712062388
-0.0020453008451
-0.00248320318967
-0.00329985416776
-0.00475815681306
-0.0028319990661
-0.00259732221169
-0.0032734394069
-0.00432676812971
-0.00443565151562
-0.00169843787206
-0.00336661056658
-0.00254290670344
-0.00298168071257
-0.00366690331029
-0.00410225808183
-0.00363877742157
-0.00329415700153
-0.00524649361585
-0.00733134525756
-0.00534520099643
-0.00512367918756
-0.00480429968054
-0.00398593359681
-0.00267807065106
-0.00254479870844
-0.0016667756799
8.38181754426e-06
0.000518278952061
0.000767635972453
0.000695730019371
0.000628861777315
-0.000886269320072
-0.00169842004496
-0.00035641936045
0.00098558132406
0.00232758200857
0.00366958269308
0.00501158337759
0.0063535840621
0.00769558474661
0.00903758543112
0.0103795861156
0.0117215868001
0.0130635874847
0.0144055881692
0.0157475888537
0.0170895895382
0.0184315902227
0.0197735909072
0.0211155915917
0.0224575922762
0.0237995929607
0.0251415936452
0.0264835943298
