-0.0842688178584
-0.089094727018
-0.0922016227101
-0.0917704150935
-0.0923558646081
-0.0943391946631
-0.0943686481453
-0.0960170641294
-0.0964231939564
-0.0901949102293
-0.0825727456189
-0.074237203976
-0.0675080322811
-0.0657356868895
-0.0575239428794
-0.0486209793511
-0.0438145118289
-0.041656801685
-0.0428063966357
-0.0461718537936
-0.0473862911029
-0.0387243580027
-0.0277001491312
-0.0171912781789
-0.00935284783745
-0.0045521510634
-0.00199421853846
-0.00105777849248
0.00176661846262
-0.000829312386151
0.000211980911134
-0.00161855426502
0.00198191267639
0.00781477774559
0.014241899766
0.0171516198779
0.020511709073
0.0141758503978
0.0123179282833
0.0126519882597
0.0129983559623
0.0127158705367
0.0155572722082
0.0179971847617
0.021526781327
0.0238519988866
0.0215851453663
0.0230593461289
0.0242186619759
0.0265877833532
0.0305595718628
0.0354070803802
0.0380516406454
0.043975277703
0.0469054024152
0.0408402438431
0.0391461882288
0.0436710420403
0.0480610454348
0.0434674997351
0.0393230331744
0.0421560799533
0.0444233576639
0.0556006578867
0.0641251327347
0.0657980596934
0.0664059650846
0.068355373899
0.0679561646929
0.0707069044138
0.0772477113361
0.0879442788921
0.0824552899277
0.0799152885571
0.0836539306213
0.0958194452974
0.0938499704037
0.082649775976
0.0847661838831
0.0899218114
0.089273636358
0.0856792090108
0.0845582685256
0.0841297035933
0.0754112654933
0.0680476734051
0.070684155846
0.0678331038766
0.0673567383011
0.0691164899526
0.0753904248047
0.0790409476538
0.0914490895887
0.0990417491949
0.106634408801
0.116279580567
0.112836545191
0.113807154893
0.118744830997
0.123486236441
0.115223090181
0.116209420854
0.118124811187
0.114598663112
0.114094158106
0.107797243914
0.102440089477
0.0843862444374
0.0676477043702
0.0698803210343
0.0509858956902
0.0265403380084
0.0105804307952
-0.00604436788847
-0.0316631961381
-0.045337141822
-0.0549921723996
-0.0619762204895
-0.0641970477094
-0.0587348261749
-0.0518207664958
-0.0389673285047
-0.0320195909319
-0.0343085737219
-0.0353349625921
-0.0244243372205
-0.0267832616774
-0.0140025461415
-0.0102452832342
-0.0169667512237
-0.016925490638
-0.0114022827052
-0.0198553128802
-0.0283083430553
-0.045672556894
-0.0444039590402
-0.0749901931
-0.0744264265484
-0.0738626599969
-0.0732988934453
-0.0727351268937
-0.0707613423701
-0.0778935747512
-0.0674574576878
-0.0734478720831
-0.0601817709866
-0.0414686996981
-0.0327297929715
-0.0176850701985
-0.00948257777835
0.000814913480943
0.0108329184849
0.00833472919308
0.00600665468693
0.0162307383254
0.0163001552951
0.0163695722647
0.0164389892343
0.016508406204
0.0149206343255
0.0133328624469
0.0117450905684
0.0101573186898
0.00856954681128
0.00698177493274
0.00539400305419
0.00380623117565
-0.0150709987656
-0.042950646502
-0.0578452579707
-0.0641453039406
-0.0800787659415
-0.091145711966
-0.0940823767376
-0.0973314601336
-0.116790692328
-0.136249924523
-0.137534552728
-0.138819180933
-0.129322671724
-0.133832180497
-0.122680053154
-0.111527925811
-0.114591649254
-0.103752880501
-0.114332757695
-0.103958691566
-0.078124430398
-0.0593514696441
-0.0686976321244
-0.0780437946046
-0.0873899570849
-0.0796269260776
-0.0833034169138
-0.0873066083838
-0.0876125000921
-0.0627586502131
-0.0504126835778
-0.0300891559095
-0.0333175053776
-0.0464428790263
-0.0626689503379
-0.045982554907
-0.0604647168299
-0.0953000758996
-0.115332042022
-0.112655485564
-0.128296123808
-0.126916682683
-0.127067858285
-0.125098243998
-0.125335843047
-0.110657242837
-0.0959786426264
-0.0962281062628
-0.100026520907
-0.108971270896
-0.0963974742806
-0.100180723168
-0.107266485578
-0.0971210907141
-0.0873964679674
-0.0950187070961
-0.115200633478
-0.128851562219
-0.138094456954
-0.14002336746
-0.138934300612
-0.135021251968
-0.119679697897
-0.110850685008
-0.103202902998
-0.0845436903899
-0.0703064445465
-0.0694700829992
-0.0653333221665
-0.0568971962268
-0.0445034672078
-0.0397184140268
-0.037000962149
-0.0348591774433
-0.0227809106861
-0.0220547348814
-0.0203687624696
-0.014657705642
-0.00887146148616
-0.00494794243195
0.00279783404658
0.00388797787745
0.00689970757946
0.0102987455916
0.00972195659672
0.00414755354538
0.0021796251267
0.00191235549669
0.00411421612589
0.00181411058322
0.000595032495518
-0.00174984814215
-0.00595990950836
-0.00198513941296
0.000649634324706
0.0053361692882
0.00619286714542
0.00859219744899
0.0166194526335
0.0349299289128
0.0440201748039
0.0500116765497
0.054355486268
0.0552302929998
0.0605495440302
0.0623372920844
0.0636069363322
0.0606542760112
0.0565919011451
0.0572657445607
0.0650820885372
0.0578359758285
0.0800207354922
0.0709745904934
0.067768593402
0.0622451536298
0.0608499651284
0.0572626540704
0.0501349105253
0.0430071669802
0.035879423435
0.0287516798899
0.0535098267898
0.0553001115743
0.0613056634977
0.0640225067533
0.064358738931
0.0617650206028
0.0640946063692
0.0600940233936
0.060578810297
0.0498024101707
0.0343665219367
0.0188719609541
0.00258948555701
-0.0188773146684
-0.022003433094
-0.0139753056151
-0.00777652584816
-0.00594012889402
-0.00714953569577
-0.00987855392049
-0.0146522940547
-0.013817512219
-0.0176842045617
-0.0161559506245
-0.0149517491072
-0.0254654399806
-0.0374548828228
-0.0179257663084
-4.26962665302e-05
0.00536540410618
-0.00112117642564
0.0053899422318
0.0159337514927
0.0207641979221
0.0260652712384
0.0220998315748
0.0183249603993
0.0347708150922
0.0378408041798
0.0435144332589
0.052429761799
0.0483084360861
0.0257151225305
0.03678108767
0.0478470528096
0.0842820031402
0.103226417789
0.109616722841
0.116007027893
0.110415965112
0.0949935229418
0.100928383936
0.10686324493
0.123990727765
0.111987498238
0.10428837304
0.0963178064099
0.0835409919796
0.0708191786385
0.0641005508808
0.0666093766299
0.0708075466676
0.0648188161732
0.0699198061675
0.0699058925544
0.0723919335006
0.0600273055109
0.0513337156806
0.0502723941578
0.0458218121244
0.0415521977476
0.0362265317284
0.0387653346548
0.0344478884105
0.0261353422025
0.0183543074262
0.0169673514085
0.0154833118925
0.0197732769836
0.0221562545565
0.0218504319545
0.0209144508069
0.0130535084204
0.00699791486793
0.00158275252335
-0.00395082817751
-0.00942985374545
-0.0117512618229
-0.0100632352263
-0.00569975567388
-0.00378331718867
0.00192267699023
0.00298109031659
0.00403950364295
0.00535345992512
0.00485362909388
6.36834520542e-05
-0.00206245340293
-0.00442309692222
-0.00681482207847
-0.0105905570318
-0.00727330076114
-0.00592886489523
-0.00211197489675
0.00799938751123
0.00178202719714
-0.00654216555811
-0.0141505038108
-0.0191282134302
-0.0217015969172
-0.0242861085024
-0.0253197884704
-0.0220819157644
-0.0180587371127
-0.0220434512355
-0.0288059161372
-0.0380958751678
-0.045086911028
-0.0521343928513
-0.0552655478514
-0.0560867931642
-0.0469869848431
-0.0386527938626
-0.0416239858011
-0.0583393705879
-0.0684410512625
-0.0729186770299
-0.0758367095401
-0.0830551860132
-0.0887749112172
-0.0905107977416
-0.0924400169927
-0.0887893931527
-0.0904145816801
-0.097170302328
-0.0911750405196
-0.0736860823272
-0.0550373792986
-0.043783157962
-0.0366413695072
-0.0277030499693
-0.0307014284289
-0.0318210047552
-0.030436148245
-0.037191544451
-0.0325310188923
-0.0372977822958
-0.0412748772208
-0.0348654365063
-0.0393674590174
-0.0508394111076
-0.0721288584968
-0.0727858216047
-0.0738357530706
-0.0893613957464
-0.0854520576251
-0.0679782035067
-0.0706940092447
-0.0671430588553
-0.055874068334
-0.0655449647986
-0.055874192109
-0.0725674523177
-0.111966425605
-0.134488209678
-0.146236093462
-0.166299024485
-0.194299225955
-0.200712265585
-0.216519884885
-0.21019427441
-0.203868663935
-0.19754305346
-0.191217442985
-0.183824806715
-0.176432170446
-0.169039534176
-0.161338471477
-0.152172413
-0.16060575123
-0.149966771088
-0.149894624609
-0.151948801061
-0.158916999922
-0.15367632577
-0.137869820402
-0.141148609466
-0.13270569896
-0.126774040863
-0.120842382767
-0.113734324792
-0.101909763011
-0.0919275752579
-0.0904219087159
-0.0756465038018
-0.069469797979
-0.072694707309
-0.0757728294759
-0.0707614917075
-0.0561021735657
-0.0427849765902
-0.0317039020746
-0.0362468401953
-0.0521584482441
-0.069398162022
-0.0773356957625
-0.0891726197133
-0.0923053336812
-0.0907575472537
-0.0877200574246
-0.084429433793
-0.0830223650937
-0.083386636942
-0.0724394643537
-0.0700688000778
-0.0844445675171
-0.0900580469486
-0.0922687695941
-0.0828939858895
-0.0702612523166
-0.0661341070163
-0.055578006348
-0.0551916787938
-0.0506712594499
-0.0457899568266
-0.0553316835771
-0.05624334959
-0.0526941567226
-0.0452888451436
-0.0435730190133
-0.0399454984166
-0.0344020162835
-0.0278866901015
-0.0196661488606
-0.0105619711805
-0.0135156091103
-0.00296141783971
0.00704044013934
0.0137974638957
0.0239344834836
0.0340050513259
0.0315724779165
0.0425614750957
0.0563796633227
0.0691145396031
0.0642341171615
0.0597855004335
0.0566120912949
0.0487679159151
0.0456694315367
0.0430906882841
0.0541081374676
0.0592870806163
0.0645806359088
0.0581867635653
0.0628566234083
0.0636416720542
0.0618204611847
0.0571654672357
0.0543512712818
0.0535636864645
0.0528097300691
0.0600224566217
0.0646489018185
0.0587110503993
0.0552710423689
0.050961470017
0.0465452094709
0.0496406383548
0.0525369312921
0.0546927275361
0.056328573768
0.0557782332057
0.0528194625526
0.0518236480188
0.052441584196
0.0503121501145
0.0483140681457
0.0555464846537
0.0581058562991
0.0535852770179
0.0540851721919
0.0534365941617
0.0576259361982
0.0593924178215
0.0611588994448
0.0632979564906
0.067550266063
0.0659550897831
0.0711341578276
0.0807461252422
0.0809314196028
0.0753982919728
0.0662476781567
0.0608500946121
0.059623183303
0.0653652123963
0.0671545519902
0.0711141652386
0.077309642285
0.081205336009
0.0785678682368
0.0842630025776
0.0891666351027
0.0782295390033
0.0781262246337
0.0837736489095
0.0816914893329
0.0793185765976
0.0777044404081
0.0766451673848
0.0755858943615
0.0745266213382
0.0734673483149
0.0756434528161
0.0740146985074
0.071781407465
0.0725751756665
0.0711135346605
0.0694707962294
0.0653664838381
0.0678504614604
0.0679592795745
0.066803324137
0.0670336229639
0.0719543888473
0.0742506582725
0.0673521230202
0.0721453175629
0.0731627333506
0.0664794507969
0.06330112135
0.0706576554226
0.0833460840885
0.0690656037089
0.063375732835
0.0662377800836
0.0715278975413
0.0656997408601
0.061806307116
0.0567101734848
0.0552222630476
0.0506718995072
0.0531784063905
0.0545666197659
0.0539377234241
0.0431314684526
0.0375230826159
0.0362360471517
0.0353160633067
0.0388851502754
0.0515271167932
0.0517789781971
0.049465403401
0.0492277578734
0.0470344563516
0.0465516498837
0.0362280326305
0.0564880768216
0.0501347719194
0.0517336398702
0.0449346124473
0.0461790158721
0.0544243257323
0.0579808886866
0.0570076180218
0.0569849600494
0.0612394959019
0.0582279393631
0.0514780164541
0.0514499962471
0.0589112914337
0.0576322189554
0.0543954872582
0.0562910134551
0.0541137233601
0.0522257312026
0.054923721432
0.0542631687581
0.0456968234839
0.0333417964389
0.020986769394
0.00863174234902
0.0150150094869
0.0148236956001
0.0104111550297
0.00148665363165
-0.011890329134
-0.0253708660975
-0.0404487355047
-0.0492228861669
-0.0480792533918
-0.048754311545
-0.0434302830129
-0.0422013146556
-0.0515492844041
-0.0605815478705
-0.0615525591546
-0.0594337315922
-0.05899952002
-0.0542578977807
-0.0598709352635
-0.0623679831899
-0.0536721986388
-0.0581398686096
-0.0580799398933
-0.0538362142944
-0.0442654684508
-0.0320038683253
-0.0217449188143
-0.0195161618319
-0.00543736432782
0.0118894448468
0.0215350506309
0.0293671913051
0.0336631034124
0.0245239026699
0.0268707231135
0.0326369455783
0.0368877081073
0.037194783466
0.0323869410039
0.0342783643595
0.0286071456551
0.0217085378606
0.0169038275188
0.0143170358135
0.0118896333502
0.0141244827721
0.015439230692
0.0170150090756
0.0173621413384
0.0133590178349
0.015029054542
0.0133479992545
0.0102222770877
0.0147777629749
0.0119931771572
0.00918371572325
0.00316891418159
-0.000583392284425
-0.00163200033773
-0.000981541018265
-0.000394019705253
0.00347580292929
-0.00275572844663
-0.00314946603492
2.21248541139e-05
-0.00141392629699
-0.00173984750203
0.000929032906139
0.00442601361612
0.00750715786547
0.00144435352235
-0.00150310103108
0.00117542945719
0.00828384800284
0.0105166709422
0.0144278205274
0.0107819782737
0.00879592918531
0.00888635841456
0.00947729924941
0.00993337491387
0.0116977873414
0.0113347395514
0.0137043327796
0.0123212783458
0.0116576919251
0.0126728955003
0.0160415899796
0.0157723865277
0.0158444868701
0.0162613317384
0.0179232671331
0.0180786310816
0.017263052679
0.0164474742764
0.0141711340608
0.0130128005207
0.0120223307054
0.0141755042965
0.0172250092613
0.0197883037235
0.022813148346
0.0190689768135
0.0219269133503
0.0217560225249
0.0193291292774
0.0134373549132
0.0171210523741
0.0177679405984
0.0167972694393
0.0175493001356
0.0171823084083
0.0182275550478
0.0198199183081
0.0226289146047
0.0255931356692
0.0283377197384
0.0327606830537
0.02859962588
0.0265612652587
0.0252547595348
0.0265229914135
0.0274386141423
0.0278318374244
0.0273428016172
0.0307652409401
0.0339936976438
0.0356772729231
0.0394347749221
0.046240683893
0.0472974734112
0.0484340315033
0.056094328018
0.0576836253654
0.0597915463257
0.0561986993889
0.0635013156595
0.0627663756107
0.060914872335
0.0626778696375
0.0565170194443
0.0574407709515
0.0511284048644
0.0513880541992
0.0634820012298
0.0605183999677
0.0550946244423
0.0505801743217
0.0513632114661
0.0559268806517
0.0534456434722
0.0462575997562
0.0496735493977
0.0532239373277
0.053740048559
0.0562262599573
0.0429467225304
0.0386255293332
0.0433375646383
0.0593686871274
0.0753082384884
0.0823542140999
0.0833448763258
0.0770046686436
0.0725795405604
0.0763132683337
0.0737567989723
0.0715064228996
0.0690252987034
0.0682478890614
0.0756366758191
0.0793296954023
0.0792680810578
0.0789148951754
0.0693291125547
0.0598079629685
0.0458324174703
0.02258586305
0.00404454278404
-0.000527045561367
0.0056567265271
0.0169138319391
0.0206434937417
0.0212813748626
0.0236499534136
0.0332292311033
0.0232861332567
0.0106675721553
-0.00662716043256
-0.0190887265114
-0.0315502925903
-0.0297048703234
-0.0365631415032
-0.0297948667922
-0.0344143556624
-0.0431168196047
-0.0417722495871
-0.049057146479
-0.0523172419506
-0.056273921323
-0.0512059806035
-0.0449736158347
-0.0473755172193
-0.0466096907701
-0.0430989713686
-0.0356411595399
-0.0320615612173
-0.0337998725474
-0.0398343430154
-0.0390516082686
-0.0412125431533
-0.0298740615194
-0.00594901898447
-0.0151489000187
-0.0324301651762
-0.0337104208781
-0.0431611768084
-0.0398963884729
-0.0301635278717
-0.0387924811881
-0.0444455421328
-0.0276441449499
-0.00915521812299
0.00731783769982
0.0217790257195
0.0492365273377
0.048440458157
0.0636367419301
0.0577707710423
0.0503212474048
0.0422886733421
0.0372113289688
0.0332303892352
0.0331125422482
0.0330545272644
0.00876232476238
0.0112892645908
0.0250703350308
0.030127980252
0.0351856254732
0.0402432706944
0.0193213418092
0.00802291117256
0.00858356799397
0.00594387922732
0.0104712167557
0.0159086445458
0.0294301348034
0.0166233572578
0.00272190420384
-0.00800670024189
-0.0126351484979
-0.00339356692465
-0.00592371879787
-0.0122610899269
-0.0158932875232
-0.014268910986
-0.0125891801468
-0.011067251148
-0.0117303309268
-0.00945070839466
-0.00520226304707
-0.0104352900111
-0.00955362019118
-0.0103578550114
-0.01487235713
-0.00482416263164
0.00134631935385
0.00732470737872
0.0176529240102
0.0181136649711
0.015604728331
0.0140414050149
0.0158640983403
0.0166219810378
0.0218021416954
0.0226993845321
0.0170864573961
0.0133904313678
0.00756021635623
0.0170991120383
0.0216148615013
0.00378878886389
0.0214756263428
0.0322336667751
0.016618414246
0.0010031617168
0.00901692743402
0.0157424785256
0.0188803815888
0.0392176094661
0.0440976135245
0.0475108708464
0.0488027012263
0.0477859082223
0.0445770762164
0.0348917004171
0.0279315233341
0.0455060311829
0.0287581222246
0.0135302998107
0.0119934117385
0.0198396790033
0.0182568435752
0.0108211751506
-0.00171879859055
-0.0221935098809
-0.0423652076448
-0.0501182923279
-0.0487535365674
-0.0552242642376
-0.0506320119696
-0.0458098458556
-0.0474298148151
-0.0493252785855
-0.0658535982233
-0.0936276267888
-0.0935973213124
-0.0807425597003
-0.0742608087169
-0.0490191708801
-0.0239667109672
-0.022444559886
-0.018551380043
-0.0144493452582
-0.0297730597927
-0.0342483735683
-0.0288955093265
-0.0200276327609
-0.0286093955991
-0.0258794989114
-0.0296926341769
-0.0309271280479
-0.0158508233839
-0.0120866511139
-0.0180011010925
-0.0167996234696
-0.018038387943
-0.0195130545251
-0.0275563969449
-0.0311596482821
-0.0405163705276
-0.0349045026658
-0.0304012499622
-0.0233610894948
-0.0181009510364
-0.011836341723
-0.00553859670259
0.00229450611486
0.00730104070301
0.0108156224762
0.0141256577265
0.0121288580622
0.00889807963336
0.00510269384926
0.00956420080562
0.0191925958093
0.0230505712493
0.0212676048614
0.0192469746614
0.023272330588
0.0236578325733
0.0277093324794
0.0263003319618
0.0256694722031
0.0265675605792
0.0292069418274
0.0391785166219
0.040024934491
0.0361597729243
0.0356191118055
0.0343284250641
0.0361953398481
0.0329034539043
0.0342282190356
0.0337190018445
0.0324912526988
0.0296884320412
0.030669269473
0.0358369210693
0.0351197329772
0.0384820805896
0.0418444282019
0.0709430652617
0.0512088615265
0.0549892755056
0.0492564575919
0.0668372166134
0.0753097737009
0.0611015833283
0.0469266093115
0.0455618497215
0.0462194953224
0.0436651087935
0.0403600273807
0.0398811059948
0.0415429724314
0.0469385368074
0.0518509422576
0.056023979474
0.0564198547203
0.0537771873918
0.0557000209911
0.0609445804474
0.0613498473433
0.0570335273978
0.0606076874085
0.058906155313
0.0573111660259
0.051310497183
0.0486456287129
0.0443960173258
0.0423724508014
0.046475292039
0.0451518765107
0.0474292178683
0.052575772956
0.057292816575
0.0521852093156
0.0525518421417
0.0577731562168
0.0557720334291
0.0564168552015
0.0567637907372
0.0551004443061
0.0530749646226
0.0487511841834
0.0494246042028
0.0518473919837
0.0463333929398
0.0430082653189
0.0384766281244
0.0384260875969
0.0365582446686
0.0323952228567
0.0350653622392
0.0353718614859
0.0361779626122
0.0307526414045
0.032502509151
0.0338002486806
0.0331860610669
0.0330797558683
0.0343147501367
0.0375935460424
0.0399214228918
0.0439825208375
0.0417810387136
0.0430086711427
0.0449513549838
0.0461865905842
0.0523157884017
0.0557963661023
0.0478299081205
0.0465205291051
0.0475732416556
0.0415702972242
0.0405655842856
0.0431639541409
0.038413430269
0.0356628414265
0.0228397675392
0.0135151504608
0.0125474886273
0.0187112026134
0.0250165535263
0.0298902771076
0.038278289664
0.0307100391191
0.0264469735579
0.0260663518783
0.0249587486312
0.0165572475346
0.00363796573859
-0.0077133935777
-0.00825708118791
-0.0098405936668
-0.00942882229429
-0.00901705092178
-0.00512842172629
-0.00675528499607
-0.00992285267853
-0.0106344642565
-0.0116321660202
-0.0114829219341
-0.00946848858609
-0.0118763936303
-0.0110900172917
-0.00753129574234
-0.00198888224992
-0.00147335614994
0.00149673018656
0.00319485592867
0.0197821353788
0.0329139169585
0.0350864143304
0.0331571231569
0.0343157432006
0.0373159904351
0.0365792186349
0.0326728482424
0.0334672507147
0.0347624462675
0.0286968719257
0.0255080733077
0.0213004747332
0.0198656685966
0.0184393540835
0.0178643009078
0.0202779586338
0.019882059161
0.0275243334795
0.0351442631192
0.0345969770064
0.031454480253
0.0278166203031
0.0298208548404
0.036479710166
0.0345203593369
0.0386070266216
0.0449517372053
0.04743090214
0.0485940477839
0.0463767839877
0.0562842156549
0.0637967865257
0.0667738346479
0.0699112796792
0.0695877018465
0.0795592401262
0.0876127198187
0.0846848605049
0.0728764531385
0.0699041050836
0.077551176595
0.0769467168628
0.0786819848483
0.0806660666662
0.0833364361189
0.0812420175372
0.0788656391484
0.0811070507623
0.0744610826995
0.0712051539617
0.0721326329249
0.0691113020171
0.0583538878963
0.0442207564376
0.0246983479548
0.016158776551
0.00807660988556
0.00752989085301
0.0141220601004
0.0224767609291
0.0347696835459
0.0469241442241
0.0636564217795
0.0798868508189
0.0828650938733
0.085400525016
0.0712995138779
0.0699648429167
0.0611042449395
0.0566324401427
0.0499051705903
0.0496550392276
0.0459958014844
0.042075750791
0.0353111067647
0.0355464667448
0.0342359268462
0.0347338414462
0.0444080610695
0.042927155221
0.0414462493726
0.0369442608841
0.024896558229
0.0119072325399
0.00722964205622
0.00691239800995
-0.000554018537904
-0.00516683146268
-0.00928202825977
-0.0130563159126
-0.012326242742
-0.0129904349081
-0.0194948304975
-0.0441123253217
-0.0615024740716
-0.0694247404342
-0.0595933815032
-0.0548221903661
-0.0528139806045
-0.0546077634312
-0.045497331304
-0.0351537537702
-0.0219481515169
-0.0173241504853
-0.0215247005362
-0.0242904825429
-0.0270489734166
-0.0258556486472
-0.0253015927857
-0.0239052724426
-0.0158881317678
-0.0122681345069
-0.0120620871497
-0.00869376269523
-0.0138933532835
-0.0201956110394
-0.0313531605413
-0.0406139511936
-0.0554467031075
-0.0638302306947
-0.0619573439368
-0.0554806353493
-0.0481338083035
-0.0374123326858
-0.0244365686907
-0.020456985486
-0.0169421155641
-0.0151451888841
-0.0136543768225
-0.00781504836668
-0.00356846276875
-0.00329026998069
0.000617107869459
0.00198869788486
0.00530703180741
0.00663556182505
0.00870509026276
0.0116241153908
0.0138202629548
0.0122542841627
0.00924637941023
0.01106055003
0.0198731941494
0.0183132217493
0.0178249518524
0.0124057263935
0.0140638827922
0.0163592363567
0.016153006007
0.0133492769879
0.00867630814246
0.00632950716255
0.00447039027317
0.00433119785554
0.00613555413127
0.00676692992802
0.00698650895187
0.00850235928815
0.00683891526854
0.0118966513633
0.0170401987602
0.0231586747333
0.0239088349937
0.0235142171692
0.0259292608736
0.0240883842621
0.0213010473915
0.0167756010461
0.0180083723225
0.0180844933116
0.0194646647364
0.0196791795974
0.0209531743094
0.02120260948
0.0221160149793
0.0222094043253
0.0223027936713
0.0194157438565
0.018688498303
0.0237671052521
0.0217403801632
0.018031726722
0.0171685993313
0.0166350794052
0.019280004535
0.0196015700341
0.0203323883569
0.019512129538
0.0187324689529
0.0218404523493
0.03097707114
0.0299365404821
0.020325855005
0.0171980170192
0.0115397636483
0.00975994825413
0.00859073692784
0.0106845092498
0.0128846772295
0.0142171637705
0.00919526433107
0.00491294917936
-0.00256907057812
-0.00289371124207
-0.00261767839471
-0.001814569899
-0.00108175059886
-0.00351997005826
-0.00652093520875
-0.00921501570224
-0.0106490499337
-0.0111293971446
-0.0127099388711
-0.0135043781035
-0.00600153792717
0.000865565206901
0.00307925175947
-0.00186543195543
-0.00276776945561
-0.0045637137723
-0.00426375607176
-0.00441767841664
-0.00594749880002
-0.00618654501494
-0.00756670159067
-0.010469205706
-0.00924044125067
-0.0105321372813
-0.00889816284121
-0.00751996225918
-0.0106659362971
-0.0114882347934
-0.0107769035145
-0.0134404148974
-0.0161311298289
-0.0157655748665
-0.0169808637541
-0.0160039704685
-0.0227712207943
-0.0221727425382
-0.0147957886833
-0.0111978855778
-0.0135310608222
-0.0134359716425
-0.0181167492583
-0.0317586895641
-0.0421223028118
-0.0446848016806
-0.0465063397398
-0.0516877073805
-0.0569744830905
-0.0560389086122
-0.0534257973855
-0.0688410637992
-0.0794347554733
-0.0840412392722
-0.0845231687631
-0.0872911973703
-0.0866113283826
-0.0823966645736
-0.0911263637883
-0.0977836169246
-0.0939720704064
-0.0929861290816
-0.0930737059439
-0.0985067259575
-0.102625010133
-0.105761428711
-0.108662111726
-0.101600740584
-0.0956134649742
-0.0996936223161
-0.103773779658
-0.087635536867
-0.0652696646505
-0.0444359256474
-0.0281183004122
-0.0120512670859
-0.0107906522282
-0.00889929772639
-0.00304183388214
0.000782820147194
0.00580296833578
0.0140265822326
0.00919663228526
0.015913263867
0.0176526744691
0.0140764954384
0.0120310942651
0.0147441957215
0.0160495747432
0.0193443844712
0.0248702549493
0.0304361774919
0.0317361505846
0.0416685528232
0.0411520983307
0.0335913822839
0.0278572595701
0.0265645244361
0.0251609619258
0.0115476131894
0.00961376209602
0.00837716867146
0.0108881609616
0.0121806843852
0.0128395389241
0.00640044442604
0.00340282428751
0.00816790776223
0.00711666116051
0.00338118644589
-0.00481869771844
-0.0105809705124
-0.0151156078666
-0.0162198458776
-0.00143029559452
0.00224156659431
0.0109380855557
0.0282614234593
0.0283998018168
0.0262378055148
0.0193645580822
0.00461283167703
0.00126389301858
-0.0104188570563
-0.0189549928555
-0.0200161546509
-0.0129636089387
-0.00480422998106
0.00441634602197
0.00538869740037
0.000792451274132
0.00588266011533
0.00512723076588
0.00765561605572
0.00458883906459
-0.00196589367043
-0.00745656935956
-0.00968677849196
-0.00857911456428
-0.00236797561939
0.00247180443614
0.000742352825768
-0.00257292495777
-0.00788472246935
-0.0114509294138
-0.0118750816247
-0.0109265030862
-0.00751414710838
0.00143744650192
-0.00195564186559
0.00224900025944
0.0035170183303
0.000546211223821
-0.00121295324667
-0.0013859952837
-6.55158213663e-05
0.000634452415497
-0.00109218578786
0.00249898223128
0.0044194357993
0.00923755291068
0.0107590880644
0.0113403519494
0.0103306405659
0.00619229775093
0.00353290078932
0.000873503827718
0.00483958384437
0.0146831107751
0.0210832503248
0.0288678117147
0.0293548073593
0.0369614617575
0.0458432930073
0.0490759776647
0.0488923804874
0.0566723349469
0.0550711560523
0.0550747681621
0.0504571875569
0.0494220925177
0.0536221767335
0.0622727664963
0.0660376487059
0.0599802964459
0.0591849712994
0.0474950505938
0.0387715246173
0.0362428312337
0.0385644303409
0.037527992274
0.0430984669897
0.0474848758069
0.0512749508267
0.05206347163
0.0551529588054
0.0620528874803
0.0618487942026
0.0545219379644
0.0481449160419
0.0403161408032
0.0382254043098
0.0430362554934
0.051187887865
0.0470961649288
0.0522312779664
0.0499546416314
0.0477865007933
0.0468016939325
0.0459725217667
0.048215819344
0.0517817564676
0.0473343306007
0.0463534217257
0.0427913847023
0.0418154101358
0.0347892814163
0.0353047714707
0.0350374630034
0.0323802772201
0.0322703991142
0.0338562376963
0.0348287153366
0.0419542409136
0.0508967844906
0.0535735641649
0.0483915995369
0.0540154461131
0.0552785246663
0.0591522258126
0.0867622501115
0.0672488281498
0.0638655615517
0.0597407917481
0.0547569379689
0.0531300420519
0.0525390169976
0.0582758070699
0.0614070003489
0.0604101514447
0.0646740724024
0.0677728816722
0.0647831502894
0.0692949620268
0.0667695628138
0.0595364485816
0.0492654662624
0.0521678477642
0.0465220133882
0.042465735808
0.0427264571967
0.0458350200119
0.05663309716
0.064084955143
0.0542285720098
0.0485745867247
0.0470637524805
0.0443222023703
0.0394624673324
0.0417087040605
0.0444311763501
0.049118662472
0.0538061485938
0.0503613659739
0.0606289397619
0.0700323403576
0.0657578789803
0.0541609204131
0.0615711486399
0.0632668425309
0.0540246301629
0.0516654666276
0.0469847354706
0.0447801759669
0.0424383347385
0.0408776506119
0.0424948880658
0.0453978585741
0.0352343341775
0.0389990878904
0.0350815072796
0.0335816550123
0.0224313226189
0.0199484442592
0.0309979896951
0.036056430666
0.0421670221292
0.0364600919541
0.0305819205538
0.0308845836321
0.0241025888809
0.0208235116198
0.00961705105258
0.00536632323181
0.0156428568074
0.013764963288
0.011429213917
0.0142180351782
0.0159922254464
-0.00144009740468
-0.0134962631884
-0.0158145642529
-0.0202134574735
-0.0192178913011
-0.0204996385473
-0.0231508067371
-0.0242044106797
-0.0177664638725
-0.0139478941106
-0.0206375319155
-0.0215229287271
-0.023907548707
-0.022131308286
-0.0194770058059
-0.0145890965005
-0.00406025235376
0.00168309760047
0.00575928700892
0.00776010304024
0.0130476830168
0.0158091601422
0.0214633544177
0.0249220078159
0.0264655180408
0.0227821133358
0.00964974795673
0.000988109185919
-0.00427606526548
-0.00363592981526
-0.00745505134737
-0.0119379563035
-0.0140812713278
-0.0149419619168
-0.0103564286123
-0.0237613730964
-0.0498200958929
-0.0687731510301
-0.0775163041413
-0.0797006897967
-0.0667098263677
-0.0688994751756
-0.0643189458587
-0.063162882893
-0.0570067127243
-0.057531590578
-0.0585224087155
-0.0744106345564
-0.0854438511646
-0.0987974633918
-0.107836811676
-0.108928472849
-0.106837083787
-0.087996629491
-0.0612785873527
-0.0394170771559
-0.0150406324411
0.00380140091143
0.00680650653365
0.00981161215586
-0.00260756745461
0.00764332447086
0.0198040198979
0.0265510803716
0.0285047977155
0.0324571867835
0.0346302644344
0.0290193024901
0.0254868872583
0.0168845445453
-0.00480864657991
-0.0205936595261
-0.0259722560197
-0.0203763419139
-0.0193185528054
-0.0173300676114
-0.0106832462448
-0.00481627785449
-0.022091947184
-0.020259605725
-0.0232477326767
-0.0134755401705
-0.00397641663719
0.000690738976965
0.00636219039999
0.0219332970219
0.0131174889247
0.00564956994882
0.00439045464576
0.0038246442103
0.0033940490267
0.000470486360551
-0.0071706532974
-0.0165950431297
-0.028236621592
-0.038127296067
-0.0341973863906
-0.0490852565117
-0.0583454441763
-0.0555332862429
-0.0477462799776
-0.04278577851
-0.0274358161049
-0.0212788055704
-0.0269634466221
-0.0307118076118
-0.0347438997307
-0.0391103732541
-0.0282407176331
-0.0277070237837
-0.0390269246986
-0.0483622980451
-0.0565034917361
-0.0644942017633
-0.0710423608676
-0.0839959890586
-0.0814523160831
-0.0900287644355
-0.100326255941
-0.0924647989071
-0.0846033418731
-0.0627587723405
-0.041407558023
-0.0335026344298
-0.0255977108367
-0.0176927872435
-0.00978786365035
-0.024997012198
-0.0259189777065
-0.0350818473733
-0.0281484040741
-0.00846480187352
0.0152454901321
0.0111375686142
0.00859817322719
0.0114042337852
0.0240798152948
0.039698482508
0.0309129578791
0.0254463927858
0.0318672522569
0.0435362188895
0.0376172697386
0.0314407078364
0.0313545328995
0.0279917082669
0.025061350289
0.033345774354
0.0431026868597
0.0492554352345
0.054153594133
0.0492420687815
0.0406235012497
0.0208827168116
0.0176728763846
0.0144630359577
0.0174203548218
0.0145556145021
0.0140806659014
0.00586578703375
0.0166428261382
0.0322217502417
0.0463570790241
0.059582952451
0.0643399131525
0.0625416940114
0.0621548823872
0.0523109636798
0.0496786173738
0.0586919959434
0.0576339011744
0.0531452369777
0.053257842997
0.0514690214417
0.0348574704972
0.034745461546
0.0450048591563
0.0601207951237
0.0445852224629
0.0417260067816
0.0478855749003
0.0617422845044
0.0838844568847
0.0892840531568
0.0946836494289
0.100083245701
0.088907504737
0.0807981259531
0.0762067086919
0.0754107586301
0.0736893074696
0.0697227113922
0.0706912283781
0.0690003392601
0.0664967006268
0.0627543607573
0.0545187164818
0.0467108682965
0.0482850303132
0.0494742982855
0.0441377261979
0.0368069982719
0.031136734242
0.0261493591303
0.0266383451326
0.0279547227937
0.0298412292864
0.0339345352709
0.0337169090135
0.0364353158801
0.0361414927945
0.0426304274985
0.0430803368478
0.0439580205463
0.0480821661838
0.047916303938
0.0466839534941
0.0454114435929
0.0404399026774
0.0348271621198
0.0348481981984
0.0333909398747
0.0297141974494
0.0238079315016
0.0051093938954
-0.0113896192235
-0.0207010146155
-0.0355048552972
-0.0561947897566
-0.0774974454337
-0.0772256867459
-0.0651255483359
-0.062027978215
-0.0633317393541
-0.0581908413619
-0.0355481658154
-0.0344793463811
-0.0444256467382
-0.0641550235976
-0.0806146748287
-0.0889094795513
-0.0886271349307
-0.0885127233323
-0.0826543264785
-0.082862597791
-0.0787305358281
-0.0673747253939
-0.0644681186351
-0.0557335486983
-0.0417578777713
-0.0349462059497
-0.0281345341281
-0.0323720435413
-0.0311901282789
-0.0243093107689
-0.0193755383081
-0.00418778787584
0.00463826788906
0.0227708421103
0.0435274505255
0.0600764707843
0.0622720374087
0.0656726217147
0.0799610363482
0.071134333405
0.0678845422325
0.0696655853186
0.0594992747246
0.0625178591537
0.0721157472812
0.0699753544546
0.0671150293778
0.0582365957038
0.0470432389314
0.0423418615185
0.0212487476137
0.0210059605482
0.0106471548172
0.00344150751072
0.00632952061919
0.00849157304992
-0.00520844446881
-0.0213573612621
-0.0297906746013
-0.0365816760035
-0.0679267756632
-0.0944177693908
-0.117687182539
-0.132655543513
-0.137965195689
-0.139975491999
-0.140196845035
-0.114437996138
-0.081795417671
-0.0586984301636
-0.0548376629486
-0.0454526371161
-0.0329936383609
-0.013765265902
-0.00573832029305
0.00300525940162
-0.00519064529365
-0.012374342139
-0.00591676909093
0.00445368773107
0.0191968579957
0.0252793748675
0.019021068277
0.00176212662994
-0.0141816759668
-0.0246485044309
-0.0272586573408
-0.0322184897076
-0.0343668413118
-0.0356703561382
-0.0491613800139
-0.0548545531866
-0.0616956419334
-0.0712740224251
-0.071441366962
-0.0648349871926
-0.0547665959259
-0.0376709170566
-0.0350893590768
-0.0202760224534
0.00166926665768
0.00409295682345
-0.00185909278997
0.00933918158908
0.0157265652181
0.0248389539706
0.0413902888357
0.0501249026356
0.052007202524
0.0428573156412
0.0313585587077
0.0211274471506
0.00614892771306
0.0119003309168
0.0249881311369
0.0326502883806
0.0522661745434
0.0727816824363
0.0733209743149
0.0714339566975
0.079503775828
0.0677906929683
0.0560776101086
0.0520361456151
0.0314347940442
0.0268823521426
0.049028760898
0.0353165422696
0.0143527884013
-0.004076823895
0.0144343894508
-0.00926516714799
0.00650229344847
-0.00677535114055
-0.00723231662721
-0.00324639540042
0.00747508025085
0.00395933146257
0.00349444331959
0.00595691423571
0.0149775038516
0.0233707734517
0.0310691217039
0.0260646458267
0.0441008826644
0.04310844908
0.034354073728
0.0131758055713
0.00117255098571
-0.00289486297209
0.00154516578677
0.0117977055374
-0.000859598654059
-0.00711483854573
-0.017436504663
-0.0320416544291
-0.0372523566238
-0.0389946966916
-0.0610761993413
-0.09007853445
-0.118936669131
-0.127154503636
-0.117974315535
-0.130786925085
-0.127659670919
-0.138543113194
-0.142577352472
-0.157496858682
-0.165521306402
-0.156498716175
-0.13841721941
-0.132266325967
-0.110867370606
-0.0822352111045
-0.0570578519658
-0.0197504257659
-0.000885851385992
0.0173469829564
0.00960853840967
0.0106261928332
0.0116438472567
0.0359985184949
0.0412493083419
0.0244525699821
0.01996550621
0.0289431991992
0.0343178913095
0.0415560339274
0.0472592817789
0.0701720251727
0.0672336436542
0.0610408828943
0.0902149370578
0.106932296344
0.123649655631
0.100387499748
0.108210104205
0.119101839078
0.124891394731
0.135349115418
0.114024798659
0.104852845902
0.107304357576
0.117852449698
0.113828270848
0.105618052381
0.0912761005277
0.0739606065331
0.0724239089895
0.0737090761878
0.0801183615892
0.0911875533065
0.0903975675537
0.0651525841708
0.0564789116945
0.0583095041366
0.0641891654099
0.065212710662
0.066236255914
0.0659340998166
0.0718305190314
0.0673023909357
0.0679278844985
0.0755698825438
0.0914541217892
0.0788733514816
0.0688800808007
0.0791831921314
0.0694441047701
0.0571777238814
0.0649017736357
0.0638513197902
0.0509925166441
0.0444853985268
0.0378103684961
0.0251661881172
0.0140248191446
0.00827553942226
0.00372168848283
0.00526518379284
0.010869788177
0.00910629656622
0.00878207286835
0.0196823443582
0.0277194457451
0.0372285522041
0.0355585158467
0.0217377534891
0.00687921904186
-0.00418925999699
0.00486667606186
-0.012126784469
-0.0372094616282
-0.0494404991383
-0.0382439198237
-0.0247595208491
-0.0347706707473
-0.0412004297857
-0.0332817693931
-0.0351065048607
-0.04612436254
-0.0487284946979
-0.0491613831167
-0.0523628361658
-0.0550723176124
-0.0617171341911
-0.0591536259972
-0.0440795129897
-0.0261489539763
-0.0188563843487
-0.0132668103125
-0.00115690047663
0.00935350729092
0.0249210083048
0.022797337299
0.0269489461827
0.0383194952337
0.0430491643159
0.047137073272
0.0526697898696
0.053146062692
0.0539754603394
0.0519813968429
0.044080549706
0.0350000642083
0.035888403722
0.0401601433986
0.0352795064626
0.032789740532
0.031391970797
0.0351289276962
0.0395440308929
0.0288240616648
0.0195532752649
0.00867326816291
-0.00688587819546
-0.0121238233897
-0.00774409561796
-0.0061481744646
0.00386159135938
0.0253718939958
0.0269449955104
0.0278983838129
0.0290671282636
0.0551938953243
0.0626226475033
0.058243604096
0.0495842856062
0.049615128686
0.0565692324322
0.0537437736938
0.0497606805899
0.0549971624753
0.0577261554882
0.0604551485012
0.0610718205489
0.061705959376
0.0687431993611
0.0712103203349
0.0705109010646
0.057444148044
0.0429145881163
0.03450006991
0.0348090946148
0.0270566337772
0.0281415137893
0.0173783616628
0.0115762966682
0.00507250849558
-0.000124531358582
-0.0141100267209
-0.0122669583398
-9.55076851827e-07
0.0326244967103
0.0490066342569
0.0474803709094
0.0336467879716
0.0349152178322
0.0378510514293
0.0337130858984
0.00372732847617
-0.0210294214243
-0.0200330049629
-0.0140460045335
-0.0246649699686
-0.041143593295
-0.0470818162923
-0.0523360513777
-0.0567842907265
-0.0437821566972
-0.027380212467
-0.0264065082292
-0.0352351293009
-0.0406564564941
-0.04437805462
-0.0404624392722
-0.0368817795156
-0.0235610137652
-0.00268539243709
0.0278695124715
0.0367537911861
0.0431277455625
0.062139961718
0.076810254378
0.0831340831472
0.0831277457842
0.088387794583
0.0845429440051
0.0834282915176
0.0744462239912
0.0691713280965
0.0722042920257
0.0788713154221
0.0719234928091
0.0663479958058
0.0501388174377
0.0417540098137
0.0488560292446
0.0549898568929
0.0620546394838
0.0576433601071
0.0756263122187
0.0745276094134
0.0610737360056
0.0439696035003
0.048382468475
0.044466875926
0.040140035309
0.0260104514869
0.0217282911744
0.0154056139088
0.0211374506034
0.0254518759953
0.0325617625041
0.0430441981463
0.0277288096493
0.0064801253614
-0.0108855289843
-0.0152284073322
0.00463887364081
-0.00286331145636
-0.0332918774166
-0.0410596522637
-0.0322086116802
-0.0334029217757
-0.0417894707605
-0.0567098249756
-0.0629231356488
-0.0734661822801
-0.0996261601141
-0.125786137948
-0.135905922651
-0.14047686211
-0.145047801569
-0.149618741029
-0.154189680488
-0.136409819045
-0.10556153701
-0.0927465119546
-0.0904320869041
-0.0716945841647
-0.0392935787893
-0.0250794103784
-0.0148040533638
-0.00855187994765
0.0168930725454
0.0325997672752
0.0148460801192
0.0203968301755
0.0181936605822
0.0216279121411
0.0330440490276
0.027398776456
0.0193772335268
-0.00176379203284
-0.00704888971066
-0.00959972134994
-0.00456069163972
-0.00234290252291
0.0044330953129
0.00165942975833
-0.00620911522075
-0.00737339062149
-0.0114087540816
-0.00999646563684
-0.00757120406768
-0.00399582944717
0.00415444505469
0.00572550259062
0.00307479553124
0.0142660803524
0.0155985384536
0.0227550036666
0.0284309462592
0.0248485913941
0.0350528156001
0.0421980520639
0.0467025190348
0.0507266987444
0.0542574644102
0.0527949465842
0.0528805260303
0.0516942770087
0.0504000105758
0.0524417409098
0.0457940017859
0.0404539989914
0.039687542592
0.0440702664956
0.0416251443576
0.039479132239
0.0336460580139
0.0336298642135
0.0343660162326
0.0283984505231
0.0227307203245
0.0223207446799
0.0205733609964
0.0200585412814
0.0180508347323
0.024548369286
0.032989175451
0.0341073546137
0.0283713164854
0.0259029278286
0.0227318897578
0.0194919696876
0.018950621447
0.0224354861249
0.0217753174775
0.0123655457098
0.00895500979006
0.0118697050388
0.0169133246791
0.0175187788505
0.0163314881616
0.0140191494315
0.00732172331553
0.00237822848934
0.00262359307363
0.00352681880512
0.00316544493457
0.00394836278748
0.00216335416093
0.00134104953721
0.0019019344399
0.0024628193426
0.00476914709049
0.0024055699567
0.00254374188146
0.00176486066174
-0.00238140591534
-0.00122675055528
-0.00188636047038
-0.00324613199084
-0.00295183367541
0.00160080787599
-0.00242567751137
-0.00363991621621
-0.00920175962019
-0.0142433174881
-0.0166464814823
-0.0142094550612
-0.0183253472971
-0.0229533668945
-0.0244712103782
-0.0271105242276
-0.0288875712611
-0.029276009939
-0.0265215411941
-0.0257376350019
-0.0230348061403
-0.018775668602
-0.0180715218918
-0.0270262408169
-0.0363604259927
-0.0426138977769
-0.0449859871638
-0.0418230334601
-0.038612204779
-0.0364261793451
-0.037652939834
-0.0360839192819
-0.0365160540637
-0.0373156272786
-0.0363805525453
-0.0316149762249
-0.0311542892996
-0.0322497561567
-0.0365073154684
-0.0403203878488
-0.0427116548332
-0.0447878745174
-0.0529479324071
-0.0616953044266
-0.0646782572079
-0.0628056504832
-0.0635747776528
-0.0688417118757
-0.0673803182273
-0.0642444370258
-0.0629603790993
-0.068314417132
-0.0666202788963
-0.0580073329527
-0.051632252114
-0.0538909557483
-0.0643557279245
-0.0741439676124
-0.0749291304529
-0.0750084575126
-0.0690782003616
-0.0645622915743
-0.0677251134892
-0.0706089432357
-0.0670199729794
-0.0693231320102
-0.0653456623728
-0.0671425264345
-0.0739320467728
-0.071008465581
-0.069925576289
-0.0761151961629
-0.0754585031429
-0.0824388082514
-0.0906162163007
-0.081645334328
-0.0620016073055
-0.0485306984729
-0.0377161222815
-0.0303059956481
-0.0295900656297
-0.0248613809061
-0.0269079730609
-0.0323335902646
-0.0399914103626
-0.0329154659554
-0.0310465064575
-0.0302045079865
-0.0441523394729
-0.0425059768497
-0.0396704089101
-0.0368348409705
-0.0560749541087
-0.0483949057644
-0.0294454872918
-0.0362915409865
-0.0632585356798
-0.0362935427516
-0.0478759156118
-0.059458288472
-0.0470764883979
-0.0406368864743
-0.0357857295588
-0.0342081279309
-0.0374930039816
-0.0364254366685
-0.0428272778675
-0.0434302198349
-0.0464289697904
-0.0482840158666
-0.0507895568657
-0.0559529342992
-0.0567067756591
-0.0542198605239
-0.0500739919988
-0.0520929955952
-0.0462073915376
-0.0394229820844
-0.0350008874074
-0.0320371732882
-0.0309683547939
-0.0257043149747
-0.0165385254542
-0.0125666594151
0.000262373728707
0.0054396584195
0.00324950720259
0.00395553237332
-0.000497527910763
-0.00213338897653
-0.000643318450978
-0.000482553477731
0.003870579867
0.00408015843666
1.30263520592e-06
-0.0015756352563
-0.008772715327
-0.012221710907
-0.0127867750309
-0.017967350923
-0.0172026984095
-0.0192171069879
-0.0205857107587
-0.0208756263513
-0.0199964607737
-0.0159630975453
-0.0133058893361
-0.00942859754233
-0.00625103986372
-0.00422074861392
-0.00613485524295
-0.0076766582919
-0.00846530830336
-0.00910390764968
-0.00643034711924
-0.00476542963092
-0.00525832562729
-0.00307769494335
-0.00279413197388
-0.00319162455311
0.00607286763629
-0.00222286460661
-0.00422803274764
-0.00464883819851
-0.00284650735188
0.00461139108459
-0.00268771444911
-0.00437155582264
-0.00375279466799
-0.00138241875781
0.00267271745127
0.00611904798206
0.00566003198048
0.00559842312924
0.00229025201288
0.003588184906
0.0043512827403
0.00560767769024
0.00637506463924
0.0085564073486
0.00706340967186
0.0035231754438
-0.00103529873973
-0.00186573121815
-0.00722191001975
-0.00848617556894
-0.00829352762278
-0.00810087967663
-0.00748157438162
-0.0055700231004
-0.00401063662523
-0.00342511344424
-0.00895487521001
-0.0135297382331
-0.0106993636825
-0.00648330115022
-0.00719966729648
-0.00335187926002
-0.00286685386755
-0.00263009181231
-0.00404681179912
-0.00303283113356
-0.0074278790766
-0.00928185785505
-0.0138053998725
-0.0156885562285
-0.0153233149043
-0.0133337975438
-0.00813683223338
-0.00772824826716
-0.00795729388017
-0.00978120184087
-0.0111942109029
-0.0121715265339
-0.0104185626079
-0.0111750539388
-0.0120819977978
-0.0130113933163
-0.0146964974024
-0.0156671515326
-0.0140889368459
-0.0129830823612
-0.0118636883148
-0.0123059835016
-0.012841807154
-0.014469309873
-0.0186996649091
-0.0183766895937
-0.015348826791
-0.0124855356351
-0.0127952155572
-0.0139405534764
-0.0135940301553
-0.0155116174691
-0.0128685091485
-0.0141193062909
-0.0132471955999
-0.0120504012589
-0.0118804705548
-0.0118483599972
-0.0129953410255
-0.00808803197398
-0.00905290472544
-0.0131707729543
-0.0120879894756
-0.00605763951578
0.00470208461142
-0.0119361402687
-0.0150273001741
-0.0169533285271
-0.0162494525747
-0.01302383756
-0.00919943175143
-0.00974185982191
-0.010249565335
-0.0123869449463
-0.0127948811495
-0.0136522499484
-0.00727111561693
-0.00676684814784
-0.00438707725564
-0.00559858282217
-0.0112052343854
-0.012034904752
-0.0101924370221
-0.0117474231272
-0.0159239216096
-0.0161935096397
-0.0139662121939
-0.00887818991439
-0.0134830523099
-0.0120560691948
-0.0147731939896
-0.0118483030363
-0.0168319261473
-0.0146484101518
-0.0111390780797
-0.0121952830354
-0.0137899461641
-0.0174753289765
-0.0127825136953
-0.00125780997576
0.00363853766796
0.00853488531168
0.00297865758908
0.00108100936353
0.00690646587239
0.0209250895016
0.0146137405711
0.0135073012126
0.0110781467194
0.00857594386397
0.00444742822588
0.00383899871405
0.000511385132536
-0.00952567314708
-0.0197976449335
-0.0134667738631
-0.00300396441542
-0.00478887305645
-0.0112723773455
-0.0148141580066
-0.0269813512272
-0.0532245790414
-0.0545783394391
-0.0559320998367
-0.0572858602344
-0.0586396206321
-0.0599933810298
-0.0613471414274
-0.0627009018251
-0.0634539573228
-0.0642070128206
-0.0649600683183
-0.0370393734264
-0.0252388686523
-0.0128576070845
0.00192037474375
0.00665351072795
0.0162754380326
0.0180958461644
0.0186236399501
0.0234476806782
0.0277167493333
0.0337119726742
0.0287781503371
0.0262562884936
0.0232301917007
0.0196038592752
0.0227704502259
0.027081711783
0.0259311871314
0.0284363613918
0.0228630713566
0.0264289420407
0.0303818855852
0.0272494001319
0.0281898492671
0.0238522037443
0.024625887741
0.0369960846935
0.0340677044994
0.0305786142862
0.021747706497
0.0117646372138
0.00656527500037
-0.0011328238261
-0.00478749029747
-0.0104693235725
-0.00068489811065
0.00113149272246
-0.00639252390564
-0.0239033471859
-0.0248759419858
-0.0258485367857
-0.0409620380966
-0.0495007118806
-0.0549976705648
-0.0616069899114
-0.055023742527
-0.0621403515795
-0.069256960632
-0.0974180406771
-0.124951488899
-0.147332881887
-0.153289119965
-0.152207861532
-0.1511266031
-0.150045344667
-0.134342134679
-0.118638924691
-0.118555655161
-0.127586676675
-0.126929601454
-0.132444230678
-0.144986565599
-0.147768602656
-0.158730381066
-0.156328843165
-0.153927305264
-0.14836138796
-0.157954846458
-0.169098345189
-0.17649785099
-0.170989414727
-0.162431328858
-0.158950077193
-0.145872250723
-0.112208087595
-0.0816551862312
-0.0698901684621
-0.0663850241523
-0.0646284735311
-0.0607255913701
-0.061597817942
-0.056262680525
-0.0810179324364
-0.0949911540819
-0.0811172124567
-0.0877171433512
-0.0970863375857
-0.0902440765179
-0.0847504383349
-0.0732257661152
-0.0622947876624
-0.0497562178588
-0.0304076063674
-0.0115999798607
0.00813680801635
0.0362077719702
0.0382004444783
0.0284128315857
0.0269944369252
0.0176728234884
0.0158282690437
0.0218045063028
0.0196779799957
0.0156458761374
0.0166119761549
0.0211754220618
0.0225448984906
0.0208474473741
0.0160993093158
0.0115070021207
0.0278930836126
0.0277767196736
0.0352170953487
0.0477361711882
0.0486897838205
0.0445932784455
0.0441895341593
0.0508888870929
0.0556571181596
0.0567059787874
0.0518960899344
0.0478929128761
0.0584807001714
0.0550958992734
0.0507565025817
0.0565998743186
0.0588333320121
0.0558035705515
0.04615424284
0.0440009470538
0.0403925176617
0.0374440919089
0.0336670894727
0.0274844656008
0.0249838294818
0.0253386636088
0.0264621242165
0.0232688662966
0.0255241185644
0.0236920193092
0.0247470138876
0.0266020362247
0.0315914800178
0.0449362921222
0.0416022788935
0.0400370652613
0.0272082564248
0.0262422561024
0.0254184360933
0.0262610759976
0.0315328186704
0.0285279242991
0.0261394463407
0.0245053876592
0.0196990086392
0.0194208703211
0.0156763701171
0.0132879542592
0.0115266400939
0.0103515958436
0.00917655159329
0.00800150734299
0.00839879353087
0.00718576433941
0.00571116458657
0.00405134258928
0.0041516468536
0.00233272194162
0.0069143335509
0.00935386961276
0.011173993887
0.0154380060996
0.0115194511895
0.0111804358696
0.00796356633282
0.00550004743396
0.00328306253361
0.000842634201428
-0.00327627786307
-0.00121661542842
-0.000869351957398
-0.00325048322508
-0.00326865202448
-0.000177008126624
-0.00244790961008
-0.00227824822089
-0.00286896272045
-0.00253381196004
0.000644293875249
0.00511645568598
0.00817550795296
0.00637659553157
0.010016597563
0.0105998172854
0.0129791596858
0.0123702420009
0.00937740933424
0.00665763006286
0.00277522953736
0.00589674756509
0.00312798762861
0.00535590862986
0.00139205175262
-0.00102211106748
0.00156655351042
0.00271213731874
0.00303353439082
0.00458089535877
0.00144729929539
-0.000135674541938
-0.0012734160213
-3.30586680457e-05
-0.000518666622798
0.00501099599575
0.00684340432594
0.00617877225582
0.00555546652969
0.00270520013714
0.000945162514163
0.00495994549621
0.00689889358422
0.00855469526179
0.00591685692839
-0.00120141528481
-0.000837937612848
0.00247794622905
0.00306839287761
0.00466779488107
0.0105699641506
0.0136692521881
0.0333533452637
0.0356903574652
0.033022598427
0.0330526783268
0.0280087707002
0.0238549071912
0.0173895886154
0.0160341405387
0.0155681931847
0.0183476907242
0.0208894842763
0.0223965135989
0.0202740015066
0.0146046509713
0.0119013362065
0.0117697675045
0.0112753962706
0.0124017587896
0.00590451745076
0.00948927615722
0.0123022366654
0.0113747116908
0.00932569153878
0.00821486553337
0.0037272033992
0.00178969100962
0.00323639977495
0.00468310854028
0.00483472459056
0.00623932547324
0.0051653400628
0.00537179724351
0.00562330755516
0.00673114163109
0.00843145784766
0.0124637233101
0.0113183407117
0.0119479121812
0.0152372151864
0.012823754268
0.00987727144885
0.015481518472
0.0100224529773
0.0113719107556
0.0167096185943
0.0159872929943
0.022592491217
0.0225915030509
0.0237275622274
0.024695421627
0.026138158302
0.0286946743939
0.0340126186458
0.0305600446508
0.0301433057526
0.0287406157574
0.0221489165641
0.0150422129149
0.0113611187472
-0.000487634523399
0.000895505290868
0.0187905787281
0.0212853521317
0.0153598205245
0.0145527500532
0.013721531982
0.0147642156525
0.0166325895004
0.0137210655371
0.0163864712232
0.0161280767553
0.017842613087
0.0132190628439
0.00713773142958
0.00605096923084
0.00368291524706
-0.00909444101718
-0.00791180043327
-4.31075375011e-05
-0.000696341451426
-0.00332933713574
0.00198925093308
0.00223731739149
-0.00824516074968
-0.013282438075
-0.0314689074885
-0.0533833534689
-0.071021864703
-0.0915960999886
-0.107062325505
-0.108200677952
-0.0997612216105
-0.091310799682
-0.0829983925998
-0.0866956752696
-0.0925598740799
-0.095367915704
-0.0875681016133
-0.0901128800416
-0.0885150459246
-0.105743701112
-0.118432062633
-0.131796350094
-0.149787592578
-0.170044737293
-0.169609783786
-0.16917483028
-0.154621389877
-0.151265429946
-0.142625847796
-0.126993392653
-0.100215334186
-0.0800491201604
-0.0617707249391
-0.0441346844658
-0.020145225193
-0.0227496455112
-0.0348976193594
-0.0321628143219
-0.0265271865052
-0.0139069541971
-0.0166900981206
-0.0344910221103
-0.0522919461
-0.0380398382379
-0.0501547900707
-0.056193585871
-0.0663466525618
-0.0712744606047
-0.067027668379
-0.0597783272624
-0.0574433683295
-0.0488136529716
-0.0435047299946
-0.0539949566362
-0.0501676425817
-0.0520713392679
-0.0469351790688
-0.046072620282
-0.0402599822496
-0.0395871329357
-0.0442004305599
-0.0461920979502
-0.056892046926
-0.066964081144
-0.0676624635533
-0.0689931302951
-0.0729022441729
-0.079511610614
-0.0881044002689
-0.0883491770866
-0.0853133140996
-0.0833531312508
-0.0735358046006
-0.0613845485385
-0.061949885543
-0.0483196072762
-0.0313683723329
-0.0322608592674
-0.0318544661707
-0.0354008652181
-0.0339296293061
-0.0309576468159
-0.0318933208713
-0.0422079787724
-0.0546461094941
-0.0723482817207
-0.089665988034
-0.0906109513692
-0.0805715161113
-0.0728657678792
-0.0698300319158
-0.064195494141
-0.0569997574808
-0.0413144837436
-0.0315892930606
-0.0289863559095
-0.0262121387136
-0.0281506964523
-0.0309118368821
-0.0359336388389
-0.0267765669841
-0.0274213899949
-0.0235977182682
-0.0168070502269
-0.0109123966113
-0.010053120893
-0.00896860039064
-0.00253811718604
-0.00674613209165
-0.00777481203514
-0.0109084188338
-0.0165290135026
-0.0290256824835
-0.0402224433307
-0.0448240717451
-0.0391908525972
-0.0368513088609
-0.0250672181286
-0.0130590619543
-0.0142376363938
-0.0184444338724
-0.0215540411406
-0.0229246847531
-0.0254193840906
-0.0335802778923
-0.0571432535748
-0.0815465753454
-0.0955253874675
-0.10030617522
-0.0990454400811
-0.094311380513
-0.0962179609058
-0.103223997676
-0.108860069112
-0.0930826199633
-0.0765546461627
-0.0563906183528
-0.0471918434646
-0.0379930685764
-0.0445223466293
-0.0459392611129
-0.0447428887527
-0.0427319541748
-0.0350936534551
-0.0240072030401
-0.0199808491357
-0.0214448966211
-0.0284593342722
-0.0197066412559
-0.0260799384627
-0.0336204080145
-0.0438052729475
-0.0562248036266
-0.0696701537252
-0.0823360206305
-0.0859349483328
-0.0764306012543
-0.0820471455236
-0.080672577461
-0.0755503213063
-0.0608939450904
-0.0515231197228
-0.0407712792812
-0.0285496794966
-0.0151193049695
-0.0194613198968
-0.0224425986852
-0.0306705338411
-0.0330284244994
-0.0294133076632
-0.0421223004266
-0.0503146771145
-0.0597573985533
-0.0600706540952
-0.0425018175678
-0.0267854595925
-0.0173232632813
-0.0157913438652
-0.0182709074762
-0.0243746515939
-0.0426117197553
-0.0599638310188
-0.0774314049368
-0.0700941011231
-0.0627567973095
-0.0490708076839
-0.047166470129
-0.043420831728
-0.0321186168682
-0.0181371990431
-0.0131025120196
-0.0133557667895
-0.0134423481075
-0.013507488083
-0.0264177297452
-0.0291551872922
-0.0386297389705
-0.0405600026442
-0.0417968661067
-0.0421202565347
-0.0289731775783
-0.0198249180631
-0.0183393778628
-0.0186165463984
-0.0109711955197
-0.0116215925735
-0.0108659851658
-0.0167206902399
-0.0257617708972
-0.0328565267755
-0.0344199722396
-0.0424808051841
-0.0567176723795
-0.0650496479566
-0.0758100938169
-0.0839420658521
-0.060165866575
-0.0340451908298
-0.0384445350153
-0.0431692468451
-0.0349349863337
-0.0271053626755
-0.0181700238793
-0.0138175239382
-0.0106175931362
-0.0123457879859
-0.023598974807
-0.0325329044247
-0.0236154802552
-0.0223199337449
-0.0275003456709
-0.0434153415849
-0.0558355431844
-0.0465348724364
-0.0372342016885
-0.0310010885599
-0.0374081423073
-0.0338777895309
-0.0244818137205
-0.00120643599625
0.0204087236911
0.0356750450314
0.0305057329261
0.033004571925
0.032730581921
0.0310030085465
0.0382996091592
0.044082723554
0.0480412163592
0.0449951263399
0.0341959655929
0.0173440813237
0.0148720635705
0.00904750399154
0.00427702819614
-0.0174933235788
-0.0188097259017
-0.0253487605002
-0.0274357944916
-0.0249211328508
-0.000709466854853
0.0100212403968
0.0239715131996
0.0334892749669
0.0371907815578
0.0266547643445
0.032335655895
0.0210388546059
0.0329935445988
0.0379876413129
0.0106161795889
0.0173646029174
0.0241130262459
0.0308614495744
0.0376098729029
0.049504058627
0.0640335664336
0.0650145080287
0.0660031169193
0.0621556344604
0.0486463069725
0.0411335030808
0.0290789564376
0.0204650297018
0.0382331648271
0.0277517032961
0.0184927347505
0.0302696497705
0.0313294164315
0.0168935094646
0.0047771953898
-0.0062421560534
-0.0112370062909
-0.0142910435446
-0.0132484086428
0.00039879699321
0.0108658471422
0.0145639395234
0.0102983914629
0.00641589050685
0.0116154328647
0.007027322794
0.00453410772439
-0.00514948576806
0.00842626727683
0.0211357317869
0.0149521360116
0.00946557631361
0.0182753820737
0.0359215334497
0.0125949111262
0.00901468821289
0.00543446529958
0.0267850005175
0.0324417109848
0.0226273377621
0.0173882059435
0.0202110154563
0.0162513388154
0.0126991015215
0.00871174311803
0.000835956609367
0.00331622107817
0.00152436132495
0.00247518114054
0.0043187675941
0.00463009366289
0.00696385879801
0.00488818505092
0.00597224204462
0.00705629903832
0.00881996969677
0.0141515145761
0.0120881748404
0.00839901556658
0.00713182116851
0.0055525488884
-0.00336158881125
-0.0122352879839
-0.015993019112
-0.014332477371
-0.0187113614457
-0.0196166750006
-0.0179224348116
-0.0139032840032
-0.00936046309468
-0.0112857955019
-0.00663948896583
0.00118540398211
0.00084519141617
0.00211820036888
0.00335617327759
0.00515023247272
0.00275538255619
0.00512835177533
0.00895579078431
0.0124016182101
0.012717555857
0.0112813118153
0.00838349278429
0.00784920314891
0.00532744196158
0.00769355290132
0.00708533539987
0.00819432315517
0.00824415629488
0.00919922815018
0.0108190330382
0.00527364133657
-0.000387083306328
-0.00545309255477
0.00149486627727
-0.00507848296963
-0.00986238330564
-0.0152281834371
-0.0177253662033
-0.0197741500802
-0.0176341712321
-0.0199700672309
-0.0209990016015
-0.0221604638518
-0.0229992763062
-0.0284764726871
-0.0309262224625
-0.0334404341119
-0.0352366126202
-0.0388806500002
-0.0394869856078
-0.0392867044736
-0.0345989750721
-0.0354564961926
-0.0354155573349
-0.0326252879881
-0.033326752441
-0.0337499235136
-0.03221247631
-0.0272345114754
-0.0245691137165
-0.0210005690208
-0.0148806314351
-0.00876069384939
-0.00264075626369
-0.00981166732468
-0.0170608292999
-0.0220991728961
-0.0252137357649
-0.0280726660208
-0.0316856689282
-0.0327377714877
-0.0332043292953
-0.0334325777342
-0.0333162240965
-0.0315240511979
-0.0311448513418
-0.0292323098739
-0.0301928051709
-0.0311105378102
-0.0297682369183
-0.0277676569806
-0.0248998681633
-0.0247396639158
-0.0238170127887
-0.0221847970673
-0.0205194562938
-0.020358467332
-0.0199674756699
-0.0195764840077
-0.0199677299923
-0.0188022918776
-0.0179149160794
-0.019214834634
-0.0206259650365
-0.0239398029828
-0.0267049823408
-0.0288697080654
-0.0368922919908
-0.0507833589857
-0.0645661663293
-0.0681398638585
-0.0582430633574
-0.0538645861389
-0.0500935885332
-0.0457280658859
-0.0412026033759
-0.0337833168686
-0.0269451323477
-0.0241058747768
-0.0207838935778
-0.0180974912807
-0.0114139551353
-0.00846172144807
-0.00893488662237
-0.00876032874465
-0.0055753107191
9.55076851827e-07
-0.0080580605342
-0.011652575345
-0.013222340387
-0.0134031073325
-0.0128356084605
-0.014612527117
-0.0147765899268
-0.0150018053854
-0.0161355526343
-0.0153955709386
-0.0199176801525
-0.0244003796018
-0.0322389461082
-0.042920100452
-0.0440811479787
-0.0394937846922
-0.0410780452672
-0.0404226902397
-0.0440559076247
-0.0412406874456
-0.040985675086
-0.0437422004083
-0.0555671058908
-0.0708855974249
-0.0823932794287
-0.0934135813777
-0.0950033497803
-0.0901639555374
-0.0776387115756
-0.0651367311015
-0.0565274101282
-0.0470995435492
-0.0398263646289
-0.0308340613353
-0.0307508542489
-0.0305013057734
-0.0208489785688
-0.0187219108693
-0.0106968448478
-0.00458022408629
-0.00396571614397
-0.00507011270524
-0.00775915657492
-0.00997451329302
-0.0125830680616
-0.014184753332
-0.014079309709
-0.0169852088377
-0.0164267637077
-0.0164929230913
-0.0150936291002
-0.0144565282207
-0.0156042137165
-0.0151925476896
-0.0184193837191
-0.0168988307876
-0.0177188219806
-0.0180730189424
-0.0190502847375
-0.0183400583592
-0.0163670241168
-0.0154556710208
-0.0135760840871
-0.0116200272474
-0.00810340052761
-0.0052021808368
-0.00832285433475
-0.0114435278327
-0.0119008458922
-0.0138355716396
-0.0145611408981
-0.0156369689162
-0.0163385749466
-0.0146078939851
-0.013598637699
-0.014688100274
-0.0141705717927
-0.0145095222267
-0.0151074639861
-0.0164466393352
-0.0186489180963
-0.0185971154223
-0.0185889901891
-0.0188354901398
-0.0198244579741
-0.019967157597
-0.018800844337
-0.0157856594054
-0.0178038636132
-0.019453507459
-0.0216981762498
-0.0208479801226
-0.0199736653264
-0.018384195811
-0.0168383388657
-0.0164270003059
-0.0170662889292
-0.0182983166747
-0.017017182283
-0.0153575667829
-0.0168087851803
-0.0141965376703
-0.011095634509
-0.0118744917322
-0.012603784859
-0.0129375169015
-0.0127621368969
-0.011233643797
-0.0137215632472
-0.0108241842189
-0.00774092663349
-0.00991700331028
-0.012624767945
-0.0122799494443
-0.0145865196259
-0.0167863921409
-0.0167707206706
-0.0138657506905
-0.00929234011908
-0.00861613256388
-0.00774273133029
-0.00715567824167
-0.00696810920384
-0.00491262883224
-0.00404368084265
-0.00419138685185
-0.00765299495115
-0.0133617925279
-0.0238395892464
-0.0252115880748
-0.0210984834751
-0.0205442469142
-0.0159088206949
-0.0140956027155
-0.00570526983058
0.00279049317289
0.00423697686242
0.0111278978888
0.014464821602
0.0144015086027
0.0149484654216
0.00731926469749
-0.00175533613824
-0.0172164727975
-0.0329097689615
-0.0399544258456
-0.0500410748089
-0.0570122036036
-0.0603596380269
-0.0640141759415
-0.0709392165367
-0.065301779395
-0.0736513067638
-0.0802878890278
-0.0811126625604
-0.0743530191073
-0.0666005490329
-0.0585463657902
-0.0546088306939
-0.0523583721747
-0.0489923988241
-0.0420513987824
-0.0310296313581
-0.0200078639337
-0.0253718079546
-0.0275310425393
-0.0331122931628
-0.029896455237
-0.0276296985341
-0.0186134971082
-0.0100407052932
-0.00729103928368
-0.00303082445163
-0.0032305568003
-0.0038877032659
0.000224327379037
-0.00149919384832
-0.00124080469094
0.000613402354796
0.00273926702487
0.00158621944771
-0.00181628582527
-0.00317027373592
-0.0121952207372
-0.0158911068367
-0.033483215372
-0.0496047471646
-0.048798071288
-0.0438301878299
-0.0296791966054
-0.0233997424427
-0.0153276243151
-0.00127456624573
0.00992460697162
0.0196033989097
0.0211495058639
0.0108174046689
0.00730868993004
0.0111921404303
0.0162851978738
0.01783347855
0.0168664176979
0.01254289713
0.0126057679804
0.0142006232909
0.00331505503364
-0.0123845074373
-0.010819960234
-0.000441624534695
0.0109708920016
0.0180538174645
0.0341581463929
0.0301239840039
0.037464231012
0.0349432172283
0.0269633018542
0.03185398373
0.0314369796818
0.0306146641013
0.0311897115157
0.0336279176884
0.043951444063
0.0360852546896
0.0230404173158
0.010262671196
0.00495649007739
0.0182617200096
0.0272085331774
0.0243739756994
0.0251840808837
0.0245983536079
0.0248482744367
0.0257087954107
0.00838797132817
-0.00717475465163
-0.0152265809454
-0.0207516230062
-0.0270579551212
-0.0234941229575
-0.0230992409153
-0.0172499827187
-0.0172493254299
-0.0192698971863
-0.0223055507501
-0.0181918547244
-0.0188277635515
-0.0208453409715
-0.0204317151081
-0.0158544808825
-0.00937010782124
-0.0106153355507
-0.0123469657059
-0.0134136554769
-0.0109854475914
-0.00584211465779
-0.00686649623291
-0.00663314876286
-0.00707972243381
-0.0119503657423
-0.0168210090508
-0.0278816869236
-0.0328777499883
-0.0262028183615
-0.0223115892258
-0.0209924232796
-0.0243763793764
-0.0232296293702
-0.0132979876874
-0.00800762639181
-0.0025252111165
-0.0111366038817
-0.00699786035947
-0.00361226126768
-0.00171366873524
-0.00341205037083
-0.00260576309967
0.000640993205209
-0.00261793296754
-0.00906741304682
-0.00839199890877
-0.0114096117095
-0.0127573939025
-0.00682149647502
-0.00304935991258
-0.00682637144668
-0.00657928181453
0.000670812240827
-0.00613426459141
-0.00759316491536
-0.0115260435281
-0.0129782451731
-0.0124320877556
-0.0108497323829
-0.0111008282238
-0.0160135887739
-0.0114197390605
-0.0133746858062
-0.0137526464517
-0.0153037119222
-0.0197283826577
-0.0224852468268
-0.0217003197362
-0.022609460027
-0.0214633061897
-0.0224030832816
-0.0238886326139
-0.0258833439261
-0.0223615734724
-0.0217031880446
-0.0197230765348
-0.0178940110086
-0.0178444018527
-0.0140020207232
-0.0157747346034
-0.011794967383
0.0006288534501
0.00499997886489
0.015234040109
0.0240277648203
0.0145627559164
0.0109062012405
0.00709561039897
0.00386059279927
0.0208510944248
0.0120207324748
-0.00620390938421
-0.0162165487578
-0.0175468959868
-0.0145146056009
-0.0168312750329
-0.0227476546686
-0.0234503272134
-0.0261322358425
-0.0302582823567
-0.0310113519197
-0.0302135805152
-0.029336542667
-0.0382998889547
-0.0435942690099
-0.0422804435472
-0.0400967043296
-0.0393426071904
-0.0308370708516
-0.0288834202213
-0.0346369193727
-0.039679983275
-0.0412004017525
-0.0399771771847
-0.0380800509961
-0.0405931186385
-0.0430934113871
-0.0455739305081
-0.0403696411527
-0.0389064056452
-0.0420049127468
-0.0451034198484
-0.04820192695
-0.0485444331595
-0.0479002834616
-0.0500865115994
-0.0491244484569
-0.045384748093
-0.0450706914424
-0.0447371358348
-0.0408530306258
-0.0436781357855
-0.0543633407093
-0.0375995954472
-0.0279105165234
-0.0205668101037
-0.0175295348211
-0.0134406010426
-0.0104873941317
-0.0114077931415
-0.0125837893432
-0.013269567223
-0.0152577720352
-0.0109442331019
-0.00882889997099
-0.00755936414772
-0.00763512492687
-0.00885456306278
-0.00626669191056
-0.00550122078697
-0.00427741423751
0.00102177291101
0.00436126289396
0.00970269205574
0.00887200205052
0.00965178290531
0.0100644220274
0.0120638729627
0.0130599713405
0.0145831198241
0.016683133759
0.0159315204704
0.0183906898659
0.0202573969509
0.0191190427088
0.0172107630207
0.0154492625801
0.0143095243712
0.0166878002095
0.0228670792746
0.0177338325517
0.0162007813453
0.0158430238805
0.0125003129479
0.0076019389468
0.00533378381087
0.00672981109792
0.00585218725136
0.00340251475621
0.0027102862047
-0.00193342842167
-0.00386834909424
-0.0078760354107
-0.0152210599836
-0.0211490670062
-0.0207739287354
-0.0244032392791
-0.0261256920804
-0.0267275624749
-0.0285889072937
-0.0269786493139
-0.0217775136409
-0.0192497524808
-0.0194185417459
-0.0221877868313
-0.0223379753882
-0.0190963977058
-0.0186441423298
-0.0222067877768
-0.026267558188
-0.0276495584242
-0.0308469367963
-0.0270282580941
-0.0227913792949
-0.0248537325377
-0.0235557342381
-0.0275934979454
-0.0289363237849
-0.0313980929714
-0.0337537341416
-0.0329855694009
-0.0327999517497
-0.0289466017693
-0.0262295835009
-0.0221296438445
-0.0240319953276
-0.0271495657407
-0.0264078361111
-0.0226689819407
-0.020247066787
-0.0219099439487
-0.0225609122508
-0.0209052301507
-0.0174814830053
-0.0176588551843
-0.0183519110478
-0.0174959889845
