0.0344444955264
0.033280531276
0.0350738381669
0.034708908647
0.0350757723065
0.0333754696181
0.0329169589633
0.0330972905275
0.0333583659115
0.0331200166125
0.0317369737015
0.0266002135753
0.0223877002183
0.018691850212
0.0150466949281
0.0127824142052
0.00723384994337
0.00472761901694
0.00451120809632
0.00417335767483
0.00461065927188
0.00611657644277
0.00766266486518
0.0082157326396
0.00943871799584
0.00901395241171
0.00809599495076
0.00770550604504
0.00841714764403
0.00923218298374
0.010108590695
0.0112606769364
0.0115066513489
0.0
0.00959460940398
0.0114459418541
0.0128307748938
0.0150156833952
0.0164458223617
0.0175017272188
0.0176685028064
0.0181289534473
0.0179606919579
0.0169921464886
0.0198480452926
0.0179154201475
0.0193632468142
0.0193730575295
0.0196242930619
0.0201361990622
0.0205439692822
0.0217341173697
0.0235250573422
0.0245735040186
0.0260291438068
0.0264277578889
0.025976597854
0.0283478318046
0.0319365873875
0.0329458896815
0.0313405545321
0.0297534375754
0.0289843825294
0.0289214805467
0.0291714200139
0.0282536102385
0.0285492853429
0.0294684498703
0.028773876357
0.0274264158753
0.0281696623829
0.0307142951035
0.0290693384969
0.0276958978346
0.026751321511
0.0258538090165
0.0241008687645
0.0233299761874
0.0216290143197
0.0226299961278
0.0220369659035
0.0213992558304
0.0223614845825
0.0226411133917
0.0229920027141
0.0236396894346
0.02550331178
0.026540728268
0.0276554910463
0.0271354248089
0.026714843239
0.0249345100864
0.0262907370479
0.0
0.0309247349775
0.0331616124776
0.0339947533779
0.0368480633648
0.0380620692983
0.0393129658181
0.0407813893027
0.0403257947364
0.0429644762115
0.0452909057191
0.0452878338011
0.0477272562935
0.049651332013
0.0508762798902
0.0521524138812
0.0528783490699
0.0524265834836
0.0513861121368
0.0505216520702
0.0488456674066
0.0489038753581
0.0456428714419
0.0438720736634
0.0452434881312
0.04202131819
0.0398437804128
0.0366648126823
0.034749770689
0.0327165729546
0.0311556251138
0.0269165558276
0.0242640912536
0.0209436778782
0.0174482659625
0.0137437600485
0.0102440564498
0.00855928018209
0.00580115028802
0.00321840147503
0.00179613501393
0.00189643535678
0.00313469184521
0.00522778251254
0.011241483445
0.016175758219
0.0189961108397
0.0201701703005
0.0242409021827
0.026273971214
0.0270832467967
0.0275738285743
0.0286575871198
0.0284085329487
0.0289855417031
0.028864057461
0.0291886692226
0.0283675301428
0.0291039234239
0.0282081594961
0.0285314199568
0.0275012152484
0.0274361208235
0.0285531274657
0.0286388842668
0.0280980675899
0.0277425097237
0.0267475492038
0.0257824387187
0.0251013514988
0.024909153406
0.0241342936185
0.0266996998115
0.0268617425237
0.0266144780271
0.0252117894436
0.0235411597177
0.0218491687423
0.0220507031328
0.0190649344512
0.0198196487673
0.0169573134756
0.014144606191
0.0136741681065
0.0140066975579
0.0142894613884
0.0136982697433
0.0131645052908
0.0120014452925
0.0097359561588
0.00814637041912
0.00675809119055
0.00338937372791
0.00266021971172
0.00321832929201
0.00212651828205
0.0
-0.00179530258367
-0.00141658107706
0.0
0.00298554781966
0.0091219726198
0.0
0.0144356935416
0.0148499906854
0.0158857279427
0.0
0.0192553734821
0.0248898611369
0.0268776485613
0.0
0.0266594911404
0.0224269502841
0.0183399076694
0.0147964751983
0.0141582196477
0.0133260762705
0.012918982864
0.0133219831014
0.0167884604294
0.0
0.0
0.0139902814451
0.00601002265571
-0.0016322760659
-0.00832560231827
-0.0151276291293
-0.0233661642087
-0.02841712105
-0.0337687013738
0.0
0.0
0.0
-0.0300895524051
-0.0215236011411
-0.0144077591112
-0.00874827557224
-0.00633659837962
-0.00523507699791
-0.00368214732559
-0.00399072102179
-0.00557387338475
-0.00695652618699
-0.010149870914
-0.0103009082216
-0.0118957019166
-0.0134818234302
-0.014088739198
-0.0142926918242
-0.0129374841609
-0.0119028407061
-0.00817152087188
-0.00496649307849
-0.00238457285526
0.0016485139846
0.00445968030955
0.00774055654566
0.0106446505276
0.0139421060083
0.0164502840349
0.0171813024997
0.0181243121365
0.0165206993577
0.0170563292376
0.0171618434751
0.0172141052572
0.0162262496443
0.014709569736
0.0141811213062
0.0146565384581
0.0142497530841
0.0138204357877
0.013488022489
0.0141806797719
0.0138404170001
0.0137696003142
0.0134615987067
0.0133809749064
0.0154817606311
0.0150186393657
0.0142143089829
0.0157893147564
0.0133255700447
0.0102534780429
0.0086416082498
0.00663675091602
0.00474897612968
0.00321542233016
0.00225078530553
0.00103871133528
-8.95742179358e-05
-0.0011388604078
0.0
0.00318575415547
0.00555570196062
0.00844720871011
0.0122305573456
0.0157327244306
0.0184162165635
0.0200812878218
0.0186036153495
0.0175189457375
0.0144784205365
0.0125434724117
0.0117286018961
0.0118729434038
0.0124504718471
0.0142973537944
0.0158880028525
0.0173036095202
0.0193570186996
0.021770406524
0.0234990407457
0.0253521188249
0.0273188638182
0.0290790215715
0.03016068697
0.0310297140186
0.0315031939461
0.0300982032106
0.0279636947789
0.0256157273795
0.022239265145
0.0208113466624
0.0207800185152
0.0222341623014
0.0246504030168
0.0273903517354
0.0319134998814
0.0366936027549
0.0397872292796
0.0448751234145
0.0487939346365
0.0506305131475
0.0512278089347
0.0528723261905
0.0
0.0
0.0477770419318
0.0
0.0396771904076
0.0398859981946
0.037872653259
0.0371169981063
0.0340282222718
0.0310874086669
0.028655515052
0.030239412676
0.0279270851651
0.0244584047387
0.017745838729
0.0122918678552
0.00833122354243
0.00620456278694
0.00601961573684
0.00672258970323
0.00762222220367
0.00854857518134
0.0129705566827
0.0164198581853
0.0175150147982
0.0191897788932
0.0205837663731
0.0220625444269
0.02400739576
0.0243953389932
0.0251514139401
0.02601098807
0.0256402676286
0.0259238832305
0.0269256219697
0.0280469848974
0.0289344730304
0.0310531303887
0.0327302722179
0.0342464836428
0.0348834858317
0.0352392314648
0.0357631835609
0.0355574786483
0.0351798481721
0.0366195161583
0.0357874760153
0.0364232746048
0.0379206779704
0.0384079437938
0.0381206890021
0.0381254689709
0.0
0.0393767875884
0.0378886222729
0.0368264732779
0.0363329806283
0.0359808391423
0.0353206586187
0.0344775529193
0.0332350394226
0.0329021915661
0.0330930161749
0.0334695996959
0.0308682868952
0.0289516626412
0.0267943057297
0.0249394202991
0.0190269763987
0.0151947317711
0.0132539234295
0.0106156357434
0.00781471666119
0.00654888667941
0.00731749922115
0.00989933749541
0.0112723362927
0.0163229561596
0.0212876775267
0.0232480224388
0.027338382098
0.0290566757553
0.0298958386749
0.0300172844062
0.0300136988222
0.0287229322423
0.0294572661595
0.0289056774038
0.0273638644383
0.0281706233894
0.0298474320252
0.0295061119267
0.0294428395014
0.0295145605008
0.0312551962007
0.0333862518071
0.0345567526472
0.0367895014193
0.0386910247484
0.0374670955386
0.0367191514952
0.0363588586252
0.035280758178
0.034775996752
0.0347613288887
0.0315096832401
0.0273287022356
0.0231371620451
0.019895305661
0.0186664445156
0.0173024487578
0.0147796050769
0.0158637765797
0.0151170282586
0.0141956999853
0.0131813779309
0.0119799034501
0.00969061883284
0.00648300543469
0.00327540114876
-0.000457867280576
-0.00459077143675
-0.00817991813386
-0.00937295702117
-0.00787788601421
-0.00808161537453
-0.00775237790251
-0.00853403859867
-0.00720432206416
-0.00481243710659
-0.0021088350094
-0.00048865932453
0.00347268637471
0.00901054044368
0.0108658538233
0.0132081358154
0.0151321543079
0.0162011521094
0.0180428267259
0.0190044436073
0.0208862559295
0.0205597402149
0.0215913357048
0.0213307991382
0.0218489481808
0.0219098768415
0.0219062815218
0.0211588282589
0.0
0.0203306995153
0.0205499504477
0.0198456475487
0.0198188783592
0.0200474465365
0.0203512583614
0.0204453167898
0.0178984127155
0.0155749024572
0.0129655239276
0.0106258641405
0.00962357206198
0.00792078104173
0.00627704951298
0.00634452605977
0.00462715966023
0.00256488107063
-0.00202519014003
-0.006393578549
-0.00908594434115
-0.0114021677286
-0.0131406630479
-0.0144197925134
-0.0145918383492
-0.0164432216218
-0.0183203549354
-0.018784951752
-0.0212538080017
-0.0222657267774
-0.0224136689221
-0.0229934450806
-0.0203509844201
-0.0194377241606
-0.0183907441371
-0.0171353994501
-0.0157267575524
-0.0145560240628
-0.0150074781094
-0.0123179351021
-0.0134671068693
-0.0137518870558
-0.0134374715459
-0.0126377270927
-0.0118070580503
-0.0113014977555
-0.009769185998
-0.00726112977894
0.000536171248425
0.00128356094721
0.00329716530559
0.00297085259055
0.00441399018054
0.00308314093755
0.000845432719324
-0.00308273120388
-0.00593476613344
-0.00732619710238
-0.00891139370595
-0.00985434755255
-0.0111836700951
-0.01161793075
-0.0127555732927
-0.0133474510781
-0.0129864328467
-0.0138154515165
-0.016438331261
-0.0185222126229
-0.0194843173912
-0.0191857622884
-0.0203440438768
-0.0207920216573
-0.0213861591118
-0.0183380153913
-0.0196468377463
-0.02145531612
-0.0236775821552
-0.0287426656289
-0.0354935723316
-0.0408968012716
-0.0452834675826
-0.0480024210138
-0.0496016198969
-0.0504151227506
-0.0494691453212
-0.0474719500056
-0.0457605909832
-0.040704309215
-0.0358006174419
-0.0303717380685
-0.0241976726662
-0.0185293928729
-0.0138313955142
-0.0102154918726
-0.00678572053219
-0.00415795447468
0.0
0.00751790978043
0.0113888904481
0.0130854775591
0.0137445043215
0.014749510767
0.0157970566199
0.0179265093044
0.019200400389
0.0202257857966
0.0234107838167
0.0237110493034
0.0244568887529
0.0259626291602
0.0267231238975
0.0275163940103
0.0270622872356
0.0273197419997
0.0272358367835
0.0277065999111
0.0276533164377
0.0268785470886
0.0271649215899
0.0265731762554
0.0283058968967
0.0261143720246
0.0
0.0
0.0
0.0256676714601
0.0250731249179
0.0247180044415
0.023726360083
0.0252530049085
0.0230027478805
0.0222661445988
0.0209652699401
0.0174752039015
0.017899491517
0.0181806757818
0.0182543684465
0.019254384766
0.020440969691
0.0237988020923
0.025672792834
0.0276461933955
0.0299657214566
0.0326195270048
0.0358091534464
0.0386716196467
0.0393001425657
0.0422875680545
0.0427831093592
0.0477691681842
0.0
0.0
0.054370539386
0.0523839609163
0.0521897299699
0.0504613597909
0.0494771362987
0.0492939934646
0.0489740909596
0.0480371605562
0.0461423373747
0.0501068089822
0.0492190654941
0.0502562231149
0.0484398060219
0.0479077124102
0.0415643082274
0.0359618440207
0.0315062484273
0.0222849819624
0.0125733162983
0.00417509579825
-0.00298739918875
-0.0115640324985
-0.0182523220614
-0.0249639168952
-0.0272363160073
-0.0331811666939
-0.0400223931072
-0.0447975860732
-0.0467778283675
-0.0497685349292
-0.051002589419
-0.0522465233482
-0.0556236762201
0.0
-0.0554528714151
-0.0490648322111
-0.0464173700856
-0.0443574712876
-0.0420680952877
-0.0377751461421
0.0
-0.0274983233661
-0.0237845946742
-0.0200811022541
-0.0164110377443
-0.0134472809855
-0.0108865657385
-0.011030375371
-0.00648889314298
-0.00153709581409
0.00445813231996
0.00499683751993
0.00979015838308
0.00629006123315
0.0103546584197
0.0110482219992
0.0113167063461
0.00747809732145
0.00656577400911
0.00645829174353
0.00332569701148
0.000489052195523
-0.00273011975992
-0.00444719839962
-0.00486926130112
-0.00636281152295
-0.00885828320404
-0.00989320772511
-0.0113309228929
-0.0136728016198
-0.0141572141887
-0.0149082116269
-0.0149122491728
-0.0160539850635
-0.0155014798599
-0.0162197807967
0.0
-0.0178061727291
-0.018564402586
-0.0203479489836
-0.0234827218142
-0.0260145124997
-0.0276958668888
-0.0293126773381
-0.0310368187039
-0.0326844581981
-0.0318641579511
-0.0330375840167
-0.0320782240832
-0.0324839949569
-0.0344318934359
-0.0361804670102
-0.0392567186407
0.0
-0.0371212834782
-0.0331484284708
-0.028260809033
-0.025379500609
-0.0237179638776
-0.022920080126
-0.0219326634186
-0.0235064811175
-0.0221273896476
-0.022794992754
-0.0234049425221
-0.0243765114413
-0.0264037527969
-0.0280143141485
-0.0300703194557
-0.0296338951058
-0.031960445151
-0.0355258630071
-0.0388172533583
-0.0431194048291
-0.0495436948138
-0.0565166570596
-0.0616698962898
-0.0659084199633
-0.0691740194701
-0.0717060287461
-0.0704052769908
-0.0692343288445
-0.0679778375654
-0.0694487266526
-0.0719327213437
-0.0741824468316
-0.0740369167526
-0.0749023059422
-0.0729772639524
-0.070082896043
-0.0660699902576
0.0
0.0
-0.062175664553
-0.0642150369306
-0.0676826117728
0.0
-0.0732691777109
-0.0758484507874
-0.0791920599958
-0.0823063809294
-0.0868011050383
-0.0918779288116
-0.0967612829455
-0.100251689923
-0.105412283252
-0.115594953088
-0.121578753359
-0.121886593348
-0.123418575242
-0.124536721946
-0.125549967974
-0.120080709037
-0.114439918645
-0.102738409113
-0.0964139701844
-0.0860891276485
-0.0756456380153
-0.0655111243048
-0.0557328243533
-0.0440599748898
-0.0338515156316
-0.0240211693185
-0.015900941173
-0.00772649744714
-0.00203376383036
0.00192521329613
0.00465231707532
0.00632745760014
0.00755954136181
0.00852907603101
0.0116955488267
0.0132110112857
0.014074292511
0.0133670168729
0.0141284793924
0.0138393175888
0.0142748524404
0.0150808773365
0.0150987764579
0.0133800355599
0.0127489026264
0.0110481325769
0.008912381129
0.00615386617277
0.0042206243639
0.00144260294916
-0.000146930937261
-0.00222043946094
-0.00373404925047
-0.00435612572987
-0.00519122979676
-0.00669025593185
-0.00953099087846
-0.0110802376111
-0.0129423744319
-0.0131991248752
-0.0150796214033
-0.0178011033317
-0.0203667852611
-0.0225736647149
-0.0231020338094
-0.0267921274017
-0.0313096694956
-0.036674657581
0.0
0.0
0.0
-0.0378940445466
0.0
0.0
0.0
0.0
0.0
-0.0392262476422
-0.0431118822715
0.0
-0.0472148817441
-0.0458203241566
-0.0424754124048
0.0
0.0
-0.0397247278034
-0.0431954534335
-0.0441217257848
0.0
-0.0386994684376
-0.0327072392202
-0.0265736782572
-0.0186662827547
0.0
0.0
0.0
-0.0168240061462
-0.0188259855304
-0.0201633391125
-0.0204041411527
-0.0189455167667
-0.0191362555483
-0.0196267692468
-0.0201182380451
-0.0210937187115
-0.0231539705745
-0.0266868743815
-0.0283487782632
-0.0294503234547
-0.0309769458933
-0.0344893033998
-0.0384477446014
-0.0422382095169
-0.0460847744832
-0.0511669985688
-0.057641265918
-0.0634971171725
-0.0662640412192
-0.0677757249654
-0.0687634999694
-0.06837946515
-0.0692865475257
-0.0675360927418
-0.0645545673992
-0.0615966133269
-0.0579516325322
-0.0519713180976
-0.0468753367219
-0.0420334440979
-0.0356515038249
-0.0299188345124
-0.0245330599506
-0.0187139447651
-0.0130844072193
-0.00898934589208
-0.00258212436028
0.00229087071734
0.00684542889263
0.00972469446354
0.0121244451944
0.0143757209195
0.0155661631389
0.0151986240891
0.0129072056702
0.0142059868074
0.01374483823
0.0127489785732
0.0116168045991
0.0104872825798
0.0108153298365
0.0101829694139
0.00951716284322
0.00833493329862
0.00726164967194
0.00750272250656
0.00471605300582
0.00178091460813
-0.000551017008198
-0.00188203740781
-0.00442696016428
-0.00652231577919
-0.00838209366448
-0.009446819764
-0.0130862367469
-0.0150152592663
-0.0173069518185
-0.0114877165458
-0.0156596439327
-0.0190965190224
-0.0191981802449
-0.01835941068
-0.0206055193146
-0.0209749191427
-0.0202991516815
-0.019881469593
-0.0196432137019
-0.0192283986501
-0.02211280983
-0.022450767424
-0.0223363004291
-0.0204990687274
-0.0205807067617
-0.0196148589311
-0.0187892431237
-0.0177482228093
-0.0165479451762
-0.015908886483
-0.0145900349788
-0.0127897303067
-0.0119166035984
-0.011415217087
0.0
-0.00901313821265
-0.00875829614919
-0.00694544829282
-0.00518046544235
-0.00367327853276
-0.000640763407728
0.00131993095447
0.00220753600321
0.00225806768687
0.00157937119897
-0.00363207190489
-0.00907366965034
-0.0136124286419
-0.0203769719292
-0.0275558006844
-0.0354563867766
-0.0437216758331
-0.0529670277624
-0.0648416638272
-0.0801719248757
-0.099135544999
-0.119386054722
-0.136187604786
-0.151093285063
-0.161549458761
-0.16829401395
-0.171497100392
0.0
0.0
-0.169146882034
-0.162123294195
-0.15516683184
-0.14876047194
-0.144823696444
-0.140912417803
-0.134006215437
-0.127994341026
-0.124536493169
-0.119904690436
-0.114892541838
-0.109535062605
-0.10362536066
-0.0990672706554
-0.0934026182427
-0.086475271611
-0.0789787749468
-0.0741882271335
-0.0717384274058
-0.0609029150026
-0.0535737438752
-0.047433277832
-0.0420041110306
-0.0369598349955
-0.0342185567522
-0.0296555803315
-0.02663071192
-0.0229639310492
-0.0192781520873
-0.0147045742859
-0.00912069260444
-0.00398039554758
0.00168966812119
0.00392415903599
0.00525605624551
0.00703840206866
0.00576894765752
0.00455730445496
0.00386732953897
0.0027458576426
0.00454091833302
0.0018921658182
-0.00786419730424
-0.00373105514524
-0.00698896885024
-0.00977244851756
-0.0123015149028
-0.0152709867964
-0.0166507364567
-0.0190658549404
-0.0199154351505
-0.0212699117834
-0.0220307206053
-0.0231762901045
-0.0230912706753
-0.0221373797689
-0.0227862995972
-0.0228452993113
-0.0246451465711
-0.0266134830793
-0.0274795251413
-0.0287139415901
-0.0290976795945
-0.0278305581239
-0.0260385701796
-0.0232096266599
0.0
-0.0140060046029
-0.00919282256836
-0.00264784054337
0.00257418136243
0.0072850500431
0.0125224177795
0.0186372398057
0.0206125551448
0.0238517489494
0.0267891003089
0.0282408405016
0.0312112827357
0.0
0.0301593206097
0.0244786599711
0.0218200221497
0.0202168522687
0.0213631669198
0.024450102367
0.0280898154322
0.0332032735066
0.0
0.0
0.0
0.0
0.0
0.0
0.0
0.0113707870975
-0.00525861402273
0.0
0.0
-0.0775655869305
-0.109534972621
0.0
0.0
0.0
0.0
0.0
0.0
0.0
0.0
0.0
0.0
-0.121414200765
-0.112973668911
-0.104881590668
-0.0976117648295
-0.0920117814244
-0.0880270248125
-0.0827604107338
-0.0759559205478
-0.0667943451307
-0.0569914351166
-0.0481658327569
-0.0407145485262
-0.0351363272503
-0.030172318172
-0.0240693841124
-0.0201573411679
-0.0141267856709
-0.0109910166167
-0.00793285969795
-0.00492502468242
-0.00360258328498
-0.00195924626572
-0.00126884580145
-0.000469203980956
0.00041707680649
0.00178735617285
0.00333404681585
0.0041909147455
0.00525212391122
0.0064874997335
0.00786036220752
0.00859095964111
0.00820343026251
0.00888465533202
0.00765657381387
0.00799630081598
0.00668060841941
0.00473416178731
0.0036656662621
0.00331514849494
0.00396791881149
0.00467465637817
0.00554138249161
0.00362580313358
0.00346042758907
0.00403389533262
0.00383069473701
0.00450482607331
0.00347301542894
0.00186560073483
-9.39145830481e-06
0.0
-0.00209381194498
-0.00128253585474
0.000860593283498
-0.000578053777993
-0.00126801558621
-0.0016628221019
-0.000179131044195
0.00100294973104
0.00435219450181
0.00707098034057
0.00918915771068
0.0110935549248
0.01406052151
0.0162130695951
0.019274465506
0.0233554797713
0.0
0.0334637099627
0.0328463057825
0.0331620010126
0.0344863856453
0.0356821669079
0.0360517623704
0.0360286449762
0.0375841381755
0.0378194071218
0.038481756794
0.0393310884363
0.0367086668836
0.0361571296815
0.0341175176827
0.0306305196184
0.0268730127906
0.0
0.0169516115816
0.0120920909029
0.00737467204005
0.00350572518528
0.00137891870136
-0.00190881431768
-0.00306973275173
-0.00463172123923
-0.00710247005112
-0.010837163698
-0.0142751529186
-0.0170521412853
-0.0189745456094
-0.0197979124554
-0.0225565940847
-0.0241795174258
-0.0264768320077
-0.0281220358682
-0.0307730987222
-0.0329508621786
-0.033783364645
-0.0354995017883
-0.0362642157824
-0.034937694254
-0.0336353440394
-0.0323802203229
-0.0318687487922
0.0
-0.0314880447977
-0.0321841731811
-0.0324341817015
-0.032843541166
-0.0323307406058
-0.0331707459445
-0.0321724749795
-0.0312341832178
-0.0307527560731
-0.0289529540847
-0.0279948084554
-0.0300103886656
-0.0307414485581
-0.0318772322301
-0.0319794454405
-0.0315801846298
-0.0321471499853
-0.0323441951925
-0.0312839314589
-0.0310172499838
-0.0300546563076
-0.0287027896307
-0.0223621178764
-0.0176027891307
-0.0159585762052
-0.0136701451719
-0.0126473878588
-0.00995292539327
-0.0081497528816
-0.00766340754554
-0.00517452375698
-0.00604632089241
-0.00425878748001
0.0
-0.00345978836289
-0.00410237726251
-0.00527178822727
-0.00829134385328
-0.0104400044361
-0.0123503655581
-0.0147435129153
-0.0157330728055
-0.0167279988197
-0.0168025589895
-0.0175868296913
-0.0188421088953
-0.0194174307663
-0.0199143375487
-0.0195420893029
-0.0205605652403
-0.0211398248335
-0.0210846554212
-0.0204566210772
-0.0196766422736
-0.0187988689111
-0.0174569987049
-0.0173207585837
-0.0158067126014
-0.0166415843808
-0.018472573931
-0.0223536093451
-0.0273322405646
-0.0316714541354
-0.0347072537454
-0.0367441054456
-0.0362955470683
-0.0336436507511
-0.0309153304932
-0.0275589725467
-0.0251474484102
-0.0267715693802
-0.0284048489185
-0.0303436760817
-0.0305460849847
-0.0324522580175
-0.0335178975522
-0.0355676760014
-0.0362765198967
-0.0419258598205
-0.0493703342016
-0.0568911037698
-0.0623967929521
-0.0663010135843
-0.0693099214279
-0.0730852664607
-0.0794257680965
-0.0885669995107
-0.103267087039
-0.126379948599
0.0
0.0
0.0
0.0
0.0
0.0
0.0
0.0
0.0
0.0
0.0
0.0
0.0
0.0
0.0
-0.166137309083
-0.149467537301
-0.134229275722
-0.12166546513
-0.111485542949
-0.104185262251
-0.0977451429529
-0.094226877663
-0.0906698357251
-0.0827114186547
-0.0745409390786
-0.0660472703953
-0.0599164203339
-0.054779850818
-0.051679047719
-0.0507959086389
-0.0480925050678
-0.0435752450881
-0.0372568742321
-0.0288058082614
-0.0216541556462
-0.013503874388
-0.00766080508887
-0.00133070070704
0.00317526831566
0.0
0.0138188069794
0.0169080554715
0.0200485057048
0.026108339086
0.0305122678466
0.0344997852166
0.0361171397585
0.0373977026489
0.039132395089
0.0392161702196
0.0365888954692
0.0360631734038
0.036466226422
0.0298155224346
0.0215476769705
0.013369265021
0.00663528501607
-0.00217913939233
-0.0108670678268
-0.0202250474606
-0.0272083328616
-0.0352690762349
-0.042330687629
-0.050766535591
-0.0565098151559
-0.0664950749917
-0.0733126219565
-0.0812056522434
-0.0873367195707
-0.0912823504383
-0.0964570663551
-0.0991166430378
-0.0997275324793
-0.0988409366482
-0.0966877084475
-0.0903369094523
-0.0852000740964
-0.0816458517602
-0.0742520004767
-0.0726823014704
-0.0708825875684
-0.0711422713453
-0.0691443554662
-0.0691618928517
-0.0669603143035
-0.0652436732031
-0.0621306432307
-0.0609952569998
-0.0631123208074
-0.0638020063444
-0.0669899649592
-0.0687965850325
-0.0723138202136
-0.0763269499334
-0.0799910698984
-0.0841426983745
-0.0886577338961
-0.0927114592515
-0.0966634474951
-0.100194457178
-0.103211857289
-0.107092461704
-0.110046361514
-0.114011215999
-0.121163742807
-0.131724627083
-0.147050143353
-0.164695208751
-0.184837725806
-0.211021134565
-0.237833964032
-0.264676192453
0.0
0.0
0.0
0.0
0.0
0.0
0.0
0.0
0.0
0.0
0.0
0.0
0.0
0.0
0.0
0.0
0.0
0.0
-0.265313220068
-0.251542145392
-0.240127852222
-0.226714929309
-0.212667537575
0.0
-0.181250696535
-0.166081568347
-0.149770406773
-0.134520407214
-0.122555333383
-0.111049826658
-0.101919308623
-0.0934728833243
-0.0870579320967
-0.0810831540229
-0.0746398275195
-0.0678726076025
-0.0653408892929
-0.0632982149918
-0.0621908690787
-0.0622064134879
-0.0641486769449
-0.0669426796596
-0.0730832509383
-0.0780136153397
-0.0819762899346
-0.0889333962651
-0.0968686284709
-0.105248931699
-0.113516046896
-0.122696864469
-0.133417239325
-0.145217619619
-0.154619068996
-0.16538619184
-0.174340423853
-0.182746204595
-0.190732593884
-0.198863005347
-0.206574709362
-0.208377577949
-0.21132454926
-0.214490798243
-0.215109067564
-0.215152532124
-0.213923763526
-0.213057091398
-0.208636975904
-0.202279537907
-0.197173579017
-0.194496355943
-0.193862090058
-0.192964608614
-0.196914313137
-0.201651682361
-0.20557490049
-0.208329872523
-0.21050824633
0.0
-0.209526491479
-0.203519812002
-0.194618927542
-0.181434608559
-0.166933631919
-0.149343651431
-0.132371123848
-0.117139527637
-0.104995846583
-0.092262967356
-0.0843207300989
-0.077267287014
-0.0738868357308
-0.0736453159161
-0.0746576291562
-0.0767963142421
-0.0801918873362
-0.0852488754544
-0.0900701042743
-0.0952832845489
-0.100135795039
-0.104649760203
-0.108560018622
-0.113058711895
-0.118018279092
-0.123037775434
-0.129667681966
-0.137968863103
-0.147653642323
-0.158028373944
-0.170938748546
-0.183565551538
-0.199914281563
-0.214463041895
-0.225727209816
-0.235628356059
-0.245410576402
-0.252665268813
0.0
0.0
0.0
0.0
0.0
-0.25502796041
-0.246528947196
-0.238095146047
-0.227153524429
-0.217026379976
-0.207411985124
-0.195317941043
-0.190204670561
-0.187469457075
-0.184371917084
-0.183948330593
-0.179265592573
-0.173615468702
-0.167614500308
-0.163109180474
-0.155523246707
-0.145823393216
-0.13599178045
-0.126747488622
-0.118146313392
-0.110082982547
-0.106592923419
-0.100289356141
-0.0948289334916
-0.0893289542688
-0.0856660109605
-0.0817400353941
-0.0804344424007
-0.0786741141207
-0.0767252110601
-0.0755585471448
-0.0749891865129
-0.0770059564787
-0.0784262723577
-0.0806870634965
-0.0809404667633
-0.0845729416034
-0.0868197988143
-0.0904461068827
-0.0906487596371
-0.0918479381597
-0.092429763035
-0.0915472795593
-0.0907749655405
-0.0900244170751
-0.0898231158207
-0.0892695755811
-0.0895129082432
-0.0886433008496
-0.0879213682767
-0.085765637289
-0.0831524376233
-0.0809219168034
-0.078842620045
-0.0789206313419
-0.0812018015378
-0.0827691476394
-0.083536813938
-0.0841460082202
-0.0858346180988
-0.0882063674031
-0.0892146197219
-0.0871621707184
-0.0873383129822
-0.0908278160234
-0.0940782410427
-0.0957733088498
-0.0980552990782
-0.0998799422327
-0.100406891389
-0.101288467217
-0.100080070856
-0.0993385203432
-0.1016064778
-0.101926616196
-0.105147979505
-0.106279641239
-0.106809294903
-0.107450748498
-0.107687943461
-0.106854396223
-0.10655126723
-0.105504566121
-0.104406667118
-0.102713980018
-0.102021402196
-0.103597432539
-0.104510839318
-0.109429290981
-0.115767097375
-0.120236505818
-0.126429846294
-0.130749301708
-0.138112790366
0.0
-0.152474450971
-0.164011694488
-0.175827353624
-0.184924565769
-0.193077028046
-0.198677864632
-0.201317132514
-0.20098892158
-0.201065342056
-0.200205843259
-0.197778877951
-0.193343555544
-0.187096168314
-0.177964571477
-0.169783458594
-0.162807775229
-0.15665252504
-0.150648818065
-0.145570228509
-0.141217408334
-0.137038981454
-0.132863641585
-0.128993089047
-0.1219809042
-0.113864579828
-0.10944062807
-0.103067709797
-0.0973293575062
-0.0908881602576
-0.0843700489779
-0.0795610973683
-0.0749027859668
-0.0708014984358
-0.0654407457533
-0.0592352732047
-0.053506001882
-0.0480383117376
-0.0449807035369
-0.042258746808
-0.0411304573982
-0.0395042885498
-0.0371737932901
-0.0346363700218
-0.0309890741535
-0.0306154047953
-0.0310532083684
-0.0311567364111
-0.032462439623
-0.0335983271069
-0.0351525471956
-0.039140528278
-0.0425529464457
-0.044903420685
-0.0481840817934
-0.0508394226486
-0.0507410078001
-0.051355821146
-0.0505290348536
-0.0501116825921
-0.0529364420588
-0.0541381977847
-0.055901395719
-0.0574206730397
-0.056455175456
-0.0578094201393
-0.0593169857696
-0.062709205457
-0.0668324540552
-0.0706212159412
-0.0774708915328
-0.0894950619385
-0.0999760525249
-0.102053247233
-0.109858904341
-0.116525609123
-0.122377014608
-0.125858322683
-0.130000163149
-0.130578460064
-0.130664942269
-0.130046059941
-0.127548099741
-0.123602660095
-0.116701597866
-0.11151626342
-0.106466697447
-0.102504977368
-0.0998577241102
-0.0952284576319
-0.0928727530446
-0.0927427478645
-0.0950650121225
-0.0959205069677
0.0
0.0
0.0
-0.0925634490726
-0.0847023135973
-0.0761676848151
-0.0667751995791
-0.056667097491
-0.0469573261822
-0.0377937872625
-0.0303191723265
-0.0244748141406
-0.0193101731706
-0.015629795098
0.0
-0.0159108041411
-0.0202037498389
-0.0257502836409
-0.0337142721378
-0.0414640980489
-0.050548968619
-0.058620125591
-0.0651202582352
-0.0715101565412
-0.0770503395377
-0.081572588819
-0.0834014269711
-0.0850053478129
0.0
-0.0866726977571
-0.0855297792962
-0.0836058235243
-0.0790294119711
-0.0751194643539
-0.06988261491
-0.0665670699319
-0.0633195297509
-0.0568575492517
-0.0503398879146
-0.0441810223562
-0.0380171920393
-0.0332739846627
-0.0267049890083
-0.0231138575792
-0.0212281527304
-0.0202340187658
-0.0190244943889
-0.016222076732
-0.0129475412875
-0.00977145150184
-0.00639865947504
-0.00264479631228
-2.7122673838e-05
0.000539118162363
0.00126886642219
0.000842638924529
0.000316871741048
-0.000531990348483
-0.00171700931604
-0.00379059121928
-0.00483627286776
-0.00591105153445
-0.00785749949563
-0.00975442147832
-0.011416304575
-0.0132551624906
-0.0128767112874
-0.0130219589997
-0.0127049263095
-0.0132351805508
-0.0125722393988
-0.0121756052663
-0.0126110833868
-0.0130137946203
-0.0128659881528
-0.0119264845454
-0.0124838919549
-0.0122369309192
-0.0147051153251
-0.0161271111934
-0.0176815339977
-0.0165369451717
-0.0161379131708
-0.0166312380283
-0.0156137164691
-0.0146435707087
-0.0144365155478
-0.0142271770684
-0.01429914934
-0.0137619547711
-0.013647012535
-0.0150781626452
-0.0156698159794
-0.0178851229574
-0.0181535146163
-0.0167545147783
-0.0147115236686
-0.00832386346478
0.0
-0.00232492175246
-0.00316137832353
-0.00376775541823
-0.00472438586465
-0.00497845826134
-0.00578621203704
-0.00697371379386
-0.00608262001976
-0.00449595435746
-0.00472331004494
-0.0046368545382
-0.00580819086681
-0.00353190284841
-0.00297251560412
-0.00300959053649
-0.00327069796621
-0.00470119537767
-0.00583740755023
-0.0079992965865
-0.0122067547478
-0.0163553890696
0.0
0.0
-0.0544769377643
-0.0712976774802
0.0
-0.0945714020481
-0.0991836920616
-0.101396219555
-0.103709084461
-0.102546812538
-0.100676356441
-0.0970145949796
-0.0914691281818
-0.0864499671275
-0.0841777697778
-0.0820523417478
-0.0769066531327
-0.0683106647569
-0.0594643765876
-0.0493317212808
-0.0417268465951
-0.0329004145156
-0.0245574027962
-0.0202824106358
-0.0182033411201
-0.0157792001045
-0.0138874712016
-0.0124660518859
-0.00943874354375
-0.00684788569248
-0.00329515151048
-0.000346570002772
0.00218029553042
0.00390411328817
0.00572133090691
0.0079021732895
0.010520826353
0.011000480094
0.0123136961886
0.0131723097797
0.0124169049345
0.0115897355283
0.00996646126217
0.00828819128238
0.00520262590575
0.00360478452062
0.00133172860727
0.0012013437574
0.000642885219212
-0.000845155926915
-0.00389168374456
-0.00742344205454
-0.00852553113921
-0.0111194524668
-0.0127556023978
-0.0161973909063
-0.0164294734269
-0.0185036895904
-0.0219827791348
-0.0233216270134
-0.023887792053
-0.025110284626
-0.0242872602658
-0.0234853760106
-0.0212065352706
-0.0200950281058
-0.0179631471897
-0.015129366353
-0.0127845513381
-0.0109291995341
-0.00781799965411
-0.00356371602608
0.000452833415322
0.00396792199577
0.0
0.0143728677043
0.0171796682725
0.018783753028
0.0209554067317
0.0228000083858
0.0243845143404
0.0252764939644
0.0256167801099
0.0248233282542
0.0235424486114
0.0227058305278
0.0219672566257
0.0213350945149
0.0168108351237
0.0104138578318
0.00523584518853
-0.0027038367518
-0.00976914947267
-0.0188529360342
-0.030104778212
-0.0380169952775
-0.0436787912361
0.0
0.0
-0.0484639289162
-0.0460310444065
-0.0410852211186
-0.0353484411264
-0.0320169692603
-0.0284314449575
-0.0255684256156
-0.0254326024851
-0.0273939218724
-0.0295730434726
-0.0317160069905
-0.0350047407834
-0.0390384564618
-0.0432810454482
0.0
0.0
-0.0439406628192
-0.0403053309434
-0.0370673572739
-0.0307143049819
-0.0260200003974
-0.0225026212898
-0.0198399853149
-0.0181682129359
-0.0165229674791
-0.0165638063941
-0.0169220392262
-0.0162602661638
-0.0158176790925
-0.0164893172441
-0.0161517718629
-0.0154784634298
-0.0175205532988
-0.0178285397094
-0.0194662517842
-0.0187848994348
-0.0193788250816
-0.0184806274743
-0.0177445196338
-0.017371699034
-0.0170845004504
-0.0153423034606
-0.0143426023448
-0.0128744139335
-0.0109959106558
-0.00856572725025
-0.00641416108679
-0.00458773090421
-0.00303182260957
-0.0026597634819
-0.00158889674016
-0.000304272846293
-0.000355651711493
0.00311821135013
0.00300829519156
0.00269396418794
0.00422480296634
0.00488871819998
0.00561026090892
0.00430099203304
0.00677378989019
0.00812790595859
0.00879485571852
0.00791139307522
0.00812186990643
0.00698443469651
0.00646131680928
0.00603080202519
0.00627742091195
0.00683443945085
0.00738098184508
0.0
0.00907441809772
0.00920268949209
0.00981228862929
0.0106550072897
0.0102535419162
0.00868790372206
0.00711437601868
0.00547293656177
0.00486614354099
0.0067685783004
0.0101821921931
0.0134036544356
0.0149584248973
0.0171419225839
0.0214536185169
0.0252710144792
0.0257995203878
0.0281148680123
0.0284585380957
0.0292233533779
0.0283482936726
0.02602866133
0.0269897054978
0.0241080223756
0.0233171339281
0.0215449051812
0.0190833947365
0.0172899168791
0.0161915646757
0.0145847438398
0.0165111893316
0.0150930953715
0.0181822064301
0.0191550289274
0.0205283702431
0.0216131280442
0.0232110592825
0.0248136894516
0.0230937525166
0.0239941556291
0.0252293352776
0.0264926243912
0.0227820268429
0.0215912202925
0.0186919885005
0.0158461272605
0.0111469899619
0.00792055132908
0.00474584634195
0.00181486493123
-0.00175834944883
-0.00546769341352
-0.00805906405951
-0.00804402786593
-0.0103607760821
-0.011225439844
-0.0119392368435
-0.0131708832826
-0.0138067455445
-0.0139968751098
-0.0139138766915
-0.0131119487017
-0.0131067085263
-0.0123938979224
-0.0110795804448
-0.00892465207878
-0.00577282579449
-0.00366168819298
0.00162667979102
0.00255139003008
0.00723618803848
0.00368393818606
0.00519551817239
0.00492850407463
0.00467792742768
0.00600009119286
0.00572391806776
0.00593031994401
0.00689251537029
0.00791481284703
0.00763198735025
0.00894672526778
0.00950773626097
0.00961976445412
0.0101453712435
0.0106783104421
0.011095834296
0.0123268540348
0.0132689903301
0.0111161190492
0.0107856869862
0.0103878372811
0.00949282644741
0.0096947008985
0.00841016086453
0.0
0.00810906183834
0.0090068710273
0.0096899360694
0.0115964031692
0.0121856496284
0.0127887414511
0.0151735860356
0.0212032365173
0.0236304392903
0.0255103362902
0.0257855138584
0.0260348769954
0.0250825722306
0.0239889912447
0.024225395559
0.0253250059765
0.0
0.0
0.0
0.0293346904911
0.0258247002257
0.0230590956625
0.021141096777
0.0219772809509
0.0204695106852
0.0199134065033
0.0188110439231
0.0164048186212
0.0153569433664
0.0159270804345
0.015089767838
0.0156554718015
0.0164292224713
0.015140656296
0.0142434945223
0.0146921082647
0.0155044762365
0.0141505005901
0.0117390489099
0.0106868971202
0.00979969533547
0.00698877899002
0.00697146823695
0.00733217673018
0.00536678266089
0.00302781402995
0.00307099166534
-0.000294952285481
0.0029924473099
0.00238490888325
0.0017324624437
-0.00125727100261
-0.00532631144492
-0.00752025266992
-0.0104833460151
-0.0129192036389
-0.0159847550372
-0.0166709359144
-0.0193026849545
-0.0206652175086
-0.0217052780426
-0.0214456927289
-0.0213141896428
-0.0203812572256
-0.019432470242
-0.0176606460625
-0.0138368189123
-0.010863673205
-0.00853041272052
0.000511288674466
-0.000998983393002
0.000930533265727
0.00309372901756
0.0050076339001
0.00633667605624
0.00845632277544
0.00964745741365
0.0111638844534
0.0127702169943
0.013213442749
0.0149006183272
0.0134372076742
0.0158962452972
0.0151761433674
0.0150614239059
0.0154107887236
0.0128363135411
0.0110827159856
0.0107705545978
0.0102797292708
0.0117157941078
0.0129034584497
0.0150301402046
0.0167793924878
0.0174636043472
0.0
0.0149289124122
0.0168219579025
0.0164180944719
0.0174393269283
0.0165609118562
0.0149777430264
0.014913246267
0.0140591835342
0.0143891208062
0.0140777010261
0.0141646796503
0.0117304403862
0.0110745773002
0.00949809798359
0.00872656618927
0.00651078313104
0.00484069629751
0.00359794593347
0.00189431849147
0.0019429410779
0.0017394304634
-0.000264367303449
-0.000857388819059
-0.000876478208626
-0.000750983150949
5.46801822592e-05
0.00134804999748
0.00108039852629
0.00213431521992
0.00301442375305
0.00455463003432
0.00702023711614
0.00826898720288
0.0104751400749
0.0153188409983
0.013514412045
0.0186425883049
0.0257604221464
0.0306615416393
0.0270423654588
0.0278951204137
0.0304751619681
0.0327998926977
0.0345384141138
0.0350850033275
0.0361805630655
0.0385902000366
0.039398395204
0.039428751509
0.0417018519209
0.042524651246
0.0425282929
0.0416797820291
0.0412137329378
0.0409429648233
0.040844070589
0.0415422020024
0.04179037266
0.0409201240111
0.0403850172033
0.0382574833644
0.0380884766966
0.0365253498514
0.0353286853358
0.0350371925569
0.0320100694731
0.0316584659322
0.0307199326778
0.0275539940154
0.0255404128039
0.0240144120357
0.0199737772077
0.0158830143388
0.011722501357
0.00823181690799
0.00351712114969
1.64790151318e-05
-0.00120259647046
-0.00358936813999
-0.00537127545259
-0.00730881453838
-0.00755773218173
-0.00806565130573
-0.00644918736966
-0.00535416654635
-0.0034139571361
-0.00206441492232
-0.000525883694439
0.00229463092474
0.00364434114435
0.00519029500358
0.00561631065761
0.00820838996551
0.00842264056281
0.00952065728155
0.0
0.011435807709
0.0135303959375
0.0142124078692
0.0150126854717
0.0159177028596
0.0163697638099
0.0162359803421
0.0163852471512
0.0161437480619
0.014799477428
0.0160764303436
0.0152738210755
0.0153744537541
0.015051079381
0.0162276526815
0.0147437772937
0.0145265319997
0.0138275469047
0.0128155549275
0.0103717127698
0.00839149152913
0.00878271238548
0.00773638228639
0.0076496299452
0.00718367016079
0.00699114255071
0.00511515758718
0.00533552954996
0.0040462273578
0.00428010378162
0.0048313874111
0.00539567611841
0.00626820463873
0.00655339304061
0.00757624705425
0.00873187814308
0.00981380500769
0.0120809368198
0.0157963272736
0.0176237785314
0.0202474798894
0.0217376598376
0.0221481177039
0.0233235398707
0.0242182622438
0.0243320223853
0.0257556715658
0.0281457532917
0.030600355219
0.0315208633436
0.0336842363206
0.03566245457
0.0368178379617
0.0381512460348
0.0391891844878
0.0380557296966
0.0408878182801
0.0406819499751
0.0419877242554
0.0434791052218
0.0433416224098
0.043972506592
0.0433155189459
0.0419237814426
0.0397777945817
0.0395999681671
0.0357840494468
0.0334917431884
0.0331952741792
0.0321310103027
0.0324404066895
0.0334576665713
0.0338588642656
0.0334529694974
0.0321676132087
0.0317173086913
0.0311061967652
0.0305827770634
0.0285803820995
0.026378254567
0.0248498157534
0.0219373031508
0.0189402427889
0.0178044382926
0.016173048485
0.0138234800613
0.0110361661704
0.0132107796113
0.00765544449218
0.00596350232606
0.00682443231113
0.00685556095043
0.00741476682699
0.00976383944813
0.0117823450365
0.0
0.0149166812758
0.0170770706582
0.0186271764144
0.0190832451736
0.0207041389735
0.020375885562
0.0202874973029
0.0204143215114
0.0206360032175
0.0194565925872
0.0172159134095
0.0164148041126
0.0147585890048
0.0154582323657
0.0139383437012
0.0118149300045
0.0108271892694
0.0088171834393
0.00646558376423
0.00376056273067
0.00248029166047
0.000759592213378
9.91195224387e-05
-0.00180222931569
-0.00292329095327
-0.00361385396214
-0.00426163058227
-0.00288079391186
-0.00159140261446
-0.000580410738742
-0.000212092258967
-0.000130392862905
7.61952286066e-05
0.000498717540815
0.000986916278945
0.00134281673635
0.00157060476132
0.00127137221231
0.00141429428608
0.00243304765779
0.00255961081689
0.00301355656382
0.00405045633338
0.00424168066555
0.00511037118989
0.00596214289221
0.00730939553507
0.00871299265386
0.00908149424822
0.00889181115455
0.00905790483948
0.00957687670935
0.010033436573
0.00952005290466
0.00787308418274
0.00780865199425
0.00682448198374
0.00670453435401
0.00628269303881
0.0048428578175
0.00456765076068
0.00340142931887
0.0031198964568
0.00415490940103
0.00441155592821
0.00504402913585
0.00562900707842
0.00613040295639
0.00750549766472
0.00707150265775
0.00751265153867
0.00952888586924
0.0126094291852
0.0112853000674
0.00957026630437
0.00904013377332
0.00657984387837
0.0069849172186
0.0080673317221
0.00948841861784
0.00975725691914
0.0088598420962
0.00869253885889
0.00796647348883
0.00437143414292
0.00132249172619
-0.00156857412098
-0.00622122947692
-0.0103365563044
-0.0154398081859
-0.0223046488178
-0.0274156366938
-0.0353046785347
-0.0409482149429
-0.0464848262402
0.0
-0.0538863100321
-0.0592142745189
-0.0619872928974
-0.0647388371914
-0.0660919852202
-0.0673240651453
-0.0658867710864
-0.0642245808906
-0.0621297670799
-0.060135838217
-0.0578410373229
-0.0542380003996
-0.0536524866155
-0.052651592686
-0.0515236274885
-0.0469771040882
-0.0444281089863
-0.0385576941483
-0.0340150925973
-0.0290821593811
-0.028186181278
-0.0262177616927
-0.0239281018657
-0.0225736768958
-0.0209538843602
-0.0192096276202
-0.0160843007051
-0.0153916909206
-0.0150920083765
-0.0143452382409
-0.0135534667494
-0.0117797361899
-0.0127387527801
-0.0137308180752
-0.0144172087085
-0.0137776013168
-0.0141154438335
-0.0149771477708
-0.015279235152
-0.0150391950979
-0.0136226958475
-0.0149308314922
-0.0154104764372
-0.0154799387445
-0.0160917930555
-0.0157165725757
-0.0179005441202
-0.0198471493516
-0.0218217977937
-0.0230409030479
-0.0248069706753
-0.0250676721502
-0.0242076210392
-0.0240197509042
-0.0241615110207
-0.0230251371622
-0.0232521574798
-0.0228555430826
-0.0209774243021
-0.0227396903129
-0.0225688670947
-0.0217856460013
-0.0220153025397
-0.0251542096344
-0.0269150327504
-0.0279278101074
-0.0296827001864
-0.0295773012866
-0.027634949377
-0.0251610173988
-0.024230334726
-0.0226553179925
-0.0204472041222
-0.0180954117431
-0.0160629842196
-0.0134865019149
-0.0105639871763
-0.00826682344073
-0.00651460072602
-0.00317892787069
-0.00188981304866
-3.71240933619e-05
4.49267127318e-05
-0.00100674899803
-6.36180669855e-05
-0.000551609127674
-0.00181214933688
-0.00180504116818
-0.00411847913221
-0.00553188334214
-0.00787348439537
-0.0101551050629
-0.0130225267788
-0.0149016452615
-0.0182124290544
0.0
-0.0226011015917
-0.0251311168357
-0.0272140193307
-0.0301315529954
-0.0316275347157
-0.0318418349954
-0.0325513370811
-0.034632585585
-0.0371231668702
-0.0383686386769
-0.0393565653762
-0.0415323168472
-0.0406183362142
-0.0423510134505
-0.0434171225824
-0.0460996656948
-0.047195813676
-0.0483623174525
-0.0473522709275
-0.0510990816541
-0.0564017129722
-0.0598355042317
-0.0632623099682
-0.0626434044407
-0.0614151934845
-0.0584436293573
-0.0533179650004
-0.0481795152075
-0.0399328242122
-0.0324246291478
-0.0242563123382
-0.0158783529763
-0.00930774913359
-0.00517997716881
-0.00304814827241
-0.000844974744328
0.000480062510264
0.0024267689667
0.00184643448609
0.00215038244975
0.000790810146678
0.000568548765745
-0.00143725982123
-0.00317360181685
-0.00425608037956
-0.00605305899706
-0.00657559563445
-0.00731708743997
-0.00784121650263
-0.00871231104573
-0.00963870440858
-0.0121202478099
-0.0101617296845
-0.0123024422641
-0.013052800803
-0.0135380614218
-0.0131641093678
-0.0131591368982
-0.0131554854744
-0.012221133395
-0.0115868895231
-0.0115970730515
-0.012298092799
-0.013295301729
-0.013112409721
-0.0145545450634
-0.0150980940098
-0.0164454310436
-0.0172996130711
-0.0182548787799
-0.0192589788769
-0.0205855884589
-0.0217563631322
-0.0227892149324
-0.0226494756249
-0.0224270235005
-0.0223065454877
-0.0230630196382
-0.0242534590942
-0.02662367769
-0.0288737581823
-0.0295993465068
-0.030697952251
-0.0315412549299
-0.0327466525254
-0.0376220488732
-0.040439724161
-0.0426710916306
-0.0427583097044
-0.042527813147
-0.041761200348
-0.0395879198383
-0.0368896349516
-0.0352488769639
-0.0352027283462
0.0
-0.034615509934
-0.0348885106124
-0.034939604661
-0.0334684089199
-0.032904237207
-0.0311188002064
-0.0297265149561
-0.028603146164
-0.0269801091713
-0.0273722186322
-0.0258772024418
-0.0238654537915
-0.0210451766417
-0.0193540599957
-0.0167241309674
-0.0152986287362
-0.013689208363
-0.0125460840128
-0.0100640193154
-0.00969670742541
-0.0106531832371
-0.0110520202632
-0.0118419253341
-0.0129586075291
-0.0126057502563
-0.0117695816731
-0.0114814153489
-0.0117080395183
-0.0118615852858
-0.0164425680724
-0.0191488890261
-0.0225451974805
-0.0247321066828
-0.0258666949991
-0.026433392981
-0.0271102045533
-0.0263634291193
-0.0243665042979
-0.0204515160681
-0.0168699413882
-0.0133949858031
-0.0117638529712
-0.007817227138
-0.00600218644165
-0.0031141162098
0.000286769054232
0.00172958585528
0.00386467041314
0.00606609634531
0.00820108148858
0.0107313355808
0.0125787242424
0.013956465291
0.0146666960455
0.0145058224573
0.0141092213122
0.0126691581358
0.0109549172332
0.0084774775686
0.00860707610186
0.00703003549655
0.00618912259413
0.00449424653334
0.00325862259413
0.00194646231638
0.00134761478063
-0.000177644434864
-0.000471381559623
-0.00160224112914
-0.00255876586717
-0.00305037469884
-0.0016146349547
-0.000797265175241
0.00042952757745
-1.61702290934e-05
0.000255109948755
0.00190680205657
0.00245513643497
0.00339977985429
0.00508085667539
0.00758580076773
0.0108617925112
0.0127650875952
0.0127436072759
0.0130735454858
0.0169585915818
0.0201012566393
0.0193182003375
0.0201766330512
0.0211377194348
0.0224554038544
0.0238034598085
0.0263139816075
0.0267461263261
0.0273676688402
0.0
0.0308091706741
0.0330068669323
0.034437579219
0.0381798185629
0.0370217085862
0.0379157452474
0.0388445280372
0.0400686356636
0.0408436625685
0.0399372720205
0.0393507117244
0.0393556512135
0.0397174341324
0.0387011492538
0.0389237432336
0.0386119706546
0.0382762922152
0.0382952606323
0.0376565735976
0.036355173354
0.0369423392705
0.0355764653115
0.0341445114764
0.0
0.0
0.0
0.0
0.0
0.0
0.0
0.0
0.0
0.0
0.0
0.036598975098
0.036195650724
0.0364175514098
0.0373057750678
0.035952793241
0.0368487694954
0.0368274006353
0.0386656611459
0.04208312443
0.0410271620929
0.0412874815501
0.0407663190955
0.040266718499
0.0399386124537
0.037945069371
0.0381198552662
0.0370630617253
0.0372848835432
0.0367976329023
0.0385599872863
0.0378417463633
0.0388427682862
0.0393325799759
0.041492703298
0.0434154494247
0.0424178901605
0.0427699318482
0.0430067338004
0.0428303641649
0.0435553589498
0.0465148071082
0.0455734936034
0.0431707348455
0.0444222421083
0.0447892494673
0.0459266908099
0.0446083307953
0.0428773991534
0.0425932915653
0.0424012521771
0.0412036630083
0.0405570352047
0.0411579783049
0.0379905284928
0.0380323718262
0.0390961944397
0.0375593208759
0.0371440831796
0.0345828101282
0.0319930209796
0.0346425243285
0.035881250953
0.037426561777
0.0374665547413
0.0372886581748
0.0387158205614
0.0369617981975
0.0347096630345
0.034121246112
0.035165482067
0.0352751554927
0.0
0.0350056614447
0.0349328381362
0.0354717441309
0.0346390280174
0.0362326874936
0.0376451859454
0.0366009638273
0.0367260536618
0.0361771893581
0.0351526024498
0.033687273301
0.0344114167254
0.0345826553922
0.0352376165752
0.0372972984187
0.0375587008552
0.0385359031643
0.0401144696157
0.0386240149029
0.0380455691689
0.0345408874193
0.0278658982615
0.022991132566
0.0136916450389
0.0103888315248
0.00598591247124
-0.00113385262129
0.0
0.0
1.95653750137e-05
0.00372561432914
0.0103422505701
0.018505404118
0.02132931115
0.0234224753484
0.0241811959706
0.0226497637876
0.0196556931629
0.0160413964238
0.012168143996
0.00905554968215
0.00479708283266
-0.00163679051638
-0.00703941621388
0.0
-0.0187689887416
-0.0257658689329
-0.0318322374511
0.0
0.0
0.0
-0.0309443961179
-0.0207046161118
-0.0102825145715
-0.000999752428265
0.00475594080845
0.00743675807394
0.00906616945362
0.00782435627595
0.00416088788046
0.00172758586923
-0.00041934256315
-0.00171455931847
-0.00366003746865
-0.00437338393658
-0.00600376675647
-0.00791503954146
-0.00581652668389
-0.00156913038887
0.00783132624549
0.0172590529855
0.027279388652
0.0333784680377
0.0383312125445
0.0405201290347
0.0430855949071
0.0479389812877
0.0487774220202
0.0504875035025
0.0511535157537
0.0522156003699
0.0537139259876
0.0545655088827
0.0591283378818
0.0601238293039
0.0589627364154
0.0607240131663
0.0609538320371
0.0599653543259
0.0604678136494
0.0633019110092
0.0649912304091
0.0605628438485
0.0539486049994
0.0491105320035
0.0
0.0327527489691
0.0
0.0197778038387
0.0118919572623
0.0
0.0
0.0
0.0
0.01436313965
0.0223060303638
0.0278600328599
0.0319925592119
0.0324554629294
0.031187654095
0.0307065036538
0.0309787363384
0.030308693726
0.0288818596781
0.0304651579299
0.0308054981216
0.0297679709989
0.032392892646
0.032340258486
0.0289844380335
0.0251995953367
0.024211387084
0.022460433788
0.019890687343
0.0151371732513
0.0135530767193
0.00880383804807
0.00614430321179
0.00356683556081
0.000876310287479
-0.000975445869369
-0.00100015664202
-0.00114751164807
0.00445861391189
0.00748743473525
0.00863238145819
0.0079324190419
0.0100505543984
0.00950083589645
0.00801873576201
0.010576333323
0.00737224140943
0.00460637066983
0.00251600065856
0.00160452202799
0.000161438037624
-0.000632002724486
-0.000136535304739
-0.00137095940604
-0.00258625166802
-0.00571092546204
-0.00772944500839
-0.00969257215946
-0.010080081992
-0.00615691060176
-0.00460735358892
0.000832065126838
0.00321352597276
0.00472427308519
0.00653045549978
0.00651404350556
0.00955487109805
0.00579811124355
0.00545073680345
0.00849221592985
0.0100119862282
0.01106070134
0.0102092725306
0.0111308263406
0.0113209581654
0.0100128692651
0.00841207687085
0.00664574935229
0.00558863338214
0.00302179560536
0.00135680116167
-4.24621287611e-05
0.000272958162844
-3.00376063689e-07
-0.00166091615523
-0.00261978135853
-0.00261302094126
-0.00329355664702
-0.00313712443498
-0.00396787234129
-0.00585278143231
-0.00792113328411
-0.00990967462383
-0.0113040635103
-0.0131665376965
-0.0143931462821
0.0
-0.016156455149
-0.0153679149272
-0.0151333603933
-0.0146618875923
-0.0131817466816
-0.01199751344
-0.0120161439835
-0.0122871625931
-0.0123546246111
-0.0116768783047
-0.0122078367872
-0.0116891689579
-0.00987770647401
-0.00998506205737
-0.00901527548101
-0.00893802908995
-0.00765194647806
-0.00677220554795
-0.00591248740881
-0.00497652214767
-0.00443988142949
-0.00428418341478
-0.0039086505047
-0.00368461506644
-0.00306257616439
-0.00379028595446
-0.00345275778992
-0.00312763680147
-0.00155337620384
-0.00243118966997
-0.00363126815704
-0.00303081620449
-0.00165752947093
0.00119262062438
0.00171354159607
0.00243801087562
0.00637527996691
0.00661106835221
0.00811050706118
0.00693779348818
0.0052666324814
0.00535675741397
0.0072704971912
0.00860423422902
0.00650774828143
0.00747663514284
0.00691391068496
0.00338930383536
0.0027131432007
-0.0019504563295
-0.00268784621538
-0.00661334239773
-0.0111634737753
-0.0137543989832
-0.0170057777467
-0.0199149407882
-0.021728559674
-0.0228430085405
-0.0249238479069
-0.0271738874676
-0.0256239831641
-0.0251715192368
-0.0226333764957
-0.0196794107562
-0.0157273253249
-0.0111608151475
-0.00578591430419
-0.00242526355981
-0.000190419212129
-0.00137796543434
-4.90255849867e-05
0.00159043332772
0.00371839112545
0.00401129198409
0.003710975838
0.00299090671263
0.00351091169942
0.00436943606633
0.00755502635247
0.0118196170198
0.0139023295303
0.0155136615681
0.0177438842106
0.0191187289462
0.0191226993753
0.0170129919998
0.0170975447781
0.0181020687974
0.0191635953587
0.0201629178499
0.0237075432253
0.0261464798645
0.0297237012462
0.0326604277066
0.03484857798
0.0
0.0422408438829
0.0418411822749
0.0415205581123
0.0401272691502
0.0403864611756
0.0388653565333
0.0370500439936
0.0372994333127
0.0368048996136
0.0351364886636
0.0342022711951
0.0335246575878
0.0328162566619
0.0331580175866
0.0332371846011
0.033693661925
0.0310966432474
0.0286523995417
0.0269058198871
0.0251777186923
0.0239053482943
0.0220467511384
0.0196953774894
0.018372225751
0.0179349029775
0.0169289576194
0.0153370893008
0.0136972145286
0.0132816363409
0.0128338820039
0.0115217455888
0.010627363861
0.0102998887283
0.0104351479368
0.00872248410156
0.00991048704068
0.00959420126957
0.0101098325401
0.00847932189769
0.00739950375197
0.00730829089769
0.00823752078694
0.0077162264124
0.00864199880844
0.00781255106628
0.0092984276501
0.0114612534868
0.0150576056004
0.0162079260187
0.0207939434822
0.0228284905413
0.0246011185079
0.0242563245656
0.0272236816418
0.0280163051536
0.0287161773557
0.0293251877121
0.0303031090771
0.0292568031007
0.0269353233441
0.0240689550389
0.0213578008176
0.0171021141445
0.0150227317072
0.0110998053609
0.00677496470511
0.00263831420858
-0.00135275493584
-0.00478554085604
-0.0105509957742
-0.0145872155752
-0.0214721694718
-0.0265486331148
-0.0278532864082
-0.0297397448995
-0.0305534751783
-0.0287789714904
-0.027248150427
-0.0222899317078
-0.0225663229259
-0.0214396843393
-0.0188507978305
-0.0189139462829
-0.0170438644319
-0.0152154659715
-0.0152465882226
-0.0148886452964
-0.0149525641646
-0.0132552216578
-0.0115889824572
-0.0100911775003
-0.00913729271172
-0.00766190435558
-0.00628608281451
-0.00578468086349
0.0
-0.00522462586286
-0.00555848141163
-0.00557940395688
-0.00512576725252
-0.00569914575739
-0.00550682076776
-0.00471932601029
-0.00407240293099
-0.00369658200189
-0.00173873582981
-0.00141610762691
-0.00106519674144
-0.000139669820015
-0.000586060119523
-0.000479191309581
-0.00202945576836
-0.00378374210491
-0.00522865837185
-0.00637347474864
-0.00631752136133
-0.00487791807831
-0.00273842781071
-0.00172542481657
-0.000598195907238
0.000371062806684
-0.00146773808295
-0.00256902142352
-0.00353650037755
-0.0042174948533
-0.00367544666468
-0.0035423734316
-0.00335960144766
-0.00235528472662
-0.00187060058718
-0.00205350907987
-0.00102777853431
0.000873820188788
0.00292992951448
0.00340749225794
0.004637241383
0.0064188952759
0.00755833106499
0.00828024984672
0.00881747907563
0.0103006289482
0.0121406212677
0.0134967565813
0.0150347402531
0.0165294362536
0.0150843020548
0.0147364251695
0.014820990986
0.0148760857789
0.0130139339811
0.0107711767595
0.00996353295378
0.00880365092392
0.00638922764627
0.00456879781485
0.00268541803342
0.00236553735124
0.00101291252931
0.000260106978902
-9.20770743406e-05
-0.00143947399168
-0.00120560065677
-0.00155168756663
-0.000976938568522
0.000182159121419
0.0019845583223
0.00287100431287
0.00498533003139
0.00715200889057
0.0115049876758
0.0152338563524
0.0180285628036
0.0193606322332
0.0164634383163
0.0154304580166
0.0145627836736
0.0137751411016
0.0136296930658
0.0135287489867
0.0134937657591
0.0163193474052
0.0162404507353
0.0155258547873
0.0137358442273
0.0113471797772
0.00982018247111
0.00768722653192
0.00801379003757
0.00466382338688
0.00240838297452
0.000263789342339
0.0
-0.00354362838092
-0.00620350848685
-0.0062048296757
-0.00586171316991
-0.00447190243696
-0.0054308936477
-0.00546918746319
-0.00674130328685
-0.00870289035707
-0.00883907040918
-0.00877101546349
-0.0084078988939
-0.00752227948208
-0.00769435857982
-0.00790626915356
-0.00649314733494
-0.00352954050759
0.000208651130995
0.00263283038461
0.00459744996558
0.00632464073693
0.00653564810191
0.007044217117
0.0072819445308
0.00778698882522
0.00717291766506
0.00513620878267
0.00478883470975
0.00561458937723
0.00522214192816
0.00584018313886
0.00483985234868
0.00442089889103
0.00354798780595
0.00296105881901
0.00182894855318
0.00253282625796
0.00315231702692
0.00456417897608
0.00534136798316
0.00670195400951
0.00838358148367
0.0103139296722
0.0131494116328
0.0148471771806
0.0182399686781
0.0193262340644
0.0196117010137
0.0199507467473
0.0200447475335
0.0196676698242
0.0203723687006
0.0201719884006
0.0197847845661
0.0217514983125
0.0230285496838
0.0229479283494
0.0230207518404
0.0226932448271
0.0243940641411
0.0269285111299
0.0282334373492
0.0302478896589
0.0310624059055
0.0297281156276
0.0286337099687
0.0266839615858
0.0254639144225
0.0221571496063
0.0186854419763
0.015422014768
0.0118342902074
0.0122873403049
0.00809995342691
0.00381687404762
-0.000976479309736
-0.00532463013669
-0.010236910451
-0.0158352671784
-0.0222294565314
-0.0294687488272
-0.0355568857652
-0.0417086439432
-0.0482201464439
-0.0508106756954
-0.0553635518171
-0.0569078015983
-0.0604886375708
-0.0643938691238
-0.0664397989517
-0.0701151097088
-0.0718903396531
0.0
0.0
-0.0725075938081
0.0
-0.062302354376
-0.0595804141222
-0.0564235245041
-0.0496795367669
-0.0463789957702
-0.0417747450161
-0.0409183834411
-0.0401418223821
-0.0415091449057
-0.0432895930661
-0.0453114336135
-0.0473370269526
-0.0492614409013
-0.0521226631197
-0.0530391698616
-0.0547409501563
-0.0551966062166
-0.0530777002587
-0.0534475371464
-0.0510370063514
-0.0494983228987
-0.0477757697864
-0.0456490281575
-0.0453660571192
-0.0455047175489
-0.0439250648125
-0.0433960989784
-0.0424534702184
-0.0428796379517
-0.0430960712828
-0.0448463325449
-0.0443300576911
-0.0444903704298
-0.0454654513106
-0.0455746954877
-0.0464472814508
-0.0467427069413
-0.04707777633
-0.0467413012793
-0.0474566154089
-0.0479115115492
-0.0495215615332
-0.0508839164367
-0.0528245033822
-0.0537026350574
-0.0547566810936
-0.0557525832819
-0.0567966998897
-0.0565789441327
-0.0574431477352
-0.0571397428927
-0.0560219626223
-0.0529762736329
-0.056116391716
-0.0556746140208
-0.0562174225874
-0.0530301779222
-0.0493421004733
-0.0471167942672
-0.0459318445093
-0.0449202803859
-0.0425395065425
-0.0389201706048
-0.0363507407462
-0.0335059376687
-0.030042659618
-0.027133600035
-0.0254468586774
-0.0236264819775
-0.0209894407783
-0.0185499223935
-0.0177027783207
-0.0130014843969
-0.0101505680207
-0.00673485733056
-0.00367549851773
-0.00128742786549
0.000768384759652
0.003058650188
0.00487462443117
0.00618001316149
0.00774196560622
0.00965259971586
0.0109146565207
0.0129309269661
0.0152987756091
0.0159417778953
0.0172126249602
0.0171704427525
0.0190221603983
0.0188384218144
0.0203759239102
0.0205120456839
0.0204807908032
0.0197159383071
0.0
0.0174426181244
0.0166681666014
0.0171849817425
0.0164882434345
0.0157495794597
0.0160542675498
0.0152192801863
0.0145460392215
0.0169073371325
0.023062142165
0.0244893378856
0.0270262502701
0.0262089662726
0.0285403324909
0.0290798002467
0.027809995152
0.0279943616185
0.0269869576998
0.0245407111148
0.0201894579312
0.0174890245488
0.0110088397595
0.00465180463327
-0.00147674202087
-0.00678885293909
-0.0104239996269
-0.0137469137261
-0.0163149647603
-0.0188526365455
-0.0205243165658
-0.0215391158912
-0.0208719771288
-0.0190057099286
-0.0191431554098
-0.0180898187298
-0.0158850194051
-0.014123651585
-0.0118309603089
-0.00947363216277
-0.00353074792103
0.000765776841263
0.00406874651562
0.00822913471086
0.00995449156886
0.0102756863285
0.0103876334282
0.0113572541999
0.00933216860191
0.0102146656382
0.0117396473795
0.0123384987979
0.0117848393264
0.011102418852
0.0136833425572
0.0157611037996
0.0169131920665
0.0194578045168
0.0199942995548
0.0205152852182
0.0188571450518
0.0184694061153
0.0185378119304
0.0188817309203
0.0185353649182
0.0180136656579
0.0170404067541
0.0163418642859
0.0146660115124
0.0135259522489
0.0134020326049
0.0142468120561
0.0145115159512
0.0182422004462
0.0171209408411
0.0164922106971
0.0173487521395
0.0181285764912
0.0161004850306
0.0155042454106
0.0145440311539
0.0141748171477
0.0126311730083
0.013744256565
0.0120102418317
0.018895354201
0.0211510242142
0.0231605820579
0.0241931052332
0.0247671131504
0.0239297902611
0.0246770138863
0.0234950058489
0.0250521934946
0.0256515940313
0.0274883212867
0.0
0.0294041495982
0.0309385551363
0.0301634525139
0.0332187357087
0.0348005476525
0.0381712039441
0.0
0.0
0.0
0.0370939650226
0.0339716993527
0.0319028701309
0.0283338377042
0.0272130666325
0.0245430335563
0.0230213573178
0.0207868463251
0.0200960916851
0.0181659678029
0.0149236133027
0.0110300810469
0.00634569864779
0.000604543156229
-0.00566210324532
-0.00910363494808
-0.0125614214186
-0.0138539278849
-0.0181110713167
-0.0192177096916
-0.0220783086502
-0.0283843017495
-0.0317809930721
-0.0326125739905
-0.0347577521677
-0.036527638645
-0.0395165855947
-0.039825520744
-0.0407864239538
-0.040166032034
-0.0388924771701
-0.0369285195766
-0.0338032609954
-0.030800825323
-0.0271186447518
-0.0242986509584
-0.0214417223074
-0.0178968951387
-0.0169897830716
-0.0115205672858
-0.00808081131074
-0.00523416131711
-0.00226203140663
2.80719081927e-05
0.0030562688125
0.00496992689953
0.00847399179117
0.0103592248861
0.0125693741485
0.0146394683383
0.0153705774773
0.0150039736091
0.0158614725907
0.0157779062918
0.0148850250538
0.0141687804478
0.0107435579569
0.0101925725083
0.00928507198297
0.00895123418761
0.0123885505419
0.0158954920337
0.0146777283434
0.0152205996603
0.0159780055799
0.0170425032881
0.0172541590426
0.0177389765773
0.0169157624602
0.0154861178901
0.0161254097754
0.0156075554318
0.0153761695025
0.0159339010863
0.0
0.0153605082724
0.0149729345933
0.0124125011981
0.0114528058288
0.0115591064952
0.0143403647349
0.0155337296979
0.0170494956943
0.0171434590961
0.017212976703
0.016752016805
0.0
0.0166247356463
0.0185505126064
0.0218087475707
0.0210580496177
0.0223472082163
0.0221392296913
0.0228988440506
0.0235773758782
0.0253750031985
0.0261427008439
0.0259576779923
0.0
0.0283913837192
0.0280697837266
0.0305430207919
0.0312368632629
0.0322692672159
0.032265520229
0.0302723335731
0.0301558224598
0.0296852912203
0.0289091572645
0.0275342286999
0.0
0.0302381743465
0.0283728482838
0.0260057699239
0.0236805572969
0.0229554692369
0.0205213147831
0.0187897116757
0.0165833796121
0.0148453699803
0.013723927827
0.014787834374
0.0
0.014358449477
0.0154264512658
0.0146759685424
0.014057101893
0.0127170765802
0.0126826287438
0.0121595458548
0.0123315907225
0.0094113140599
0.00875877718707
0.00800429463648
0.00342488624035
0.00348474707141
0.00226674560805
0.00176744289589
0.00135893723973
0.000320376902845
-0.000189042450347
-0.00171210217427
-0.00234381398525
-0.0040433834706
-0.00350053667052
-0.00270496964019
-0.00316320104487
-0.0032524913917
-0.00304302305712
-0.00293334591081
-8.75134856827e-05
0.000981580288094
0.00287616047411
0.00734938122935
0.0122808030797
0.0160097153987
0.0203291560161
0.0219785441139
0.0219767113047
0.0246897419249
0.0259055468961
0.0262619060146
0.0278801886099
0.028071011131
0.0265123523831
0.0244758717953
0.0217941542569
0.0216934086648
0.0198427712486
0.0176339861672
0.0148508322142
0.0146472331821
0.012904647186
0.0125009856084
0.0131672278912
0.0129594868652
0.0101222291918
0.00868302950602
0.00915176649365
0.00896235348497
0.00527814400709
0.0038731344076
0.0
0.0
-0.00234739311111
-0.00546584158231
-0.00770424748629
-0.0106251458988
-0.0122613754258
-0.0146338153986
0.0
0.0
0.0
0.0
0.0
0.0
-0.0112365559766
-0.0112595568995
-0.00794761357925
-0.00515933547071
-0.00147455924018
0.00241094376437
0.00733352196986
0.00887443813663
0.0111471457081
0.012683949206
0.0156127525682
0.017813711715
0.0183794414708
0.0205496862222
0.0218380476691
0.0233518606843
0.0241392372562
0.027871368277
0.0275673118937
0.0255034851225
0.0214000043104
0.0176634101015
0.00836810535091
0.00615720345379
0.000635537527887
-0.00816865146724
-0.0151478187224
-0.0215167071501
-0.0250324499081
-0.026591866525
-0.0264662132347
-0.0279476334111
-0.0311674209933
-0.0336781127808
-0.0334267938643
-0.0323872772798
-0.0311417566762
-0.0273371289011
-0.0233078272736
-0.0212527960862
-0.0193409152961
-0.0193042975312
-0.0226457164783
-0.0243101398315
-0.0268373007698
-0.0297709247772
-0.0361683920327
-0.0383202483002
-0.0429166928953
-0.0478921030201
-0.0508645987497
-0.0545760541459
-0.0573249974269
-0.0595669299625
-0.0598583001922
-0.0613905540078
-0.0622293695707
-0.0623810257535
-0.0658403390645
-0.0712357845327
-0.0736183980037
-0.0748777780811
-0.0745166505837
-0.0722064023437
-0.0655715981661
-0.0591116716728
-0.0543574866984
-0.050184169861
-0.0438493713489
-0.0378298456055
-0.0317615181236
-0.0242051894196
-0.0202093288927
-0.0157731230688
-0.0116101371777
-0.00666674175761
-0.00681639588147
-0.00559139701966
-0.00742628902486
-0.00895375600235
-0.00762403795515
-0.00653230615944
-0.00640724247799
-0.00473827106569
-0.00391012532798
-0.00344195933154
-0.0017449457074
-0.00252084663626
-0.00417472246747
-0.00462170976647
-0.00371627647638
-0.00300778314274
-0.00273403127381
