-0.0133858217618
-0.0176038597912
-0.014242748269
-0.0128626137499
-0.0152955596466
-0.01496518864
-0.0147215441871
-0.0145432958401
-0.0135094507655
-0.00994297838229
-0.0102278710403
-0.00998554534355
-0.0113560749599
-0.0108211430406
-0.00820028029212
-0.0112855299251
-0.00841605660247
-0.00762218034496
-0.00531200123869
-0.00438464968975
-0.00338365641744
-0.0040188961767
-0.00284813183781
-0.00116169463626
-0.00258361864282
-0.00364650677555
-0.0013612464582
2.99285160648e-05
0.0
-0.000234129910465
-0.00232951992555
0.00162390290275
0.00241024909406
0.00214044063476
0.00321527814981
0.00423006699986
0.0041340299651
0.00405676231295
0.00642920952946
0.00427002826898
0.006548604293
0.00566766799263
0.00651133703929
0.00659475407544
0.00685535552034
0.00554393812503
0.00780185462881
0.00659971582904
0.00823269640343
0.00890298343981
0.00736226247733
0.00882148138307
0.0104474611674
0.0100295123915
0.0140651478791
0.0140944599732
0.012504030936
0.00951407957444
0.0109175589248
0.00994416622221
0.00980172804091
0.0123877604752
0.0112424155399
0.0154095209228
0.0189679272494
0.0125249389211
0.013394727682
0.0153514734511
0.0134376166034
0.0136592053177
0.0145408009818
0.0163976370136
0.0142514341792
0.0132464112905
0.0146065229868
0.0151864232166
0.0144587329539
0.01680728652
0.0151158927844
0.0158493130911
0.0139237151178
0.0
0.0152090703317
0.0164300001071
0.0179833987312
0.0156795210383
0.016012566873
0.0187953930113
0.0186525121353
0.017203438871
0.0168519338149
0.0168669552894
0.0192041529615
0.0
0.0177977721921
0.0
0.0191635339537
0.0169239999721
0.0191802236042
0.0182666818449
0.0226717199722
0.0169874711301
0.0177876670487
0.0185696725362
0.0159800173172
0.0165192862658
0.0
0.0217708066519
0.0171912722527
0.0197961795029
0.0210293284105
0.0203554268926
0.0207264657766
0.0192422141797
0.0189144785236
0.0181202387029
0.0176357184622
0.0193786774592
0.0187376371318
0.0188641214118
0.0208500238072
0.0210410270513
0.0168851326588
0.0164995324326
0.0179034112987
0.0188562737848
0.0199127219373
0.0188127413433
0.0187391968409
0.0191917191903
0.0222792901177
0.0183683673823
0.0213665176639
0.0196440027264
0.0210630020269
0.0209386895245
0.0183505222242
0.0210145042098
0.0174489614685
0.0183286310408
0.0174269851228
0.0176853642554
0.0173397940815
0.0168465923437
0.0171962978338
0.0187174192012
0.0155208101898
0.018233113068
0.0179698681904
0.0171028216331
0.0165567175137
0.0162228097229
0.0138128522134
0.0149221165591
0.0163795844489
0.0126025341808
0.0126710460283
0.0164445537089
0.0131926103495
0.0139270151652
0.0123132564015
0.0118372802555
0.0108248591334
0.0120703491636
0.00962803120164
0.00918731098141
0.0115258328221
0.0104893545895
0.00921671654808
0.00924914723088
0.0120450997425
0.00732720038417
0.00964410856787
0.00668553390996
0.00883273523254
0.00760095754255
0.00829477220961
0.00496737053004
0.00687443097576
0.00941644255908
0.00523936126422
0.00547492874081
0.00620718536082
0.00852031434708
0.00718995711865
0.00465549147915
0.00752937884297
0.00675938476652
0.00420126119779
0.0
0.0
0.0
0.0
0.0
0.0
0.0
0.0
0.0
0.0
0.0
0.0
0.0
0.0
0.0
0.0
0.0
0.0
0.0
0.0
0.00169133755095
-0.00093931243016
0.00108793837433
-0.00139761211457
0.00168554179686
-0.00131186987011
0.0
0.0
0.0
-0.00215383832586
0.000990181311325
-0.000859596548784
-0.00143533330013
-0.000472497527333
-0.00156320155865
-0.0016244467883
-0.0029010894244
-0.00099358090516
-0.00349408096079
-0.00269201953803
-0.00305725543721
0.00078194176268
-0.00269303134123
-0.00307490284002
-0.00121484095008
-0.00256403343198
-0.00151110960851
0.000103788846426
-0.000359365159839
-0.00178733154823
0.000767193235362
-0.000418149081861
-1.40450359831e-06
0.000285003533032
0.000226808401799
-0.00057177082924
-0.00344068308755
-0.0033578219716
7.41480725754e-05
-0.00334263017361
0.00118717020914
-0.00384273792136
0.000706053091219
-0.00177525013926
-0.00159323511143
-0.000839395261895
-7.96796401978e-05
-0.00178082396239
-0.00109683845875
0.00012120621235
2.93807036928e-05
0.000149562805176
-0.00163037459406
-0.00167605852349
-0.000673454803477
-0.000472393455819
-0.00332518365878
-0.00210814865229
0.000214813702822
-0.00392705433516
-0.00259012285166
0.000855260135629
0.00199754446265
0.00200732018424
-0.000570277704388
0.00732005875332
0.00200915075357
0.000686430591892
0.000921464003019
0.00138713525342
-0.00113691667532
0.000425685184825
-0.000940970234967
0.000253706915859
0.00111329664421
0.00234206121324
0.0
-0.000456338943196
0.00298023663415
0.00122524949297
-0.000222628947173
7.56841800775e-05
-0.000559179703533
0.00240560116638
0.000952107147866
0.00266197491165
0.000327013525459
0.000643109213518
-0.00241326806227
0.000732847072458
-0.000861295680766
0.000887093150007
0.00179225706358
0.00112276062117
0.00223349960277
0.000937504673849
0.000901349083281
0.00354068670998
0.00225160903445
0.00412085631289
0.00509088671476
0.00353431226022
0.00219261433428
0.00540324770192
0.00278016734474
0.00324673691175
0.00285257092505
0.00360021644024
0.0032449899878
0.00301298638092
0.00456203852528
0.00527046164051
0.00144169479353
0.0013522467066
0.00389512996316
0.00320787923903
0.00667453955294
0.00400531024584
0.00516849495501
0.00463053357679
0.00913092234629
0.00570130076338
0.00438992831618
0.00460129734111
0.00585780607517
0.00702419442692
0.00822932482994
0.00647214952581
0.00755533560805
0.00616617253328
0.00831045498451
0.00390531324723
0.00562603816051
0.00546352813995
0.00716992559719
0.00594839391724
0.00462371533307
0.00813847209834
0.00617324716463
0.00958263980909
0.00737319062424
0.00826064891283
0.0073676312905
0.00988164226599
0.00887207468959
0.0104572623637
0.00867842165986
0.00979506353782
0.0106955432608
0.00847442147151
0.00804403241221
0.0105393481251
0.00926444574988
0.00830348037141
0.010641976778
0.010363618876
0.0103597190757
0.00978816548101
0.0114457343917
0.0105894561753
0.0100659846817
0.0138407993602
0.0143057674521
0.0142645591203
0.0169208828815
0.0174303970183
0.0178304229711
0.017780163337
0.0172026053779
0.0165305371212
0.0160678985639
0.0148956610832
0.0
0.0
0.0146626283706
0.01250686479
0.0149860506798
0.0187621134843
0.0145682081646
0.0158460937127
0.0169028839681
0.0157846383769
0.0166703547497
0.0154467585057
0.0187416953418
0.0178368859265
0.0194074359266
0.0179714724849
0.01820483316
0.0178464764204
0.0196786795537
0.0182442111995
0.016442060225
0.0188293456667
0.0183013058505
0.0197678780685
0.0180020356592
0.0184988084221
0.021195165687
0.0196461689655
0.0184929111194
0.0207852878637
0.0189459661854
0.0194462253677
0.0175625029721
0.0192643832233
0.0176612497528
0.0182735338627
0.0191955811631
0.0188589122798
0.0188504149849
0.0195929475886
0.0183613477111
0.0211968977152
0.0183810359828
0.0182263753381
0.0200750095345
0.0200923547267
0.0250965403557
0.0187910468006
0.0177359392447
0.0198780808511
0.0166981879471
0.0178343906781
0.0200432021688
0.0215418664784
0.0186561703281
0.0178434827709
0.0200509067522
0.0177804612227
0.0200419536303
0.0157796290555
0.0175086731782
0.0184161252066
0.0176833541032
0.0214903341649
0.0198623450223
0.0197448043574
0.0177041803603
0.016375960699
0.0174034437196
0.0175327695602
0.0179987192146
0.0155892184346
0.0140625816424
0.0183010835187
0.0146889584932
0.0166121980004
0.0153379069926
0.0130553357823
0.0163055173346
0.0143605213111
0.0172662252038
0.0122915941099
0.00943882364746
0.0156095320006
0.0128932920628
0.0174557325133
0.0168507947297
0.0101222733214
0.0096745626582
0.0103797621014
0.0109607346497
0.0128636484821
0.0101387786342
0.00660096785018
0.00710051385803
0.00610207302483
0.0
0.00677862305896
0.00651426276329
0.010723773185
0.00547037498418
0.00673084172933
0.00543999808327
0.00515440303875
0.0041984566815
0.00546952534928
0.00433493125635
0.00747163627014
0.00621324250729
0.0045929269874
0.00405632106183
0.00491157736891
0.00966536779131
0.00189116044147
0.00261344100438
0.00261327014008
0.000794142724729
0.00135567124164
0.000627772334746
0.000504743257965
0.00137223213398
0.0
0.0
0.00223779120272
0.0019550967936
0.0011738701066
-0.00237199807207
0.0027920690003
0.00146384388105
-0.00086047983279
0.000259864745047
6.37760259079e-05
-0.0016874520251
-0.00150168895428
-0.00226351309326
-0.00269728726592
-0.00370962879572
-0.00154531657218
0.00100074687888
-0.00336559631359
0.0
-0.00388853673491
-0.00306420697432
-0.000632435827395
0.00385282616226
0.000330993496086
-0.00099500412818
-0.00208268162093
-0.00289087651535
0.00622612878599
0.00064184528269
0.00109331811302
0.00356902675057
-0.0064713033241
-0.00509421901027
0.0
-0.00239348107439
-0.00287653692963
-0.00398206318802
-0.00508890230886
0.00226434301558
0.0
0.0
0.00647273995281
0.00407648737499
0.000805062259804
0.00354951198478
-0.00393540729827
-0.00143260784477
-0.00297951067146
-0.00287787682798
0.000279521839212
-0.00466662955219
-0.00321760570139
-0.00331126382739
-0.00494161227973
-0.00418287583107
-0.00241126337588
0.00278974540378
-0.00254461061368
-0.0015972968948
-0.00137637489819
0.0
-0.00248006149384
-0.0027220882579
-0.000934074608795
-0.00248216963814
-0.000931394204791
-0.00404563945228
-0.00417516514207
0.0
-0.00182573564678
0.0
-0.0045052488377
-0.00270874265728
-0.00344031427511
-0.00433384482836
-0.0040120021605
0.0
-0.00443227253918
-0.00415518597432
-0.00257628197713
-0.00131768706434
-0.00346293899703
-0.00443936084081
-0.00165898350172
-0.00285191929778
-3.92866683419e-05
-0.00524446006657
-0.00115420350026
0.00014712794935
-0.00317811753032
-0.00530928644855
-0.000615317400631
0.00046260702543
-0.00083860149319
-0.00333719569875
-0.00292219596438
-0.000893619759062
-0.00241262713999
0.0
0.00290279488025
-0.00235089316621
0.00213567997406
0.0
-0.00134259837076
0.000924000439221
-0.00257888214288
-0.000725216291344
-0.00276656335901
-0.001986362143
0.0017086738612
0.0014046529101
-0.00129367363538
0.0031483060743
0.00283701266822
0.000227190640925
9.63407962116e-05
0.00142546545328
0.000422288378128
0.000422361134637
0.00182008356971
0.000824145017809
0.00033677439031
0.00221530316941
0.000462346337375
0.00227103240311
-0.000681760352699
0.00123154112841
0.002313404285
-7.071618143e-05
0.00596335816774
-0.000613393805059
0.000133383592591
0.0024233809958
0.00155211948722
0.00620183674675
0.00261991194649
0.000677305003149
0.00207938732255
0.0033084766511
-0.000738805120975
0.000917987845555
0.00392788861209
0.00341335887121
0.00125876128554
0.00437773529995
0.00160807007205
0.00369539854891
0.00173486150294
0.00321757152164
0.00308788868866
0.00424599267955
0.00273273786947
0.00332352036626
0.00194436190892
0.00809856484471
0.00656237212348
0.0103691933722
0.0062455549371
0.0051895723735
0.00442592525755
0.0072156458049
0.00463979629305
0.00622426261468
0.00610786016369
0.00681477985792
0.00676391263936
0.0
0.00760801748945
0.0059202029645
0.00685726576291
0.0086185149458
0.00735234293346
0.0099174188848
0.00846706981113
0.0105869020934
0.0119326045909
0.01067459598
0.0100142235526
0.0074762186336
0.0118339155946
0.0111839777144
0.0115374439963
0.0118365779875
0.0132655753035
0.0119844194558
0.0118206642345
0.0156003616538
0.011306253561
0.0141430425658
0.0142207782039
0.0132146643185
0.0124085082385
0.0137698861517
0.0123946189137
0.0141552202032
0.0147807777446
0.0131906897348
0.0178749996728
0.0141695475696
0.0124465660989
0.0139120701682
0.0138880148536
0.0151477207785
0.0130653546374
0.0176786959339
0.014822814977
0.0145086442781
0.0151183087478
0.0140412506694
0.0143020296069
0.014593343958
0.0142132311767
0.0169949593048
0.015619312058
0.0159907208961
0.0173104406875
0.0149691149115
0.014882575989
0.0177328104522
0.0162746956653
0.0157548452124
0.0157070144069
0.0158999115337
0.0166698542129
0.0153328512539
0.0150199139147
0.0168779922565
0.0207722623996
0.0217248603079
0.0159353630128
0.0141648687521
0.0201370160014
0.0168370675963
0.0145406760517
0.0183650726215
0.0141272005819
0.0158397516208
0.0130113610541
0.0169160539114
0.0194001126341
0.0185849439091
0.0157235109779
0.0181259685673
0.0187839005303
0.0173853245428
0.0150287978265
0.0177242249488
0.0174961289365
0.0159489794986
0.0159926373653
0.0134698273148
0.015574683982
0.0156963574473
0.0147307123481
0.0137338730173
0.0166244353205
0.0151065777535
0.0163380121564
0.0142957803552
0.0153898873443
0.0149140339365
0.0148515802704
0.0
0.0129324227834
0.0138592191606
0.0143733397035
0.0136672412469
0.0147741838229
0.0147342908099
0.0142422320165
0.0166210630047
0.0131119249257
0.0118540047141
0.01076564941
0.0138731607692
0.0147142060795
0.0122640284548
0.01274399054
0.0110156638023
0.0122447932927
0.0106129783613
0.00973617546447
0.0104884789056
0.00848593697045
0.00763616681746
0.0073334164124
0.00807150641948
0.00729705228245
0.00738776535604
0.00908381846018
0.00725355788782
0.00754194972824
0.00602959634222
0.00753694924832
0.00530342312928
0.00392856367249
0.00510713833778
0.00304653835224
0.00411768040159
0.00367126205181
0.00487839105365
0.00353757054675
0.00280123776284
0.00203155726403
0.0027311225331
0.00405904091333
0.00353750939525
0.00236726110052
0.00231893698183
-0.00139754514645
0.00104980768366
0.00130286751387
-0.000328045091259
0.000134246705823
0.0006758853801
0.00161581073863
0.000408828529955
-0.0008309768539
-0.00094429964849
-0.0037663545347
-0.000792100546179
-0.00215897446664
-0.0035444975666
-0.00252781167255
-0.00173121360666
-0.00430063775984
-0.00379573733648
-0.00431629920523
-0.0056848036695
-0.00483747618046
-0.00200535588439
-0.00477942950495
-0.0040156258221
-0.004175358297
-0.00504292203858
-0.00515479260013
-0.00402510101725
-0.0035193833841
-0.00300250917295
-0.00495002666141
-0.00630626112554
-0.00542870529456
-0.00525979508928
-0.00579272283516
-0.00568038581792
-0.00556529759427
-0.0068369348928
-0.0069699252265
-0.00941179330163
-0.00714762285994
-0.00636077397012
-0.00632609536708
-0.00687849450193
-0.00459816424142
-0.00559776157113
-0.00575828643708
-0.00676160259216
-0.00633691643842
0.0
0.0
-0.00639733042155
-0.00641225155672
-0.00712146801851
-0.00696874256272
-0.00640674441031
-0.00632631537431
-0.00676444292793
-0.00857173880209
-0.00874675112234
-0.00928492618151
-0.00969623831454
-0.00899722603218
-0.0095201157246
-0.00774709998099
-0.00729026409421
-0.00777724911425
-0.00563591522332
0.0
-0.00960619513696
-0.0118716189873
0.0
-0.00952213111184
-0.00827020805923
0.0
-0.0120720425351
-0.00592584582539
-0.0022208894711
0.0
-0.00727278112241
-0.00756295142869
-0.00797599019961
0.0
-0.0100953465644
-0.0138585017691
0.0
0.0
-0.0142004005596
-0.00366648960634
-0.00522733841287
0.0
0.0
-0.00492825095614
0.0
0.0
-0.00382924604404
-0.00894824927989
-0.0137163485185
-0.0136110791206
-0.0100292967043
-0.00519312747695
-0.00679405282724
-0.00867753625289
-0.00512024199211
-0.00341439932757
-0.00396113507728
0.0
-0.00350087148503
-0.00665156173394
0.0
0.000833200831719
-0.00612850462031
-0.00844497253376
0.000930872689781
-0.00343683247564
-0.0103254914718
-0.00441540895426
-0.00650756241659
-0.00504455399682
-0.00286233666419
-0.00566559224024
-0.0054506266997
-0.00208291747351
-0.0050921301695
-0.00328337831458
0.0
-0.00487963697796
-0.000972803535843
-0.00625569549543
-0.00562451124113
0.00160843235753
-0.00290140327426
0.00355299869161
-0.000661839102574
-0.00272217058134
0.00306099240712
-0.0030393010662
0.000115341101712
-0.00158411954416
0.000631090245762
-0.00352115233621
0.000566097668793
0.00277180379977
0.00355993788005
-0.00161358545634
0.0
-0.00110458383277
0.00172913697724
0.0016365170199
-2.08672754192e-05
0.000790107884689
-0.000181569274924
0.00471000871811
0.00114889015099
-0.000361308988854
0.00108780475684
0.00158589392685
0.0021381931718
0.00379846993342
0.00273860084239
0.00146753121656
0.00313812806145
0.00255226130923
0.00576413796113
0.00505554465151
0.00467188618251
0.00578823461737
0.0
0.00509912591161
0.0048483756897
0.00584283251832
0.00488956785616
0.00502348234548
0.0059329468291
0.00682308277944
0.00425796805383
0.00597050528802
0.0102864589013
0.00551107315141
0.0089319277784
0.00880075822115
0.00962748916677
0.00769447614705
0.00882740802691
0.00687855934731
0.00649642598564
0.00798653527283
0.0103484820404
0.00769586557228
0.00951567444479
0.00819288576381
0.0104749614193
0.00906337365483
0.00712718283002
0.00935194168907
0.00952757608726
0.00848863459469
0.0130208401315
0.010977641553
0.0113242708746
0.00998539644263
0.0115236360221
0.0116599658798
0.0112909478571
0.00931528645417
0.0088804857199
0.010935161975
0.0121394754909
0.0121076675443
0.0101693421668
0.0119630633026
0.0129893505521
0.0125280676704
0.0125784745906
0.012326021997
0.0131493804853
0.0152566448903
0.0126585216015
0.0129856652127
0.0127578539375
0.0145488906676
0.0133673075243
0.013363706913
0.0133786946377
0.0119210541376
0.0120333069726
0.0136172809514
0.0179631061198
0.01363117578
0.0144273701046
0.0114373463541
0.0121181332376
0.0150370011416
0.0107551860161
0.0144393718093
0.0162163803394
0.0137729304676
0.0141001045718
0.0136060830649
0.0156222989971
0.0128945259413
0.0
0.0133240994253
0.0114509300857
0.0146402644848
0.0161887773251
0.0148017559972
0.015416734314
0.0180784903901
0.0153522249616
0.016377994933
0.0160591370246
0.013926840493
0.013641516792
0.0139947422887
0.0138978624372
0.0137847877839
0.0158120030508
0.0154474067752
0.0134238949797
0.0160515689137
0.0162226320419
0.0108463028318
0.0146516589288
0.0130662802184
0.0135583653933
0.014713018369
0.0115342632594
0.0115553278202
0.0127835601227
0.0127751041794
0.0117620681975
0.011225676628
0.0113324272676
0.0107692734708
0.00926161685871
0.00959324861706
0.0111100588465
0.0102923411377
0.0111814481334
0.00788510047125
0.00964795128384
0.00741017450911
0.00884448200123
0.00693163710687
0.0102217466859
0.00821469947795
0.00780188059036
0.00768821553795
0.00526829078501
0.0092887007047
0.00391249561874
0.0061254277891
0.00676671754397
0.00405010828659
0.00677864760761
0.00517552368939
0.00437069274347
0.00264083294623
0.00217483538112
0.00214379589423
0.00038056577496
-2.91229059002e-06
0.0024698911338
0.000197227474173
0.0
0.0
0.00496803320189
0.00234849265409
0.000990428942779
0.00044236741169
0.000700301461715
-0.00277765804593
-0.00274739608444
-0.00308786554134
-0.00130140091296
-0.00314362136855
-0.00170943756491
-0.00209618230299
-0.00250714277697
-0.00491497747711
-0.00659259332869
-0.00745214584161
-0.00537371029125
-0.00433394675005
-0.00562962059065
-0.00653503779288
-0.00661356118282
-0.00504616878793
-0.00837769418584
-0.00805820161509
-0.00942609610098
-0.00889321974479
-0.00968704876568
-0.00686770717057
-0.00877322541996
-0.0105248657691
0.0
-0.00904673440983
-0.00716985512921
-0.0118557288811
-0.00858966445052
-0.0074219270393
-0.00864502254383
-0.0068848860441
-0.00716783243182
-0.00822472885931
-0.0107013816713
-0.00950862847721
-0.0120781372996
-0.0108859942568
-0.0118984879168
-0.0106936154579
-0.0115049899723
-0.0101047175026
-0.0111365791855
-0.0126423955585
-0.0124705564544
-0.0131499880885
-0.0132952484108
-0.0126355500792
-0.0147601991712
-0.01217231119
-0.0130120366364
-0.0130219531966
-0.0143597586408
-0.0122258440819
-0.0123145375414
-0.0135046387841
-0.0135020235515
-0.0127480911274
-0.0131092907064
-0.0145662243227
-0.0146713768936
-0.0123810434758
-0.0139482724511
-0.0138672499245
-0.0125960483904
-0.013613980984
-0.0138899905088
-0.0135849331303
-0.0144311311123
-0.0133917844694
-0.0150656033845
-0.0151368915179
-0.0128576474199
-0.0138925948444
-0.0154913448265
-0.0159724167904
-0.0121314235216
-0.0144492912441
-0.0121530989935
-0.0156115939898
-0.01217544159
-0.0125662175593
-0.0134397221539
-0.0143558508802
-0.0147380776395
-0.0139132755561
-0.0134006522655
-0.0151704934306
-0.0140395735882
-0.0126645378374
-0.0124170087602
-0.0126775064351
-0.0126341240048
-0.0108814115593
-0.0106592417059
-0.0101593589353
-0.0133380294541
-0.0117207471346
-0.0123182966311
-0.011080681693
-0.013248022683
-0.0116811308744
-0.0128576791232
-0.0117074557797
-0.0105061287092
-0.0126318039179
-0.0112912728636
-0.0118667827736
-0.00990845419659
-0.00995773954625
-0.010868244106
-0.0119283456031
-0.00980961244586
-0.00987001730847
-0.00904788203423
-0.00779875432527
-0.0079058410734
-0.00563266492361
-0.0101199458837
-0.00739641028568
0.0
-0.00643649508687
-0.00702503789966
-0.00581984454275
-0.00720719936652
-0.00600993118656
-0.00524402163607
-0.00445525292741
-0.00388940203602
-0.00513244677002
-0.00590758205727
-0.0046558024969
-0.00564135068634
-0.00401939512631
-0.0034662798727
-0.00261508348178
-0.00298060139254
-0.00342826364874
-0.00287302460688
-0.00311526118744
-0.00342851407765
-0.00319426117696
-0.00223176134105
-0.00237010239783
-0.00400746491492
-0.00105235950869
-0.00150774929524
-0.000756439586041
3.12523076988e-05
0.000643858008248
-0.000170656027672
-0.000672821639884
-0.000505822649241
-0.000265693798281
0.00144247269848
-0.00171410266606
0.00100927229626
-0.00255643031674
0.00315457754631
0.000995062634914
0.00013067784192
0.000744674000164
0.00163985349206
-0.000148271142122
0.000641193440373
0.000404356587219
0.000159808746065
0.00251182086035
0.000238981336721
0.00123903031624
-0.000630603740567
0.00195505962538
0.00222223231166
0.00200635749077
0.00406011285775
0.00366521910623
0.00371804846762
0.00349350386664
0.00271385912971
0.00432579155173
0.00637366968779
0.00614503332661
0.00337190851776
0.00589614231216
0.00769597004934
0.00564091112581
0.00677766063537
0.00482506199726
0.00817134281591
0.00617464203499
0.00800211430608
0.00870396062092
0.00620730673418
0.00734080358927
0.00812957408615
0.0058790251321
0.006842186512
0.00756141659329
0.00682021057259
0.00777575448989
0.00771867863798
0.00801540598006
0.00666882979965
0.00941935490082
0.00911132749711
0.00745636467947
0.00742681152834
0.00959947225952
0.00934997766305
0.00748324313676
0.00812716184079
0.00784572502932
0.0134399398567
0.0114176422383
0.0115451349699
0.0103453851257
0.0
0.0100662828498
0.00941868443127
0.0111392185206
0.0118906297947
0.0126609550606
0.0119545559858
0.012235023819
0.0125699207711
0.0109843366405
0.01471002807
0.0137920250784
0.0132424554458
0.0120617459848
0.0135556114414
0.0111477837654
0.0131811413473
0.0126402428676
0.0132902636556
0.0131641344141
0.01237398571
0.0127068235196
0.0131363209626
0.0145169232718
0.0127828634423
0.0152492493279
0.012758632296
0.0145241823575
0.0137861568389
0.0168749466631
0.0141411297428
0.0151332717527
0.0130587283084
0.0139902641347
0.0173973431984
0.015120680717
0.0113796022687
0.0131649005293
0.0136244587935
0.0
0.0153465380662
0.0135190842863
0.0145392055521
0.0111094458244
0.0142601304232
0.0138418132794
0.0129924965194
0.0144721416353
0.0121190434658
0.0158149743903
0.0140666728646
0.0113337865177
0.0114100421097
0.0113353237777
0.0128263019262
0.0127802697677
0.01187083332
0.011449407466
0.0104296792725
0.0106084330548
0.00932945859447
0.00871293617948
0.00814258667217
0.0117045281649
0.00846375690748
0.00701171768902
0.00636130677937
0.00389536356506
0.00637048190761
0.00575385391619
0.00697496534685
0.00512401247483
0.00132135349833
0.00319313140181
0.00487537328783
0.00445811163661
0.00207947501109
0.0034428679516
0.00331258134099
0.00202457249738
0.0026997676612
0.00314936568306
0.000356872505229
0.000920958179506
0.000766588485938
0.0038253466303
-0.00171026684993
-0.00174744828453
-0.00191540548617
-0.00197356043686
-0.00308406393392
-0.00238935001568
-0.00393037105799
-0.00501823021468
-0.00688685730559
-0.00496318600815
0.0
-0.00613463945456
-0.00399198613366
-0.00850645345479
-0.0067233324749
-0.00846378975994
-0.00831903196149
-0.0102103431907
-0.01106755134
-0.00833874883595
-0.00979072610242
-0.00930556692412
-0.00787706075558
-0.0100800188562
-0.0105931075898
-0.00836275487907
-0.0102761235655
-0.0108890733154
-0.0114419848132
-0.0114198963037
-0.0132209165323
-0.0126748676189
-0.0150883699099
-0.0134201483811
-0.0127538350714
-0.0141047288235
-0.0132355360204
-0.0145059502451
-0.0135860736276
-0.0105493749991
-0.0111098835705
-0.0101672360409
-0.0109869975264
-0.0105568593689
-0.0154883440383
-0.0117522639078
-0.0145380178781
-0.0133757195816
-0.0137455588895
-0.0148236309301
-0.0149015179592
-0.0152332488108
-0.0156114623987
-0.0153497372209
-0.0135313973049
-0.0162793432449
-0.0153815234865
-0.0146813999766
-0.0170993534842
-0.0172548421774
-0.0160768669102
-0.016410237856
-0.0152437282308
-0.0159231185442
-0.0185198030481
-0.0151630869054
-0.0166676182494
-0.0162135208514
-0.0166945639548
-0.0163181261258
-0.0168285494583
-0.0177600438694
0.0
0.0
-0.0149454704192
-0.0170075390923
-0.0142303276907
-0.0170245257928
-0.0158526298683
-0.0193127337023
-0.0151749940712
-0.0155897586818
-0.0169824978632
-0.0141468353774
-0.0149693624894
-0.0157338950572
-0.0138191224235
-0.0140924149853
-0.0167383928899
-0.0139531649872
-0.0176363230382
-0.0161906969479
-0.0127897018112
-0.0133199373953
-0.012704864401
-0.0149761887632
-0.0128314933136
-0.0136056348428
-0.0128105298782
-0.0130857080809
-0.0118507617065
-0.0102739099981
-0.0127105165988
-0.0104996002694
-0.0112791904389
-0.0102305459036
0.0
0.0
-0.00945662243629
-0.00979992012221
-0.00995134229022
-0.00754757626889
-0.0113951398564
-0.0112341837278
-0.00848891499623
-0.0108149772873
-0.0095507712605
-0.00774979328304
-0.00829037248554
-0.0102184817532
-0.00786651206153
-0.00823006858207
-0.00879415432092
-0.00579877272972
-0.00691227433623
-0.00829589252306
-0.00706846570687
-0.00824085274932
-0.00679607259728
-0.00634734153494
-0.00417949023098
-0.00317351275894
-0.00193411876262
-0.00524736132421
-0.00336474408484
-0.00541308646503
-0.00527210881697
-0.0035946898033
-0.00484190923059
-0.00712932915976
-0.00340715370163
-0.00466592304563
-0.00485186401275
-0.00426930561802
-0.00386473356332
-0.00183290336793
-0.0046122185275
-0.00269180499252
-0.00569883895058
-0.00318498214672
-0.00383544217844
-0.00439802133474
-0.00533565865697
-0.000743700215559
-0.00192206743978
-0.00186116022073
0.00510218182056
-0.00195584268212
-0.0033549356655
-0.00103715549361
-0.000594101421814
-0.00163644480065
-0.00282876902204
-0.000602702327938
-0.000883897996855
0.0017490654046
-0.00384503613029
-0.0016517545547
-0.00176630492945
-0.00342844802223
0.000328352145521
0.00178618766786
-0.000246529603551
-0.000676203958086
0.000560519046611
0.0014941190178
-7.25185967982e-05
0.00306243869
0.00212550186768
0.00255960575737
0.00212837978271
0.00391333311398
0.000434302644961
0.0043339110447
0.00239214872038
0.00428736113426
0.00296750760399
0.0039285800825
0.00501971166638
0.00587454392521
0.00174793676987
0.00311896245081
0.00251059616475
0.00401626149077
0.0057993838798
0.005624006759
0.00521724511981
0.00746387441384
0.00421373565751
0.00418639544044
0.00564551462061
0.00291835260757
0.0
0.0078143820435
0.00784919845265
0.0125854276696
0.00572354368213
0.00770181513002
0.00731556252013
0.00493012535709
0.00668228039993
0.00779479961668
0.00777473691136
0.00627325502891
0.00598338322802
0.00770119988472
0.00626693362982
0.00844168350187
0.00825665296851
0.00893881247384
0.00977749858689
0.00934757222496
0.00776415455505
0.0105713355593
0.0103685423322
0.0109609082974
0.0107896349483
0.00964687826553
0.012019969475
0.0117975655009
0.0121573349318
0.0118283316518
0.0128218654358
0.0107039781181
0.0133019108228
0.0137775668625
0.0120586356244
0.012288358466
0.0127192829725
0.0127003424015
0.0151190596379
0.0154287844548
0.0131805836212
0.0142611187467
0.0128236481084
0.0179900742346
0.0
0.013633245699
0.0156368111432
0.0190280925124
0.0146625343911
0.0161408550248
0.0168626414187
0.0146273343865
0.0167765331582
0.013770355441
0.0154323041653
0.0157724722451
0.0162288773274
0.0168953698384
0.0156352485633
0.0160023547177
0.0150119990452
0.0152706307165
0.0160319355219
0.0158786552882
0.0175346150875
0.0154303157255
0.0156954192586
0.0157113637788
0.0169709168677
0.0168451495036
0.0148643795828
0.0128857330653
0.0122271666925
0.0127537456607
0.0135953133514
0.0114813103703
0.0138154331799
0.0120605263698
0.010693040654
0.0119822511151
0.00933309889227
0.00924065222192
0.0107391949358
0.010286039374
0.00595377581815
0.00910839213967
0.00769909886731
0.00829806909597
0.0072700497199
0.00602305953371
0.00366430856829
0.00591113449963
0.00284766685319
0.00372499798741
0.0020530933127
0.00146217400067
0.0
0.00370420797398
0.00106108185993
0.00198890855318
0.00104156433404
0.000242863013233
-0.00291037816606
-0.00175903487852
-0.000513854701042
-0.00225448821893
-0.00292447525462
0.000610048441955
-0.00183498868213
-0.00116200015335
-0.00181930082537
-0.00288356140412
-0.00364628510575
-0.0067868475092
-0.00504549029331
-0.00750927314399
-0.00279636508884
-0.00727220315766
-0.0104147628231
-0.00760881471128
-0.00649702434418
-0.00783371218884
-0.00829535729207
-0.0101739753092
-0.00792317948977
-0.00943498476295
-0.0102509753938
-0.0131331576917
-0.012733824907
-0.0113436153298
-0.0121395747329
-0.00972295759572
-0.0140061034819
-0.011755608363
-0.0126446782881
-0.0122530720115
-0.0109178503543
-0.0148108588627
-0.013920681287
-0.0152042205776
-0.0128608629531
-0.0152253254388
-0.013807507076
-0.0163239241744
-0.0162257395327
-0.0155679078692
-0.0153475782498
-0.016231899806
-0.017351853638
-0.0181686293297
-0.0167956495309
-0.0185256398004
0.0
-0.0173583746405
-0.0180660391387
-0.0172674620004
-0.0169697926572
-0.0186093348911
-0.0161226562224
-0.0161935569737
-0.0186362580349
-0.0156047494768
-0.017754570581
-0.0187917403659
-0.0167043263573
-0.0173311791834
-0.0182121406088
-0.0178034849693
-0.0194704004276
-0.019020888115
-0.0188789211726
-0.0158630440933
-0.015654703638
-0.0182690951581
-0.0200723486299
-0.0207282025304
-0.0184500427212
-0.0181395132213
-0.0186080362639
-0.0177661578394
-0.0188103436037
-0.0192588735385
-0.0176110102366
-0.0157368989784
-0.0138062658581
-0.0147674435186
-0.0180426672823
-0.0165903234484
-0.0160324384775
-0.0180627541198
-0.0166282449609
-0.016019511996
0.0
0.0
-0.0158260024035
-0.013996623283
-0.0138060636478
-0.0137815597197
-0.0128830366826
-0.0135756364022
-0.0179232616284
-0.0112984577424
-0.0136446739168
-0.00648829075264
-0.0139910881612
-0.0132774786189
-0.0122958055311
-0.0114129964423
-0.0124664955255
-0.0114616181743
-0.010891728825
-0.0089767181914
-0.012304612117
-0.00843039035824
-0.00947044815967
-0.0106336320973
-0.012314572326
-0.0107135202731
-0.0105044880264
-0.0096878792062
-0.010359791846
-0.00821272336886
-0.00989995187881
-0.00924930262512
-0.00849068120102
-0.00285069881695
-0.00916241469042
-0.0095210371482
-0.0106024515641
-0.00626464238088
-0.00925332654536
-0.00759954095553
-0.00537083925239
-0.00591524974881
-0.00667450817286
-0.00892402680824
-0.00794764514542
-0.00486347030018
-0.00465411397131
-0.00602892739548
-0.00578948094455
-0.00554869568066
-0.00752476997171
-0.0063737359352
-0.00531164829096
-0.00515813220042
-0.00614077868738
-0.00726389581427
-0.00644970680654
-0.00576147308141
-0.00548758217474
-0.00391852660761
-0.00527110228267
-0.00277364040037
-0.00485956831831
-0.00742439962802
-0.00582877335304
-0.00567149077803
-0.00466282664024
-0.00339188328824
-0.00291607940497
-0.00434583276657
-0.00405226595882
-0.00440291231534
-0.00520253862434
-0.00209527941931
0.000138622739231
-0.00141409857847
-0.00292126493723
-0.000432119255947
-0.00311384668928
-0.00200409045985
-0.00328721203819
-0.00264929774615
-0.00217348764449
-0.00470905279905
-0.00179837880273
-0.00441111038969
-0.00214936785989
0.000319628489373
-0.00145236301917
-0.000318762672738
-0.00185229346609
-0.000138148811982
-0.000151605971919
-0.00177161460295
-0.00200339447398
-0.00264550293582
0.0
-0.000803535460239
0.00275256460364
0.0022461999564
-0.000463778120408
0.000677227467007
0.00209062510363
0.00196839756195
0.00176448599815
0.000467649574425
0.00358780472573
0.00170324548696
0.00279037718925
0.00510522732168
0.00305359415524
0.00259517341135
0.00479837222095
0.00146791356945
0.00394633174545
0.00353017833938
0.00186782559362
0.00329706585817
0.00557114490648
0.00603597710287
0.00344145401711
0.00452039441339
0.00601475317899
0.00661982250169
0.00477783619336
0.00796582661422
0.00886866389089
0.00807039260174
0.00852303819617
0.00950648795303
0.00696804562263
0.0100104584832
0.00836024035425
0.00899557548038
0.0113094488152
0.0117665921986
0.0124936778878
0.0134231639595
0.0113767832188
0.0132878719224
0.0143340065517
0.0133328727502
0.0141639787982
0.0147214183647
0.0132626725398
0.0138124499347
0.0133429801614
0.0
0.0137788083668
0.0153074648609
0.0132920963018
0.0137554475352
0.0142506493928
0.0136152691964
0.0175592335896
0.0151007160435
0.0166504098203
0.0172913371965
0.0173608900926
0.0147156330607
0.0168315627655
0.0175458250118
0.016980876828
0.018406367474
0.0162348928979
0.0158480942184
0.0183827580779
0.0182805796632
0.0176553166778
0.0173161126021
0.016905798688
0.0155497392946
0.0175160919857
0.0171809984387
0.0169210893796
0.0157707799276
0.0164684766184
0.0162893602064
0.0171598535924
0.0173861530772
0.0165197388832
0.0171648432605
0.0194015193607
0.0157326757813
0.0172289604661
0.0172362987779
0.0147871777877
0.0166944327603
0.0142794345595
0.0147108696442
0.0166795815712
0.0125873812387
0.0
0.0138935122556
0.0114350498938
0.0117891243233
0.0136169521946
0.01565631799
0.0115423538366
0.0113559581581
0.0108062215626
0.0102673207975
0.00701081870948
0.00991995705154
0.00947179921262
0.0104780595412
0.00851692855581
0.00821197484117
0.00587268827757
0.00474533411087
0.00552013790537
0.00791979776211
0.0055619413409
0.00571674548988
0.00340020947932
0.00187822696475
0.00538584332136
0.000639960738204
0.00389314922078
0.00216937647668
-0.000159754116892
-0.00161195514363
-4.31727614146e-05
0.00154837259546
-0.00049604429535
-0.00133929747312
-0.0020180296615
-0.00169341387995
-0.000837904975966
-0.00358736093849
-0.00187028200028
-0.00378207189469
-0.00507075648872
-0.00492732218247
-0.00578015412974
-0.00580070577942
-0.00622623716047
-0.00473818630398
-0.00596810103669
-0.00705731219974
-0.00835283166931
-0.00831205041845
-0.0105916904157
-0.00797864849428
-0.010312826081
-0.00899626198582
0.0
-0.00998502122831
-0.0103092045319
-0.0132815247583
-0.00586548854701
-0.013370248006
-0.0124046609682
-0.0133034220803
-0.0120241061566
-0.0116305316896
-0.0148937994452
-0.0138476874912
-0.0150513383979
-0.0133154304914
-0.0145774558614
-0.0142998847815
-0.0154275774129
-0.0175028684425
-0.0164697406265
-0.0153808086043
-0.0145472266541
-0.0129074137434
-0.0148568546233
-0.0157641121374
-0.0144858505101
-0.015890193273
-0.0174014910155
-0.016185544081
-0.0143495411548
-0.0172798211671
-0.016846041473
-0.0152170455434
-0.0150691309317
-0.0156748189032
-0.0150880771873
-0.0169917431589
-0.0159501557896
-0.0132583217339
-0.0142910141289
-0.0153294272347
-0.017185114056
-0.0151397013299
0.0
-0.0155560615688
-0.0146326801005
-0.0161678076818
-0.0155878353473
-0.0169377421676
-0.014284166147
-0.0156711262696
-0.0143137761489
-0.0133729255588
-0.0132732457719
-0.0144241948376
-0.0140458349362
-0.0142206319088
-0.0118275577081
-0.012927808304
-0.013866164434
-0.016332535921
-0.0140587280074
-0.0152527888598
-0.0167860959905
-0.0129509014184
-0.0132627672498
-0.0137047873622
-0.0114782227322
-0.0118765984162
-0.00917095865154
-0.010741544307
-0.0129929088552
-0.0100194213085
-0.0122727498516
-0.0105599714876
-0.011139372759
-0.0105690024779
-0.0125892358661
0.0
0.0
-0.0159683987527
-0.0111401973705
-0.00911212987335
-0.00939042233126
-0.011409135133
-0.00783392717495
-0.00581585382792
-0.00572823849278
-0.00693092266656
-0.00858792782925
-0.0080391230621
-0.00903024666292
-0.00772365444483
-0.007534550878
-0.00683188194724
0.0
0.0
0.0
-0.00672285566381
-0.00625474862303
-0.00519780614884
-0.00504523758036
-0.00615403366708
-0.00598283597951
-0.002873841005
-0.00294069392637
-0.00704967497926
-0.00296921326005
-0.00674573263402
0.0
0.0
-0.00562420196649
-0.00116978282274
-0.00497889424687
0.0
0.0051957988407
0.0
0.00592071629
0.0
0.00586042910122
0.0
0.0
0.0
0.0
0.0
0.0
0.0
0.0
0.0
0.0
0.0
0.0
0.0
0.0
0.0
0.0
0.0
0.0
0.0
0.0
0.0
0.0
0.0
0.0
0.0
0.0
0.0
0.0
0.0
0.0
0.0
0.0
0.0
0.000717535950384
0.00253151570722
0.00720683045928
-0.000819610566837
0.00626648532096
0.00333530105818
0.00182354656333
0.00864761368753
0.00846017818131
0.0100621875761
0.00118399399655
0.0037998759087
0.00588518194065
0.011180178708
0.00558787814488
0.00536406444929
0.00727196391866
0.00631886777836
0.00710016769085
0.00684501078511
0.00930550131685
0.00903205333726
0.00691752437887
0.00674850631855
0.0105920711268
0.00497013687327
0.00817563596955
0.00683322506247
0.0131355158232
0.0123115987291
0.0105634662643
0.0108629821935
0.0083495572291
0.0122936867209
0.00874840530318
0.012779087947
0.0137100146182
0.0133130180011
0.0141386643122
0.0121540802267
0.0144204444497
0.0130458855411
0.0134876682637
0.0136749308843
0.0137718930225
0.0161699885451
0.0128145225538
0.0149482767383
0.0140061683176
0.0154379046726
0.0176941483689
0.0161215573061
0.0148480261583
0.0173331400118
0.0176289265856
0.0138801481915
0.017608712218
0.0184502844735
0.0176121996436
0.0178572117893
0.0167258826341
0.0176827215551
0.0166110998028
0.0188311848945
0.0172409552607
0.0172145410469
0.0187765642953
0.0176166713982
0.0185291672446
0.015205201058
0.0193057550161
0.0172884272637
0.0193234878124
0.0215582644132
0.0203995276168
0.0200669634529
0.0208337091982
0.0186193613291
0.0205377133573
0.0188255512763
0.0207151284688
0.0198869839976
0.0
0.0154981753685
0.0172498869496
0.0181491823763
0.0199618374909
0.0168894652863
0.0185359626876
0.0196390238953
0.0219170965219
0.0162838024943
0.0181300845753
0.0178569719479
0.0180994131496
0.0171765259573
0.0173365771934
0.0164821704133
0.0163099125452
0.0168290685776
0.0153676247489
0.0155777870215
0.0146032797053
0.0152869289335
0.0162514671739
0.0157171056579
0.0124515359519
0.012905017914
0.0149055493699
0.0145333737741
0.0125753014959
0.0128931176121
0.00913338774047
0.0115042786805
0.00985117670875
0.00995167749877
0.00962162261674
0.00869794349932
0.00388238414449
0.00689318302471
0.00742441823449
0.00496313743128
0.00844826231707
0.00550672380064
0.0026396649121
0.0057178105644
0.00402549246279
0.00121107508455
0.00398666967127
0.00315849277613
0.00133124216558
0.000192586102397
0.000148374136965
-0.000325070460108
-0.00278903923636
0.00111229147435
-0.00250293248329
-0.00345139593519
-0.005298999057
-0.00194745965518
-0.00487074020298
-0.00478100132061
-0.00723055102588
-0.0059531606609
-0.00419093425983
-0.00764866446393
-0.00915157202654
-0.00951656231898
-0.00990883914791
-0.00860685491932
-0.0100667693614
-0.00912674685224
-0.00965840987617
-0.0109604836254
-0.0115399306389
-0.0114652854853
-0.0104821054114
-0.0121164370771
-0.00983016275029
-0.0141737879395
-0.012814181203
-0.0130755676003
-0.0132800808191
-0.0130410547999
-0.0150595657545
-0.0154273874807
-0.0161104855755
-0.0151084208006
-0.0151864923801
-0.0145603369221
-0.0170045139181
-0.0156988452891
-0.0162201595224
-0.0169108578567
-0.0154063746516
-0.017723113484
-0.0174319694819
-0.0151792317373
0.0
-0.0186220917173
-0.0170518561375
-0.0166726337832
-0.0145135646818
-0.0167286077445
-0.020331949243
-0.0182845876039
-0.0190439903394
-0.0171019942466
-0.0175850597781
-0.0179349105408
-0.0196435163684
-0.0171224675961
-0.0175608619531
-0.017310378334
-0.0200540324653
-0.0198511098409
-0.0195296915391
0.0
-0.0167460925224
-0.0175454217576
-0.0186956029058
-0.0190760134206
-0.0192991579206
-0.0208671422179
-0.0184030968999
-0.0186431456998
-0.0182640328646
-0.0173829461448
-0.0182765414039
-0.0189755530598
-0.0218655620205
-0.0178674289262
-0.0214094298135
-0.0175846808147
-0.0184494356286
-0.0169792629632
-0.0163148374813
-0.0161643315164
-0.0172790132204
-0.0181385137352
-0.0202801249662
-0.0181153262319
-0.0153732274922
-0.0180393808223
-0.0174212563135
-0.016599239267
-0.0189540452016
-0.0152758573184
-0.0152590402379
-0.0153336049705
-0.0172808393637
-0.0166782732983
-0.0168494482377
-0.0164611887195
-0.0153847309857
-0.0174314894443
-0.0152350709401
-0.0152940966806
-0.0139211798091
-0.01564806232
-0.015306814282
-0.0154130353468
-0.0125663364265
-0.0141585103525
-0.0146588878734
-0.0146589037246
-0.0126448775403
-0.0154951044402
-0.0107554407126
-0.0110337815923
-0.0157449347824
-0.0130567516753
-0.0115559515193
-0.0129331766575
-0.0122129293185
-0.0116364793839
-0.0119977672966
-0.0120593297219
-0.0119027260241
-0.0130086161668
-0.00972954980144
-0.0110709164759
-0.0129444501361
-0.0121765473011
-0.0107929583678
-0.00977281094271
-0.00927505846186
-0.0103354173578
-0.00894405676746
-0.0110728246655
-0.0112744513358
-0.0100024724365
-0.00956016929304
-0.00892855331166
0.0
-0.0110636511905
-0.00793346389743
-0.00733111465239
-0.00686651907446
-0.00738229538773
-0.00755050021171
-0.00627949026311
-0.00772001403444
-0.00705488604808
-0.00871083617507
-0.00533987700982
-0.00805035308748
-0.00452874580295
-0.00787959433384
-0.0076814617972
-0.00577474628601
-0.00684305243946
-0.00861162888155
-0.00629404653144
-0.00459635953178
-0.00708698982347
-0.00450899931218
-0.00422199594399
-0.00868055702138
-0.00598288847339
-0.00430438480543
-0.00616447799916
-0.00561248676675
-0.00593765750079
-0.00574812368412
-0.00374780592474
-0.00362173666464
-0.00266087114501
-0.00368718396956
-0.00310098585982
-0.00716515868132
-0.00386874995188
-0.00153540591594
-0.00236929553513
-0.0010450874435
-0.00185461299056
-0.00143357179422
0.00154728692438
-0.000480547620538
-0.000666894360053
0.000782011055736
-0.00120046923382
-0.000471203165226
0.000829784740676
-2.32750593298e-05
0.000769140198116
0.00331716475434
-0.000111617661491
0.00154823815472
0.00658204251275
0.00270638607315
0.00267750860414
-5.72668911115e-05
-0.000863703080846
0.00321168279926
0.00490799763428
0.0041818442054
0.00121051733792
0.00298245729358
0.00260853526405
0.00403667354857
0.00383841292891
0.0058265502286
0.00416447615495
0.00743879940864
0.00536306116186
0.00741960046171
0.00848438025939
0.00815325599052
0.00623045095492
0.00621955057775
0.00315550091184
0.0072812405633
0.0104857459413
0.00898145538352
0.00671757230549
0.00678745612536
0.00926145404428
0.00769203996634
0.0111411716291
0.00801146390136
0.00840332300091
0.00902349299944
0.0117303357117
0.00988969850847
0.00898706034077
0.0110003180099
0.0113342324646
0.0161982410644
0.0111333726442
0.0
0.0144842617453
0.0173817736371
0.017067371404
0.0175491798445
0.016200966931
0.0182826794877
0.0164557124487
0.015945851189
0.0167527646027
0.0154841636439
0.0133989974447
0.013708759852
0.014894176205
0.0171472914757
0.0184137248699
0.0141618890262
0.0160967980817
0.0146969598604
0.0135422469376
0.0161383513549
0.0150121385957
0.0163565539045
0.0146618958212
0.0149202986164
0.0158228039394
0.0151438316078
0.0149841635848
0.0172002677595
0.0145741330106
0.0163773287782
0.0154371620974
0.0139680418492
0.0145324699715
0.0144489669495
0.0117312134951
0.0100996403635
0.0122768590176
0.0120165631335
0.0132494862641
0.0100090876489
0.0107417594689
0.0105614867905
0.0117296798078
0.0
0.00917600301684
0.0105105434333
0.0105181923776
0.0048862489953
0.00875335776681
0.00556237203846
0.00675676254501
0.00820981836613
0.0063182652281
0.00694914674699
0.00486925380122
0.0050735669966
0.00513769974856
0.00464156400272
0.00416873324188
0.00104877657399
0.000392868219391
0.00148171349145
0.00316728870297
0.00162189623216
-0.000807026021512
0.000982271380643
-0.000750169086058
0.000134706727487
-0.00220831317429
-6.60901217223e-05
-0.002920844197
-0.00353014454086
-0.00602238774854
-0.00331311190493
-0.00608013803204
-0.00486041588936
-0.00454859932261
-0.00187724675175
-0.00699694731517
-0.00710325610704
-0.00453360867935
-0.00812878802347
-0.00630957178711
-0.0136116605854
-0.00868745411253
-0.0112785761154
-0.0106528401266
-0.00910647687071
-0.00967370162779
-0.00901845431577
-0.0111218464209
-0.00959805943606
-0.0140105442742
-0.0124048577254
-0.0139326619999
0.0
-0.0148306982036
-0.010874590266
-0.0137011279334
-0.0154202447284
-0.0128403464319
-0.0169654512978
-0.0174333344206
-0.0120898216483
-0.0149960669663
-0.0174393532347
-0.0154564005513
-0.0217685094999
-0.0187658596404
-0.0174434292064
-0.0152519576406
-0.0186083280956
-0.0195353993697
-0.0185137760999
-0.0181041480856
-0.0178848985954
-0.0197182208273
-0.0205119466404
-0.0191454650384
-0.0196473318296
-0.0217084024594
-0.0168786947335
-0.019228159831
-0.0218068241407
-0.0192039825896
-0.0210318960258
-0.021351955063
-0.0211919449937
-0.020010819697
-0.021179912671
-0.0215080414635
-0.0213115015379
-0.0219617029079
-0.0225918059752
-0.0200278647954
-0.0199697465437
-0.0205315859048
-0.022852649405
-0.0215941809843
-0.0234696233513
-0.0227155740315
-0.0209938460604
-0.0254753898142
-0.0217276247946
-0.0202380498984
-0.0218814507032
-0.0215315380925
-0.0224870863699
-0.021589011769
-0.0213889089066
-0.0196109914012
-0.0221423295289
-0.0208626525765
-0.0209517762826
-0.0195709406968
-0.0200224589563
-0.0216983093493
-0.0192851330294
-0.0204487168796
-0.0201253141039
-0.0211626000151
-0.0199470281086
-0.0226220790277
-0.0229739841683
-0.020032165912
-0.0179002858111
-0.0200492013967
-0.0174163855998
-0.01804237921
-0.0163683714655
-0.0182530181085
-0.0197495406136
-0.016143906432
-0.0187132270209
-0.0177285971873
-0.0182213556647
-0.0173538325412
-0.0157834393309
-0.0158374779079
0.0
-0.0188000752568
-0.0151524066183
-0.0166296070477
-0.0165825092752
-0.00837483456676
-0.0130940657
-0.0142979802607
-0.0150959409973
-0.0143556191127
-0.0139326432729
-0.014326068461
0.0
-0.0131233465496
-0.0114506515723
-0.0144830554882
-0.0135632747105
-0.0132056471121
-0.0137101405815
-0.0140512839586
-0.0125557868585
-0.0127113439574
-0.0137260118833
-0.0134623011751
-0.0169504787442
-0.0134742056727
-0.0133368261324
-0.0113388289249
-0.0123225795938
-0.0109612134211
-0.0110095218442
-0.0111396328389
-0.0130633896401
-0.0115331497974
-0.00920105685755
-0.0111040165616
-0.0107818342641
-0.00351817089355
-0.00931664084144
-0.00992002604471
-0.00800839763066
-0.00982490798548
-0.0100622855294
-0.00775459939465
-0.0104921670872
-0.00806244249107
-0.00611243574545
-0.00955404607617
-0.0111945683149
-0.00517757219974
-0.00725031671669
-0.00611080634204
-0.00766663747345
-0.00726152722962
-0.00768583420207
-0.00878805716358
-0.00542284429142
-0.00566644582461
-0.00401414184491
-0.00598486156958
-0.00689786972951
-0.00583631619776
-0.00390696871446
-0.00438309499225
-0.0036049603253
-0.00466688674418
-0.00295229129178
-0.00292930099681
-0.00185851474418
-0.00183056330402
-0.00184043984735
-0.00237453196241
-0.00300222340677
-0.00197798746174
-0.0013397592948
-0.00250679997778
-0.00220615782768
-0.00150611517368
0.00092178209978
-0.00245440067041
-0.000697693141052
-0.000957638182006
-0.00081847347304
0.000399131020472
0.0
0.0
0.0
0.0
0.0
0.00042285072816
0.00032207158531
0.00307101697338
0.00374921570149
0.00260214028825
0.00295832386052
0.00277761507479
0.00200135333667
0.00288775778198
0.00257818087898
0.00181821037143
0.00348128746359
0.00622984403576
0.0033720956819
0.00753133085891
0.0049974524586
0.00528051749488
0.00305508347152
0.00718669069181
0.0
0.00462817222106
0.00899014676051
0.00790491121559
0.00994601662817
0.0133357315381
0.0127224929715
0.012085824931
0.0118476197646
0.00963376808994
0.00803646295594
0.00947808636944
0.00503083512974
0.00992824216196
0.00723466934528
0.00962895827237
0.0
0.0111571027056
0.0126839565774
0.012553071428
0.0142173825276
0.0138247289777
0.0124025084794
0.0132243562596
0.0118126667518
0.0118141975905
0.0118658642664
0.0135647259429
0.0148836601349
0.0150760690178
0.0155872959158
0.017906941633
0.0171276370255
0.0179914118589
0.0166157758977
0.0126764252927
0.0125165455662
0.0142667913083
0.0133376822038
0.0161219222182
0.0157926660756
0.0119054688057
0.0127754391012
0.0158290187463
0.0160780503958
0.0158745871185
0.014963300453
0.012486019499
0.0115496535531
0.0142284455705
0.0125285811987
0.0123800553492
0.0131014179539
0.0110381150886
0.0114436720336
0.0104188780706
0.011216148581
0.0145843992374
0.0122603772516
0.0101214346182
0.00998462541997
0.00900240984831
0.00987944711817
0.00892727460575
0.0111486261947
0.00997047495933
0.00883195704448
0.00805464353052
0.00939149291293
0.0086034305391
0.00819701704456
0.00716600529887
0.0062115912881
0.00592078956389
0.0052663779346
0.00518519012183
0.00476288248719
0.00454316544285
0.00426203383203
0.00409180753394
0.00420975269799
0.00167772637406
0.00373137543679
0.00226583412876
0.00212145438455
0.00539269704646
0.00247195549855
-8.80938489833e-06
0.000607426994052
0.000912092997274
-5.41325126776e-05
-0.00139973256835
0.00103453514164
-0.000676423243619
-0.000996708174434
-0.0018055340215
0.0
-0.00326806844152
-0.00333280856473
-0.00394225150096
-0.00336033693608
-0.00546454690071
-0.0049920689702
-0.00559031900719
-0.00259463308362
-0.00876758429112
-0.00757081998057
-0.00822377202924
-0.00916768348823
-0.00880556235779
-0.0078865510165
-0.00825705125408
-0.0106296520441
-0.0105034396789
-0.00963450229807
-0.0114434894199
-0.00918773140632
-0.0121199842098
-0.0114931923025
-0.0144011099023
-0.0182528725648
-0.0136025011682
-0.0135197904731
-0.0133061312872
-0.0152728074121
-0.0164846117769
-0.0183170130608
-0.0151166643994
-0.0160050544103
-0.0178242535365
-0.016814031657
-0.0155559532229
-0.0161581205682
-0.0167101275928
-0.0179610937711
-0.0163193393675
0.0
0.0
0.0
-0.0119600066326
-0.0134089687618
-0.0152987487137
-0.0177470204266
-0.0143091661155
-0.0204154407597
-0.0200831711029
-0.0200101899041
-0.016899654009
-0.0187611979265
-0.0206179520189
-0.0171169345504
-0.0169544427892
-0.0193563316935
-0.0207540184062
-0.0155959999642
-0.015406561551
-0.0197646782317
-0.0197846796501
-0.0208253324393
-0.0181166267479
-0.01768551962
-0.0205336224726
-0.0201866237543
-0.0194803735493
-0.0198875013525
-0.0171385125222
-0.0194355388539
-0.0192039492034
-0.0226476412322
-0.0219673750303
-0.0208854913475
-0.0206104412916
-0.0192364886102
-0.0225663143706
-0.0217759616423
-0.0190014399377
-0.0199872569145
-0.0201440158491
-0.0207284885823
-0.0208974279434
-0.0241045731768
-0.0193737947077
-0.0192208676919
-0.0185688450026
-0.0203334919227
-0.019090135702
-0.0199535350974
-0.0190065827684
-0.018667009713
-0.0191333254135
-0.0190416732044
-0.0205918787209
0.0
-0.0177740551002
-0.0174226399076
-0.0208165894022
-0.0190616782608
-0.0182584995602
-0.0188347336299
-0.0170266418836
-0.0169539765861
-0.0184484110032
-0.0138066893828
-0.017258148323
-0.0209850544618
-0.0185142133385
-0.0178739615705
-0.0186700440165
-0.0175803922684
-0.0189093815617
-0.0155061348367
-0.0173951594706
-0.0157759493845
-0.0148524505373
-0.0143758703614
-0.0155916888179
-0.0159002223255
-0.0147351681996
-0.0166905748323
-0.0133094179115
-0.0136320588296
-0.0134027432471
-0.0161632370416
-0.0138615124163
-0.014544590444
-0.0141642650399
-0.0138768405021
-0.0136527417562
-0.0130386341521
-0.0134830554578
-0.0119568640273
-0.0116053536652
-0.0125712829811
-0.0129576883816
-0.0136997899219
-0.012661204298
-0.0103476039617
-0.00919424994657
-0.00941366712955
-0.00850632262022
-0.00841633381146
-0.00769649324955
-0.0105577023129
-0.00757614067419
0.0
-0.00911170674851
-0.00959049682211
-0.00736090460356
-0.00944203846219
-0.00704133059951
-0.00996239982325
-0.00757434858627
-0.00953293497863
-0.00691207797954
-0.00613835361042
-0.00744813742879
-0.00576495424237
-0.00489156718284
-0.0064697716539
-0.00663302703941
-0.0062730899031
-0.00875034186068
-0.00700292000837
-0.00413171845008
-0.0058087223154
-0.00786750230498
-0.00722142043534
-0.0041919840071
-0.00588342204917
-0.0041672666733
-0.00203419544772
-0.00148398045257
1.39523481657e-08
-0.00223973904723
-0.00209771707889
-0.00302262359036
-0.00448517111327
-0.00377193166938
-0.00246757776772
-0.00163272440702
-0.00176556581465
-0.00404897509702
-0.00141969167052
-0.00187269906426
0.001715623472
0.000162036987184
0.00127831252139
-0.00209353636077
0.0
0.00119876151439
-0.00210298863181
0.000423593235442
-0.000309057806372
0.000612587337244
0.000522009475247
3.66007814225e-05
0.00155225943125
0.00271081421101
0.00218796896816
0.00331661965882
0.00567705852632
0.00267075886466
0.00599166477071
0.00283516290709
0.00251328195924
0.00533847014965
0.00414401065364
0.00576717000296
0.00561144560637
0.00487756244046
0.00494127966094
0.00515696748145
0.00588845958265
0.00448795965986
0.00595503886394
0.0063262419929
0.00497255416463
0.00675611178254
0.00693489857857
0.00463237038142
0.0092850171169
0.00667118752424
0.00756981153887
0.0112628213184
0.00510084782419
0.0075322342715
0.0105977113703
0.0074411286523
0.0101676932389
0.00848018769057
0.00826190507835
0.00825723235339
0.00840497532651
0.00956918602076
0.010330314284
0.00870183755805
0.00603670490959
0.00787318961837
0.0107748110008
0.00971058883052
0.00817712805543
0.0079068820346
0.0102373853696
0.00866382831539
0.00789066036322
0.00917763853707
0.01186529191
0.00747470179865
0.00795375970973
0.00873305656758
0.00787711687812
0.00794744579562
0.00945136203798
0.00818180629118
0.00818075722084
0.00491068649055
0.00781630641065
0.00641078189612
0.0078355168155
0.00734355564147
0.00350802314089
0.00554768303837
0.00759333945134
0.00672892880458
0.0092728952227
0.00552260878335
0.00869435336877
0.00707789282221
0.00473357891885
0.00627275013169
0.00596210913198
0.0069581948223
0.00536347631057
0.00857816404083
0.00796533300068
0.00734504184838
0.00569391144088
0.0021901784947
0.00516461476975
0.00293713947698
0.00301515443745
0.00468099708332
0.00349042598428
0.000433364205971
0.0
0.000642279109981
0.0024178429583
0.00212762528058
0.00150694215013
0.00542823660864
-3.05181901409e-05
0.0025502161673
0.0014237523416
-0.000657574900485
9.77370694579e-05
-0.00118161634842
-0.00428712460394
-0.00144003341016
-0.00252000749884
-0.00212052941462
-0.00285272270693
-0.00726735392795
-0.00411292242441
-0.00345389922417
-0.00722390401601
-0.00553157072359
-0.0093042271482
-0.00730470931675
-0.00956699156044
-0.0103182769855
-0.00984376096776
-0.00875035204946
-0.010155505424
-0.0128180231156
-0.00900320694335
-0.00994186544091
-0.0107428217858
-0.0124712940602
-0.0142722943967
-0.0138840410064
-0.0155403742239
-0.0128895566462
-0.0162539711568
-0.015575447329
-0.0151735726047
-0.0143398005309
-0.0153506741407
-0.015042012408
-0.018532952738
-0.0174709998149
-0.017339566821
-0.0184474019806
-0.0223196876226
-0.0176580754108
-0.0213065518912
-0.019815574401
-0.019733732581
-0.0163909772381
-0.0214345218
-0.0194393084755
-0.0210119947107
-0.0220432931968
-0.0206634309186
-0.0200663132999
-0.021019652147
-0.0239762488341
-0.021035408348
-0.0232645923657
-0.0216000115146
-0.0199783208115
-0.0198530898063
-0.0218249744772
-0.021677106492
-0.0212950312315
-0.0245772328555
-0.0235384446031
-0.0257346283857
-0.023110584613
-0.0232873567607
-0.0211753635671
-0.0201078892776
-0.0232357386302
-0.0233984677045
-0.0234642360056
-0.0230035157834
-0.0240445038693
-0.0276705850642
-0.0253078585996
-0.0231802251428
-0.0240387125442
-0.0236838466737
-0.0277978296522
-0.0236942758753
-0.0249417205429
-0.0271014119173
-0.0261358435925
-0.0263634297851
-0.0257524714768
-0.026974030918
-0.0274366463498
0.0
-0.0256829339339
-0.026311067478
-0.024081938194
-0.0234829511737
-0.0253739580109
-0.02729774443
-0.0255751765581
-0.0258533634391
-0.0243774314369
-0.0237067422704
-0.0265095727385
-0.0249813554658
-0.0236893922278
-0.0205435156148
-0.0225299287654
-0.0226485206058
-0.0193971572327
-0.0227638224989
-0.0230547121266
-0.0234513808048
-0.0222547352048
-0.0244886169155
-0.0246718632115
-0.0230295645397
-0.0207868964606
-0.0207997049253
-0.0231917782618
-0.0202702443924
-0.0214254333931
-0.0189591550753
-0.0205508655532
-0.0165863805376
-0.0179653385606
-0.0205015228928
-0.0213424619203
-0.0204015590513
-0.0167993275805
-0.0196477117379
-0.0158221781885
-0.0137253000406
-0.0176852554301
-0.0159926793561
-0.0153837668535
0.0
-0.0129910027043
-0.0167221680102
-0.0156197413256
-0.0153660286069
-0.0142482612143
-0.0163367839184
-0.0122004639335
-0.0115171129019
-0.0130796865549
-0.0112363992257
-0.00918182450876
-0.0116333012085
-0.0102526703016
-0.0118622748784
-0.0116231757421
-0.0134358583499
-0.0113416435689
-0.00908397787221
-0.00572179014506
-0.00774854569767
-0.00857732172776
-0.00882998397702
-0.00562237933694
-0.00922828324354
-0.0106900851878
-0.00962487812482
-0.0112373095347
-0.0085576328987
-0.0085489534253
-0.00632835071954
-0.00752349271521
-0.00618609110545
-0.00597958484163
-0.00846121072581
-0.00867390360515
-0.00605682630859
-0.00743009849404
-0.00702309090949
-0.0091717258267
-0.00737179964619
-0.0070266596197
-0.00681246960201
-0.00763338673699
-0.00441196262008
-0.00651605868514
-0.00325962364738
-0.00628376694797
-0.00486434704268
-0.00591435223937
-0.00662536525106
-0.00209803292997
0.0
-0.00269484625216
-0.0041124421325
-4.49812061438e-05
-0.00354505546344
-0.00538760462527
-0.00450604613348
-0.00327891829128
-0.00346401574321
-0.00348270324038
-0.000851433025388
0.000334544944887
-0.00260063997429
-0.000140667823588
0.00122407361872
0.00126756437172
-0.00215458346029
0.0011274454245
0.000690724922966
0.000390939739691
0.000991299323186
-0.00328236982589
-0.00224801985441
-0.000373766668511
-8.72051082557e-05
0.00205762624459
0.0036907767488
0.00226091645253
0.000734518849699
0.00366034093994
0.00363268516008
0.00319848774285
0.00591115621377
0.00227758560777
0.00499559267972
0.00627236950367
0.00456362245453
0.00939383636203
0.00302394348891
0.00439031784609
0.00756333312991
0.00430580751273
0.00407597896369
0.00399806998486
0.0066641520271
0.00884269959961
0.00647526908497
0.00690416531821
0.00803736549584
0.00786074025069
0.00928066032378
0.00802116599265
0.00955439941718
0.00794066657723
0.0100176198073
0.00980154007693
0.00986811365529
0.00884658879617
0.012403785554
0.0105512305322
0.00908526757632
0.0104761239031
0.00947288373436
0.0117534905325
0.00941370884871
0.0105669921913
0.00867535848262
0.00989246018011
0.0101675997002
0.00997352572001
0.0110054640941
0.0115706646615
0.0121752573536
0.0104099328596
0.0130148340893
0.0125339573435
0.012862781276
0.0157483076023
0.0116138551982
0.014495199048
0.0136906427605
0.0131775568128
0.0142030199957
0.012536493229
0.0171388607313
0.012700451011
0.0157550019852
0.0140910503856
0.0147850863172
0.0142552565521
0.0129873762519
0.0124036082535
0.0142169843956
0.0148009921953
0.0116966275046
0.0143786559651
0.0
0.0147759847953
0.0140970408144
0.0152784103171
0.0129122530197
0.0145254389175
0.0114302378177
0.0093182698045
0.0133580820565
0.011873645421
0.0116940285298
0.0122999614533
0.01102911752
0.0109128164382
0.0120678897234
0.0115623264342
0.0110079247233
0.00984242677181
0.00924843797281
0.00927362042414
0.00875002751283
0.00870787853653
0.00829112096662
0.00698129508749
0.00600008367555
0.00731906868803
0.00919941011475
0.00444211305669
0.00411916716325
0.00692501259685
0.00374623594605
0.00285511410986
0.00254858445928
0.00235932695511
0.00444608355317
0.00264893250775
0.00144851786999
0.000760400729344
0.000853104245662
0.000658325879883
-0.000176542964399
-0.0016424514498
0.0013315086355
-0.000499724853149
0.000283462369371
-0.00252054433771
-0.00290462511248
-0.00163797340579
-0.00133796358509
-0.00114816419598
-0.00476065213943
-0.00480977357215
-0.00845276650353
-0.00604376098903
-0.00842197462153
-0.00868399078281
-0.00699287722605
-0.00913403150442
-0.00865406566828
-0.00781788915833
-0.00815751951007
-0.00905919784307
-0.0100075380317
-0.0142699416708
-0.00832716352496
-0.0134693549387
-0.0112649149872
-0.0110717781013
-0.0112563232057
-0.0121615641196
-0.0138156881145
-0.0118000889632
-0.0166102391474
-0.0162799057893
-0.0166532864986
-0.0184656490033
-0.0165108112231
-0.0170055438638
-0.0180764920263
-0.0187233284967
-0.0200977817752
-0.0199596274695
-0.0209617118966
-0.020452523633
-0.0209494680754
-0.0189639635684
-0.0163779592014
-0.0200233899967
-0.0221499826388
-0.0222414095253
-0.0210810113226
-0.0217408287292
-0.0217458698329
-0.0206950901133
-0.0203072765847
-0.0230509352586
0.0
-0.0210645634357
-0.0242309511594
-0.0230757008011
-0.0239448268067
-0.0226654326004
-0.0246296193676
-0.0249493294016
-0.024666401478
-0.0237717503264
-0.0244880564358
-0.0274429925975
-0.0264234481542
-0.0242515583852
-0.0235279038691
-0.0235826754916
-0.0217475828246
-0.0238018252978
-0.0226301663958
-0.0235977455219
-0.0233000471436
-0.0239749140835
-0.0217283429497
-0.0222592465816
-0.0289365305374
-0.0254288495359
-0.0217539136798
-0.0233127719938
-0.0231827795911
-0.02458088557
-0.022305125304
-0.0239481574085
-0.0215441531725
-0.0230045518161
-0.0222964618721
-0.0222332398645
-0.0234145364908
-0.0223373589735
-0.0211630760695
-0.0206101067838
-0.0197596142401
-0.0196303507315
-0.0204919586462
-0.0163035435642
-0.0192972542977
-0.0194933449315
-0.0165085817055
-0.0170714846095
-0.017853045218
-0.018344933038
-0.0177114642297
-0.0153210803688
-0.016582450841
-0.0186575476452
-0.0176016808526
-0.0149054403598
-0.0172032897068
-0.0119386825666
-0.0127640012554
-0.0114162996343
-0.0120742569902
-0.00989805097472
-0.00842550428295
-0.0129736857017
-0.0109566680075
-0.00870755558941
-0.0105359627036
-0.0109981995008
-0.0118527089482
-0.012097850342
-0.0110664291222
-0.0107724958432
-0.00983538117006
-0.0102641451867
-0.00989912443014
-0.00768927805547
-0.00828388967131
-0.00931389541816
-0.00852871217408
-0.00892585151613
-0.0108422119069
-0.0104280589021
-0.00692011786259
-0.00966542130509
-0.00711164095216
-0.0091425786755
-0.00698426332759
-0.00364363043309
-0.00272925812807
-0.00483420841165
-0.00422971786904
-0.00627599135889
-0.00368360818
-0.00573412872114
-0.00513001202215
-0.00375154694317
0.0
-0.00521036293155
-0.0079133257345
-0.00862737672415
-0.00152182017035
-0.00239411990982
-0.00248186082364
-0.0030505427845
-0.00595437137902
-0.00256988418341
-0.00467245653107
-0.00321026277461
-0.00356074231068
-0.00199475347286
-4.90578528334e-06
-0.00113919913339
0.000309390445761
1.51438764922e-05
-0.00243907053066
0.00213892365135
-0.00304834556528
0.0002246220956
-0.00128566760032
-0.000384033962068
-0.00016221255339
0.00153808873348
0.00107952030118
-0.00131924601917
0.00523087885445
0.00281453380381
0.00229991186628
-3.64841488477e-05
0.00354578481503
0.0017342230909
0.000145159013228
-1.39523479437e-08
5.67620992318e-05
0.00253959329926
0.00249493664669
0.00240156014556
0.00499660876113
0.00372884082777
0.00566509616925
0.00310983206384
0.00413101516892
0.00358398704927
0.00514026338282
0.00539346058835
0.0030299719187
0.00632556540038
0.00727858555114
0.00618897299374
0.00576216451195
0.00477483564975
0.00781661557816
0.00822713400308
0.0
0.00736972758787
0.00927256311009
0.00818905302487
0.00606220421179
0.00747014334177
0.00487452216301
0.00860924076459
0.00709758390226
0.00851427057635
0.0
0.0105968197364
0.0111956759477
0.00961105987746
0.0117753992193
0.0109303844945
0.00972121555429
0.0130555383484
0.0131403291131
0.0139256734913
0.0130807152006
0.0151689453787
0.0142701459876
0.0144522759449
0.0170781249357
0.0146825048959
0.0163416959124
0.01504624935
0.0169129680958
0.0193762605442
0.0185939286478
0.0180551904292
0.0167574391319
0.0171916146771
0.0185733770184
0.0192167448428
0.019522944314
0.0181928577988
0.018294492245
0.0180250232165
0.0160147272041
0.0198462329659
0.0218007282069
0.0207056995488
0.0236688107252
0.0195333865356
0.0213013809691
0.0216804469173
0.0224308691384
0.020855625739
0.0184669121278
0.0189269425804
0.0196894624034
0.024048113446
0.0221180682733
0.0220736393146
0.0219366300947
0.0216310109029
0.0214885986137
