0.0655403292831
0.0814773421421
0.0807738714693
0.070823260803
0.0757543226609
0.0670363143311
0.0674412845731
0.067142928477
0.0682626902335
0.064120180473
0.06393351901
0.0650756808865
0.0637516593789
0.0639482533199
0.0623962963247
0.066703066684
0.0653591309653
0.0595193140851
0.0584721588143
0.0596215339603
0.0547263593241
0.0623894861589
0.0601671888911
0.0582836660719
0.056251401276
0.0580443855769
0.0521262910567
0.0538799878874
0.0461210758125
0.0483848730234
0.0443210566359
0.0389838563038
0.0455529271735
0.0421520366906
0.043498932219
0.0367376598034
0.0436040197907
0.031363675365
0.0326376013265
0.0290059309693
0.0319017259794
0.0325899612663
0.0266348988271
0.032008525638
0.0272401414695
0.0276446549428
0.0267026918131
0.0252389114724
0.0252679222027
0.0184922600011
0.0242424627775
0.023498468862
0.0209146583897
0.0188942832559
0.0193105749834
0.0151314065904
0.0131067360185
-0.0126596716188
-0.00285313588884
-0.00031872997416
-0.00881525705343
-0.0016261965721
-0.00207573638638
0.000180561906679
-0.00136575745484
-0.00551342125068
-0.00967666183874
-0.00282141726463
-0.00984414822338
-0.00559990494651
-0.0111501965027
-0.010519617956
-0.0103475615865
-0.00559119267112
-0.00822536151554
-0.00976956077274
-0.0120202372991
-0.00600422761382
-0.00950859809232
-0.0124430596624
-0.0116997699883
-0.00957412351533
-0.0127131953799
-0.0122796310405
-0.0093701975543
-0.00889566423893
-0.0107485669146
-0.00706362002394
-0.0153034498828
-0.0139167994173
-0.0140869905019
-0.00775860246408
-0.0147584640477
-0.012616741461
-0.0104750188743
-0.00111088158513
-0.00593576602232
-0.0107606504595
-0.00953839579458
-0.00827915856252
-0.00870348751409
-0.0082786440571
-0.0159244581387
-0.0123629157237
-0.00234370860213
-0.00670217222496
-0.0110606358478
-0.00297128125857
-0.00528076777328
-0.00735086955485
-0.00547543124298
-0.00284403422447
-9.63559517634e-05
0.00450671991855
-0.0025457418315
-0.00466538009047
-0.000127378818362
-0.00440636507306
0.0106109757277
-0.00144695455757
0.00622858400718
0.00686668336696
0.0106589337763
0.00703508904721
0.0137468393841
0.0140641817917
0.0143815241992
0.0164691293475
0.024093763287
0.0176482883319
0.0276921903396
0.0249525933933
0.0241495861639
0.0268960960657
0.0291112498778
0.0320764157261
0.0416167071867
0.0380759306433
0.0429679637278
0.0439254250505
0.0426699230407
0.0438890008656
0.0478184720857
0.0501876296354
0.0553234108374
0.0522736638324
0.056627610485
0.0632165809959
0.0625674518457
0.0629035950611
0.0539887740786
0.0642977844489
0.0616197898599
0.063436618663
0.060458116859
0.0753336385607
0.0630253216392
0.0658417966158
0.0673119897008
0.0692911814746
0.0670470181497
0.0675904362498
0.0595719688297
0.0637157669028
0.0645446308937
0.0687133151454
0.0747969235316
0.070479764947
0.0650102383568
0.0667417072813
0.0731423870844
0.0686178606715
0.0663278534829
0.0690283241832
0.0673930079666
0.070973394917
0.0640947267613
0.0684915495643
0.0733305498253
0.0656242204663
0.0702148894055
0.0631770742741
0.0627486452805
0.0635684046462
0.0619301683949
0.061839178912
0.0630120258711
0.059355288356
0.0589921441206
0.0575728457311
0.0561535473415
0.054734248952
0.0533149505625
0.051895652173
0.0504763537834
0.0490570553939
0.0476377570044
0.0462184586148
0.0447991602253
0.0433798618358
0.0419605634463
0.0405412650567
0.0391219666672
0.0377026682777
0.0362833698881
0.0348640714986
0.0334447731091
0.0320254747196
0.03060617633
0.0291868779405
0.0242218897299
0.0283543239934
0.0247042917291
0.0162620656512
0.0180320356517
0.0179339943644
0.0178359530771
0.0177379117898
0.0176398705025
0.0120047771114
0.0118552317925
0.0091643818813
0.00546290630221
0.00330635213
0.00782301762353
-0.00392515091387
0.00703525664082
-0.00264695628502
0.00111152265213
0.00110600664335
-0.000299841622691
-0.000105521046859
-0.00217288901777
0.000639619761927
-0.000982678525796
-0.000268319962028
-0.00382475217025
-0.00235460133618
0.00406634431547
-0.00326322850043
0.0022581961197
5.05886919613e-05
0.000507769708029
0.00242368630767
-0.00508191958239
-0.00722794532593
-0.00875878478817
-0.00412313719947
-0.00401887378954
-0.0111268970005
-0.0102844901203
-0.0104459176963
-0.00572263563687
-0.0118261996637
-0.00654604382537
-0.00634229697764
-0.0155651914063
-0.0091568241678
-0.0132406317067
-0.0178360137516
-0.0170875690288
-0.0288787616586
-0.0242891715934
-0.0276157169309
-0.0272452211565
-0.031408977678
-0.0376027827378
-0.0359996811683
-0.0369505227609
-0.0424273829187
-0.0476392197139
-0.0456939944837
-0.0456279024702
-0.0483583071123
-0.0501213293999
-0.046326716451
-0.0503017895563
-0.0472396527349
-0.0432157489566
-0.0418809913599
-0.0361127027473
-0.0272354508512
-0.0342958053255
-0.0262757872566
-0.0280209796228
-0.0268504379956
-0.0256798963685
-0.0196432308009
-0.0159963882288
-0.0158326418271
-0.0126918674826
-0.0146197037202
-0.0130426400663
-0.0101805709236
-0.0113886297565
-0.0106375431724
-0.0067463371124
-0.00557594069521
0.00411958383175
0.000292879914611
0.00557069552966
0.00386810784795
0.00922484897472
0.0116400197213
0.0230190653057
0.0232035683815
0.023917676934
0.0277640974112
0.0231525715114
0.0248612658855
0.0294438853078
0.0312923717604
0.0342530825416
0.0271183161428
0.0326102474011
0.0354490974763
0.0382798551765
0.0401329697898
0.0367699459554
0.0485782950419
0.041376428812
0.0424820010547
0.0483418270333
0.0493131450178
0.0533557495874
0.0551619137029
0.0537324108332
0.0579045838104
0.0574134595819
0.0596266464195
0.0587118661844
0.0620194163896
0.0598161508527
0.0672917778187
0.0633784006461
0.0682168042289
0.0628958783802
0.0680220248804
0.0634450271751
0.0652988340976
0.0638292804681
0.0659615101148
0.0675470459232
0.066140930738
0.0645444780741
0.0631135855757
0.0657058100993
0.0688697025119
0.0714896619043
0.0733351633315
0.0730337660895
0.0741864119826
0.0738761462615
0.0672547074016
0.0680323077338
0.0650836975297
0.0717273933429
0.0696045067796
0.0682919819382
0.0689863925114
0.0650095582065
0.0647786629913
0.0642512527205
0.0574002435754
0.0607192221714
0.063204726403
0.0590443264277
0.0564003189313
0.05423995998
0.0473828265499
0.0498874432479
0.0469163351614
0.0493799506134
0.043118719476
0.0398585218132
0.0454298301631
0.04253902309
0.0446067415101
0.0367334187438
0.0337397711746
0.036521645383
0.0349811771565
0.03344070893
0.0319002407035
0.0305150443427
0.0293569867556
0.0291549447018
0.0231623991649
0.0247080405563
0.020858397333
0.0194675282713
0.0180766592097
0.0194094225841
0.0234096920491
0.0164933289258
0.0106996284534
0.00938027501344
0.00945275131414
0.00987376415982
0.0114054402135
0.0157399315874
0.0132135162774
0.00782302136367
0.0180576939169
0.00571326644271
0.00788171754287
0.00450673665591
0.00925838117073
0.00477579965227
0.010258578013
-0.00235103907248
-0.00107430421974
0.00345336980148
-0.00293428878592
-0.00123990743958
-0.00346331926939
-0.00334469207469
-0.00727745805923
-0.000821570450291
-0.00613801354814
-0.00315884381641
-0.00384814451647
-0.00191969963125
-0.00744054872081
-0.00613813948582
-0.0117248860764
-0.00776353598038
-0.00842948440568
-0.0157592048609
-0.00994697738235
-0.0103702505399
-0.0111986749967
-0.0132296288967
-0.00989615974026
-0.0137451938694
-0.0167307799329
-0.0111117570587
-0.0125609787585
-0.0132849994403
-0.0132249708611
-0.0224854254716
-0.0158993764701
-0.0214568103861
-0.0172381421193
-0.0172173879544
-0.0171966337896
-0.0191186351329
-0.0192496463596
-0.0178661377962
-0.0199682777654
-0.0169947415997
-0.0145154418285
-0.0153827263027
-0.0174604661436
-0.0120412110488
-0.0175131764327
-0.0229851418166
-0.0239132471268
-0.024841352437
-0.0179096323714
-0.0239514476464
-0.0288085793412
-0.0183009664635
-0.0235742297855
-0.0255378319775
-0.0267677469344
-0.0161163110735
-0.0198817199243
-0.0216316518875
-0.00952531900366
-0.0022370018549
-0.00147862811988
-0.00453120094232
-0.00234939779707
-0.00697826543119
-0.00682281829148
-0.00644741578301
-0.00612478718704
-0.00580215859107
-0.0010152677976
0.00973520658247
0.00182791678266
0.00510597499413
0.00165304689247
0.00892507670783
0.0161971065232
0.0119983335473
0.0158862675787
0.0179608243395
0.0227873618352
0.0193361206664
0.0228819569925
0.0218536339136
0.030727600413
0.0324951930748
0.0382092768748
0.0256219529196
0.0266584668702
0.0483237747852
0.0354264641751
0.0441231942844
0.0401541037966
0.0428721370395
0.0494896176756
0.0613515397126
0.0551595525891
0.0541499652166
0.0539618459597
0.0592681436988
0.0565666678804
0.0535858962951
0.0586299831987
0.0572264332023
0.0553668877936
0.0578550389587
0.0502582392403
0.0707694680157
0.0734998301665
0.0597841827252
0.0567783796239
0.058215997069
0.0579613054998
0.0614724856963
0.0508203385483
0.051511036244
0.0522017339397
0.0712287611877
0.0615443165112
0.0593495316439
0.0489642446194
0.0655238460369
0.0563435143797
0.0486800767904
0.0565472039785
0.051319528839
0.0493447172091
0.0453883477545
0.0477882360688
0.0501881243831
0.0483189549914
0.0430648195152
0.0395447557192
0.0506230550084
0.0486594881595
0.0462634937736
0.0496798343226
0.0512186692354
0.0347518139842
0.0409752434223
0.0318461180645
0.0356128108818
0.0346926669652
0.0367026129046
0.0214476622982
0.0309598002403
0.028288472491
0.0264658398486
0.0295386792106
0.0274837525078
0.0227827605841
0.0378930934056
0.0278673665497
0.0146593836042
0.00649855101878
0.0181850573977
0.0156627435175
0.0204432258529
0.00496076503364
0.00983849259472
0.00584544299676
0.00199150727329
-0.00186242845019
-0.000551238440214
-0.000227137407639
9.69636249366e-05
0.0057241726013
0.000854280743025
0.000983928527518
0.0149179949099
-0.00606840100229
-0.00198789333166
-0.00436984042246
-0.00263460991507
-0.000899379407677
-0.00990066123701
-0.00882322036886
-0.0198425570639
-0.019101691478
-0.0127619876712
-0.00410064026375
-0.0192773683594
-0.0264935869241
-0.0270175882275
-0.0224748132822
-0.0248583102577
-0.0180220126095
-0.0242121760313
-0.0222855921844
-0.0208436959968
-0.0174485998531
-0.0256082787279
-0.0258811118836
-0.0340364590116
-0.0313416044525
-0.0224250284731
-0.0277889322694
-0.0177576400607
-0.0249545271771
-0.0275356137064
-0.0212309439798
-0.0272842338535
-0.0248805989071
-0.0255765521847
-0.0251876866812
-0.0212441009876
-0.0265075749425
-0.0271662481046
-0.0241369286552
-0.0281231848607
-0.0248847910188
-0.024677926186
-0.0310475594427
-0.0144853771006
-0.0178819801249
-0.0212785831492
-0.0326869750982
-0.02720859061
-0.0274043984855
-0.0278437362519
-0.0268792382417
-0.0396465078202
-0.0344082861453
-0.0361098321953
-0.02835206649
-0.0272623278811
-0.0249387936977
-0.0234608898318
-0.0185552095106
-0.019804256762
-0.0198923166259
-0.0217327842253
-0.0245025873284
-0.0161909926824
-0.0191129227539
-0.0243834975985
0.00305014314853
-0.0078249824457
-0.0147333817093
-0.0116225503599
-0.0114274338915
-0.010747221438
-0.0114377079448
-0.00143666779862
0.00499138712832
-0.00552130292366
0.00277816763308
0.0128381253762
0.0122796664325
0.0137168387168
0.0160196793519
0.0216035098672
0.0237120656336
0.0186085845612
0.0283010865296
0.0308601948663
0.0330172665033
0.0352601878887
0.0357534093803
0.0389100878407
0.0396812357548
0.0404523836688
0.0442695638487
0.044757533428
0.0436617215772
0.0565929740919
0.0602362599621
0.0504916829199
0.055126353384
0.050687973049
0.052142955375
0.0618262544896
0.0573170596037
0.0550089695944
0.0611525416958
0.0519298939451
0.0657148728228
0.058576381746
0.062595189592
0.0613812092094
0.0601672288267
0.0583723345645
0.05827880728
0.0572559788723
0.0612959236097
0.0596399733931
0.062046484025
0.0633020139298
0.0578861364456
0.056352453168
0.0591266262855
0.0622180486523
0.0575833272566
0.0596525850359
0.0593783018698
0.0536313223909
0.0577104025755
0.0619771179587
0.0571126418349
0.0558568352581
0.0610733079381
0.0601434668701
0.0528452799228
0.0505157763443
0.0556169165119
0.0511406197777
0.0510566786037
0.0447407809869
0.0519815135781
0.0480079260085
0.050299703104
0.048151224972
0.0496924167934
0.0387435772905
0.0439082182358
0.0398650703596
0.040955975438
0.0420468805163
0.0379836052809
0.0396364430675
0.0336059178752
0.0304000368991
0.0373487852833
0.032584136346
0.0293504346773
0.0244223372883
0.0194942398994
0.012963651987
0.0181168457907
0.015502882685
0.0104683297797
0.0106750606644
0.00789826946144
0.0146587537105
0.0165501293731
0.00746381939859
0.0130678160931
0.00565615437016
0.00342667385761
0.00958871901622
0.00598712137134
0.00238552372646
0.00161958178377
0.0082326167882
-0.00604176732246
-0.0042021165376
-0.00236246575274
-0.00194528895744
-0.00297049511364
0.00465877288675
0.00361635669041
0.00971144465483
-0.000146926448494
-0.000884015681275
0.00300272650564
0.000463713586604
0.000750349131633
0.00103698467666
0.00132362022169
-0.0014209113925
0.00979482581016
-0.00530913939322
-0.0068360499785
-0.00522000023855
0.00137516919881
0.00797033863617
-0.011489855235
-0.00680048191962
-0.0102537545691
-0.00773892121727
-0.00737705812851
-0.0108221317778
-0.00945551815389
-0.0108532958259
-0.00715847023912
-0.012897028363
-0.0133392379798
-0.0172730343113
-0.0194018694628
-0.0192375402807
-0.0185206349797
-0.0178037296786
-0.0190717358083
-0.0251516736343
-0.0199540166046
-0.0222319345916
-0.0266333420527
-0.0202653551455
-0.0298631741642
-0.0322089125745
-0.026001018118
-0.0323377343735
-0.0335269094172
-0.0272459016956
-0.0217329257315
-0.0239385378621
-0.027930756883
-0.0252412217023
-0.021174033845
-0.0211199269238
-0.0178204663855
-0.0175330249784
-0.0180914683327
-0.0188222625267
-0.0170565375565
-0.0146123636208
-0.00173753106591
-0.0125972235249
-0.00928470895449
-0.00625969903889
-0.00913282091775
-0.00519333393841
-0.00734354627762
-0.00142316674207
0.00163837324372
0.00595246132721
0.0102665494107
0.0145806374942
0.0188947255777
0.0331339351766
0.0292516736307
0.0271099768192
0.0266551632952
0.0168371286052
0.0165383123318
0.0177678287734
0.018016100687
0.0224463804223
0.0289169421823
0.0356029084215
0.0322152035258
0.0315000655124
0.0403239692913
0.040208760832
0.0396310341442
0.0404977860663
0.0433200498086
0.0362843644464
0.042597621252
0.0466435653568
0.0509080481372
0.0535004768281
0.0495734650034
0.0530661620698
0.0556719047148
0.060172427284
0.0592129666656
0.0613261121268
0.0713734707986
0.069687053889
0.0634715491379
0.0701677013291
0.0706754199379
0.0711831385467
0.0716908571555
0.0712837100166
0.0827092197379
0.0700661609725
0.0706830167286
0.0745830928482
0.0759489877943
0.0765907441208
0.0792224149244
0.0716791296955
0.0691618344415
0.0741318257375
0.0716094967777
0.0747073220421
0.0731034715706
0.0765113167126
0.0745651773692
0.0617188815859
0.0761753033914
0.0697782589452
0.0720779584497
0.0566955656274
0.0604298778243
0.0641641900213
0.0678985022182
0.0716328144152
0.0753671266121
0.0570571845969
0.0572357988816
0.0574144131662
0.0575930274509
0.0662161871797
0.0748393469085
0.0441104235742
0.0419154020028
0.0397203804315
0.0375253588601
0.039619058526
0.0417127581919
0.0408412326559
0.03996970712
0.039098181584
0.0428191456601
0.0465401097361
0.0502610738122
0.0258220132206
0.0248260865388
0.0238301598569
0.0228342331751
0.0218383064932
0.0200249890594
0.0199300645233
0.0198351399873
0.00694385560272
0.022636602427
0.0165169980186
0.0215272962891
0.0177538878393
0.0171033326892
0.0127380853579
0.0107655531569
0.0081737290815
0.0055819050061
0.0118818209072
-0.0050446020425
0.00897598067766
0.00609705356991
0.00866335295548
0.0019732191927
0.000271215659947
0.00929831851745
-0.000954946875613
0.00217772295387
0.00146158020693
-0.00149442163874
0.00204398115721
-0.00271086435821
-0.00775158192461
-0.00721549242853
-0.00722656303847
-0.00778130116924
-0.0113877563909
-0.00872121180855
0.00234003926991
-0.0111153740668
-0.0192477188326
-0.0145393770789
-0.0181471667605
-0.0168689534152
-0.0160811029202
-0.023221581511
-0.0303620601018
-0.0241314207313
-0.0279321089588
-0.0197789960076
-0.0116258830564
-0.0211347024299
-0.0138543652657
-0.0215894844617
-0.0155347087209
-0.0168100866113
-0.0151164840518
-0.0203119846075
-0.0187938040904
-0.0237274567394
-0.0205990921287
-0.0145927110936
-0.0152328325283
-0.0114060594575
-0.0145914793556
-0.0174307861713
-0.0103941709734
-0.016990188034
-0.0202325430136
-0.0161601595185
-0.0123633131237
-0.0110828368544
-0.0127812784787
-0.0192252784857
0.00248071797563
-0.00958874937237
-0.00481825704169
-0.00487889166111
-0.00493952628052
-0.00891040251901
-0.00858669499037
-0.00555232829966
-0.00566914669664
-0.00747600098018
-0.0055340268479
-0.00265326484398
0.000641953703457
0.00278630122056
0.00237766854149
0.00183932870114
-0.00403406368827
-0.00101897142779
0.00795738614148
-0.0020185733227
0.00888861467339
0.00424815302056
0.00729463210239
0.00556462885356
0.0114004157289
0.011255205689
0.014067531317
0.0210639591401
0.0231279018964
0.0177548490921
0.0234651146053
0.0219592251548
0.0358067489219
0.0333481797288
0.0325669297005
0.0336838300796
0.0387553178514
0.0382392623146
0.0407236130496
0.0405879148007
0.043206108034
0.0445070509317
0.0468852611968
0.0493193375611
0.0481835276738
0.0483401528216
0.0496199034574
0.0517887179366
0.055009896406
0.0660957371785
0.0610045602997
0.0586093258503
0.0592551369734
0.0652718894484
0.0642812781855
0.0637620845531
0.0661083774276
0.0682160992949
0.0689969249342
0.0704131637766
0.0679716182484
0.0611138300506
0.0675882999193
0.0704863570034
0.0669772452838
0.0659776931414
0.0613841550198
0.0618010803531
0.0609439292072
0.0723100244972
0.0481497608272
0.0551746127192
0.0621994646112
0.0695731329695
0.0602302833864
0.0656796722111
0.0706989283322
0.0650079037069
0.063629972602
0.0545859264053
0.0574622248825
0.057847247726
0.0549905345872
0.0516264806348
0.0581173277269
0.0543808146909
0.0503494093057
0.0481006455363
0.0450086716936
0.0474938831266
0.0463889223215
0.0486103864246
0.0461947703332
0.0378257733232
0.0385931775621
0.0398680842343
0.0398764210711
0.0426455723146
0.0402838845156
0.040317022692
0.0361045684791
0.0368958222958
0.0375616258049
0.0315773483448
0.0279792354712
0.0292039144344
0.0327420905263
0.0307170414601
0.0231604748603
0.021863389978
0.0317054530771
0.0229876962464
0.0172124267995
0.0185947992637
0.0181506579067
0.019314460385
0.0145109641973
0.0107647061406
0.0139939553791
0.011865553608
0.0096599135242
0.00313781297432
0.00338152959454
0.0067888419092
0.0087067981376
0.00179283933478
-0.000618305494411
0.00237881859257
1.64439455819e-05
-0.00747024597124
-0.00893228107505
-0.00160639064094
-0.00168287035397
-0.00959722085074
-0.00661945699603
-0.0126984002778
-0.00373038779911
-0.00535793262851
-0.0085484818551
-0.00970199395144
-0.00933669319213
-0.0198934521169
-0.014417909688
-0.013062395666
-0.00787644309816
-0.0100654573746
-0.0140375091793
-0.0148690066143
-0.0157498195963
-0.015550962288
-0.0120218561799
-0.0146682297882
-0.0159358174576
-0.00852599969613
-0.0147841593949
-0.0171250035672
-0.0180192097969
-0.0155904370119
-0.0165709875251
-0.0157654855608
-0.0210244654941
-0.0183155390878
-0.014492557408
-0.0202812659882
-0.0253436195487
-0.0164527215169
-0.024981026955
-0.0205017645583
-0.0160225021615
-0.0196286501406
-0.0170679097344
-0.0170077852743
-0.0167186414682
-0.0173162732119
-0.0145393105756
-0.0120070045414
-0.0117951899083
-0.0177508106235
-0.0172979938084
-0.0150641566534
-0.0109485084015
-0.00946795347489
-0.011103550452
-0.0110078841966
-0.0122081819562
-0.00665284159799
-0.00669512820053
0.000519728581751
-0.00737800455518
-0.005731349223
-0.00483772465925
-0.00567119485414
0.00731246438907
0.00687400678765
0.00550224573559
0.00262969212258
0.00810778276229
0.0164119411299
0.0143717021197
0.0221021202816
0.02271129296
0.019889709772
0.029886492254
0.0292668612724
0.0250474082792
0.0297985074799
0.0330488634063
0.0387335684473
0.0349076314205
0.0409049897517
0.0402687279463
0.0432203960478
0.0363191368915
0.0380644468096
0.0417572040676
0.0429333045797
0.0485787189675
0.0498045528119
0.0519548576663
0.0587133158287
0.0584013880054
0.0606269239647
0.0634151953651
0.0554438365913
0.0593462782622
0.0617838485744
0.05860089726
0.0543902417564
0.0561594040476
0.0671801754995
0.0563644986575
0.0628883626285
0.0622182712516
0.0626558325227
0.0600368019899
0.0622994908571
0.0586878486055
0.0620950646811
0.0648880290186
0.0608474219444
0.0648867241377
0.0647588553543
0.0576586918743
0.0635752415973
0.0633773636387
0.0628899606677
0.0594644643605
0.0551592651052
0.0571802742299
0.0551404329434
0.0511974316954
0.0538082950056
0.0557541153109
0.0524553688975
0.0525027653169
0.0545814862463
0.0529666149479
0.0530634918611
0.0514588929925
0.0571681647676
0.0503907006713
0.0421819338248
0.0458504324784
0.0427398785595
0.0396293246407
0.0474479416387
0.0373694365056
0.0387217465029
0.0338758301053
0.0367366599365
0.0340033167779
0.0388683468223
0.0340151633724
0.0318801493928
0.0312148776189
0.0239464814004
0.0294977336296
0.0244171236472
0.0301762604688
0.0261671568436
0.0195628571038
0.0197234271963
0.0222623562133
0.0164398444773
0.0137675811285
0.00853314355727
0.0133714740146
0.00613255055147
0.01384835328
0.00767509715656
0.00783447372691
0.0124802168249
0.00896252783507
0.00537456851287
0.0088040608738
0.00459514329853
0.00167333397259
0.00890285606345
0.00853219388183
0.00737949399938
-0.0030179994982
-0.00242950819224
0.0065903368597
-0.00305731080357
0.00257666208897
0.00430192072147
0.00147506718801
0.00396857666214
0.00497305830545
2.34427288097e-05
-0.0043498981019
-0.0044623983376
-0.00128020640176
8.29663677897e-05
0.00735384160623
-0.00370552923948
0.0023081756038
-0.00413236584473
-0.000920627580279
-0.00869358514183
-0.0100372387093
-0.0112503799948
-0.00768550155331
-0.000664387214727
-0.00562370050696
-0.0117394389701
-0.00845424714177
-0.0138193886817
-0.00499662619979
-0.0142851601323
-0.0134041928616
0.00122773618502
-0.0136935066451
-0.0169498978857
-0.0206117111462
-0.0243415144635
-0.0154308324276
-0.0175000199135
-0.0170216754686
-0.0188254007349
-0.0244373949238
-0.0186728649772
-0.0173412836501
-0.0212810375757
-0.0199606445805
-0.0191454523013
-0.015137175104
-0.0173469926881
-0.0215120306954
-0.0155545163288
-0.0208708502039
-0.0171603085787
-0.0202726907269
-0.0120249690728
-0.0173030307341
-0.0184104001972
-0.00823048657879
-0.00903077263102
-0.013589393793
-0.0093684425661
-0.00514749133919
-0.00651757232956
-0.00367262602564
-0.0053592934751
-0.000506354421195
0.00296093866417
-0.00120627811037
0.00483016542263
0.0114349986174
0.0126787031511
0.0131308308835
0.00746450510966
0.00458403407251
0.0133309534882
0.0156353248094
0.0144272537357
0.018667337173
0.0219938357859
0.0195191526063
0.0212137521705
0.0238010278886
0.0284554226594
0.0267669393287
0.0307522616522
0.034215918637
0.0289496096905
0.0351022168969
0.0349125811056
0.0466057084252
0.0624365606789
0.0454932564617
0.0452513991312
0.0519297668705
0.0477636154338
0.056735241917
0.0563764024836
0.0501114025015
0.0521696512816
0.0579867966111
0.059446200365
0.0544965803455
0.05903010903
0.061251658101
0.0594824687817
0.0612601592206
0.0677183719443
0.0594372785676
0.0648289202716
0.0601466528483
0.0795528556194
0.0674467275771
0.0641086061841
0.0623294803365
0.0652640361785
0.0715400546244
0.067029592187
0.067164248819
0.068535571361
0.0645598534827
0.0709585376648
0.0673027142217
0.0629984096593
0.0653981261105
0.0687524320802
0.0631903626244
0.0605796825633
0.0552034381125
0.0589367089415
0.0462525307577
0.0516362716953
0.0477546982893
0.049720890985
0.0587493384324
0.0500027040373
0.0471923441657
0.0434668135079
0.0475920463446
0.0422095698805
0.0369279420368
0.0398590468004
0.035902573644
0.0327207382476
0.0268058935362
0.029633042148
0.0323544849937
0.023462256479
0.0222999373156
0.0217264354831
0.0180860971751
0.0236803047685
0.0266572773749
0.0201063527664
0.0207500376203
0.0143933811407
0.0181879638737
0.0134465039648
0.00870504405583
0.00816082155698
0.0111389120912
0.0072439577611
0.00733566060321
0.0134731152352
0.0044515278937
0.00605683054242
0.00320146772242
0.00163672425197
0.00534261887465
0.00333116499031
0.00336473755167
-0.00152618074703
-0.00258992464779
-0.00183454955246
0.000702397280508
0.00152263656569
0.000473851084572
-0.00329786471782
-0.00538892522651
0.00216145422408
-0.00436426788116
-0.00655108600327
-0.00962866186674
-0.00803085991358
-0.00665178510623
-0.00522266303992
-0.0104955891594
-0.0122895779823
-0.0129575847783
-0.00805331537671
-0.00407176494462
-0.00617853898671
-0.0042658985481
-0.00948363630718
-0.0226204500695
-0.00686832547098
-0.0123725363713
-0.0119673447826
-0.0150675489218
-0.0108674592105
-0.0145418686317
-0.00938868791364
-0.0023871545852
-0.0137581385082
-0.0145565242471
-0.0030405677785
-0.00742515549194
-0.00862335812975
-0.0112192871259
-0.0120784813055
-0.011563974056
-0.0117047787443
-0.0175129416972
-0.0163826301309
-0.0132920008541
-0.0134227079
-0.0145511885299
-0.0161348754813
-0.0121428189441
-0.0106569774717
-0.0137479984164
-0.0166772875005
-0.0156647166528
-0.0163136190085
-0.0161847089015
-0.0141501002243
-0.012866125057
-0.0169298549436
-0.0162125289523
-0.0201754605881
-0.00756181364795
-0.00604812506788
0.00233692964114
0.00166098500974
-0.00207294298909
-0.00508364233359
-0.0024124714415
-0.000143240391094
-0.00661320864758
-0.00390230594287
-0.00319362176888
-0.00339039870449
0.000528793228169
-0.00198553622735
0.00493999550508
-0.00118810302078
0.00298934379865
-0.00252726851711
0.00419312248577
0.0086930279345
0.00590848881892
0.00719497874936
0.00968771570611
0.0118987182401
0.0141097207742
0.0163207233082
0.0146267805405
0.0228632913195
0.0244952534178
0.0227511547911
0.020586525766
0.0270197763303
0.0243792813533
0.0332143928841
0.0324296911845
0.0305453468714
0.041241158331
0.0377524258863
0.0380012439587
0.0487923062147
0.0498501625355
0.0440729289892
0.0494062032558
0.0486238043472
0.0407151880279
0.0534096008939
0.0518030769729
0.0474894597503
0.0536102611578
0.0572340510854
0.0566437420905
0.0571182053886
0.0573617494245
0.0612104143789
0.0584562670254
0.0575352885259
0.0585561255025
0.060799901468
0.0620049041526
0.0611524215807
0.0639871268899
0.0585755470341
0.0629832109989
0.0606252531444
0.0582462958218
0.0562330105324
0.0549738699468
0.0570136371469
0.0647143376942
0.0505777905044
0.0556019075453
0.0503545571149
0.0526433423233
0.0553978259373
0.0609699624666
0.0563516349595
0.0504293677263
0.0526372276433
0.0490975873687
0.0465451863321
0.0431630642828
0.0468136567473
0.0504642492119
0.0504942506633
0.0393762649982
0.0435100102536
0.033667853128
0.0394760519342
0.0316204362355
0.0347371513967
0.0318103499206
0.0308088529963
0.027335501592
0.0257702944975
0.0295569037996
0.0296105436168
0.0333540884918
0.0196721427049
0.0239134745645
0.0135023777619
0.0174496383812
0.020841584757
0.0191442827837
0.0158837027844
0.0170183216152
0.0181529404461
0.0250956566738
0.0095093387821
0.00719145126736
0.00497461302133
0.009724255345
0.00812574175433
0.00614377127783
-0.00161108835985
-0.0021732388854
0.00491807145135
0.00191941439492
0.00309983940482
0.000946240872672
-0.00176027545954
-0.00446679179176
-0.00183399580763
-0.00541277298205
-0.00805696599594
-0.0107440665277
-0.0171321956689
-0.0107039546468
-0.0111695900818
-0.0122147508062
-0.00585808471303
-0.0158493164999
-0.000645061383171
-0.0164727679116
-0.0163884361493
-0.0127173845766
-0.016960467437
-0.0144106626755
-0.0157626693987
-0.0172520093142
-0.0141826669383
-0.0224498695502
-0.0192352803367
-0.0160415104838
-0.0192527820083
-0.0183801195815
-0.0249924370158
-0.014537798881
-0.0174812775314
-0.0180165963288
-0.019806728933
-0.0219429593398
-0.0194348139572
-0.0174648816837
-0.0140588109407
-0.0194876614882
-0.0176090636261
-0.0204451511522
-0.0202511669802
-0.0176954270643
-0.0213063493035
-0.017453395439
-0.0229636895367
-0.0207099682253
-0.0228226956681
-0.0183079717496
-0.0183437539106
-0.0181531675961
-0.0240502048835
-0.0198754997494
-0.0164234115566
-0.0265142484768
-0.0157292943017
-0.0171195902589
-0.0221386631185
-0.0218750877198
-0.0163518007647
-0.0121216691935
-0.0162841398789
-0.0179045290313
-0.00706659355243
-0.0163771932435
-0.00863065449845
-0.0110661924731
-0.00609780487362
-0.0147553468293
-0.00667425731608
-0.00109073642989
-0.00535296693311
0.00364127745067
0.00355106281094
0.00432874803636
-0.00225826525145
0.00948299862086
0.0158841255579
0.0153325375518
0.00985382393091
0.0097979520986
0.0154664808921
0.0136674266321
0.0145407273699
0.0179967044104
0.0195906576593
0.0172360182603
0.0113746102662
0.0306107042886
0.0316558011331
0.0336028572911
0.0357904813029
0.0340229847958
0.0346365805137
0.0333410729233
0.0362872104988
0.0391977705075
0.037680825439
0.0387902157714
0.0424530344654
0.0461158531593
0.0476666423923
0.0409711369523
0.0427167537682
0.0493820045745
0.0402645626773
0.0493718222023
0.0504762901671
0.0475027374862
0.0466554506978
0.0452161452619
0.0601124087158
0.0468891393961
0.0525554067925
0.0495948784471
0.0494827155844
0.0552788109807
0.0480409927507
0.0494631556443
0.0462720513922
0.0488859073823
0.0525343671987
0.05424566226
0.0551556110839
0.053600289493
0.0535764071614
0.0522416388322
0.0462751408186
0.0488573632183
0.045896566823
0.0452299237404
0.0503126651383
0.0444728924677
0.0420624787549
0.0515473666712
0.0447429746916
0.0321825214136
0.0376714588252
0.0408989777969
0.0376248778018
0.0415730634131
0.0425607298976
0.0343307310616
0.0319715560348
0.0340277902294
0.0396554961
0.0274855771546
0.0287207851907
0.0315646126301
0.0227928512072
0.0273695463173
0.0241987923531
0.0214626511127
0.0237746582204
0.019327255414
0.0232007695072
0.0228629290742
0.0196906302005
0.0188087730394
0.016704421158
0.0152968256304
0.0145172946254
0.00964541313076
0.00910121644914
0.00855701976752
0.0080128230859
0.000708901110464
0.00648370481735
0.00366919875946
0.0061252072555
0.000281015222546
0.00128175807195
0.00359522231715
0.00465956247744
0.00474016659658
0.00367651220788
0.00125323563781
-0.00484284428755
-0.00312325512832
0.00363522322014
-0.00350042242858
-0.00544878687043
0.000465900394769
-0.00578033376587
-0.00654854722868
-0.00106949763417
-0.00322978529621
-0.00918025303171
-0.0105297460539
-0.00920220722787
-0.00922103525242
-0.00944476742777
-0.0133596909292
-0.00147917767544
-0.0126205196316
-0.0108652677982
-0.00911001596471
-0.00735476413127
-0.012053389868
-0.0146004751064
-0.0144458535543
-0.008282603267
-0.0138135911542
-0.0199475417349
-0.0131517319703
-0.0165898470804
-0.017515453941
-0.0158189108132
-0.0188445292917
-0.0246400100967
-0.0223326058134
-0.0230771394318
-0.021450733925
-0.0228621352372
-0.0298628662648
-0.0221256225875
-0.0238077949192
-0.0238546623544
-0.0271335193036
-0.0303319202214
-0.0295338756742
-0.0274234360115
-0.0247415072117
-0.0264102240205
-0.0257014750115
-0.0233613099537
-0.0296133245906
-0.0282189934887
-0.029708793336
-0.0267164766266
-0.0292265007002
-0.0316492795379
-0.0202727246043
-0.0244755562366
-0.0238610590345
-0.0246532853401
-0.0212827599127
-0.0195155848684
-0.0167851396555
-0.0133483768598
-0.0138291099327
-0.00452028452292
-0.0113631314518
-0.0124556885059
-0.00816162136582
-0.008904956134
-0.00615601544817
-0.00678490676528
-0.00436990575734
-0.00226347107356
0.000198119190985
0.00215883194756
-0.00306649232653
-0.00502600729293
0.000269169383282
0.00331585509446
0.0129982752076
0.00896493827398
0.0127553823806
0.018656445597
0.0157482653366
0.0151228425141
0.0237417017098
0.0188824917998
0.0233759587169
0.025721844603
0.0220496927267
0.0344547331597
0.0322406407149
0.0388549243529
0.0340534593121
0.0325289454744
0.0412774730937
0.040194554345
0.0457993200906
0.0362712670024
0.0457272772247
0.0422316793984
0.0386817668926
0.0485915412556
0.045741936844
0.0477191691935
0.0485405087982
0.0530310664857
0.0481387802058
0.0529451301319
0.0521658829286
0.0551012152396
0.057932778387
0.0534072723135
0.0563804112314
0.0573174100719
0.0582544089124
0.0614152280021
0.0588115276047
0.0626137875043
0.0613740740146
0.0622763898393
0.0547695756654
0.0527830457713
0.0578531954808
0.0606933759764
0.0580137390729
0.0472413494749
0.0539643072305
0.0497624726512
0.0492697202463
0.0496131126482
0.0442323442104
0.0464095277917
0.0480992962534
0.0393910603938
0.0352160806261
0.0363346392962
0.0371750596149
0.0352012353855
0.0320221905731
0.0200914179007
0.0285788951253
0.0247874381813
0.0244794685908
0.0237497620966
0.0193552616964
0.0243372025071
0.0185159840857
0.0177071004867
0.0196256100822
0.0226667685002
0.0145127065024
0.011717315537
0.0117699983493
0.0148439742358
0.0107523613217
0.00990471500191
0.0142519691632
0.00976833955658
0.00979583789381
0.00811224113381
0.000428780226524
0.00338681620831
0.000877067709449
0.00394285581489
0.00591991833846
-0.0002885203835
0.00550018225458
0.00280511518525
0.00842684627215
0.00259362496123
-0.00146024283824
0.00618937214855
0.00362688650499
-0.00362687065799
0.00445577042531
0.00506027806386
-0.000438609633064
0.000131620458512
0.00260444728058
-0.00462316982671
-0.00413843872972
-0.00365370763273
-0.00811314546316
-0.00433359459978
-0.00333138505229
-0.00631453246976
-0.00469691902111
-0.00955061794674
-0.00284973444697
-0.00570077918614
-0.0140979990983
-0.00640853712574
-0.0131405328181
-0.0079969822043
-0.00996986047199
-0.0131339106407
-0.015982149923
-0.0168000733676
-0.01067996192
-0.0113115757242
-0.0172190540866
-0.017424568924
-0.0165417749358
-0.0182391898108
-0.00833867746549
-0.020996121091
-0.0133912381331
-0.0142132260921
-0.0140080225071
-0.0135891103832
-0.0131701982594
-0.0200424507689
-0.0159441356734
-0.0123785788587
-0.0198364796345
-0.0166485819598
-0.010310285529
-0.0120137827996
-0.0177257046288
-0.0200651730486
-0.0162920308848
-0.0201322643156
-0.019081800495
-0.016039304155
-0.0123992959944
-0.0183624644157
-0.0144001937896
-0.0155241243922
-0.012995001512
-0.0130515347488
-0.0180644783609
-0.0187184892794
-0.0156804484161
-0.0137626186503
-0.0178125076544
-0.0156454479999
-0.00913327379572
-0.0143140814799
-0.00981191080183
-0.00332255760462
-0.00211452026258
-0.00543804231715
0.00479699418833
0.00164906840712
0.0145997336891
0.0102069582332
0.00948068284219
0.00994476080209
0.00920527217444
0.00869329220616
0.0144923838957
0.0138225931223
0.0157956157003
0.0233728838563
0.0196224098977
0.0180214412501
0.020956474492
0.026033731101
0.0165453333679
0.0242602196921
0.0282543122337
0.0270914794381
0.0283717818422
0.0297134898148
0.0319077819469
0.035340791807
0.037049745247
0.0356260200223
0.0368053041258
0.0423266284798
0.0430228335205
0.0493023328868
0.0482182032876
0.0497273946809
0.0533962273207
0.0517624350792
0.0571551764774
0.0531970462377
0.05549834181
0.0585682287836
0.0605421116683
0.0608977057791
0.0601384378364
0.0635277112863
0.0624390207131
0.060931185016
0.0614137772691
0.0609742545843
0.0635536475403
0.065282347189
0.0615271411701
0.0594303224026
0.0621765566955
0.0673834705041
0.0573964787892
0.0602913814034
0.0612713731916
0.0654690443368
0.0537644788668
0.0551335890943
0.0564833289539
0.0543341432795
0.0616550216107
0.0543545413738
0.0582357108144
0.0543572733029
0.0504788357914
0.0399195918897
0.051895212635
0.0474752779581
0.0449024594776
0.0463889329892
0.0495641680527
0.0475234756186
0.0429919569989
0.0418710063219
0.0368024053208
0.0354803550754
0.0353371373817
0.0372937581831
0.0379178581993
0.0350782974735
0.0407017242885
0.0320652663917
0.0357460668473
0.0249415193319
0.0277698088658
0.0300299912732
0.0306027048589
0.0215480341135
0.0275087401932
0.0237140587368
0.0110027329589
0.0169378576098
0.0161456098121
0.0185661720578
0.0117549076235
0.010050943782
0.00649600468167
0.00927167877253
0.01142467372
0.00359562552239
0.00539109021652
0.00244699310493
0.0122010490033
-0.00197351516581
0.00287027854905
-0.000818164419979
-0.000734013596073
-0.00343874782238
-0.00480866502157
-0.00941805410819
-0.00570576319355
-0.0105714519188
-0.00297371219317
-0.0093598253799
-0.0125822055567
-0.0091235508316
-0.00641475123528
-0.0142634473452
-0.008031591612
-0.00804381892984
-0.00661801552952
-0.0135743313952
-0.00688987772683
-0.0110513006148
-0.00934182399033
-0.0169027799106
-0.0122559394538
-0.0149031391561
-0.00757111457549
-0.00059111499602
-0.0102621813458
-0.00917055582484
-0.0118888668206
-0.0146071778163
-0.0173254888121
-0.00848920130388
-0.012900604797
-0.0160060703318
-0.016670896533
-0.0092581978804
-0.0144155668991
-0.0109720136237
-0.0146377703018
-0.0075890822361
-0.017461889199
-0.0131961122436
-0.0134601971038
-0.0119840488897
-0.0163347582174
-0.0128695101029
-0.00459019576342
-0.0183363837983
-0.0230852398469
-0.0198970198825
-0.0189585534779
-0.0144657818553
-0.00997301023273
-0.00548023861015
-0.0085920863266
-0.0117039340431
-0.0148157817595
-0.0135536720328
-0.012291562306
-0.0110294525793
-0.00976734285254
-0.0085052331258
-0.00724312339906
-0.00598101367232
-0.00471890394558
-0.00345679421884
-0.0021946844921
-0.000932574765365
0.000329534961374
0.00159164468811
0.00285375441485
0.00411586414159
0.00537797386833
0.00664008359507
0.00790219332181
0.00916430304855
0.0104264127753
0.011688522502
0.0129506322288
0.0142127419555
0.0154748516822
0.016736961409
0.0179990711357
0.0192611808625
0.0205232905892
0.0217854003159
0.0230475100427
0.0243096197694
0.0255717294962
0.0268338392229
0.0280959489496
0.0293580586764
0.0306201684031
0.0318822781299
0.0331443878566
0.0344064975833
0.0356686073101
0.0369307170368
0.0381928267636
0.0394549364903
0.0455278752972
0.0435451288467
0.0415587086989
0.0442691275847
0.0566869029505
0.0623804052092
0.0547448418869
0.0471092785646
0.0507222959819
0.0484018739437
0.0551519919555
0.0507233759894
0.0541422413796
0.0478819907225
0.0551225835624
0.0515583987231
0.0553335740312
0.0491941777999
0.0575842254896
0.0538399394884
0.0555053341687
0.0626619962573
0.0599566402371
0.0599007346287
0.053643300571
0.0519172186345
0.0529673171259
0.048017244339
0.0480141461241
0.0558728437472
0.0476062922438
0.0486935443721
0.0481853372126
0.0439442673653
0.0468963024685
0.0447899079159
0.0443334588446
0.0443334679691
0.0430255586999
0.0397999432301
0.0522446949128
0.037596577328
0.0301651491239
0.0412698739806
0.0352219012858
0.0370752853545
0.0323054590938
0.0350206045098
0.0319796023931
0.0291365540391
0.025906817583
0.0263750429402
0.0268432682974
0.0240353362173
0.0300047209517
0.0216462079046
0.0290258509475
0.0188316741249
0.0259242710467
0.0265478355235
0.0192968877064
0.0255984137957
0.0193421293286
0.014763422233
0.0127614724758
0.00922179303606
0.0102592365548
0.00650951225918
0.00656458828748
0.00582463367695
0.00545544268729
0.00875595308349
0.013604325145
0.00418784362461
0.004838354274
0.00190510053008
0.00679703167992
0.00435495681821
0.00552151843023
0.00558793143656
0.00316430096064
-0.00112575600548
-0.00295809394949
-0.00253718672879
-0.0017010900396
0.0034589786866
-0.00660375264077
-0.0039451193082
0.00189467262835
0.00296059780981
-0.00464707309141
-0.00649540502576
-0.000893690343762
-0.00671361941
-0.00513869008545
-0.00615547350525
-0.00485527293585
-0.00372614268738
-0.00110934055506
-0.00783394185009
8.8832988971e-05
-0.00759649250469
-0.014990730375
-0.0111668034166
-0.0101801529504
-0.00820760047573
-0.00696583693473
-0.00833490066397
-0.0153793873791
-0.00917604581739
-0.0202488579455
-0.0218164360423
-0.0156439346117
-0.0155113416291
-0.023804586835
-0.0206783465554
-0.021186646244
-0.021575239541
-0.0209485274723
-0.0216326895908
-0.027958412876
-0.0223993250605
-0.0211655480579
-0.0282273060169
-0.0212026349591
-0.0246801220173
-0.0232615588446
-0.0235043145534
-0.0197429374224
-0.0221219874344
-0.0250810660083
-0.0297369116547
-0.0309618351426
-0.0312375082985
-0.0161033515591
-0.0203074706596
-0.0183763319751
-0.0183624105031
-0.0145317083625
-0.0185350193297
-0.0154410407586
-0.0143333026034
-0.0133718291366
-0.014644310335
-0.0117330787721
-0.00929409108847
-0.0116526863588
-0.00823438755466
-0.00481608875051
-0.00236588002742
0.000193602405219
-0.00152525310628
-0.000509592323811
-0.000335468211175
0.00089912871334
0.000148231750538
0.00397747809438
0.00579188645332
0.0106472113702
0.00903785333608
0.0178923679099
0.0118303207514
0.0131478112519
0.014622431072
0.0234506134016
0.019955620036
0.0254898023056
0.0222620954942
0.0239068607425
0.024388046402
0.0234281343185
0.025268839087
0.0300205434142
0.0314063551254
0.0436907061054
0.0360006016437
0.0327429000629
0.0408663782306
0.0386567405583
0.0404747739838
0.035567974239
0.0469837491579
0.0442780754592
0.0438369587062
0.051013650257
0.0507614689045
0.049950811668
0.052569541475
0.0505311971612
0.0512274141316
0.0462783970218
0.0588469779713
0.0508345207219
0.056642307662
0.0538900939212
0.044632881859
0.0611048540152
0.0605025911837
0.0511245077588
0.0547944017377
0.0559259980386
0.0573855015841
0.0520993199809
0.052406370816
0.0507886662298
0.0504629051577
0.047769188479
0.0462860576644
0.0441317544942
0.0464291598777
0.0433133490157
0.0380502482232
0.0340459107793
0.0295510057508
0.0317394941985
0.0308996853218
0.0363725585992
0.0279437726404
0.0277132551331
0.0181010176985
0.0316320209458
0.0286001055761
0.0228789979442
0.0265962364766
0.0178785967981
0.0186801391632
0.0136622681124
0.0126177325395
0.0132600435114
0.0198607935325
0.0113743868622
0.0119490420607
0.0163747554477
0.00900905532362
0.0112881771238
0.00439302890913
0.0106220847615
0.00239890830392
0.00452060271366
0.00553389022197
0.00635611853337
0.00120948618679
0.00524036193584
0.00197877644065
-0.00128280905454
0.00808326285843
0.00755980986967
0.00370083537623
0.00848093508053
0.0163568681662
0.00450800958354
0.00718476088796
0.00544023695259
0.00796978955198
0.00290241714442
0.00405329309179
0.00694655047867
-0.000264610403424
0.00241030127422
0.00141839317671
0.00275075251907
-0.0090890164792
-0.00722777096027
-0.00701106641042
-0.0052966103757
-0.000724319852121
-0.000242141634584
-0.00968759601267
-0.0103345903783
-0.00652494402135
0.00132032357424
0.0109845184642
0.012363354853
0.0131109591967
0.0140676888322
0.0141846111606
0.0120749447368
0.0132315436088
0.00433820009637
0.00714758236611
0.00827470639
-0.00966409327798
-0.0114101213414
-0.0157619808622
-0.0118759915098
-0.00799000215732
0.00626047890951
-0.00472598890125
-0.000640412617995
0.00642547016082
-0.00565743574307
-0.00583651356096
-0.0070727495093
-0.00712169279573
-0.00908648737702
-0.00901910281722
-0.0155034704915
-0.0151204537167
-0.00892677195751
-0.012383468459
-0.0168033091552
-0.0174604829569
-0.0155735844915
-0.0145712098968
-0.0136650571113
-0.0179148065796
-0.0159387119589
-0.0206611466409
-0.0137897851123
-0.017428153982
-0.019037283312
-0.0183399131507
-0.0195097342938
-0.0158515893106
-0.0171930150204
-0.0175546734249
-0.0161200584566
-0.0146854434884
-0.0132508285201
-0.0118162135518
-0.0103815985836
-0.0089469836153
-0.0152795511037
-0.0145573474596
-0.0117975802982
-0.0137270531458
-0.0137623229586
-0.00372631977469
-0.00214763486197
-0.00021307359113
-0.00502024318391
-0.00105173641306
-0.00467809049768
-0.00024837930657
0.0033079306669
0.00653937237038
0.0116862740668
0.00589082521087
0.0115021887248
0.0115807845633
0.0116593804018
0.024720853139
0.0240290356471
0.0282193758828
0.0357399054818
0.0288068786342
0.0341790449017
0.041754663071
0.0381913753151
0.0491283399092
0.0436944754582
0.0496264368334
0.050519423289
0.0492426859706
0.0561049938823
0.0508323227182
0.0547808354132
0.0491140158676
0.0549764386052
0.0511707515882
0.0604227245379
0.0549075994459
0.055582759211
0.0652252612966
0.0672495786467
0.0707278332889
0.0602279331694
0.0638832773723
0.0622797178337
0.0586564590239
0.0679375883332
0.0595676648234
0.0619280820646
0.0621147860637
0.0601254713304
0.056742353573
0.066968338746
0.0539326960543
0.0594416958515
0.0524071433903
0.0556312188897
0.0498264299572
0.0550345481742
0.0443616796097
0.0483967973675
0.0451634656409
0.0458776216613
0.0429951429444
0.0485181031138
0.0508835877452
0.0370642312099
0.0410766292357
0.0414527654286
0.0405466696327
0.0423675656237
0.0324158791006
0.0314126219709
0.0372364958694
0.0227274294829
0.0317047732803
0.0340681368543
0.0298191514787
0.0253711478124
0.0239552257197
0.0166273567972
0.0164319300113
0.0153666716232
0.0210638290167
0.0175073530209
0.0177622418529
0.0130471202282
0.00572360869501
0.0178716728864
0.0128795259414
0.0130937444142
0.00446281725856
0.00666343008694
0.0073850093052
0.00214521962672
0.000234469432794
0.0021431327062
0.00198360145466
0.00182407020312
-0.0116145074817
3.61329932843e-05
-0.00202284256044
-0.00596023168628
-0.00151656156841
-0.00413150406802
-0.00209439503214
-0.00964581350805
-0.00408902885326
-0.00907399911321
-0.00335331961312
-0.00549852578743
-0.00564459051157
-0.00579065523571
-0.00358595930793
0.00213684742769
-0.00771864610967
-0.0072487161883
-0.00931647365483
-0.00978072855507
0.00454904583874
-0.00437165446341
-0.0123333956993
-0.00593489976283
-0.0124094080181
-0.00821220972674
-0.00436770399821
-0.00845880713808
-0.00815833959255
-0.0110864302709
-0.00613608455997
-0.00798719554573
-0.00804590520327
-0.00665472396419
-0.00709671316924
-0.00607874613769
-0.00653072410977
-0.00495268369504
-0.00391616959654
-0.00335525312242
-0.0110497727146
-0.014658423668
-0.00839254493652
-0.0131491862231
-0.00620901441422
-0.0164804833987
-0.00887942586126
-1.64439455818e-05
-0.0148895815604
-0.00890890811394
-0.0186066407356
-0.0126878868752
-0.00550139401533
-0.0163237875678
-0.0142381110001
-0.0166813937452
-0.0135254501883
-0.0232662923914
-0.0146708976328
-0.0200140504202
-0.0222067787031
-0.0200860934953
-0.0152241107104
-0.0201494834546
-0.00887950754216
-0.0121982976996
-0.0159569072603
-0.0120685920288
-0.0152570520304
-0.0139832285529
-0.0112651848946
-0.0120963746044
-0.00927154773388
-0.00374188944818
-0.00484096359552
-0.00460035573738
-0.00110502089168
-0.00700062330173
-0.00104748361535
0.000376132636721
0.00283423376043
0.00433117741147
0.00360278012469
0.0015590548898
0.00560467766374
0.00539201153602
0.00747691490524
0.0136401583488
0.0125410172873
0.0173383422412
0.018059521754
0.0154173751354
0.0175152381895
0.0220415326978
0.0194517120351
0.0233011504867
0.0156434304459
0.0256260974807
0.0281291039528
0.0289186560969
0.0384135569932
0.0309490533944
0.0295890070283
0.0322538451263
0.0364371865061
0.0347672450494
0.0365600350199
0.0397517849913
0.038593077001
0.0374343690107
0.043252176689
0.0396247941525
0.0469608059917
0.0412378400142
0.0438368959635
0.0558163157972
0.0454055880205
0.0463528121724
0.0475260700296
0.0484471149731
0.0442527107518
0.0465655096543
0.0517488357738
0.043722482404
0.0542353951313
0.0593047080534
0.0462703620565
0.0526907163978
0.054956621039
0.0510227807655
0.0462085296699
0.0448356221355
0.0475321717381
0.0453526831847
0.0448062076895
0.0469368600857
0.0475150355742
0.0476515626358
0.0435694570866
0.0437578609466
0.0395673284167
0.0401609791658
0.0366548141005
0.036900681462
0.0276401288669
0.0354601028715
0.0310239220015
0.0287672993061
0.032777375648
0.0331172239461
0.026234070291
0.0223673631477
0.0203260505657
0.0279553618647
0.0194256396479
0.0197277238092
0.0161082438299
0.0144627933649
0.0195906493674
0.0164216720339
0.00957199192609
0.0135691633961
0.0069357966624
0.0061212266713
0.00194567906394
0.0037167214258
-0.000340632282321
0.00104791322836
-0.0030557783419
0.00168741765773
-0.0044522417626
-0.00973567491048
-0.000317108081595
-0.00633546906891
-0.00221128630137
-0.00916831266323
-0.0141781157352
-0.00951639579466
-0.010800073781
-0.0107977249611
-0.0149455579085
-0.0150953643303
-0.0139405149406
-0.0127856655509
-0.0116308161613
-0.0104759667716
-0.0151984151334
-0.0165723848235
-0.0125562138765
-0.0165546492158
-0.0128581297321
-0.00937079754485
-0.0203544009542
-0.0203380248725
-0.0212866392073
-0.020372935986
-0.0117698197598
-0.015974066321
-0.0201783128821
-0.0184469984074
-0.0237144530555
-0.0281773422936
-0.0211654910809
-0.0281610593996
-0.0272019597171
-0.0262428600345
-0.0212297893675
-0.0180032258862
-0.0200919559595
-0.028627310598
-0.0349942845664
-0.0247610946353
-0.0265548267425
-0.0292856668615
-0.0314284150652
-0.0293094333875
-0.0310833203079
-0.0360806852136
-0.0320237190983
-0.036913984847
-0.0345850824964
-0.0295001467277
-0.0340266164992
-0.0298665427702
-0.0278107060128
-0.0292210553592
-0.0331619076103
-0.0334938159921
-0.0371499814764
-0.0342252304704
-0.0312000643111
-0.0277953030865
-0.0340501219176
-0.026184869345
-0.0268416472734
-0.0267542817211
-0.0259422724458
-0.0277071691122
-0.0249320840202
-0.0195236297896
-0.0272340936478
-0.0252009074551
-0.0214221842899
-0.0250360278709
-0.0242318925567
-0.0205246886321
-0.0135857127863
-0.0182218838599
-0.0158046926877
-0.0177628278655
-0.0150363678301
-0.0136852589792
-0.0190350918659
-0.0163380302185
-0.0073997962194
-0.0103992785531
-0.0109065808307
-0.0105738755795
-0.00421364376284
-0.00377035851247
-0.00467177645856
0.00147288125996
-0.00528156302695
0.00147087744065
-0.00557201477666
0.00390482377656
0.00568937051464
0.00290831277822
0.0151526484123
0.00602851211588
0.00634663925952
0.0113725264956
0.00901258631014
0.0108614147603
0.0131069523353
0.0153878623067
0.0122262859605
0.0218535183065
0.0217526384194
0.0187608929028
0.0187462005382
0.0200879904737
0.02624108224
0.0216792036008
0.0259828954188
0.0299286935828
0.0311555906042
0.0258377022966
0.0281118311519
0.0318003955739
0.0322120438119
0.0326657170586
0.0346316951601
0.0323504473764
0.0397309260145
0.0302498372342
0.0369613374714
0.0344412211456
0.0312505145386
0.0304832571477
0.0302678760747
0.0300524950017
0.0293033223061
0.032023268113
0.0313037907518
0.0274023144654
0.0304522404848
0.0240879812285
0.0177237219722
0.0174065402205
0.0212617957524
0.0228558071129
0.0203182945522
0.0141208552946
0.0236673052948
0.0102634306481
0.00722909844327
0.00580617307972
0.00583588311663
0.00683709497748
0.00513381769835
0.0046318662144
-0.00460037545342
0.00104118807739
-0.0093185361069
-0.00070096630067
-0.00407408317594
-0.00744720005121
-0.0101576177257
-0.0130217578527
-0.00462827341709
-0.0118840220505
-0.0104147614853
-0.00993886553752
-0.0132904128453
-0.0162981775843
-0.023110135628
-0.0184121546568
-0.019043308705
-0.0197114669578
-0.0190747620228
-0.0200889827272
-0.0161243726556
-0.0274889143208
-0.0189105151974
-0.0154649766391
-0.0188881029533
-0.0217099836146
-0.0269579993286
-0.0235761802944
-0.0255270668086
-0.0214257171993
-0.0278651142395
-0.0239879530495
-0.025753489933
-0.0237396920614
-0.0267197638461
-0.0251343948364
-0.0300882511115
-0.02916275352
-0.0334492943165
-0.0332801791826
-0.0300208356109
-0.022955679153
-0.0357040373518
-0.0380635492068
-0.0355163811642
-0.0322916446912
-0.0341423549993
-0.0247017080112
-0.0344541787164
-0.0412034678826
-0.0373142044777
-0.0390843027899
-0.0427519278522
-0.0404388796091
-0.0424003798913
-0.0401273660143
-0.0398395993013
-0.0394242529493
-0.0477905924853
-0.0472438636518
-0.0401939214207
-0.0429213242826
-0.0495964041525
-0.0431447928738
-0.0397882555444
-0.0429383024833
-0.0472288620863
-0.044859103088
-0.0531561185033
-0.0452432433629
-0.0487842607931
-0.0438761625508
-0.0461935817767
-0.0463661856822
-0.046581776033
-0.0467973663837
-0.0505961693207
-0.0559992205547
-0.0502230707319
-0.0475083000936
-0.0545974475716
-0.0448782301783
-0.0546669020667
-0.051510588216
-0.0506018472981
-0.0486580488716
-0.0602794317638
-0.0496660125195
-0.0532769676515
-0.052316693494
-0.0558701346589
-0.0563645540753
-0.0571520436467
-0.058928637444
-0.054034192425
-0.0510624564831
-0.0509077794288
-0.05260512121
-0.0564354649613
-0.046396172355
-0.0545021699655
-0.0573848286262
-0.0545175034764
-0.0528310089212
-0.0536137232681
-0.0468689051152
-0.0470571970769
-0.047509952011
-0.0444069303468
-0.0388305768848
-0.0412436365878
-0.0380807136117
-0.0353931770024
-0.0366334504434
-0.0333888192975
-0.031873170694
-0.0357337535751
-0.0276408194826
-0.0240002636765
-0.0223636836209
-0.0281763222056
-0.0208116379732
-0.0175295333162
-0.0203227674907
-0.0180700064579
-0.0079987531957
-0.0083646796007
-0.002116112107
-0.00137063231328
-0.0070206377139
-0.00392447522706
0.00346084535289
-0.00169024408058
0.000212179937125
0.00244442354435
0.00702800224246
0.00848741648911
0.00639965543821
0.00374606222667
0.00668396604405
0.00872198378402
0.0149922696329
0.0121812561521
0.00801483375475
0.0159576368594
0.0117801317261
0.0102819142033
0.00911781313689
0.0115693190296
0.0127785424045
0.0162106794366
0.0129651227204
0.0145537318718
0.0122726344462
0.0144368371816
0.0112658352943
0.0110175658732
0.0030721787195
0.00357766309428
0.00662937178909
0.00588777557656
0.00533632191336
0.00354328025992
0.00740259678951
0.00540129739063
0.00118990402539
-0.00303936092014
-0.000423052558618
-0.00640458300793
-0.000413607929074
-0.00182406929429
-0.0032345306595
-0.0116857866737
-0.0102623432879
-0.0106472639837
-0.00775915162526
-0.0133815192687
-0.0163099828497
-0.0167094038103
-0.0207587333043
-0.0204595594084
-0.0230782169212
-0.0216106267115
-0.0199645845346
-0.0233946561249
-0.0234532910866
-0.025843126694
-0.0334170723457
-0.0273034266508
-0.0358409065292
-0.0341699268999
-0.0326495678287
-0.0372056641182
-0.0328893800129
-0.0410405507008
-0.0429558515243
-0.030248879602
-0.0422316427884
-0.0400248761006
-0.0492544061469
-0.0425302404346
-0.0473979867292
-0.0490545793234
-0.0468330993552
-0.0477733547023
-0.0533100503733
-0.0571706156082
-0.0506087237294
-0.0525283201548
-0.0495051407045
-0.0530657561094
-0.0580099320578
-0.0478477145643
-0.0547138177119
-0.0586155928828
-0.0543015689755
-0.053115975878
-0.0495333203136
-0.0486344323337
-0.0509222182462
-0.050433666775
-0.0576029678435
-0.0505741551755
-0.0573422600074
-0.0556129086032
-0.0538006980224
-0.0540983924548
-0.0621990280931
-0.0585957863495
-0.0550768847038
-0.0546883010644
-0.0497848165192
-0.0505102751522
-0.0511603078086
-0.0512261147896
-0.047567009147
-0.0526185966414
-0.0506103596854
-0.0468750589152
-0.0502235167271
-0.053513116586
-0.0515804387422
-0.0604606678849
-0.0551278275138
-0.0545682940561
-0.058996174726
-0.0515862805062
-0.0518012320132
-0.0602530954072
-0.0580853133688
-0.0569124030005
-0.0634954762724
-0.0585263237579
-0.0547385697707
-0.0566346419072
-0.0603648778492
-0.061126664024
-0.0601865676369
-0.0597244829603
-0.0645576218557
-0.0588941330873
-0.0628208667293
-0.057114569883
-0.0580885636064
-0.0593517409522
-0.0645473859838
-0.0626384249207
-0.0607294638576
-0.061751083296
-0.0600576965828
-0.0594008575097
-0.0598447692936
-0.058174688923
-0.059223194309
-0.0603506482499
-0.0622664830564
-0.0600574991589
-0.0559892980081
-0.0630328293513
-0.0533220974515
-0.0510682983022
-0.0456632093666
-0.0468652009833
-0.0484666320968
-0.0498613329911
-0.0445205221605
-0.0440521087064
-0.0375372125336
-0.0465114047614
-0.0348138703675
-0.0408906797499
-0.0367780556433
-0.0372674100102
-0.0365276281559
-0.033763398456
-0.0345284322651
-0.0302022750903
-0.0292969618176
-0.0237226318816
-0.0218015063215
-0.0256969543958
-0.0180571176567
-0.0272370427473
-0.0204726952953
-0.0144239139223
-0.0159051849577
-0.0167648501191
-0.013348390886
-0.0186226864569
-0.0110336175135
-0.0153881203534
-0.0109020335438
-0.0121239635707
-0.01257003723
-0.00915396366729
-0.0013339174399
-0.00560990580437
-0.00122315532978
-0.00359733334207
0.0035607064289
-0.000453605949756
-0.00403869350755
0.00186183031436
-0.00196628326778
0.0045691821654
0.000829701760895
-0.00315011112392
-0.00221805656598
0.00331069840999
0.00535755568244
0.00257801842754
0.0043331990333
0.00456758080203
0.00144774691921
0.00363269239813
0.00558977299454
0.000944747811665
0.00471353467455
0.00138758582436
0.000799173982137
-0.0028702753354
-0.00066609417856
-0.00529834035773
0.00167389485806
-0.00475102093586
-0.0055886578881
-0.00415842454578
-0.0120410621789
-0.00901412933558
-0.0106862182841
-0.0162617473469
-0.0211901622955
-0.00611313844192
-0.021955553194
-0.0210608452237
-0.0223231646594
-0.0272561871515
-0.0300741895658
-0.0240854770711
-0.0180967645765
-0.0315834835272
-0.0333150212998
-0.0338819990278
-0.0344489767559
-0.035736988796
-0.0380865027457
-0.0349623818066
-0.0403981770189
-0.0467036295498
-0.0438986247105
-0.0361521074081
-0.0417149580079
-0.0465830751293
-0.0454935994955
-0.0474022564041
-0.0466883006711
-0.0451897837598
-0.047144435854
-0.0485714913775
-0.0513341134319
-0.0528795429219
-0.0532710121149
-0.0507861599417
-0.0502331299175
-0.0554079942759
-0.0556266191454
-0.0544171610962
-0.0556228961076
-0.0538466329229
-0.0532252406152
-0.0575040725506
-0.0550975496573
-0.0438186039224
-0.0587887907057
-0.053115690101
-0.0563722636557
-0.0572690169398
-0.0577312431992
-0.058648672368
-0.0565688469883
-0.0599215708309
-0.0530676609676
-0.0539116325355
-0.0605049483483
-0.0612697067423
-0.0604295788292
-0.0596112485149
-0.0616149620982
-0.0692560165027
-0.0584330014917
-0.0704571153549
-0.0691747227526
-0.0639208100723
-0.0695856717567
-0.0614159737711
-0.0592654969233
-0.0641730467681
-0.0664178373257
-0.0664658132628
-0.0668370973382
-0.0730272807828
-0.0668018817497
-0.0708149675502
-0.0662963251738
-0.0697611773412
-0.0714561018769
-0.0691603435594
-0.06936014254
-0.0725163220312
-0.0733494769429
-0.0685497340157
-0.0750751246454
-0.070652430266
-0.0712096140348
-0.073034748036
-0.067056989814
-0.0742954434234
-0.0685531568168
-0.0661667479243
-0.0640253448597
-0.0672791218365
-0.0643410884017
-0.0646607999547
-0.0638531543761
-0.0548815405777
-0.0587278011946
-0.0640240638979
-0.0532702866948
-0.0532908221212
-0.0588139335163
-0.0588851471454
-0.0601395736714
-0.0528518015139
-0.05401047757
-0.0537909189993
-0.0535713604287
-0.049034859313
-0.0526966301191
-0.0510020260858
-0.0493074220525
-0.0453472226988
-0.0402971391851
-0.041236469716
-0.0466370787978
-0.0436144451791
-0.0418227106033
-0.0417281937156
-0.040404833291
-0.0414379527198
-0.0280123058332
-0.0369793428327
-0.0318991740298
-0.0328100723608
-0.021464255642
-0.0258621666024
-0.0282652993628
-0.0274308445741
-0.0260112362443
-0.0243775606019
-0.0208796513877
-0.0230383998871
-0.0181175200647
-0.00577602957069
0.0068525911972
0.00272624751504
-9.66988160969e-05
-0.000474674019566
-0.00496483803097
-0.00397151950058
-0.00412190710902
-0.00100678570676
-0.00633440971972
-0.00149059215779
0.00819654604879
-0.00395618525745
0.000549481675729
0.000709301776794
0.0044183394209
0.0035862650204
-0.00201371452144
0.00708853072331
-0.000566320525065
0.0036038576827
0.00065258270658
0.0073895033876
0.00493332513188
-0.00437085369127
-0.00131219124606
0.00115210952058
-0.000412478541183
-0.00387541785912
-0.0077416376941
-0.00165678758078
-0.00376690875266
-0.0148244960389
-0.00945071541373
-0.0066231477916
-0.0118202922625
-0.00842636301405
-0.0149587486593
-0.0189135265742
-0.0188075092984
-0.0193553615994
-0.0171521187637
-0.0250322670924
-0.025497669682
-0.0276763735092
-0.0277152652128
-0.0342662673535
-0.0283744076075
-0.0308180295753
-0.0343950819873
-0.0321968361935
-0.0357832393723
-0.0316987437097
-0.0380610146428
-0.0363548038229
-0.0388680309042
-0.0415674982986
-0.0357166198373
-0.0430804977177
-0.0444265852751
-0.0406556745271
-0.0436775165792
-0.0409770641952
-0.0390106334652
-0.0481897300604
-0.0419793454014
-0.0435537247693
-0.0421728183798
-0.043246431013
-0.0481563723844
-0.0442443966267
-0.0471704111324
-0.0466134650329
-0.0460565189334
-0.0465228439173
-0.0487074998757
-0.0482352155268
-0.0476193650448
-0.0508127831201
-0.0532693827356
-0.0482624792431
-0.0517832792751
-0.0517752845723
-0.0560005652975
-0.049102833721
-0.046593412035
-0.0576658965287
-0.0550613264955
-0.057834075743
-0.052759051127
-0.0547899413696
-0.0577211776563
-0.0551653759849
-0.0607136013085
-0.0575660795777
-0.0631316260244
-0.062228219625
-0.0542450124781
-0.0629723437524
-0.0602357419465
-0.0555488755742
-0.0545315575484
-0.0431790916171
-0.0625373363301
-0.0603059530508
-0.061552763468
-0.0630260078138
-0.0642392044374
-0.0660171355907
-0.0636955268238
-0.0522691531693
-0.0588385507081
-0.0575910298067
-0.0594036158964
-0.0615054306645
-0.0684453973311
-0.0596099271661
-0.0630729329949
-0.060893646572
-0.0631060957191
-0.0693854317633
-0.0625402632276
-0.0567760738477
-0.0662350538575
-0.0650158936541
-0.0655867819744
-0.0656056686078
-0.0676822102089
-0.0667169584597
-0.0656639200005
-0.0692742947677
-0.0693838429253
-0.0696608195852
-0.0670983031511
-0.0589005784808
-0.0639369202975
-0.0649543239277
-0.0627149236081
-0.0648730899216
-0.0620493680036
-0.0639248122968
-0.0657897036642
-0.0657767038543
-0.0611521923083
-0.0601554009833
-0.0569614230321
-0.0599446722871
-0.0553009207672
-0.0565552986816
-0.0560637890638
-0.055572279446
-0.0532285448454
-0.0543925809735
-0.0452077494417
-0.0496725147807
-0.0512299852178
-0.051664443452
-0.0453672328522
-0.0410249646156
-0.0362885687494
-0.0393553956579
-0.0307195783466
-0.0274348426592
-0.0285579333719
-0.0281818100399
-0.0227702653803
-0.0264770466923
-0.0250960057257
-0.0205227236118
-0.0159494414979
-0.015847116081
-0.0151467736745
-0.0119319187973
-0.0112154978862
-0.000858651594683
0.00209599260349
-0.00535844139427
0.00485975139072
0.0043472810731
0.00479361451783
-0.00189997256096
0.00825741725021
0.00561369787547
0.00757734289202
0.0134045235197
0.0180868490189
0.0189129365456
0.0133413068104
0.020551908286
0.0134363692079
0.0162633298966
0.0252853720817
0.0130282631947
0.0135746569945
0.0100309140444
0.0181380927593
0.0142829621415
0.0170241178874
0.0107242492607
0.0115832427914
0.0156136530737
0.0101928315537
0.010367673353
0.0105425151524
0.00907476612079
0.0121234899686
-0.000484440811093
0.00444937762843
0.00193955832535
0.000457128016355
-0.00246015523777
-0.0106728268702
-0.00530402459223
-0.00693529415697
-0.00726343768933
-0.0103576284597
-0.0111251120578
-0.0120537187008
-0.0228052836408
-0.0174494043897
-0.0151542365909
-0.019400969153
-0.0206358633958
-0.0271556608282
-0.0218854364534
-0.0266188865005
-0.0218112787807
-0.0291225164073
-0.0271344250859
-0.0300923058089
-0.0297429115389
-0.0286665525636
-0.0357220896027
-0.0349835631065
-0.0387729467245
-0.0338653748299
-0.0394609775978
-0.0409006992838
-0.0417679014721
-0.0386492952833
-0.0424592942058
-0.0420651602221
-0.0495857696593
-0.0498201764087
-0.0504962483969
-0.0525053983879
-0.0524938351183
-0.0521427322404
-0.0558910717695
-0.0557190437484
-0.0621965197214
-0.0549606639816
-0.054913968865
-0.0578978029149
-0.0548760550526
-0.0481677983897
-0.0526747580055
-0.0584324997329
-0.0540983641454
-0.0607372774662
-0.0591317862772
-0.0598946022922
-0.0587687469047
-0.0553559925664
-0.0558320005674
-0.0563080085684
-0.0581912416258
-0.0519523238688
-0.0604896852247
-0.0500322164304
-0.0520417002375
-0.0493873040766
-0.051296356341
-0.0506904422532
-0.0606315039334
-0.0524669857015
-0.0573947294352
-0.0464542313001
-0.0562054122158
-0.051084086125
-0.0565749481434
-0.0572110542706
-0.0581959830852
-0.0497733478823
-0.0526094346271
-0.055543786066
-0.0560918404196
-0.052260650575
-0.0547658115707
-0.0535244122132
-0.0495360696113
-0.0609393591418
-0.0606690121561
-0.0644760908914
-0.0541474212704
-0.0562136428062
-0.0614916857474
-0.0579407945907
-0.0633005863366
-0.0604980897229
-0.0740462245806
-0.0614600966775
-0.0618560693327
-0.0634267120268
-0.0638999929251
-0.0634418527947
-0.0584083456198
-0.0660909263686
-0.067208752765
-0.0655956087747
-0.0619467675227
-0.0618072640666
-0.0714107703766
-0.0665566214139
-0.0622248177564
-0.0612254863387
-0.0666701496314
-0.063007713577
-0.0594227037731
-0.0621818421695
-0.0597103492851
-0.0667129365827
-0.058035672294
-0.0527933337979
-0.0558234710966
-0.0537789746522
-0.0550711875876
-0.0544696184562
-0.0563351553874
-0.0506612890357
-0.0503541016125
-0.0437596020429
-0.0427482209185
-0.0365179357331
-0.0457821729674
-0.0419969283442
-0.0443892179464
-0.0323742976421
-0.0410501124985
-0.0327644594916
-0.0360694027761
-0.0291480537271
-0.0287016892416
-0.0294121810477
-0.019737364926
-0.025309909957
-0.0195533724213
-0.0210810693716
-0.0191554523162
-0.0149311819223
-0.0157800641598
-0.0214726709912
-0.00858145254301
-0.015638784935
-0.0112494665498
-0.0056256496361
-0.00805997884973
-0.00538604458663
-0.0041597352124
-0.00630628463564
-0.00310488731862
-0.0064439191567
0.00479508513679
0.00400978106277
0.00130464750738
0.00269029047073
0.00356382006486
0.00378317933064
0.00208033872818
0.00479053712425
0.00401371020331
0.00407711528706
0.00244400781257
0.00306940537885
0.00278520546464
-0.00157806913585
0.00313234006556
0.00610317729738
0.00110996795406
