0.0
0.0
0.0
0.0
0.0
0.0
0.0
0.0
0.0
0.0
0.0
0.0
0.0
0.0
0.0
0.0
0.0
0.0
0.0
0.0
0.0
0.0
0.0
0.0
0.0
0.0
0.0
0.0
0.0
0.0
0.0
0.0
0.0
0.0
0.0
0.0
0.0
0.0
0.0
0.0
0.0
0.0
0.0
0.0
0.0
0.0
0.0
0.0
0.0
0.0
0.0119880368254
0.0171658244569
0.0175808238975
0.0175107493964
0.0204495684429
0.0129879533113
0.0200436954209
0.0
0.00244739505794
0.00528739021647
0.00721264682372
0.000679066822544
0.010619975207
0.0103634451314
0.00687346981137
0.00631475469368
0.00532278362151
0.00155862340491
0.00447062005939
0.00759368495409
0.00743044371485
0.000612582444188
0.00838108733313
0.00647978680669
0.0057456839436
-0.00140636293178
0.00664266382346
0.00951181730406
0.00226236034612
0.00371127668041
0.00863500927187
0.00975600532512
0.0143855762154
0.0118311678123
0.00493542473933
0.00920266692302
0.00872909428608
0.0084849497411
0.0109282551821
0.00853130852072
0.0105992495635
0.00549713263604
0.00612893279783
0.0
0.011838426528
0.0191630527656
0.021622436896
0.011678326537
0.00373756287377
0.00925049561664
0.00921501730764
0.0012962244888
0.00293237142392
-0.00334887756253
0.00223821949396
0.00229515206757
0.000327016448417
-0.00411184478365
-0.0088343592039
-0.00552478714584
-0.00250734653302
-0.00417597530454
-0.0111790935868
-0.010056986978
-0.00234410630231
-0.00277198015501
-0.00516523866928
-0.0211175396846
-0.00800105384973
-0.00429224070957
-0.00447976282629
-0.00357803284785
-0.00251088436399
0.00073040431998
-0.00817647598327
-0.00498558283748
0.00167150788219
-0.00343446662531
-0.0030040767093
-0.00447970010292
-0.0068582483835
-0.00710057891441
-0.00576525204889
-0.00206884138277
0.00128908936674
0.00454498621002
-0.00209643580354
0.00382652104781
-0.00424006028091
0.0029035050023
-0.00149927814115
-0.00366252048257
0.00958364406999
-0.00625878845526
0.00848770411076
0.00526516171994
0.00494787434596
0.00383666118224
0.0122370523072
0.00944359556196
0.00255182177876
0.00741784912376
0.00578512191029
0.00625277372004
0.0191708381319
0.0181413197031
0.0
0.00627003904476
0.0202777997107
-0.00330764815354
0.0132675518914
0.022436231419
0.0431501320555
0.026551023947
0.0236197792736
0.000611705753464
0.00626813901326
0.00916173088431
0.00528860414693
0.00172252305422
-0.00950544201082
0.0115915030831
0.0114592297002
0.0148210151363
0.0184141884322
0.0169988631591
0.0179264020556
0.0165997345117
0.015262251389
0.0198982400487
0.0113511495558
0.00797435309841
0.0117198639484
0.0111169386376
0.0168152193413
0.0109665030219
0.00921543344299
0.00826869832602
0.00376769139189
0.0
0.0
0.0
0.0
0.0197835644368
0.0
0.0
-0.00670244423203
-0.01551715736
0.0
-0.0233536233627
-0.0158898295915
0.0
0.0
0.0
0.0
0.0
0.0
0.0
0.0
0.00273552551066
0.00419967740425
0.00346484546962
0.00912242454924
0.00490167373486
0.0148992621653
0.0
0.0
0.0
0.00615568629109
0.0100609047281
-0.000880524971143
0.0280135228093
0.0119101577499
0.0294302578159
0.0114567613206
0.00348682830842
-0.00122242915953
0.000542962178599
-0.00343345809103
0.00778837324595
0.00333266972336
0.00690037375379
0.00369907321501
0.00101887443889
-0.0015055461338
-0.00801870888699
-0.00348229373757
0.00618734457044
6.55362403916e-05
-0.0038239942349
-0.00371376803349
-0.00346280184024
-0.00876768994265
0.000226073237066
-0.00210224606419
-0.000725083864112
0.00526027849644
0.00126942731411
-0.000570418179677
0.00369053092475
-0.000121841464827
-0.00506885050223
0.010331603292
0.00885760793257
0.00630467322914
0.00480083425311
0.0021275847388
0.00349284853188
-0.00120945322457
0.00113052796947
0.00449770334272
0.0121341754897
0.00410974506333
0.00439204918814
0.00369974909825
0.00881535475085
0.00769238919336
0.00686293645156
0.00561655977475
0.00446416199047
0.00055611072201
-0.00257150740732
-0.00689094464049
-0.00725813755305
-0.0124139089594
-0.013769102888
-0.0148771333446
-0.0373337335114
0.00425034641016
-0.0135825781791
-0.0165637051757
-0.0177717464674
-0.0092973038448
-0.0372234171613
-0.00900987000169
0.0
-0.0036072420816
0.0103957136773
-0.00396396736588
-0.00679886540554
-0.016181309202
0.00575469491932
-0.000497248678328
-1.00960655613e-06
-0.00855630654412
-0.00340512356935
0.0130614829823
-0.00661075750456
-0.00664693297346
0.00531401103582
0.0
0.0208805814252
0.011976625646
0.00843880923007
-0.00272190805613
-0.00349717215521
0.00229857266028
-0.00554667077842
0.000648856698997
-0.00314688403104
-0.00653834041264
-0.03084608368
-0.00752910487441
-0.00463313285133
-0.000863455512778
-0.00878304427948
-0.00701836109007
-0.0116001928936
-0.00571160456093
0.0073972996887
0.00663020030241
0.00158074795216
0.00426826632119
-0.00028396477349
0.00563140218974
0.000853254238041
0.00628975730354
0.00297107220715
0.00219847448984
-0.00024745659554
0.0041774331068
0.00800687969472
0.00626000736766
-0.0147718208324
0.0117476830759
0.0106688128897
0.0100942007533
0.00754952874498
0.0108126462286
0.00742176238103
0.00547784335937
-0.00204139818777
0.00202392821747
0.00768741373057
0.00860543571211
-0.000447279157384
0.00562151165739
-0.00180312131179
-0.0151465040034
-0.0104365531672
-0.00912523759435
-0.0152413612993
-0.0127334265148
-0.0185937266456
-0.0135319254678
0.00692832670626
-0.0113386554009
-0.0149030909592
-0.0156058718778
-0.0205471404142
-0.0183579062102
-0.0184314403869
-0.0151548009465
-0.012020923995
-0.0201879390903
-0.0144162795894
-0.00550867247564
-0.00621860246865
-0.0211690760338
-0.0121889754615
-0.00867636745687
-0.00638696619601
-0.0153075938432
-0.0169742386864
-0.00537630021545
-0.0125293942935
-0.00487834450743
-0.0089202382967
-0.0027331236325
-0.0148589400405
-0.00795676158037
0.0
0.0
-0.00951395276899
-0.00579062194316
-0.00812136997244
-0.00807180441456
-0.00297668746078
-0.000809831376615
-0.0031122214633
0.001278979018
-0.000732210659182
-0.00182755050641
-0.00890370064868
-0.000817976125065
-0.00431435135057
-0.00894270667481
-0.00570020475891
-0.00837669939704
-0.00980233035183
-0.00729384899948
-0.00339430556417
-0.00545737433546
0.00107146356685
0.000733100523839
0.00249779230631
0.00388180474513
0.00327807260163
0.0100667395707
0.0169617275142
0.00400388721233
0.01203530493
0.019078843761
0.0132167323319
0.0182776142089
0.0197601805959
0.0131486736372
0.0129749206469
0.00442538996211
0.0141977208737
0.00642644517446
0.00321321577139
0.00389120355084
0.00353858763296
0.00478033549929
0.00149133162827
-0.00345439203499
0.000154388098208
-0.00437851647663
-0.00667348343079
-0.00704627270681
-0.0108166819059
-0.00589864632307
-0.0115159544936
-0.0131089073356
-0.00347222638984
-0.0123948593608
-0.0114399068964
-0.00783421908393
-0.0225504651633
-0.0155169252859
-0.0106446818818
-0.0206511268393
-0.0185750209226
-0.0117769126184
-0.0268999520172
-0.0148480890277
-0.0205966373764
-0.00888626575589
0.00247979843949
-0.0102982539755
-0.00425812324304
-0.0121166056375
-0.0105307101848
0.00231914360864
0.000953775174953
-0.00356447736697
-0.00319307766249
-0.000544220157321
-0.020490481012
-0.00831672139469
-0.00184147474031
-0.00901765023007
-0.00504397777967
-0.00356405869255
-0.0041659172911
-0.00647914139701
-0.00865319739423
0.004675014844
-0.00359706650645
-0.00436269102713
-0.025387782653
0.0126257251964
0.0165953546838
0.0206187118724
0.0226277215109
0.018089149124
0.0
0.00198691390332
-0.0188488379239
0.00527330524595
0.00579115433005
0.00416413876068
0.00496212803711
0.00451197346532
-7.84804459035e-05
0.00677507146885
0.00225077721601
0.0010762063982
0.000675808342991
0.00667001306685
0.00584717220033
0.00698331360996
-0.010318598151
0.00454411592696
0.00652407753972
0.00695674657256
0.0176299752261
0.00615252326758
0.0110215064965
0.018845650284
0.00600822570064
0.0095625508266
-0.00531677585797
0.00335854781511
-0.00931610708841
-0.00518795284226
-0.00706245555779
-0.0296164695936
-0.00205969346135
0.000195178911085
-0.00225509517603
-0.00808167446769
-0.0139094476707
-0.00658361869784
0.000492452477405
-0.00435949951644
-0.00626658181139
-0.0151214921108
-0.0115952269096
-0.0121640146729
-0.00605937040277
0.00572216998199
-0.0306712826891
0.0
0.0
-0.0170180757127
-0.00777214414121
0.00193133873012
-0.00480039156852
-0.00602303492161
-0.015953844089
-0.00953198599289
0.00455209452266
-0.00261385401331
-0.00320013459581
0.000536146904155
-0.00201740638879
0.00120982657862
-0.00743455849427
0.010545277081
0.00922847957391
0.00428336984441
0.00224877874569
0.0117689197064
-0.00156276506705
-0.00602569336706
-0.0273858115766
-0.0273130863227
-0.00531661043121
-0.00535932082759
-0.0312898895174
-0.00102473913027
-0.0143194435678
-0.0249932477039
-0.010821712793
-0.0116488271155
-0.00437886274857
-0.00141830301027
-0.010690221778
-0.00455013942225
-0.00577377771731
0.00842195192804
-0.000641154590403
-0.000148499622659
0.0136653171718
0.00596038659924
0.0127284011692
0.000156428863851
0.0152921597058
0.0134320111521
0.0227089558597
0.0323131414117
0.0
0.0161704917815
0.0106058291888
0.0154709840577
0.0184612569039
0.0124058255431
0.00877986573821
0.00105557101299
0.00184276998004
0.00180238545068
-0.00148615496903
0.00633043498526
0.00585797934252
0.00975152403364
0.00463667508202
-0.0112230637048
-0.00331278608226
-0.0177835456467
-0.00351843534373
-0.0217052508842
-0.0251229365194
0.0
-0.0156714531566
-0.00402905272406
-0.0200628130473
-0.0136083823026
-0.0200817763057
-0.0100963465778
-0.0241388909485
-0.0237798188129
-0.020645162366
-0.00876556551636
-0.0210732630187
-0.012977045418
-0.0141404192753
-0.0104325516838
-0.00386972771851
-0.00950300747476
0.00224071229901
-0.00283351822407
-0.00650193970471
7.0671270296e-05
-0.0101671613046
0.00131517249309
-0.0114132284509
-0.0108810898635
-0.0130306303893
-0.0106576805322
-0.0119402266831
-0.00462578757505
-0.00778207724236
-0.00163142207211
-0.00849807897888
-0.0112604850976
-0.00223359826108
-0.00466131811567
-0.00541035267441
0.000597536721746
-0.00425912737374
-0.0160122613152
-0.00838879541422
-0.00168666355463
-0.00166428031241
-0.00383003007079
-0.00972732463822
-0.0108396499895
-0.0130359834981
-0.0119751827584
0.00646152327124
-0.000386959539693
-0.0231207752959
-0.00287431208427
-0.0102485540799
-0.00578086661247
0.00131137399524
0.00329350465097
0.00670409991594
0.00774366152195
0.0151064442211
0.0174989189251
0.0108625344826
-0.0048484164217
-0.00247852176066
-0.00120644499111
0.0066995336523
0.0123806333707
0.00561481804667
0.0117717285159
-0.00146901473247
-0.00373647326963
-0.00940421319318
-0.00711857287186
-0.00359270686447
-0.00289428902837
-0.00412486732828
-0.000648321795011
0.0
-0.00870472541811
-0.00646724441852
-0.0103329649902
-2.92899803898e-05
0.00539692856718
-0.0105502051781
-0.00111890666166
-0.0162585295022
-0.0172763354941
-0.0135445394928
-0.0128544948342
-0.0132965978812
-0.00833199528408
-0.0100302876845
-0.0137408808449
-0.0145602149456
-0.00777253388099
-0.0169501144373
-0.011789561589
-0.0177284157115
-0.0245571632161
-0.0175025716705
-0.00670205031254
-0.00956406863602
0.0
0.00641039062287
-0.00747141794424
-0.0121853847201
-0.00462350040861
-0.000784133647794
-0.0289604969268
-0.00400322474785
0.00866333303426
-0.000562294966002
-0.00325743629667
-0.0126656687978
-0.00193654065553
-0.00717476938663
-0.00895330418284
-0.0133350651136
-0.00807218521023
-0.00460153391481
-0.00223877970123
-0.0116492876599
-0.000695212913346
-0.00768145440714
-0.0116135986428
-0.00683006182675
-0.00139320606281
-0.000544478802691
-0.00374071348704
-0.00826985013392
-0.00239415925818
-0.0061992251226
0.00163587334875
-0.0171903428842
0.000355289831764
0.00860504150187
0.00447349778068
0.00815149854495
0.0117398807319
0.00333355842027
0.0130331898903
-0.0123415361297
0.0133409554117
0.0115070157766
0.0
0.0166495400686
0.0196819406049
0.0275910796666
0.0320797374638
0.000883814233418
0.00213022677551
0.00658702236004
-0.00457220403647
-0.00594652640512
-0.0111062150619
-0.0134603326258
0.000886045213553
-0.0083201766329
-0.0152072848036
-0.017031704618
-0.0164993293175
-0.00591914315064
0.00121236755379
-0.00982152258703
-0.00389351978049
-0.000633491334406
-0.0101028424125
-0.00168742520416
-0.00227847421062
-0.00877196195679
-0.00634903673093
-0.0208193489218
-0.0194559815327
0.0
-0.0116969452545
-0.0106032978184
-0.0118247420604
-0.00550774135704
-0.00886710582117
-0.00896866437154
-0.0138383665269
-0.0159640997719
-0.0148883204297
-0.0164299964018
-0.0101831039418
-0.0067443070428
-0.00302638455463
-0.00685141984315
0.000891925658282
-0.000154351306042
-0.00867280678185
-0.00665500927649
0.00189775519033
-0.000551126037523
-0.00376811207885
-0.00778825540128
0.0
-0.0152168318158
-0.011965251654
-0.0095189323225
-0.00638888122548
-0.00702179106134
0.00109023594831
-0.00345152878313
-0.00871882570421
-0.0138309776145
-0.00361537946991
-0.00245461814279
0.0
0.00163261222967
-0.00249236668427
-0.00371228149614
-0.00696098372065
-0.00102979280787
0.00391184886309
0.00878070148177
0.0149273248886
0.0139713443304
0.00460899282375
0.00785080903467
0.0165034911271
0.0157134865913
0.018335148617
0.0128283137234
0.0126905965493
0.0139680321707
0.00941372197548
0.00737710252764
0.00740388162229
0.0039249588902
0.00940777734397
0.00513935541933
0.0043879620613
0.00768877206223
-0.0081255146596
0.00623560815285
0.0
-0.00349089750193
-0.00346652177293
0.00638875157951
0.0113794168439
0.017345433809
0.019764690072
0.0162540261792
0.00142046719678
-0.0217383267679
-0.0137327462423
-0.0167491349908
-0.0239280015097
-0.0181696534394
-0.0187699614612
-0.0192880097345
-0.022158648325
-0.0104091291005
0.0
-0.00554463748396
0.00505704347622
-0.0139278361811
-0.00293384767935
-0.000778504670829
-0.00845322062791
-0.00952889780409
-0.0161210444119
-0.0222961897718
-0.0175430508773
-0.0147185897832
-0.0105795414087
-0.00382648964044
-0.00313997638543
0.0
0.0
-0.00593825571076
-0.00384349243086
-0.0175307682189
-0.0165812721831
-0.0102677188281
-0.0109726561009
-0.00246255193171
-0.00316431366041
-0.00536258931779
-0.010102041945
-0.02098042489
-0.00889284036346
-0.00565370602683
-0.00456109893111
-0.00642414288757
-0.00581508446503
-0.0160110868482
-0.0134548556533
-0.0111647727163
-0.0166706236215
0.0
-0.00101904767625
0.00303884265637
-0.026327922142
0.0
0.0
-0.0129702770956
0.0283231889443
0.00047763908705
-0.011700349334
0.0183235994078
-0.0223287963272
0.0259439215462
0.0
-0.013164267198
0.021051749654
0.00716859311078
-0.0141275557255
0.028103426146
0.0141577019555
0.0100154844823
0.0234541590422
0.0
-0.0128935670792
0.00167710868766
0.0
-0.0153691130897
-0.0196133802763
-0.000543433092165
0.0136233517857
0.0
-0.0110756879233
-0.000423499480432
-0.0294542942109
-0.0175569112483
-0.0438070960308
-0.0201109051131
-0.0152413453451
-0.0254932353773
-0.00939915094151
-0.00968101579181
-0.0148718095846
-0.0110816095065
-0.00539715560564
-0.0181668568803
-0.0144208735649
-0.0093921541182
-0.0181538864676
-0.0149810340158
-0.0161159932714
-0.00902621491725
-0.00738261863194
-0.0128789556577
-0.00436402696193
-0.0183560008155
-0.0207053650955
-0.0147312549475
-0.022121222834
-0.0106720743852
-0.0128686162261
-0.0229331737141
-0.00708018603159
-0.0140991740142
0.0
-0.00760023248044
-0.0041088433565
0.0109449993827
0.00494869837264
-0.00482559279911
0.00132713464893
0.0
0.0
0.0
0.0
0.0
-0.00497114404494
0.00603002088461
0.000302462953743
0.0074132172545
0.00999660935353
0.00962479020278
0.00668566990942
-0.00435870142496
0.0121470048316
-0.0200637738866
-0.0319369714301
-0.00810993579133
0.0121056841505
0.01413934358
0.0020192904807
0.00117447655779
0.0130847007661
0.0135547976404
0.0135027997307
0.0167751098016
0.0174541481042
0.0147155259933
0.0151070498822
0.000469257014964
0.00814753093627
0.00642272275545
0.00137463164564
0.00385648349713
0.00140282958167
0.00168613623346
0.00410968458735
-0.00175690465907
0.00268035426943
-0.00180306260068
-0.0131391634479
-0.00172254826315
-0.00977896425633
-0.00849092367487
-0.0185738163646
-0.0154701232953
-0.0140090165748
-0.0047295101385
-0.0115855553616
-0.00888931591198
-0.0134206920226
-0.0229130502296
-0.0154952749438
-0.0138529461269
-0.0163410324035
-0.0163312304396
-0.0102449385718
-0.0131614370346
-0.00946326438473
-0.0116372395956
-0.0109168733161
-0.0134445471008
-0.0144229552873
-0.0146189346045
-0.0160124180734
-0.0155059058254
-0.0116625251974
-0.0108709228371
-0.015542917275
-0.00503308088914
-0.00672745152882
0.00118390052211
-0.0127168125024
-0.00525625565929
-0.010448853319
-0.013414579565
-0.0101864532179
-0.00488243451194
0.0
-0.0062896059858
-0.00527196957978
-0.00648824051925
-0.00970673818905
-0.013703179776
-0.0202861409683
-0.00915112019379
-0.00502205960034
-0.00882124641295
-0.00871665692528
0.00113016890295
-0.00688466637315
0.00240147930454
0.00695062481383
0.0
0.0213902874218
0.0237452151738
0.0199553771212
0.0140122472163
0.00469484585452
0.0
0.0
0.0
0.0104890032009
0.00584780848568
0.00923854591524
0.00930058614993
0.00780668253222
0.00114184255834
0.00399714253262
0.000487046537462
-0.00125097491988
0.00330717148363
0.00303645160206
0.00548650683289
0.0123137867677
0.015820041897
-0.000624942101834
0.0055154675043
-0.0345581219758
-0.00319008374226
-0.00589772162862
-0.0123744697759
-0.00650305034499
-0.00907907186745
-0.00722346527616
-0.0132361154805
-0.0099275298729
-0.017483917312
-0.0236182065626
-0.0196776066849
-0.0249354942267
-0.0140409180337
0.00116123723214
0.00436394235306
-0.0121223872781
-0.0192404828405
-0.0202754969717
-0.0205372148471
-0.0173513871609
-0.0114222737627
-0.010038907011
-0.0123386710827
-0.00975864857387
-0.0112185405278
-0.0120013584283
-0.0123332091079
-0.013484125062
-0.0111590531802
-0.0151666406208
-0.0114293507611
-0.0122434886363
-0.0104196251678
-0.0129340787073
-0.00803333962855
-0.0124517508985
-0.0106743606653
-0.0101037433342
-0.00536924789255
-0.00218643794816
-0.00673104629705
-0.00544479073674
0.000353656832987
0.000962543735114
-0.00995707500957
-0.00770270600082
-0.0044705631893
-0.00830394771885
-0.00191355586922
-0.000138038009052
0.00350922226662
0.00966154521341
0.0
-0.0260146436727
0.00670365924169
0.0123900510938
0.0131375975829
0.0107562453347
0.015911933463
0.011573567527
0.00640174682622
0.0130064010302
0.0142048971776
0.0158244428747
0.0127906441353
0.0152008708815
0.0120982273279
0.00920775662042
0.0140449297728
0.00714831323742
0.0145400836559
0.0118319517983
0.0130551185385
0.0161990002246
0.0199904844462
0.0193340096947
0.0239399467912
0.0299675710287
0.0
-0.00283406510653
-0.00894801995909
-0.00368254731568
-0.00738117975576
-0.00340954686452
-0.00793499129348
-0.00844105635928
-0.00218216364789
-0.0110954778453
-0.00559377365389
-0.0114979088207
-0.0176916716544
-0.0124828459239
-0.0163150295382
-0.0144612535216
-0.0158636333415
-0.0147501164856
-0.0117968252194
-0.0146923081773
-0.0165139505426
-0.0067171583683
-0.0478957719827
-0.0339668321246
-0.0204675236324
-0.00797417859645
-0.00624542866558
-0.0122248623137
-0.00914455062994
-0.0131298390151
-0.0138691315137
-0.0112010146915
-0.0124875248029
-0.00114446711407
-0.0066563188674
-0.00767629955437
-0.00342338241777
-0.00184464516218
0.00109139119213
0.000845352539013
-0.0112921333898
-0.00265594216741
-0.00398120412114
0.0
0.00567376002755
0.0141896404696
0.0182207111613
0.0154388917077
-0.00859868168323
-0.008021098229
-0.00783400563619
0.00154284596796
-0.00478374690681
0.00475751444882
0.00341836194484
0.00533038039263
0.00710872744001
0.00382781805665
0.0
0.0
0.0178271101109
0.010343219355
0.0151033298352
0.0128699523928
0.0194408441016
0.0177774265327
0.0249930283735
0.0212957990338
0.0244131140353
0.0129217017443
0.0159408814125
0.0198497492501
0.0148568805222
0.0190210788671
0.0142859126722
0.0126432106524
0.0
0.007455046935
0.0110714484286
0.0105500267046
0.00620212110478
0.00150975154546
0.0119962950354
0.0120746066549
-0.0107792930685
-0.0102011428782
-0.00816549309257
-0.00230529977313
-0.0101071505897
-0.00699060487471
-0.0101459213597
-0.0089407581921
-0.0163873287859
-0.014079981495
-0.0216131367922
-0.0281225401386
0.0
-0.0231125755895
-0.0211878622019
-0.0134054024947
-0.0200224956648
-0.0225031464613
-0.0188992093624
-0.018440080996
-0.0121236142354
-0.00841176561861
-0.00172995255289
-0.000147821179469
0.00105762087257
-0.00828616913277
0.00710807248244
-0.00245202390162
-0.0135201166002
-0.0102374665135
-0.00805872882079
-0.00886845285392
0.00244196329084
-0.000175178321796
0.00280448189113
0.0100811496248
-0.0117653061151
-0.0102187269222
-0.00703763387341
-0.00116304298528
-0.00896221247498
-0.00403666470105
-0.0109661585614
-0.0070858397228
-0.00790879919373
0.000680660713431
0.00277627666446
0.00255626196368
0.00695758231462
-0.000164151583862
0.00628737968565
0.0145419300019
0.00459835253459
0.0177971396433
0.0069963984774
0.0101952079952
0.0191960836048
0.019658292734
0.0191646869625
0.0214911743851
0.0126330662385
0.0177167890178
0.0184248646698
0.0258069224416
0.020457352183
0.0171487166712
0.0163678925174
0.0194903840065
0.0193059144683
0.0156214592575
0.0225313944401
0.0197678570006
0.0354766156453
0.023778976535
0.016359794403
0.0169066108251
0.00457399166107
0.00665385283404
0.0107834390187
-0.00118486791522
-0.00125859349824
-0.00867401153788
0.00436984419511
0.00359135665895
-0.00589079738166
-0.00621516096082
-0.00409488263697
-0.00665908628109
-0.00963434532017
-0.0118117886659
0.0125332165117
-0.0146193985818
-0.0156529901597
-0.0149978296059
-0.0172143642251
-0.0202200888847
-0.0168568364034
-7.10816743736e-05
-0.012286682425
-0.0220578945153
-0.0135844929777
-0.0154091078409
-0.0127320800127
-0.0116795181072
-0.0103549044968
0.00219583750917
0.0158286473848
0.00442416223496
0.0
-0.0109397604527
-0.0133417089407
-0.00860921826911
-0.0175890078167
-0.00368550235367
-0.00318354160505
0.000292720991757
-0.00124677989576
-0.00610952745069
-0.00893502285077
-0.013348365153
-0.00674989316188
-0.0048528738628
-0.00140677725309
-0.00443162949435
-0.00333431022763
-0.00616451055667
0.00430058344476
0.00497086335364
0.0123284758348
0.0230057156969
0.0222255435476
0.0302159536643
0.00977876563525
0.0132461468583
0.00861772868622
0.0199149695167
0.0185268730576
0.0221633464042
0.0233127893605
0.0343147757347
0.0262768288927
0.0316619441893
0.0338429565436
0.0341653855612
0.0291823133272
0.0303919571221
0.0288480762034
0.023503072911
0.0248275919527
0.0257541516557
0.0326333592035
0.0257195009695
0.0277772435315
0.0256531787705
0.0271180007053
0.032963988879
0.0137666327434
0.0103916243429
0.00120792234215
0.00767253234704
0.00923674758735
0.00911039940599
0.00515840874228
0.00493884718798
0.00702366122049
0.00257949418932
0.000588431761279
-0.00911400622175
-0.00151575432081
-0.0109847544795
-0.00898782011473
-0.0120902183056
-0.0176114403536
-0.0170841999726
-0.0157049702972
-0.00984020731348
0.00649937195523
0.00505505210519
0.00488189068453
0.00480178927234
-0.00333799076488
-0.00890133442607
-0.00361634914897
-0.00938947994822
-0.00875606852402
-0.00846951064736
-0.00534893984251
-0.00323396044882
-0.0108770906112
-0.000240797586594
-0.00184319703334
-0.0130031730993
-0.0079835019251
-0.00622524509555
-0.0147784137617
-0.00188189292445
-0.00352532897762
-0.00979439263316
-0.0078649610867
-0.00358881687796
-0.00897100433372
-0.0116170323876
-0.00963598118967
-0.00590150165579
0.0
-0.00812782768559
-0.00575994722127
-0.0137125941867
-0.00735738045088
-0.00302026977083
-0.00307199849874
0.00179444484873
0.00157235721288
0.00573908339087
0.00405797684178
0.00281915155494
0.014311614144
0.0235517814186
0.0224738630009
0.0327313171071
0.0399747854854
0.0296041085974
0.0405016294055
0.0423128357457
0.0417259987833
0.0396122460034
0.0377380748963
0.0380975091386
0.0391705550995
0.0400079657823
0.0306271113516
0.0283636825303
0.0297541645677
0.0267805285659
0.0232589717681
0.0200782067833
0.0240623300792
0.025624969584
0.018253651208
0.0155548173261
0.00258488795521
0.00632097121778
0.00718663946192
0.00368295520222
0.00547903315557
-0.00793395263358
-0.00313086957979
-0.001256197103
0.000477139619524
-0.000482526191924
-0.0156057132058
-0.00949398450586
-0.0136711365065
-0.0081556361489
-0.0172403257873
-0.0111223973761
-0.0153957229579
-0.0140540403271
-0.00913157990025
-0.0109929072171
-0.00533333968112
-0.00785479387083
-0.0115151304926
-0.0154253582424
-0.0181732681735
-0.014148459083
-0.0121312718381
-0.00997880623376
-0.00879098006907
-0.0108416280963
-0.0173783881582
-0.0195759235328
-0.0208055616627
-0.0126971308538
-0.00583187826022
-0.0118526929138
-0.013304607045
-0.00815139595357
-0.0127481100316
-0.00962001534748
-0.00533684280831
-0.0137611112254
-0.0131191636111
-0.0134375104493
-0.012300450719
-0.00412865521835
-0.00800769804236
-0.00467247044954
-0.0011468702356
0.0450744258764
0.0331784920063
0.0174679972814
0.01094560365
0.019499832121
0.0162864024793
0.0212180878049
0.0144183553911
0.0220161748089
0.0157516104048
0.0118108231145
0.0
0.0
0.0319337698909
0.0425247546876
0.0498288486409
0.0509691118385
0.040336041017
0.0334393633318
0.0329253510805
0.0443035661388
0.0287599396558
0.0387308621805
0.0343071405163
0.0240121031934
0.023855174698
0.0174499856176
0.034282713698
0.0233725901444
0.0143759166065
0.0147873774558
0.0155279627433
0.00716022266727
0.00814480232312
0.0094287404278
0.00496375715573
0.00156382434454
-0.0019811694639
-0.0010885914819
-0.00786123838127
-0.0129374572984
-0.00627195580401
-0.00852257470119
-0.0132498272929
-0.0159148820912
-0.0102275939451
-0.0236033610448
-0.0153751695896
-0.0141428405513
-0.0117673479369
-0.00829907032478
-0.0361931656536
0.0
-0.0181778843697
-0.0192946049351
-0.0195463051595
-0.0219763760672
-0.0197467672536
-0.0198061540803
-0.029075023937
-0.0196844699057
-0.0213230678266
-0.0154499331786
-0.0160810793023
-0.0227547939588
-0.0140815261907
-0.0168907563272
-0.0167656939332
-0.0124334840167
-0.0170938049715
-0.013371258268
-0.0136000648117
-0.0163213953099
-0.0140266349266
-0.0128951942456
-0.0142971265116
-0.0190668989528
-0.0124807869155
-0.0101946600422
-0.00645476210213
-0.00564065421682
-0.00413129739247
0.00815949550058
0.00393697767291
0.0105322583386
0.0144537183207
0.0174696543809
0.0175694100667
0.0110845093595
0.0120761841507
0.0158342873111
0.0125217977415
0.0391480265911
0.0145711255835
0.0178226641218
0.0335206826148
0.0284108599192
0.0331162663194
0.0395711679032
0.0411859015568
0.0420374794752
0.038831962106
0.0377450669512
0.0377242932291
0.0356887088642
0.0312664141113
0.026522416219
0.0
0.0345570499
0.0319442995724
0.0296875632503
0.0243934968694
0.0147701155378
0.0140634159648
0.00905667800696
0.0030607689021
0.0132362572913
0.00534625381908
0.000864820888867
0.00503194510752
-0.012453436517
-0.0044271875023
-0.00530614206354
-0.0123230880154
-0.00891585996986
-0.0150631815156
-0.0182051971416
-0.0148750956318
-0.0150054409478
-0.0130159992472
-0.0150888497276
-0.00845742159955
-0.013791984447
-0.0139233067203
-0.0170501020611
-0.0242152523198
-0.0183026555988
-0.0177108050003
-0.0174045662027
-0.020701170882
-0.0217355080846
-0.0210673352176
-0.0189113314837
-0.0123318576403
-0.0179933113041
-0.00830130790395
-0.015550834949
-0.0119838780421
-0.0053461018913
-0.00839290604439
-0.0106734577142
-0.00409828177004
-0.000393747660673
-0.00193127477071
0.00162046536751
-0.00754100626635
-0.00550065783518
-0.00476825287235
-0.00172242236675
0.00222941420261
-0.00227245405976
0.000225098205316
0.00585914853237
0.00490543804643
0.00551011159401
0.00686594724107
0.0132236541467
0.00732500004692
0.00919564548089
0.0167096258749
0.0142434578506
0.0116186267288
0.0212888116166
0.0157079666399
0.0191402052705
0.0249516296205
0.0227718801141
0.0289624254217
0.0307604327571
0.0341681438895
0.031294199317
0.0430569748937
0.0453828432115
0.0425148928997
0.0421778326117
0.0488097666418
0.0356337086616
0.0334491260235
0.0424617942234
0.0237879561099
0.0169816996323
-0.00623210811568
0.0224992764178
0.0160432404992
0.0245194826934
0.0181506071261
0.0141641045482
0.0254634785469
0.00956936497648
0.01394581072
0.0182134839899
0.0160358345224
0.0106371853627
0.0
0.00317017641645
0.00489908189636
-0.00567731307755
-0.00943570792355
-0.0122262043511
-0.00914461721546
-0.0327645592147
-0.0179713672119
-0.0124095938547
-0.0352668242684
-0.0213065929331
-0.0214012595283
-0.0208559772711
-0.0135099918404
-0.012169209565
-0.0175905331403
-0.0255024581417
-0.0146856962676
-0.0154920313662
-0.0179010485218
-0.0177136901825
-0.0147719251896
-0.0143824823255
-0.00975911821464
-0.0174446753092
-0.00399214276889
0.00484439346645
0.00248705982087
0.00786256654377
0.00598356721526
-0.0252299848017
0.0169737227419
0.00596699992261
0.0134012437572
0.0197894090041
0.0235666307501
0.0230382847706
0.0176764619715
0.0239818181154
0.0297691394424
0.0414512463419
0.0346544081802
0.0326739752953
0.035172724533
0.0454169993041
0.0444352135577
0.0444077547466
0.023499749505
0.0384569406129
0.0320047858777
0.0287625192838
0.024846409535
0.0188418651301
0.0207129976412
0.0249985217601
0.0239323471689
0.030070269123
0.0262418368807
0.0318721556788
0.0285073270035
0.037907089253
0.0330053972959
0.0311330860172
0.0254323332664
0.0304803814663
0.0256002228933
0.0224741067493
0.0226956489932
0.0238637488147
0.0263253904992
0.0165517286443
0.0237295830608
0.0143140166484
0.0114845262552
0.0175783664473
0.0224566232905
0.0127372510185
0.00934142495482
0.00897635642542
0.0102163912574
0.00624207991568
0.00850153998264
0.0092935547486
-0.000133191310603
0.0162980461967
0.0056354624084
0.00743295539311
0.00604601891655
0.0107184040869
0.0
0.0203771699666
0.00952047154317
0.0
0.00769131892614
0.0164766490634
0.0
0.0
-0.029520560584
-0.0342470732768
-0.018947805607
0.0
-0.0143494522964
-0.0305119129483
-0.0449959064452
-0.0390550547235
-0.0304537886879
-0.0752089558108
0.0
0.0
0.0
-0.0535443597433
-0.0727148246139
0.0
-0.0277017310321
0.0
-0.0205076153473
0.0
0.0
-0.0185679301638
0.018216947685
0.0
0.0
0.0
0.0
0.0
0.0
0.0
0.0
0.0
0.0
0.0
0.0
0.0
0.0
0.0
0.0
0.0
0.0
0.0
0.0
0.0
0.0
0.0
0.0
0.0
0.0
0.0
0.0
0.0
0.0
0.0
0.0
0.0
0.0
0.0
0.0
0.0
0.0
0.0
0.0
0.0
0.0
0.0
0.0
0.0
-0.0238583325221
-0.0131994838796
-0.00320420701854
0.00740370070297
0.0298570108029
0.0272628038484
0.0184283798008
0.0133002721173
-0.00855877894471
0.00950713976239
0.019553675718
0.0201199494699
0.0203034048545
0.0181650674947
0.00530010162147
0.00619674895726
0.0101660310481
0.0101415717832
0.0139642990988
0.00501673770137
0.0181684582004
0.0108246516478
0.0095991108026
0.00721756834511
0.00169288886017
0.0169330714002
0.0
0.0117928857055
0.0177143641441
0.0221923058298
0.024576843151
0.0298916061947
0.0258007529313
0.026938400229
0.0314070506051
0.0323365809268
0.0273608481378
0.0418964009174
0.0405499305945
0.0275601963955
0.0300080704849
0.0325318496878
0.0274729649833
0.0274079607982
0.0188417284951
0.00337753503392
-0.00888808497497
0.0130048064841
0.0105518677356
0.0161597146993
-0.00882851762927
0.0012709629665
-0.000681062283884
0.00243095462977
0.00392063917405
0.00923313739636
0.0184152962099
0.0213709427021
0.0266540622269
0.0267288313843
0.0389680934693
0.0444686810018
0.0467686046701
0.0457388354812
0.0462727589864
0.0361747669585
0.0344769517402
0.0281877503586
0.0177845455644
0.00854811985137
-0.00626443135478
-0.0172563216187
-0.0199968948768
-0.0245002954847
-0.0280864151783
-0.0260443213878
-0.0111431311333
-0.000470197781745
0.00139520133297
-0.000477716920499
-0.00114071582477
-0.00361615366283
-0.00774682704722
-0.00255902526149
-0.00587757337179
-0.00443588559997
-0.00532837477971
-0.00583361231639
-9.12343846867e-05
-0.00125971797685
-0.00265990769496
-0.0140088893929
-0.00324411108522
-0.00948621439264
-0.00510339043543
-0.00406927836554
0.00451166389817
0.000701262795332
0.00584647716478
0.0150683729633
0.00749845128808
0.0159808568032
0.0152584407105
0.0235621951747
0.0263056078794
0.0233827460722
0.0265699923821
0.0245752901507
0.0371561354325
0.00963791150499
0.0368034309994
0.0380347293215
0.0466185434851
0.0383987076944
0.0497402206293
0.0282276792302
0.0547871584343
0.0598898531588
0.0598514975902
0.0623361580133
0.0638335805486
0.0
0.0
0.0414308374898
0.0314843345925
0.0350485393886
0.0232328288471
0.0222971180251
0.0190999107827
-0.0134008253858
-0.0297177976421
-0.0414076149262
0.0
-0.0311414543858
-0.0149493072464
0.016728539803
0.0360800492859
0.050584069533
0.0
0.0
0.0
0.0
0.0
0.0
0.0
0.0637585776328
0.0623799143305
0.0596196535821
0.0474634292024
0.0490508046003
0.0498324607268
0.0466758662448
0.0282346141513
0.0189190538799
0.0112075996788
0.0178722637481
0.0037291956611
0.00879390982739
0.00903845719766
0.00979473175789
0.00724840260902
0.00923193666043
0.00219261891857
-0.0069605081958
-0.00484150027818
-0.00317255103067
-0.00634558669959
-0.0375299263855
-0.00266851072737
-0.0169725101113
-0.00606288610428
-0.00842027617807
-0.0108038322528
-0.0132969937761
-0.0130367167073
-0.0111192580107
-0.00509832100184
-0.010189528655
-0.0108989756129
-0.00318505001526
-0.00815465321456
-0.00650248255972
-0.016192623818
-0.0201418658442
-0.00743881352492
-0.0195280876168
-0.0188543099225
-0.0143289985908
-0.00857350794921
-0.00837940816296
-0.00370077518405
-0.0109682646334
-0.0068009364757
-0.00157477016537
-0.00387441359357
-0.00258483177796
0.00369195892499
0.00489153385442
0.0184253019993
0.0210905651649
0.0333457868599
0.0308361164874
0.0328447668886
0.0328960396269
0.0335274872135
0.0367807273085
0.0191701655262
0.0216352460375
0.0110087675799
0.0103241388398
-0.00733738927709
-0.0174797089025
-0.0163424697889
-0.0171056304508
-0.0195466835093
-0.0116866489636
-0.00457187295853
0.0105756932023
0.0
0.0268743491514
0.0435031680826
0.0426579173791
0.0337120881148
0.0380014580316
0.0353895725116
0.02308254384
0.0229717739173
0.0244885930189
0.0264655326815
0.0214279081459
0.0151862434397
0.0159385287993
0.0220495073504
0.00935980111755
0.0112873550162
0.00827379429531
0.00447270962687
0.00415727954882
0.00434362458898
-0.00143503342999
0.00745081002541
0.00671468051628
0.0085828970132
0.0067554948801
0.00772474618798
0.00464290354281
-0.00563787191055
-0.00125094219594
-0.00190158912278
-0.00132162828381
-0.00419770393152
-0.000342349485253
0.000435355383965
0.000413592894035
-0.00812408800982
0.00357019013577
-0.00111271108645
-0.000314585290579
-0.00713254663276
-0.00246766912255
0.0167452506813
0.0144270160433
0.0210662178893
0.0203360372362
0.00648338080001
-0.00572783837808
0.0256530497113
0.00302691637625
0.0132490835327
0.0154292224098
0.00905156842572
0.0118142718327
0.0165150207517
0.0277700831766
0.0288245250146
0.0264065288061
0.0231234253421
0.0258399085833
0.0464953265044
0.0266652299174
0.0152625419447
0.00884376979875
0.0117133926086
0.00661791603484
0.00440404209429
-0.0036567021103
-0.0147315160369
-0.0131654137961
-0.0120270139553
-0.00115210993617
0.00578074282908
-0.00384728634337
0.000471552669673
0.00583307487251
0.0152106399942
0.0188626625582
0.0297159581679
0.0244319192657
0.0307024319754
0.0342617592972
0.0481608103429
0.0437752943725
0.0666085152342
0.0333368142331
0.0330635098002
0.026847000233
0.0269642717265
0.0348497244881
0.0375658267472
0.030376032329
0.0154732977778
0.00350956072781
0.0104540545122
0.011572941868
0.0
-0.00233947604467
0.00204275885057
0.00341121841952
-0.00169339034077
0.00190772580119
-0.00450154998011
-0.00404487766477
-0.00643644981268
-0.0050055255764
-0.00821112225136
-0.00617676610457
-0.00279622348177
-0.008294161932
-0.00336940021262
-0.00772792033225
0.00988561886558
0.0132273325647
0.00963936284459
-0.00293508348611
-0.00776921919562
-0.015385416896
-0.0176472348142
-0.0211497419406
-0.0223997505143
-0.0133737546182
-0.0185052417542
-0.012528579469
-0.0111031335795
-0.00704373634652
0.0053941331993
-0.00667219099961
-0.0171165906704
-0.0186549053484
-0.0170436110379
-0.0144788052727
1.45551276549e-05
-0.0149114416935
-0.0107400755053
-0.00662164886762
0.00270106447471
0.00963076072717
-0.00154428689464
0.00189517815082
0.00553155537798
-0.00140311713014
0.0132702594375
0.0144518661046
0.0355311151187
0.013729555106
0.0191787370691
0.0148107908124
0.0287154836998
0.0238894860503
0.023370109352
0.011135218225
0.0116040266751
0.00612230896387
0.00783674529664
0.00766355668161
-0.00593536147651
0.010604179485
0.0133754494127
0.0112078017553
0.0226131301548
0.0344706597765
0.0335079919354
0.0278822509301
0.0334127613049
0.0256880495851
0.0218494336339
0.0262711567785
0.0154062861515
0.0215545968509
0.025489551736
0.0267570326983
-0.00657495575678
0.0230654985598
0.016154592564
0.000850663391216
0.00354865400458
-0.00170513253837
-0.00209653409984
-0.000511858636324
-0.0217581180396
-0.0259150872218
0.0161946267703
0.00764312081962
0.00953064862022
0.0084863096867
0.0113761215778
0.0128877936325
0.00976861795963
0.00941044023882
0.0138054083967
0.0100240499564
0.0
0.0
-0.00812118348288
-0.000893003783879
-0.00673736656738
-0.00678449058742
-0.0087145573744
-0.0106534158976
-0.0155057718169
-0.0128334084197
-0.0124175668909
-0.0131114743349
-0.0113538676872
-0.00649207828745
0.000826905773094
0.00480720726276
-0.00308017910606
-0.00617924181325
-0.0173961338096
-0.0156311015741
-0.00719648573394
-0.0022697679588
-0.00840472909132
-0.00528484931148
-0.0334704112638
-0.00627855511545
-0.00616126893593
0.00985430108334
0.014234631608
0.023583317275
0.00893677332231
0.0105975321962
0.0150498902857
0.022979273507
0.0161850013558
0.0301681712726
0.0
0.0118651113872
0.0102177440712
0.0101371520842
0.0217130087001
0.0196576857072
0.0210598659971
0.0106930801865
0.0101889613447
0.0234573421709
0.0277044350081
0.0417442280075
-0.00692889024993
0.0229787154146
0.0269060023173
0.0386884273027
0.0462239967913
0.036773988779
0.0319109570637
0.0262081742605
0.0273324361386
0.0263387967304
0.022518427432
0.0301554868908
-0.0107044019497
0.00794405359645
0.0367096401819
0.0289760864553
0.0236773212318
0.00783042525098
0.00359140841892
0.00347484686408
0.00556358600605
0.00594490965823
0.00938872810598
0.0211586352711
-0.00405879285114
0.0131011781817
0.00673953572492
0.00566064112803
-0.000750692413333
0.00097538384145
-0.00448418368983
-0.00254115247622
0.00128511275653
0.00570795167021
-0.00478297904699
0.00112428763187
0.0
-0.00215557941886
-0.0098826624168
-0.0114807305656
-0.00811063225687
-0.00921232157076
-0.0074975056367
0.00269911739495
-0.00650620995121
-0.00679097292009
-0.0147653847824
0.0
0.0
0.0137604059747
-0.0205634537931
-0.012888350201
-0.0188261984934
-0.011682492372
-0.00443371264115
0.000178336847156
0.00577526220784
0.00314853176753
-0.00365774888663
-0.00421686263778
-0.0187343013346
-0.00546416936902
-0.00439662687074
0.00712248541494
0.0193132209612
0.028335201308
0.0271497286844
0.0231855544424
0.0241598097476
0.0285521049387
0.0187099375985
0.0233269755238
0.00394529965321
0.0275207672259
0.0251863113481
0.0325183417272
0.0323005312953
0.0221915628894
0.0255260465461
0.0244558341931
0.025362861613
0.0235228832172
0.0234685473839
0.0282499602125
0.0143025143723
0.0311754452849
0.0371137511099
0.042099969083
0.0479282940221
0.0386542620822
0.0378620186653
0.031076086807
0.0321594714574
0.0214110926133
0.0221321425145
0.0284526499638
0.0211125383524
0.0115966918072
0.010979566531
0.0127196020317
0.0140988203649
0.0121571633923
0.00973718165069
0.00892507289652
0.00618372385085
0.0
0.0
0.0
0.0
0.0
0.0
0.038029052202
0.0193097498609
0.00268925545737
-0.00600417718716
-0.00164389578644
-0.00712380228442
-0.0101163093383
-0.00085784143694
-0.0107920296436
0.0
-0.0116866327495
-0.0150700577163
-0.0174888295725
-0.0031173507272
-0.015693962078
-0.0159401502516
-0.0163271559488
-0.0272218801431
-0.0269851022358
-0.0263992079932
-0.0226427065825
-0.0135712117798
-0.0123694449674
-0.0161931395997
-0.0209299605769
-0.0208112974263
-0.023480660734
-0.0178681741836
-0.0112394485164
-0.00590986415658
-0.00599564096294
-0.000688079132882
-0.00798451650587
0.0
0.0089136672259
-0.00559342993647
0.0042126177816
0.00485494460357
0.009858815486
0.0206014604596
0.023670863421
0.0252535846046
0.00791129155361
0.0223671890808
0.0207171661483
0.00711927819525
0.0154154431063
0.0193913405643
0.0205421019183
0.0160822775943
0.031039599016
0.0258966898896
0.0303975848295
0.0254182338311
0.0143515527405
0.0203829107627
0.0149844109613
0.0236974549814
0.00741161948448
0.0141347199413
0.0142064867679
0.012684154285
0.00835168516031
0.00663176300693
-0.00310026834132
-0.00133922959548
0.00401406515998
0.00119644519453
-0.00470356066463
0.0
-0.00775034626991
-0.0103980797715
-0.00427732608585
-0.00774818252904
-0.00708124785411
-0.00731061242533
-0.00119626033972
0.00127273493903
0.00285725701639
-0.00328953525819
-0.00463223714007
0.0264595656266
-0.00731841152613
-0.00221515565292
-0.00571689274393
-0.00394817511228
0.00682984365124
-0.000914605170668
-0.00272643040218
-0.00847148164236
-0.011482191417
-0.011716496495
-0.0151091493129
-0.0317400610844
-0.018857248087
-0.00542561004919
-0.0136690225821
-0.0123449114779
-0.014503638248
-0.0149466117338
-0.014463565704
-0.0204435665011
-0.027075868753
-0.0262951416662
-0.0246159075206
-0.0373047021191
-0.021494095903
-0.0235015209677
-0.0197535278899
-0.0187093135391
-0.0136833534399
-0.00979910727377
-0.00744315888778
-0.00732888949179
-0.00362401097205
0.00360993889605
0.0103303869757
-0.0166865949572
0.00855362251548
0.0212809680058
0.0174589173334
0.0278545680754
0.0310770778255
0.0314700663185
0.01845971649
0.0263578479227
0.025111558574
0.0257224019582
0.033232780463
0.0
0.0481989836388
0.0160087480887
0.0174026558472
0.000617897677264
-0.00205406364478
-0.00251544967022
0.000786749586891
0.00933749203653
0.0208229717541
0.0256332294601
0.0265429891494
0.0222802947966
0.0223712482388
0.0177484120749
0.0118591724744
0.0120508705296
0.0133491509012
0.0240803585687
0.0195622403144
0.0125912851237
0.0158822958557
0.0193433989211
0.0314441640278
0.0285673661826
0.0147673429413
0.0178663574638
0.0183897274899
0.0205421343293
0.0106385963997
0.0131388525336
-0.000688971714536
0.00320776849323
0.0041929511611
0.0057066313575
-0.00347868723609
0.0102847924386
-0.000648147686364
-0.00344265179981
-8.72697255865e-05
0.00612039619119
-0.000460130594317
-0.00229088619879
-0.00432123373762
0.00218607648494
0.00144104446543
-0.00934490574716
-0.00485296726637
-0.0238661732537
-0.013479188519
-0.0135491071881
-0.00677486860437
-0.00422185520797
-0.00482225064721
-0.00208633109721
-0.00552464539463
-0.00288580299663
-0.00423702655966
0.00241774958009
-0.00279551337844
0.0212485029419
-0.00324713924414
0.00342954734214
-0.00243414128584
0.00661796936619
0.0215905835919
0.018189933691
0.0250250634327
0.0150805994516
0.0229087917348
0.0257351801798
0.0257343494452
0.0422951697633
0.0225778380819
0.020074494125
0.0245161664784
0.0251777902962
0.0149762459645
0.0132515796455
0.0110685792472
0.0122682417886
0.00252511776472
0.0
-0.00198898226105
0.0
0.00419027614513
0.0226265758968
0.0217071799379
0.0214250053798
0.0195626312528
0.017931487142
0.0278912147942
0.0298812549217
0.0226958213919
0.0150858983422
0.022317808653
0.0
0.0452650423604
0.00550821848957
0.0045603874599
0.00872624712899
0.0129611062871
0.00332426292518
0.00910094674215
0.00524995288743
0.00768343780874
0.00998540516209
0.00846654781516
-0.000732905427363
0.00208912517992
0.0135660562152
0.00629310186636
-0.00323189711831
0.00545965195513
-0.00226642154958
-0.000707374088528
0.00431760585902
0.00848888805432
0.0022630975771
0.00330877838496
0.0254396561979
0.00020987092032
-0.00842490804492
-0.0132881904386
-0.0110334625351
-0.0153746446447
-0.00779292008583
-0.00572577422081
0.00202405033779
-0.00362508362137
-0.008362979711
-0.00416889927644
-0.0212087699643
-0.040067641187
-0.0132875977746
-0.0110168608023
-0.00942735721101
-0.0098601768018
0.00378314959468
0.0107328655789
0.00365194085797
0.00748504568937
-0.00100679168024
0.00753987367736
0.0421618581027
0.0183992477617
0.0255482071262
0.0186337242019
0.0230140231173
0.0316427769082
0.0318806685286
0.0465562434047
0.0467753306438
0.0475627576384
0.0384819921177
0.0228869459387
0.0389005533166
-0.00453257397875
-0.017003848124
-0.013792683752
0.00195551374445
0.00644518479786
0.000327245531555
-0.0025575921008
0.00951694322114
0.00405556529391
0.00679287064327
0.0215037636965
-0.0112274737946
0.0253036557415
0.0362416434168
0.0402028633172
0.0299308162954
0.0264291702712
0.0275297943017
0.0271225809702
0.0148325434114
0.0284932865454
0.0213068124405
0.0
0.0
0.00129418433633
-0.00192837692096
-0.0140233725971
-0.0100793117609
-0.00404378020641
-0.0105940272657
-0.0100021948592
-0.00471755847083
0.00600724807639
0.0114233989532
0.00816601044635
0.0
-9.90887942498e-06
-0.00591149970555
-0.00329324150675
0.000943394302558
-0.00102019081735
0.00508883733353
-0.0134458492501
0.00419874347964
-0.00264405944208
0.0021355493728
-0.00283657371355
0.0
-0.0112149418693
-0.0173664733961
-0.0187563262279
-0.022599027893
-0.0227529228428
-0.0145469729754
-0.0151374476805
-0.0133978252132
-0.00687458129177
-0.0121433458186
-0.0107255225332
-0.00493614908451
-0.00121532637165
0.0062410821874
0.000637882919805
0.00484069760274
0.00233111352851
0.00303452226129
0.0085090290639
0.00204754581225
0.00636336631509
0.0096443153055
0.000131171212123
0.0
0.0301454503127
0.0175152840072
0.0111847770707
0.00827907923503
0.00431574792546
0.00902811007853
0.0110627701279
0.00623210765041
-0.00749679784719
-0.026970000501
-0.0361289450724
-0.0114128298943
-0.0431692557778
-0.0381665718807
-0.0211864978271
0.00735213602908
0.0242908041589
0.0338076733404
0.0363347433626
0.0351873151975
0.0179749884926
0.0306555801852
0.0354252710264
0.0553869712384
0.0265417391764
0.0281721629547
0.0320957297944
0.0343704422205
0.0308102650927
0.0233173745484
0.018314023692
0.0309390595491
0.0307034644402
0.0331193864517
0.0226747687776
0.0
0.0
0.0
0.0
0.0
0.00346334766415
-0.00141986003067
0.0129553372745
-0.000681974062241
0.00521875733854
0.00363442800155
-0.00456249844071
-0.0115391709714
-0.00463861114237
-0.00333869757406
-0.00831847428494
0.00698958811925
0.00126067043834
0.00357042979874
0.00120200602543
-0.00537739279689
-0.00807858951035
-0.013098316978
0.0
0.0
-0.0150457846751
-0.0096963644512
-0.0170834939953
-0.0118943635625
-0.00754879972017
-0.00399262917563
-0.00779671335968
-0.00807847279664
-0.0118993087565
-0.0146103660525
-0.00937351164319
0.0
-0.024908274362
-0.0212612865869
-0.0159589961755
-0.014657278542
0.000952421461533
0.00176780657274
0.00448084478326
0.00811580053333
0.0154538789393
0.014724774144
0.0179671927553
0.0386790755081
0.00757540699626
0.00603027062675
0.00587442325626
0.0173876701116
0.0194129535811
0.00771018151866
0.00650191946981
0.0138994599712
0.00319021825812
0.00443362089322
0.0115430927634
0.0252158095723
-0.0147909476598
-0.0056295988345
-0.00102988972573
0.0136431726961
0.0182718631239
0.0239817907816
0.0283756131167
0.0270461147141
0.033843056595
0.0261523574896
0.0147790585282
0.0174990494265
-0.0124339903231
-0.0086000951404
-0.00115878541909
-0.00570438953883
-0.00295997150712
0.00644663590363
0.00478853665213
0.000299311939863
-0.000329362574834
-0.004522879937
0.00470844619318
0.031600031638
-0.0077889566478
-0.00208143692803
0.00307311250348
0.00140503485247
-0.00571802567075
1.26770145614e-05
-0.00989694258347
0.00556282840158
0.00481063013917
-0.00256882671064
0.00179217108685
-0.0206797163121
-0.0100365155697
-0.0101675578544
-0.0120939220392
-0.00502090363677
-0.0114666231455
-0.0130943682105
-0.0101870521226
-0.0130890385684
-0.0192017047524
-0.0172074520836
-0.0180560629787
0.0
-0.0198870782001
-0.0142876291273
-0.0168110402183
-0.016578854693
-0.00467769817819
-0.00484007138793
-0.0202238384925
-0.0164841184618
-0.0163469863013
-0.00169151896451
-0.00612169167299
0.0
0.00218206387789
0.00822115236383
0.00177066327577
0.00899319308697
0.00605342544231
0.00054190922077
0.000970806989824
0.000522380332173
0.00607285340611
0.00474791686194
0.00109876128201
0.00706095125756
0.0106247160306
0.0181113082902
0.0141787206595
0.0239702786727
0.0143114987056
0.0224485003821
0.0175925483222
0.0201843343544
0.0219535037319
0.0255072930752
0.0285837316796
0.0
0.0225612001326
0.0266962332258
0.0185356449731
0.022295214778
0.0271665704954
0.0273238222057
0.0221603706211
0.0363556327929
0.0193730214277
0.0325533295062
0.0227220477098
0.0506667733085
0.00674850442336
0.0159007075123
0.0184486522201
0.0114038323891
0.00239153636596
0.00285864234805
0.0101063571993
0.00920550249928
0.0167738440573
0.0187470058759
0.00639289627642
0.0
-0.00646963673255
-0.00490649328667
-0.00568632133621
-0.00292116631948
-0.00685729798881
0.00478208505746
-0.00995732054064
-0.000682138767537
-0.00217369008041
-0.00127950705823
0.00495456777869
0.00830190567332
-0.0215448901193
-0.0162598979055
-0.0235208175714
-0.0213876228792
-0.0170855875279
-0.00865739850056
-0.0293896744823
-0.0151308334411
-0.0194786720696
-0.00540131273128
-0.0109771480621
0.0114794147095
-0.0100561982318
-0.0171378560311
-0.0267684087362
-0.0136442558096
-0.00401830100542
-0.00854907080162
0.00587549126792
0.00618788533987
0.000234959901872
-0.00247189870783
-0.00777209593266
0.0346305602404
0.00942446389165
0.0105630756721
0.0176817135886
0.0167080766357
0.00752443031542
0.0227497791335
0.0238130379296
0.0223383607703
0.0299475985009
0.0356023575693
0.015588557106
0.0
0.0078742728538
-0.00276926727906
-0.0120902695174
-0.00883662594363
-0.00144915679014
0.00598010251409
0.0153412180712
0.0164264583629
0.0188776149898
0.0177870750424
0.0158486673291
0.0525272465617
0.0261422997982
0.0315384187221
0.0234207349133
0.0172547840629
0.00959648009698
0.0222584697862
0.0208694626656
0.0181282977299
0.0131160701937
0.0163017431725
0.0164593443623
0.00447037391872
0.0035208369101
0.0082580586108
0.00872865628785
0.010172606955
0.0106344314293
-0.000186044254935
-0.00696786686138
-0.00356228840202
-0.000747994261663
-0.00531504376793
-0.00139203637471
0.0246550496569
0.000974188537713
-0.000240019796192
-0.01482683123
-0.0164644454492
-0.0115616913675
-0.00241596283645
-0.00791490891646
-0.00723966746197
-0.0127000357884
-0.00113992974173
-0.00319977409685
0.0134046213502
-0.0025074708188
-0.010964511466
-0.00751748545958
-0.0147349419855
-0.0274667258263
-0.0331106850003
-0.0125116973538
-0.0146992058638
-0.0134736885163
-0.0133889109787
-0.00209180616575
-0.0130936629555
-0.00294298583655
0.00162038223478
-0.00392298519368
-0.00330531986944
-0.0148459816713
-0.00376903438876
0.00589303780709
0.00624295254132
-0.00522404657257
0.00904606700356
0.0187607861863
0.031850820955
0.0199202431592
0.0211001553621
0.0222070892974
0.024138937816
0.00962258898564
0.0202945144875
0.0294199009084
0.0275930562735
0.0165064018485
0.0226501149976
0.0221213291483
0.0275662716973
-0.00147063439997
0.000988712976943
0.00730488353068
0.0189009164141
0.0168377056436
0.0204525584612
0.000911999314584
0.0119533361056
0.0314898423129
0.02271254563
0.0220230200659
0.0
0.0241388489299
0.0175627121407
-0.000350398059189
0.0161367572425
0.0143500872808
0.010592751615
0.00545307344214
0.013192385682
0.00240500868128
0.00304647861935
-0.00763641774129
-0.00913493699352
0.00142637774411
0.00365158610976
0.000702052122042
-0.00671220106455
0.00652381074935
-0.0106909086178
-0.00761798530537
0.00163381036072
0.00395593888586
-0.0143092761887
-0.00773414719602
0.0124941053898
-0.00990023576846
-0.00288858382089
0.000192094184647
-0.0131727031938
-0.022005775059
-0.0283745164936
-0.0254459497221
-0.0161714604504
-0.0175335421578
-0.0169298625974
-0.0216154688358
0.0
-0.0214005016373
0.00127278277483
0.0104592128544
-0.000591005603855
-0.011281435402
-0.0156091122574
-0.0208098768497
-0.0212114633447
-0.0385895056828
-0.00979638057521
-0.0114355055793
0.0
0.00101368472119
-0.00967441018044
-0.014650161365
-0.00467081488872
-0.00452025863987
0.00982924880676
0.0120976509594
0.0116235950816
0.0110548439415
0.00896023405696
0.0112508076468
0.0111765402849
-0.000532488132125
0.00183026815239
0.0126204679122
0.0112878625754
0.0133988789616
0.00200511970868
0.00702646215385
-0.00451122496274
0.00101595311922
0.0077672758963
-0.000583240016166
-0.000464671905714
0.0122252187518
0.0210313932677
0.0231162068859
0.0225854115233
0.0149096751653
0.0285034202709
0.0258612822526
0.0294187951847
0.0175269117819
0.0156109767505
0.004871807784
0.00491382700722
0.00777012290041
0.00616012937359
-0.0030816680966
0.00599019680172
0.00901482143934
0.00161433013692
0.00480340727599
0.00480544481206
0.00385463922193
0.00809103354892
-0.000183595256055
0.0
-0.00660652038105
-0.0180069933446
-0.00822873300714
-0.00170163428706
-0.00838543499892
-0.0105012356053
-0.00139963583272
-0.013236107898
-0.0123247742839
-0.0102908476436
-0.0149118681741
0.0
-0.00754021542066
-0.00842998792612
-0.0134779361093
-0.0205224623301
-0.0248396062349
-0.041184995267
-0.0182729402631
-0.0195134737388
-0.0152145400982
-0.0253896456829
-0.024195242238
-0.0237889937528
-0.0254792422937
-0.0348135740259
-0.0258110022499
-0.0175596044889
-0.0158321929119
-0.01700961253
-0.0169657870721
-0.0233591324629
-0.0083113696606
-0.00835453850019
0.00211239450835
0.0
-0.00809368766928
-0.00774115851329
0.00876589056022
0.000870287594226
0.0113688041082
0.00933982942624
0.00136808094504
0.00152862212364
0.00519397574734
0.0148306543263
0.0104062255421
0.0424643522762
-0.00421078684859
0.00296761786369
0.0150934379371
0.010746390511
-0.00337392253932
-0.00331115794574
-0.00695548496626
0.000350165244942
0.00784534301612
0.00577128040661
0.00640698894407
-0.00358176477426
0.0211940734657
0.0255277087366
0.0233211212536
0.0161419103461
0.0179632020405
0.0141940351796
0.00899327273153
0.00631437527033
0.00719494584348
-6.09425500199e-05
-0.0058279606908
0.0306376782555
-0.0205872316921
-0.0260322527252
-0.0249646917715
-0.0195371071042
-0.015125126594
-0.00773522649073
0.00102122990601
-0.00752514506688
-0.0132486474511
-0.0101734697543
-0.0202832839594
-0.0115232665819
-0.00515641478906
-0.00336033319959
-0.0148058608267
-0.014335491976
-0.00897921776583
-0.00982511915678
-0.00974259741173
-0.0221669653914
-0.0170694568515
-0.0155314746286
-0.0179155496237
0.0
-0.0242813629128
-0.0321316720536
-0.0260273457747
-0.018276001589
-0.0219074116131
-0.010668408666
-0.0227504682799
-0.0260330182414
-0.0237153605376
-0.0212782183113
-0.0154401517673
-0.0201009902614
-0.0183108953583
-0.0227666512039
-0.0267242426694
-0.0254364354074
-0.016872291354
-0.00764689327532
-0.00314590548334
0.00109692872776
-0.00533737937005
0.00324077738819
0.00495296870895
0.0394918373231
-0.00290492603439
0.0107048272589
0.0112069969039
0.0110979740998
0.0057022044861
0.00999108451283
0.0187275504656
0.0289265656209
0.0192485560899
0.0188621732432
0.0147577828274
0.0
0.00489143235837
0.024673227442
0.0194014198187
0.0195478837579
0.0255786496205
0.0153591609534
0.00437772810633
0.00896491199232
0.0223419793475
0.0197164579884
0.0123054255032
-0.00484509181902
0.0216296900655
0.000504618223738
0.0149639375057
0.00050023876419
0.00259591894315
0.0197439469905
0.0086055306034
0.00942182139006
0.0128058410965
0.00394434579664
0.0157097006294
-0.000454512702864
-0.0113778213486
-0.000412233674543
0.00655601233649
7.10641758923e-05
0.00495104733864
0.00457788524595
0.00574037922186
2.59317363704e-05
0.000481772400899
-0.00161855428333
-0.0185871500035
0.0
-0.0160947241813
-0.0195009949539
-0.00963840452754
-0.00846615400612
-0.0111242261869
-0.027126553426
-0.0137911093249
-0.0124676345878
-0.0115430872797
-0.0223877291016
-0.025489794298
0.0159881555569
-0.033869427435
-0.0305569813479
-0.0136489264296
-0.0194981806368
-0.0222766346055
-0.0289595503921
-0.0184419788251
-0.0170794564624
-0.0194497830781
-0.0142684624109
-0.0176853170204
0.0
-0.0279795341538
-0.023972603467
-0.00928735546189
-0.0154831682999
-0.00211965622418
-0.00189141368355
0.00819835802722
-0.000324381223843
-0.0144492026895
-0.000628422756228
-0.00207703588502
0.0
-0.00675287048908
-0.00779064209434
-0.00292619204385
0.0198047316828
0.0166764471871
0.0178422032293
0.0126255142147
0.00983635650345
0.010667030033
0.0085270997699
0.0131607703757
0.0
0.00652867956328
0.0109860150255
0.00901927582571
0.00739891121026
0.00549355934603
0.0111758175036
0.00537313252568
0.00580388590466
0.0188288799764
0.0239148637132
0.014045716323
0.0
0.012500061021
0.0106571418496
-0.00231864469888
-0.0120571958798
-0.00982440307255
0.00174999109865
0.00365007196528
0.011129066382
0.00989525814216
0.000774476772817
0.00458004562697
0.0245572231533
-0.00507562851911
-0.00308216396466
-0.00125035072434
-0.00587907716929
-0.00408712160971
-0.00601707226737
-0.0116345694922
-0.00998950528348
-0.00597301876757
-0.00982895122129
-0.0108087446038
-0.00800253075166
-0.00988734921706
-0.00423342581507
-0.00971328643302
-0.00649509781267
-0.0121163105814
-0.022106692714
-0.0332557586118
-0.0210869626314
-0.0183478440101
-0.0200772560556
-0.0163787418348
-0.0169666181105
-0.0139279085895
-0.0141661130341
-0.0176704705672
-0.0299537511161
-0.0358954717778
-0.0354904946967
-0.0122295705513
-0.0151184211278
-0.0152126694233
-0.0156354032487
-0.015985391139
-0.0380562016451
-0.0150638456049
-0.00101694751761
0.00718945298164
-0.00374603919247
0.0030641398804
-0.0182114727904
0.00562741722931
0.0128010943676
0.0
0.0292628756851
0.0257228285733
0.0
0.0153752214794
0.0201561964028
0.0135969966727
0.014850736883
0.0170899536969
0.0131706583289
0.00482654601665
-0.00810792925209
0.000802913326758
0.00937120727883
0.00874551283821
0.0023706094081
0.00523743444079
0.00329482937877
0.00578431748346
0.000875557511125
-0.00760088975165
-0.00761833168563
-0.000511519718185
0.0123220117211
0.0106029318255
0.00333688199224
0.00261742314227
0.015587797748
0.00350114016832
-0.00605283399974
-0.00571420031539
-0.0145700849179
-0.0217962052443
-0.0305205807969
-0.0175685317888
-0.00355218448049
-0.00754489471936
-0.0130986496866
-0.0195840372405
-0.00248610156498
-0.0234059667001
-0.0236576330027
-0.0208593657255
-0.0165118341396
-0.00924263163085
-0.0135005987783
-0.0116718648973
-0.0162459582746
-0.0281000316991
-0.0273417020031
-0.0349282456011
-0.0332575320029
-0.0245073125921
-0.0176110596261
-0.0444248642169
-0.0215652919948
-0.0294804731392
-0.0330906902413
-0.0294663493666
-0.0180085712931
-0.0177849288205
-0.0327045003569
-0.0308688400306
0.0
-0.0413019612935
-0.0337770417185
-0.0259187468949
-0.0219142859909
-0.0181039888071
-0.0236871204261
-0.0216120622853
-0.0255815067228
-0.0272468552432
-0.032958070436
-0.0164762508945
0.00151765126946
-0.00356265827795
-0.00746475417541
-0.00679294848083
-0.00508014087826
0.00517960307586
0.00838114032226
0.00695860575818
0.0119810052786
0.0112671357405
0.0150506071233
0.0192581520108
0.0
4.67906321622e-06
-0.00368494493259
-0.00774276417305
-0.00338671943768
0.00750815229952
0.0103003653867
0.0128261931109
-6.93907779387e-05
-0.000931224722254
-0.00776323757939
0.00739560289371
0.0
0.016830872612
0.00811568530732
-0.0101931293725
-0.0037092050116
0.0216859868146
0.00915863356478
0.00827499608415
0.030691348978
0.00749318066692
0.0
-0.00106168979331
0.0
-0.0122243549953
-0.0176867584079
-0.0185564943574
-0.0108359218044
0.00115394134097
0.00345819260943
-0.00170578120405
3.89095307802e-05
-0.0152976194874
-0.0104883950891
-0.00897537964528
0.00258113853269
-0.018955919171
-0.00521834563303
0.00829773914129
-0.00644570637155
-0.014355038081
-0.0147218451775
-0.0155402025657
-0.0164637915999
-0.012493123932
-0.0177748885601
-0.0106361925101
0.0
-0.0203285209459
-0.028456800923
-0.0290767906984
-0.0222977900422
-0.0266447777994
-0.0280409255445
-0.0361653762072
-0.0316366754546
-0.0236641506967
-0.0152365747385
-0.0131777458164
0.00590352852469
-0.0185613838666
-0.0261742890481
-0.0283737649636
-0.0228869710103
-0.0224933898268
-0.0186117770381
-0.0139675534906
-0.00371861217403
-0.00624330375903
-0.00858690781867
-0.0117844991341
-0.00908463608475
4.9621263094e-05
0.0088689809982
0.0172141579784
0.027540197908
0.0253589677273
0.0228619019805
0.0217887082709
0.00632205636491
0.0227803461874
0.0215391632385
0.0199341463928
-0.0160883599071
0.031406652274
0.0224572870425
0.00869479230136
0.0121534246345
0.0166643480646
0.0119992644543
0.0132432437723
0.0129966711787
0.0168120275381
0.0203733737776
0.0205851819221
0.0188016810778
0.00357640770133
0.00124324717287
0.00526884802831
0.0228339086904
0.0197112735159
0.0117201007233
0.00301891943092
-0.000114428931559
0.00496418693722
0.00704776973797
0.00370778404225
0.0
-0.0161546511712
-0.0194869663662
-0.0186532202637
-0.0249444234609
-0.0189019188712
-0.00776656223196
0.000126868406986
-0.00438703230567
-0.014135213284
-0.00648258360918
-0.0174510566149
0.0
-0.0346231775154
-0.0341136152357
-0.0364896599279
-0.032141343188
-0.0315654149156
-0.0326521146002
-0.0386629708612
-0.0412226629409
-0.0441855937793
-0.0234614129619
-0.0184761715494
0.0
-0.0429644499362
-0.0349479653838
-0.0439941853637
-0.0448059907376
-0.0289052643085
-0.0071935637051
-0.0186991150995
-0.0224283888142
-0.0233596975446
-0.0231046382413
-0.0184855571424
0.0
-0.0274282721692
-0.0272527547351
-0.0213484876974
-0.0236480889641
-0.0234156795643
-0.0222642660423
-0.0111751561926
-0.0105040990788
0.0008924253832
0.0123346686669
0.0170114156956
0.0
-0.00952825294909
-0.00790022667253
-0.0120012162616
-0.00654039751725
0.0108360897108
0.0251676382024
0.0206382273596
0.0135600013655
0.014125408561
0.00592942540805
0.00987525296527
0.0139804923393
0.0225724886972
0.0151678609959
0.0144441569846
0.0211372818679
0.00752605827625
0.00644686185442
0.00315010283173
0.00543838971235
0.00816885342622
0.00708274141319
0.00620777209275
0.0212471152466
-0.000506744399282
-0.00987703863535
-0.0134831421904
-0.0171833560896
-0.0171812280442
-0.00833526885165
-0.0112053155683
-0.0173695512011
-0.0132817298841
-0.0124582533981
-0.0113693434799
0.00170153312662
0.00809841552622
0.00604739295298
-0.00309650364247
-0.0066074465681
-0.0105400760594
-0.0170882745484
-0.0131655133886
-0.0163657500022
-0.0138938599624
-0.01695298664
-0.0244759987599
0.0
-0.0297311926833
-0.0292147923349
-0.0302521105078
-0.0335931467946
-0.0308700242658
-0.017034475898
-0.0143186093904
-0.014013207051
-0.0265959503745
-0.0340634700331
-0.0243808238482
-0.00161066557755
-0.0341356200614
-0.0316826022816
-0.0220190006565
-0.0175906632852
-0.0182217813203
-0.025274407345
