0.0967779093244
0.0964116757725
0.0960454422206
0.0956792086687
0.0982751798871
0.0982911321424
0.0983070843976
0.0983230366529
0.0973294539524
0.096335871252
0.0977601539784
0.09805596545
0.0983517769215
0.0986475883931
0.100727413327
0.102671127359
0.104614841391
0.102311958774
0.105507963229
0.103763572641
0.105425729326
0.107087886011
0.108750042696
0.110412199381
0.109931973841
0.107095065329
0.108061894747
0.109614406848
0.108634848705
0.107655290562
0.106866346962
0.106077403363
0.105288459763
0.104499516164
0.103710572564
0.104091906968
0.102140572882
0.0980067756324
0.0948698248482
0.0949803944519
0.0950909640556
0.0899221853922
0.0889971321837
0.0862569264772
0.0835194244506
0.0833294021488
0.0753619303241
0.0746744333716
0.0704581221691
0.0679483988425
0.0654386755159
0.0573121819058
0.0548049204642
0.0547209521048
0.0491745448375
0.045401761518
0.0417127436788
0.0413359532805
0.0409591628822
0.0389736203461
0.0371775561123
0.0337538304954
0.0311239017401
0.029508471507
0.0304555190992
0.0273892845386
0.0250831660509
0.0234354679195
0.0217718531627
0.0221189915086
0.0210281625392
0.0194617356679
0.0177682214727
0.0175103938211
0.0158911320907
0.0157442174466
0.0141204642647
0.0125920188654
0.011321188722
0.00901762881029
0.00858719307197
0.00633582998046
0.00398315458247
0.0023366553487
0.000296721154806
-0.000901626414943
-0.0022956470482
-0.00365105053367
-0.00583538019338
-0.00655956309596
-0.00726096263015
-0.00714984321741
-0.00820872542715
-0.00841270597325
-0.00861668651935
-0.00823721900236
-0.00893206922766
-0.00907649331612
-0.00811538276774
-0.00810022542733
-0.00521924556683
-0.00401334391573
-0.00280744226463
-0.00339056280905
-0.00283592226665
-0.00274988363769
-0.00131613882792
-0.0041454485799
-0.00505474051242
-0.00509306097462
-0.0057945319727
-0.00640759425888
-0.0071513502958
-0.00735077119494
-0.00829944735797
-0.00595923301799
-0.00766003657395
-0.00713963731626
-0.00661923805858
-0.010695175121
-0.0125584202192
-0.0136526202866
-0.0153609040005
-0.0160272822302
-0.0169227634773
-0.0191100285071
-0.019632454204
-0.0205791033365
-0.0213465253381
-0.0211442485273
-0.0194585349308
-0.016776693851
-0.0162409929347
-0.0153306923933
-0.0152107548587
-0.0159499381104
-0.0160616891568
-0.0156547259342
-0.0144148177506
-0.0127161159531
-0.011074365064
-0.00784495653579
-0.00556544626339
-0.00250944509649
0.000536274333899
0.00359053067977
0.00740067343452
0.00947136022705
0.0133845066036
0.0168206463191
0.0213397301504
0.0247853676577
0.0285556467412
0.0369874861747
0.0374098394793
0.0380298387414
0.0418748057141
0.0437987799625
0.0463181426831
0.0502195210715
0.0522019964015
0.0550675081506
0.0574130223255
0.0593130274827
0.0613634086028
0.0606968255163
0.0645120135516
0.0670104754116
0.0704250574376
0.0726746486899
0.0761507460192
0.0797824991148
0.0819814647476
0.0857357106578
0.0883380391461
0.0909829509491
0.0931776017288
0.0999185819072
0.100291135823
0.101878773313
0.104577037987
0.106392323392
0.110072888616
0.110594730245
0.11193927931
0.112255733343
0.113311140092
0.113187757645
0.113610489957
0.110299698238
0.106988906518
0.103678114799
0.10036732308
0.0970565313605
0.0937457396412
0.0904349479219
0.0871241562026
0.0838133644833
0.080502572764
0.0771917810447
0.0738809893254
0.0705701976061
0.0672594058868
0.0639486141675
0.0606378224482
0.0573270307289
0.0540162390096
0.0507054472903
0.047394655571
0.0440838638517
0.0407730721324
0.0374622804131
0.0341514886938
0.0308406969745
0.0271014840108
0.0238865473127
0.0206716106146
0.0174566739166
0.0142417372185
0.01289832875
0.0103929223577
0.00880850902828
0.0060754294364
0.00378515260516
0.00250476405333
0.00117025943082
0.000676533313268
-0.000387051012447
-0.00142183542345
-0.0019544271401
-0.00196726865967
-0.0023454736477
-0.0033728103628
-0.00424319565196
-0.00560515149781
-0.0064268296676
-0.00772141035986
-0.00841197833689
-0.00980694663308
-0.0107154771293
-0.0115920261039
-0.0118001887247
-0.0123026877639
-0.0126948804377
-0.0125437206952
-0.0129573194393
-0.0129482959884
-0.0123039391626
-0.0114236568206
-0.0106002823892
-0.00991668572242
-0.00818105413087
-0.00742664656016
-0.00562333422707
-0.00394827296008
-0.00174283704579
-0.00101426774319
0.000333731832909
0.00276649819544
0.00474206128115
0.00541181139011
0.00444666746395
0.00716100116394
0.00809865712221
0.00871258156635
0.0112859354585
0.0148800525071
0.0140044062998
0.0129532609131
0.0133554049014
0.0129702951117
0.0144112964037
0.0130371598797
0.0130175817468
0.0121544931525
0.0113346969647
0.0101249557843
0.00942881803842
0.00764430116128
0.00704803793705
0.00537109398417
0.00429456771041
0.00314924689546
0.00315544918091
0.00160961992977
0.00022985156316
-0.00114991680345
-0.00171287836872
-0.00140654667933
-0.000948243383238
0.000373229136591
-9.15112579627e-05
0.0014872649853
0.00274837801018
0.00346052371238
0.00387527764832
0.00536053769119
0.00753415645235
0.0120108877592
0.0131620158363
0.0134889682605
0.0179824243195
0.0198016498256
0.0206355432233
0.023373956946
0.0270565221095
0.0291630092524
0.0326788435585
0.0363090826178
0.0378145398531
0.0402500224425
0.0441630172313
0.0446809172752
0.0464350242956
0.0494767012793
0.05288574986
0.0562383422697
0.0547403849044
0.0566684127295
0.0598145525129
0.0619227773003
0.0608026539058
0.0628092761576
0.0649924059752
0.0670959804606
0.0695388533276
0.0714417504026
0.0738097395372
0.0752791773248
0.0786710406953
0.0811556238052
0.0826888942178
0.0856258223625
0.0863968767396
0.0878502689665
0.0883736407845
0.088106768678
0.0908748473348
0.0898549931765
0.08934256786
0.0893273185146
0.0881317852233
0.0883750077701
0.0876588345481
0.0855869988205
0.0817681957089
0.0808199975079
0.079417478234
0.0766677893754
0.0739362410402
0.0713201336061
0.0679774599037
0.06373806891
0.0596551042846
0.0553801176021
0.0510702031304
0.0460848326223
0.0411738460043
0.0389762844551
0.0350242935017
0.0290932970544
0.0251137832326
0.0210357102687
0.0190058257301
0.0152400330554
0.0113299178424
0.00885601802902
0.00572069060339
0.00535771103423
0.000174292832744
-0.000795974186844
-0.000583060421259
-0.00280959456027
-0.00503612869929
-0.00716018767416
-0.00977843740927
-0.0105670807483
-0.0122217995017
-0.0128981577174
-0.0124170696125
-0.013123957031
-0.0124605999688
-0.0117972429065
-0.0111338858443
-0.00936530977505
-0.00893913709422
-0.00837542520621
-0.00802692395516
-0.0076330715422
-0.00643501693514
-0.00523696232807
-0.00403890772101
-0.00284085311394
-0.00303259189328
-0.00212052029409
-0.00156431808529
-0.00115619451692
-0.000596085664049
0.000416222064259
0.0027496462482
0.00428782371272
0.0056815524173
0.00814423444544
0.010313339569
0.013368978127
0.0161963275578
0.0190951226631
0.0222864132798
0.0247848739568
0.0276084729024
0.0296918601787
0.0317011612899
0.0357986788351
0.0369247525309
0.0397230039612
0.0411204130387
0.0432579504812
0.0426377430183
0.0470896660993
0.0479461227795
0.0488010681415
0.0504954613696
0.0500973107476
0.0503051905573
0.0523117795101
0.0531043216214
0.0510831827977
0.0504620803158
0.0493109222595
0.0485427757663
0.0475647689592
0.0453673540258
0.0432809244695
0.0408092841122
0.0386274775833
0.0368763840421
0.0367685541866
0.0340804382187
0.0320239589585
0.0304143628178
0.0282645763723
0.025271065852
0.0260925377127
0.0253373059968
0.0249594598418
0.023391533128
0.0229343698459
0.0225345753413
0.0214366361907
0.0211746820728
0.0251001210262
0.022025551965
0.0222442923689
0.0233995781759
0.0245548639829
0.0243156209019
0.0266123385883
0.027432406583
0.0283857787471
0.031257946923
0.0316428551345
0.0351456928225
0.0355339396953
0.0357284217761
0.036861602331
0.0379140410354
0.0391084897336
0.0402559946043
0.0397193433055
0.0414848168306
0.0403727309252
0.0406602516238
0.0419882678095
0.0412116975545
0.0417149609121
0.0415554941748
0.0423939329029
0.0431183132288
0.0438426935547
0.0454586046833
0.0467159462074
0.0475100960755
0.0471626529533
0.0484741068835
0.049755742427
0.0486891624876
0.0476225825481
0.0476362207742
0.0485438349495
0.0481955260299
0.0473893779526
0.046940107117
0.0464039094321
0.0489841973022
0.0453744601148
0.0441655239461
0.0436187039877
0.0411560745329
0.0394207861835
0.0372724740326
0.0366495415155
0.0316903796322
0.0312880700686
0.0285496854811
0.0299168867287
0.0244566884236
0.0225311389379
0.0180214504756
0.0134346152136
0.00952504924566
0.00635201228543
0.00286389250739
-0.000369696215056
-0.00449389773638
-0.00775517700583
-0.0118577713773
-0.013964712817
-0.0170146055664
-0.0206012481139
-0.0218355070732
-0.0231548905312
-0.0246454252392
-0.0249500252846
-0.0268694635847
-0.026219964087
-0.0275829533966
-0.0245825631036
-0.0243778418367
-0.0234516161068
-0.0229388887239
-0.0219653107451
-0.0206104336433
-0.0176358049796
-0.0141251108191
-0.0140474375306
-0.0119620121499
-0.00926044230084
-0.00744503111176
-0.00208538351569
-2.34842466847e-05
0.00346002148725
0.00556330075998
0.00825129847527
0.0116012245768
0.0141779331687
0.0168608204767
0.0181395924933
0.0224504617764
0.0233630597152
0.0250359919635
0.0266849703725
0.0297681812066
0.0311881528329
0.0342217286631
0.0351493357908
0.0381104267863
0.0395830120643
0.0425052385468
0.0466520435428
0.048657700676
0.0520947568427
0.0545793512455
0.0572320847726
0.0606723647125
0.0641850898736
0.0663639446081
0.068876877797
0.0712961864034
0.0727947179884
0.0749167443097
0.0774512485067
0.078412723342
0.0801996941462
0.0795201620886
0.0788406300309
0.0824088706324
0.0837930718261
0.0834130601758
0.0830330485255
0.081021881859
0.079904189818
0.0790533656137
0.0774168926524
0.0766659977833
0.0755256143334
0.0732547622144
0.0705814619796
0.0689515018708
0.0654651478755
0.0618273051652
0.0593464526258
0.0561340481642
0.0531575764007
0.0504845426663
0.0482268928805
0.0480704713447
0.0450183772377
0.0403702217076
0.0421481983641
0.0406569015377
0.0378766525381
0.0357778552522
0.0343177317689
0.0325409748072
0.0312441655419
0.0295779570964
0.0299194150726
0.0293354650946
0.0285478052699
0.0266416046808
0.0270089274468
0.0268609985341
0.026566895237
0.0264841207476
0.0265965215619
0.0254725970382
0.026634238288
0.0254847206815
0.0248153113249
0.0240208128952
0.0237845590364
0.0223260256764
0.0213772633078
0.0206718053654
0.0186120650166
0.017626556616
0.0151130678626
0.0134534014306
0.0126619581257
0.0115600968963
0.00875372684204
0.00678213292302
0.00643580806497
0.0068327105647
0.00722961306443
0.00504188767558
0.00383801129123
0.00391582229995
0.0036698738485
0.00393404467094
0.00382452529465
0.00426280887718
0.00368750332361
0.00460997572172
0.00320834889234
0.00326460467636
0.00282638962381
0.00211621104048
0.00147997588309
0.000506809656747
-0.00011891193841
-0.000927747538043
-0.0014624023183
-0.00274051473493
-0.00362308221844
-0.00552270528308
-0.00703796024386
-0.0090383705148
-0.00943391351799
-0.0106441474458
-0.0120204048239
-0.0129071018818
-0.0154235690668
-0.0187120945319
-0.0211452213129
-0.0230813440143
-0.023616088512
-0.0252515964057
-0.0268947382266
-0.0284833851013
-0.030072031976
-0.0309666536552
-0.0286636850307
-0.0303139987843
-0.0317786770267
-0.031008031935
-0.0308790992172
-0.029952869672
-0.0288654238071
-0.0272013532006
-0.0254226882534
-0.0205496898156
-0.0156766913777
-0.0108036929399
-0.005930694502
-0.00105769606415
-0.00300798939098
-0.00279936651737
-0.00155402997283
0.00094543214922
0.00342338784679
0.00536957363689
0.0092689908488
0.0126794426037
0.0163092864097
0.0202862818003
0.0246289295831
0.0285636184839
0.0311051007096
0.0349522239926
0.0360095682855
0.039466381589
0.0413953470327
0.0438436953574
0.0472429479822
0.0476466665184
0.0514723352176
0.0546442802263
0.0577329831354
0.0614546132295
0.0631292343281
0.0662078312513
0.0693203293949
0.0732232503474
0.0760037209811
0.0787641932197
0.0820015875916
0.0826903529836
0.0881309342309
0.0903260009173
0.0935276131291
0.094837474664
0.0969526938136
0.0986578197322
0.100841340618
0.101281902594
0.102448776632
0.103095036777
0.103560565712
0.103954036512
0.102504985011
0.102116709433
0.101180576828
0.100415286393
0.0989438214831
0.0970430203407
0.095874091504
0.0935374665214
0.0912299234782
0.0886084836814
0.0857109971378
0.0794200920676
0.079331580952
0.0755014120571
0.0714588433244
0.0678572990406
0.0639732760573
0.066014542858
0.0624201979293
0.0588258530006
0.0516647034766
0.046587963852
0.0428633461388
0.0379995893131
0.0356351170204
0.0325030832192
0.0297549808748
0.0273794804776
0.0247773052329
0.0220653853961
0.0199813638514
0.0173318401749
0.0162464150481
0.014392279007
0.012520711555
0.0106489057939
0.00877710003288
0.00770736832834
0.00844985704285
0.00603081332208
0.0054861837931
0.00487794684928
0.00213546848853
0.00108832228529
-0.000525351493377
-0.00207069234325
-0.00442169180404
-0.005999224895
-0.0073683558556
-0.0100032649546
-0.00979270047355
-0.011680272344
-0.0135678442144
-0.0165373062874
-0.0182596698628
-0.0193716328473
-0.0203768171629
-0.0208280896076
-0.0218205707227
-0.0212760189877
-0.0207314672526
-0.0201957633148
-0.0187931678336
-0.0182883278281
-0.0182554092809
-0.0176878714446
-0.0169994762165
-0.0149990078099
-0.013651660269
-0.012983443219
-0.0134478969834
-0.0154954140774
-0.0121929831461
-0.0101581260409
-0.0107633637033
-0.0112748844007
-0.0105594751633
-0.0104671632113
-0.0106960792265
-0.0106835179591
-0.0106804573093
-0.0108065681571
-0.0112662553164
-0.0134322439079
-0.0116483911921
-0.0127209740914
-0.0136379659129
-0.0153281767868
-0.0171343953177
-0.0180372220318
-0.019945682794
-0.0204783302113
-0.0216985895609
-0.0230138747612
-0.0215542695162
-0.0242056229658
-0.0246821532079
-0.0249857750446
-0.0248660576955
-0.0239708252942
-0.023925985146
-0.0225680728883
-0.0212258368228
-0.019402928265
-0.0172119913999
-0.0146832796559
-0.00795518884993
-0.00987234582466
-0.00682381503093
-0.0051584912914
-0.00379997873227
-0.000903361897051
0.00177644345266
0.00464899962678
0.00815060972799
0.0114427430263
0.0151064592488
0.0193767654849
0.0217154224548
0.0240612963031
0.0288998807624
0.0321357684537
0.0353704867963
0.0385430665323
0.0403954667852
0.0428146801007
0.0447834335539
0.0471085274385
0.0491640908465
0.0517852933804
0.0537264548158
0.0557542328579
0.0577820109
0.0598097889421
0.0620144086114
0.0656879377394
0.0675224660461
0.070198419871
0.0729305614436
0.0761550299715
0.0789928417703
0.0831200200307
0.0857772231376
0.0851480047413
0.0912645860502
0.0927344953091
0.0948964966534
0.0967810777297
0.0987175399732
0.102054797162
0.103305634589
0.104556472015
0.103268135651
0.101979799287
0.101703778285
0.101427757283
0.101059837672
0.0998523414869
0.0975756049696
0.0948950708453
0.0944684328859
0.0915126092032
0.0865114688285
0.0840183429864
0.0807467872062
0.0754586554612
0.0735607340935
0.0655059402997
0.0642507539792
0.059224825356
0.053301504914
0.0487482831837
0.0436050154752
0.0388983274282
0.0340480314368
0.0280367922558
0.0245198118218
0.019128017896
0.0155222458436
0.0112395713686
0.0117528129794
0.00429295215696
0.00188635748251
0.00158886145586
-0.00353324761901
-0.00584249307592
-0.00757308901269
-0.00928666460385
-0.0120509149361
-0.0130025127408
-0.014614417557
-0.0161661207242
-0.0153435327896
-0.014434019093
-0.0167574885337
-0.0171755518183
-0.0154699187041
-0.0175478723285
-0.0174599389152
-0.0178059246977
-0.0188830790781
-0.0190553688181
-0.0202306124581
-0.0202662793698
-0.0199380056626
-0.0214993724499
-0.022386684969
-0.0221558169491
-0.0214542052398
-0.0225995055709
-0.0225304835259
-0.0215524995552
-0.0212838400175
-0.0190801909156
-0.0160517648376
-0.0143503814535
-0.0136900271548
-0.012526728834
-0.00963158268013
-0.00805712363088
-0.00546149160921
-0.00301928784922
-0.00101128288777
0.00192473326177
0.00507506586875
0.00653781879783
0.00881588612759
0.010093553476
0.0113712208245
0.0118862881278
0.0132645462774
0.0138012832793
0.0150484431819
0.0150721976293
0.0173136785642
0.0156478878744
0.0152029886098
0.0159820751444
0.0151970414474
0.0123750332325
0.014014481696
0.0145773570895
0.012318162482
0.0113833928863
0.0110098516888
0.00813337916608
0.00720765330517
0.00572214151209
0.00340716189532
0.00206695050787
0.000676404679746
0.00389497928954
0.0026258940228
0.00135680875607
-0.00108823481019
-0.00114029601555
-0.00203516126133
-7.51456032632e-05
-0.000741683139695
0.000796165318758
0.00049635664265
0.00246512545425
0.00304598003681
0.00607954334261
0.00715704680428
0.00736991076456
0.00899604299693
0.0110029012952
0.013288772015
0.0151724062249
0.0178680579422
0.0208229111201
0.0232409505542
0.0259456025158
0.0282492378801
0.0282077420132
0.0324587284788
0.0349582967517
0.0372148705503
0.0396487780224
0.0404259671538
0.0418980767315
0.0433595501097
0.0444391849629
0.0462459553899
0.0476638693382
0.049102025342
0.0511905571816
0.052558441211
0.0546288975611
0.0562618959729
0.0580884869565
0.0600701424761
0.0622807073028
0.0643795930589
0.0665424081393
0.0694765573819
0.0701734335002
0.0722136495339
0.0711922855726
0.0745723957003
0.0745934029853
0.0756921947982
0.0748181250425
0.0739348101744
0.0738463720571
0.0729879019678
0.0716650789541
0.0710279980153
0.0705843210556
0.0673080255182
0.0649144462089
0.0612661205969
0.0586730021523
0.0552483619026
0.0520782651192
0.0485847680056
0.0451915979715
0.0422118640363
0.0383504267722
0.0342576437516
0.0288744369197
0.0262450911375
0.0210974517728
0.0159498124081
0.0131675554205
0.00848887225751
0.00706295464444
0.00103293994988
0.000215070866413
-0.0033867468412
-0.00740013794507
-0.00936641788913
-0.00853263396433
-0.0114310474115
-0.0153265789472
-0.016875188729
-0.0191274855731
-0.0216766715523
-0.0230210680122
-0.0240056743667
-0.0232535639218
-0.0239605063284
-0.0230442829095
-0.0236274147931
-0.0245029227413
-0.0242867927046
-0.0252277880925
-0.0220421635348
-0.0204538726783
-0.018366609423
-0.0192999006261
-0.0178102252474
-0.0165902885909
-0.0153094290844
-0.0142971568628
-0.0125049445305
-0.0117516584211
-0.0107558281074
-0.00907931776094
-0.00745172216136
-0.00428264800102
-0.00313854208317
-0.00310983081911
-0.00221395810293
-0.000491194222167
0.00116671710123
0.00339047342275
0.00543406779498
0.00866120925973
0.0115389669973
0.0127477455652
0.0184659339285
0.0211614067198
0.0250675084327
0.0292124499681
0.0302305155802
0.036535665044
0.035938537326
0.0375665562082
0.039912017062
0.0419124374559
0.0446177864099
0.0454108372138
0.0472550593846
0.0489471101525
0.0499226785696
0.0507975178589
0.0510639667867
0.051073337664
0.0508171989526
0.0504226334957
0.0499172109325
0.0492454047558
0.0483236123552
0.0446802274029
0.0455324337464
0.0434870597574
0.040737331769
0.0383897794375
0.0372084341748
0.0348939811229
0.031941574505
0.0299057156467
0.0285535629405
0.0247607431844
0.0225761565888
0.0205701497437
0.0196857211242
0.0183541252047
0.0185194082433
0.0162771664509
0.0153076705176
0.0140712152801
0.0143016592006
0.0143055282385
0.0138064653178
0.0141348430704
0.0150067517395
0.0154667538698
0.015926756
0.0166124282811
0.0178850109931
0.0188986469478
0.0192736619793
0.0204881136469
0.0222439646302
0.0236057549602
0.0240857816589
0.0255920089467
0.0260332137074
0.0282214154855
0.0273062449432
0.0267299524075
0.0266876875901
0.0267130407383
0.0264716202078
0.0257748272802
0.0253126020947
0.0246524506747
0.0247257840066
0.02328053746
0.0231814833109
0.0216666462555
0.0234508281059
0.0224101193163
0.0238127166723
0.0231525064491
0.0234931482758
0.0239561166027
0.0244249826169
0.0238036522345
0.0247188147267
0.024743502706
0.0244505763166
0.0253212888721
0.0248655206431
0.0236444273968
0.0239886378012
0.0229192231835
0.0218720688363
0.0213528738813
0.0203006065329
0.0191336604587
0.0197334290605
0.0194897743919
0.0169668462994
0.0119744682396
0.0111506120311
0.00933496033587
0.00642558568725
0.00411244100584
7.1841170697e-05
-0.00239302367266
-0.00611497050108
-0.00923615248684
-0.0122273777247
-0.0157564539603
-0.0188849781362
-0.0223835004618
-0.0240271212334
-0.0266761761217
-0.0288999307515
-0.0309936297702
-0.0334530784305
-0.0347302010189
-0.0347630203145
-0.0343071251262
-0.0358324397749
-0.0365338437655
-0.0364220055672
-0.0366988036835
-0.0357701750079
-0.0344737891412
-0.0333796887164
-0.0318511468433
-0.0304002092982
-0.0284929177288
-0.0251803192777
-0.0237669564295
-0.0198150514263
-0.0163238231604
-0.0135223051983
-0.0120667195316
-0.00720740206995
-0.00405782424022
-0.00144025734023
0.00125486389598
0.00497191685474
0.00736219445308
0.0104504341364
0.0130509012717
0.0156159416701
0.0179238730175
0.0222013777238
0.0261348266966
0.0300682756694
0.0294846394437
0.029604950684
0.0324101699207
0.0348204748481
0.038815297858
0.0463888511798
0.0486662458859
0.050943640592
0.0504881731685
0.0523340102606
0.0555269808841
0.0572006217322
0.0599401749773
0.0624314355864
0.0644907621856
0.0678098933199
0.0702678192898
0.0718543593272
0.0725630217083
0.074253530836
0.075320345976
0.0771456076963
0.0781019804761
0.0798202749617
0.0788329568727
0.0788760240107
0.0780101611142
0.0771119653697
0.0761770825307
0.0749629689933
0.0734011614905
0.0716962484855
0.0699109655306
0.0675313073095
0.0662829631018
0.0632794407044
0.0599335780755
0.0576858342692
0.0542838191507
0.0511468750568
0.0489929349692
0.045106812279
0.0429141831754
0.0396719546527
0.0374755555714
0.0362377800649
0.0340144319823
0.0317877900381
0.0326816511622
0.0283046279364
0.0260444630293
0.0248549897908
0.0253900540741
0.0218571845324
0.0213992235481
0.0204344866755
0.0190825310163
0.0178478693345
0.0150407777091
0.0135677936158
0.014275914949
0.013875803824
0.0111104497052
0.0106718988668
0.00945907128422
0.00899336437521
0.00839363086705
0.00695963016169
0.00823667091919
0.00509230772002
0.00108554080604
0.00130803256794
-0.000390602901624
-2.9659831963e-05
-0.00471417929602
-0.00588233484248
-0.00738659448834
-0.00975655837854
-0.0104307071725
-0.0119916947333
-0.0138114739604
-0.0145185841138
-0.015690605935
-0.0164636428793
-0.0170220746085
-0.0168547433443
-0.0173033592152
-0.016890576812
-0.0172458990112
-0.016595184789
-0.0170562443295
-0.0164286739664
-0.0157230152577
-0.0163100097652
-0.0155157993686
-0.0147215889721
-0.0145325623394
-0.0154971301619
-0.0149379194707
-0.0149266071192
-0.0151802368549
-0.016086672959
-0.0165892084218
-0.0176662076223
-0.0186964512967
-0.0186975262869
-0.0207279274135
-0.0206239148171
-0.0203218728008
-0.0213735424608
-0.0243431293334
-0.026004183078
-0.0272544886637
-0.0301251917408
-0.0315075437868
-0.0304999385432
-0.0337178811652
-0.0343015617998
-0.0373242114655
-0.0367101340713
-0.0354608376099
-0.0358613811042
-0.0362022922127
-0.0348081327896
-0.0352589536351
-0.0348239940238
-0.0327723038939
-0.0319120470174
-0.0317717143267
-0.030148342671
-0.0281223333671
-0.025413039974
-0.0227649421652
-0.0198372799866
-0.0182827083241
-0.015690142162
-0.0124104987088
-0.0102379689321
-0.00718364799381
-0.00290457584552
0.000249835303578
0.00515328179609
0.0069908210979
0.0121047433867
0.0145327623214
0.0179407003165
0.0213549296094
0.0237166589188
0.0279730519246
0.0302010236515
0.0335893803645
0.0428807774476
0.0448569645869
0.0452124163507
0.0467367885912
0.0478987028618
0.0500430150671
0.051711051363
0.0549928500779
0.0573481963466
0.0598017332874
0.062866649958
0.0666098113457
0.0704277272876
0.0723080132356
0.0755055583181
0.0809509601292
0.0822059011756
0.0852610151628
0.0879025583907
0.091624184841
0.095908571557
0.0952124703065
0.0975950540162
0.0970948045434
0.0978651809115
0.100080547798
0.0980446454423
0.0975040214925
0.0986194815771
0.0969263739329
0.0962573586524
0.0955573889244
0.0946650434729
0.0917848913485
0.0904303837337
0.086365396297
0.0835191687503
0.080126020502
0.076995261127
0.0724332648423
0.0678712685577
0.0663575400576
0.0616909189651
0.056561735232
0.0508934922067
0.0477895354562
0.0435081650026
0.0403222774138
0.0359565334999
0.0310442584022
0.0266873657395
0.0235344346037
0.0198287959193
0.0165118957937
0.0135822216802
0.00979742245025
0.00748076521351
0.00426656597326
0.00152964992445
0.000226783158225
-0.00132131669592
-0.00561991801133
-0.00307075750623
-0.00448830194571
-0.00796748468263
-0.00996321225401
-0.011268674499
-0.0131582755502
-0.0148586637806
-0.0153745911278
-0.0166774097917
-0.0168163787338
-0.018964289963
-0.0195886844142
-0.0189119651832
-0.0193462521929
-0.0197805392025
-0.0202148262122
-0.0243654816495
-0.0255269392835
-0.0276290613014
-0.0285519370862
-0.0309344406196
-0.0321709573541
-0.0331051234034
-0.0339485131921
-0.0337266103579
-0.033322664656
-0.0327909696804
-0.0317703546424
-0.031365318236
-0.0291338086556
-0.028873592346
-0.0276129925962
-0.026664123536
-0.0244005658403
-0.0226814914954
-0.0214181328202
-0.0213780354631
-0.018428818512
-0.0169595583773
-0.0154902982426
-0.0140210381079
-0.013619597101
-0.0133732192723
-0.0143558122116
-0.0136586232031
-0.0135300245042
-0.0126788178462
-0.0126813985624
-0.0124939914414
-0.0155287868288
-0.0134229505534
-0.0135832090446
-0.0150779305974
-0.0162469918724
-0.0151321071803
-0.0167258704894
-0.017247633645
-0.0191248444731
-0.0207853897779
-0.0223078879844
-0.0229889190298
-0.0237424078853
-0.0248320074449
-0.0246689638502
-0.0235017923124
-0.0224580646572
-0.0211178310383
-0.0188073972384
-0.0171318072933
-0.0166821588395
-0.0161950901993
-0.0147025329502
-0.0109737878272
-0.00905324555985
-0.0071327032925
-0.00521216102515
-0.00254260764914
-0.000865688142768
0.00118887488795
0.0048509898949
0.00851498432387
0.00975291298406
0.0150594912988
0.015725173884
0.0189421387935
0.0209547346401
0.0265003052607
0.0284203646
0.0309196395444
0.033627108115
0.0348472843958
0.0375600531486
0.0401300971228
0.0423586729507
0.0465058205526
0.0453656082566
0.0470340576505
0.0490225407428
0.0513814748997
0.0548558180308
0.0565354688623
0.0579789209088
0.0599896493496
0.0629499731266
0.0646501003485
0.0681188728153
0.0707793795999
0.0731240450667
0.0755115911492
0.0780499411198
0.0796192878088
0.0814235355855
0.0839326411214
0.0857502726674
0.0868993355187
0.0882750404575
0.0902699462763
0.0897910031442
0.0894545187703
0.0892175173692
0.0884126125849
0.0847963568435
0.0855271505478
0.0832420566537
0.081646505669
0.0786495712668
0.0764596062635
0.0758080624756
0.071607145685
0.0668841390476
0.0634962824128
0.0588336285334
0.0545658347214
0.0495977301945
0.0441880384981
0.0389528762781
0.0334399455334
0.0278590515029
0.0230801161056
0.0174741773936
0.0131234650855
0.00911438651316
0.00564876302415
0.00265320870077
-0.00203704875046
-0.00475321468743
-0.00891188711309
-0.0125153739108
-0.0149272564948
-0.0183791423884
-0.0212149478807
-0.0228751382637
-0.0247464672224
-0.0268777352488
-0.0280451368996
-0.0297213074907
-0.0310330413888
-0.0317308829118
-0.0328195388094
-0.0333244030423
-0.0330328313106
-0.0319087432996
-0.0316261334647
-0.0307432186972
-0.0294554093595
-0.0282878284282
-0.0306639736034
-0.0312408394351
-0.0314555826643
-0.0312797839933
-0.0311039853223
-0.0300366803198
-0.0291574931754
-0.0293693351255
-0.0275408269107
-0.0298154458319
-0.0289710588012
-0.0269609803371
-0.0252766597595
-0.0216888579115
-0.0206564110957
-0.0177812690726
-0.0158612207972
-0.0127225252099
-0.0106217014339
-0.00420122760734
0.00221924621923
0.00579065171647
0.00936205721372
0.00819431047923
0.00876630727747
0.0107898685954
0.0129812062787
0.0119106893549
0.0129954316828
0.0146232981886
0.0154380691699
0.0160737087795
0.0172147021502
0.0171488722872
0.0179030432743
0.0186572142613
0.0194113852484
0.0188651395472
0.0163390107501
0.0157493891733
0.0152719358985
0.0140483426918
0.0128443010282
0.0115188235643
0.00967763297978
0.00760729375754
0.00760905322878
0.00438567655888
0.00227468320869
0.000463511831212
-0.000974829943569
-0.00237861132699
-0.00286631799027
-0.00324550906738
-0.00297865435508
-0.00324442863859
-0.00475712210921
-0.00537788673535
-0.00420619241696
-0.00316205305737
-0.00386439272774
-0.00324338326694
-0.00302250523578
-0.00179008432739
-0.00162141881558
-0.000253011196403
0.00113020656981
0.00308780968824
0.00498463203452
0.00673676657734
0.0078467138157
0.0100416544912
0.0130574456612
0.0195904832572
0.0212915308957
0.0225610646934
0.0262116143283
0.0299391468168
0.0297029034494
0.0310155305641
0.0323064511148
0.0322253586424
0.0340161832144
0.0343061521129
0.0345262136823
0.0357844712235
0.0368726990998
0.0383048005545
0.0397369020092
0.0396820695538
0.0420180975681
0.0442080383325
0.0464309023282
0.0481948229571
0.0504806713601
0.0526804897553
0.056860037257
0.0569976587326
0.0567355762187
0.0572289097127
0.0577222432068
0.0573162185605
0.0558512333188
0.0552556897293
0.054058665544
0.0525249546633
0.0523067660813
0.0507377315371
0.0525177445881
0.0481070211476
0.0431763918815
0.0447433458335
0.040152681989
0.037818429185
0.0342728953526
0.0296636009354
0.026856102595
0.0240252770705
0.0211137900048
0.0181341509203
0.013986521535
0.00785094534489
0.00544637910718
0.00304181286947
0.000637246631756
-0.00176731960595
-0.00417188584367
-0.00657645208138
-0.00898101831909
-0.0113855845568
-0.0163104604106
-0.0212353362645
-0.0261602121183
-0.0234789107296
-0.0296455520116
-0.0280235623993
-0.026401572787
-0.0247795831747
-0.0231575935624
-0.0215356039501
-0.0199136143378
-0.0182916247255
-0.0166696351132
-0.0150960907777
-0.0135225464423
-0.0119490021069
-0.0103754577714
-0.0145742961281
-0.0131085097559
-0.0107108626004
-0.0115202915362
-0.0138581736057
-0.0131083095829
-0.0108832101693
-0.00925911813513
-0.00895295424827
-0.00746634478236
-0.0085405418871
-0.0053366375233
-0.00583397898726
-0.00428711881977
-0.00334976923018
-0.00119922387437
0.000174827246607
0.00236701317815
0.00121548915011
0.00537562672908
0.00637953387445
0.00737375474007
0.0117334171918
0.0148410918575
0.0201716100136
0.0255021281696
0.0269403896532
0.0303601646266
0.0337081491184
0.0347622652797
0.0358406809944
0.0412877578384
0.0425837094475
0.0444832158813
0.04619377462
0.0481405745749
0.0483366759441
0.0492346596828
0.0500475231348
0.0512669394483
0.0496710914919
0.0510947698634
0.0494860813631
0.0488446981221
0.0485761404339
0.0472711857473
0.0444835313281
0.0443613301413
0.0428570999216
0.041352869702
0.0398486394823
0.0386222678258
0.0369321616314
0.0369702122907
0.0370082629499
0.0370463136092
0.0340185912009
0.030816216698
0.0323624925616
0.026024607311
0.0264331896333
0.0268417719556
0.0266961205497
0.0265504691439
0.0217332550127
0.0219438632146
0.0166899242554
0.0150352922546
0.0116467999845
0.0106571312806
0.0112404869354
0.0127425829681
0.0103612779099
0.00837770114454
0.00908517122063
0.010505315685
0.0119254601494
0.0121229679471
0.0123204757447
0.0125179835424
0.01271549134
0.0129129991377
0.0158459805402
0.0137283125053
0.0124758025839
0.0149513638808
0.00970920145219
0.0133702525544
0.0108807810562
0.0107246867209
0.00983248340861
0.00597255620016
0.00851700605801
0.00685205524085
0.00568519131142
0.00606294662879
0.000499308908301
0.000511352095626
-0.000177917806476
0.000897754009804
-0.000953932291369
-0.000822657684908
0.00145261046311
0.00128503886551
0.000388466772673
-0.00109471004028
-0.000213828073085
0.000667053894111
0.00132103865372
0.00128998138786
-0.00030404028154
0.00198550724304
0.00174193341038
0.00177114557099
-0.00196432584171
-0.0016582865214
-0.00280134780525
-0.00446175331302
-0.00586499971151
-0.00497127184913
-0.00751056023837
-0.00956737898085
-0.0110597614781
-0.0143142291441
-0.014838205374
-0.0172906256968
-0.0196519355389
-0.022145297716
-0.0243863488245
-0.0278926944186
-0.0295344383923
-0.0308867431006
-0.0351315926217
-0.0369744371349
-0.0386762189991
-0.0403298336782
-0.0417846897464
-0.0430786040078
-0.0453239394176
-0.045107684888
-0.0439180862971
-0.0433853925167
-0.0433109156988
-0.0417929492201
-0.0408874324445
-0.039981915669
-0.0390763988934
-0.0383707920288
-0.0357600572252
-0.0344439026321
-0.0327570105983
-0.0264782879533
-0.0246491040296
-0.0219633148849
-0.0201580447197
-0.0173007866156
-0.0129296093503
-0.00950422741719
-0.00329539379816
-0.00355179829191
-0.000207945285701
0.00153131215977
0.00482852707498
0.00813133426115
0.0120236412915
0.0149773525589
0.0157864447435
0.0167123373823
0.0210794797458
0.0254388330059
0.029798186266
0.0318506042793
0.0339030222927
0.035955440306
0.037441773752
0.0408846214128
0.0436549726126
0.0464253238123
0.0491956750121
0.0502931854342
0.0542634247676
0.0582336641009
0.0556404454033
0.0589561335997
0.0615156021895
0.0661272327734
0.0697481309876
0.0691959487192
0.0720272252
0.0731316810362
0.0742361368724
0.0727327449576
0.0740704211439
0.0766955897555
0.0764019350539
0.0761082803523
0.0726042360436
0.0740174187175
0.0734004740188
0.0711586791786
0.0694307132246
0.0673941351941
0.0660040976694
0.0641919940883
0.0608763434996
0.0594358408305
0.0558830638332
0.0530517685062
0.0514200667049
0.0475421639897
0.0444930508716
0.0413498124019
0.0382704168527
0.0332174320149
0.0307448580656
0.0280142889448
0.025460123448
0.0251110750785
0.0198907300369
0.0172752400283
0.0170403880368
0.0124269097525
0.0110132347445
0.0122898034341
0.00886990558491
0.00498445076566
0.00476673832676
-0.000230361925042
-0.000246146352272
-0.00271958119081
-0.00481026039698
-0.00536655586312
-0.008404952111
-0.00763352070553
-0.0101625790497
-0.0107376551624
-0.0113635942198
-0.0147319805542
-0.0125363654346
-0.0149678482908
-0.0165835133797
-0.0181991784685
-0.0203452731008
-0.024631374537
-0.0279037012587
-0.0284275941573
-0.0290388780533
-0.0296501619493
-0.0311899019038
-0.0327296418582
-0.0331842404839
-0.0354752861294
-0.0382980549711
-0.0390529214873
-0.0390906945574
-0.0393891779623
-0.0387847541241
-0.03767185451
-0.0387963331515
-0.0369412806586
-0.0365236116623
-0.03581477667
-0.0358239943384
-0.0361070910351
-0.0349176239378
-0.0332515425117
-0.0327809121022
-0.0339416691687
-0.0341359113572
-0.0333923859986
-0.0332182922459
-0.0333493551947
-0.0334804181434
-0.0348667251033
-0.0344263547872
-0.0345817682557
-0.0347882809982
-0.0356495250591
-0.0383073981712
-0.0377371883832
-0.0379599173345
-0.0379809701643
-0.0384063108179
-0.0390892205707
-0.038802844842
-0.039890426886
-0.0413161161433
-0.0387144458729
-0.0420153437628
-0.0427409355349
-0.0433040758205
-0.0434424641672
-0.0430731546553
-0.0427915771486
-0.0413580418018
-0.0403556315393
-0.0390181895003
-0.0381191676937
-0.0356851366351
-0.0346170811309
-0.0326057227184
-0.0308555877655
-0.0278875145132
-0.0258180667929
-0.0237145259324
-0.0197640356468
-0.0158164924679
-0.0125726011424
-0.00968045485554
-0.00696641733371
-0.00414107039405
-0.00121970104817
0.0023734976666
0.005405849246
0.0114943780523
0.0175829068585
0.0236714356648
0.0238134225728
0.0248190038003
0.026886075011
0.0293805366296
0.0316501862443
0.0334407384677
0.0356173177573
0.0374205521566
0.0399038592126
0.0418931170973
0.0441684044345
0.0470477251244
0.0499119998326
0.0522652860023
0.0548571207462
0.0570619598834
0.0610827764659
0.0632463571691
0.0668758378747
0.069044924104
0.0712140103333
0.0738722737861
0.0814609658771
0.0821607390579
0.0846858871182
0.0855401805554
0.0870609334566
0.0876956414746
0.0887371857935
0.0881016314503
0.0880655425069
0.087252337465
0.085547083027
0.0845259787288
0.0822690667583
0.080935295191
0.0786550345416
0.0760989548038
0.0746837881457
0.0708970313423
0.0675503861246
0.0641691061439
0.0599028607493
0.0559630063192
0.0510450316444
0.046439998203
0.0411494155516
0.0364585063416
0.0311589823537
0.027264054457
0.0220608420851
0.0171888472411
0.0124117888199
0.00896203136979
0.00505941407924
0.000577983516282
-0.00350787413314
-0.00825241192108
-0.0110407373443
-0.0145960284114
-0.0177552974634
-0.0209127344893
-0.0239181560205
-0.0266671512965
-0.0285235266761
-0.0310753948902
-0.033149335635
-0.037714821276
-0.0359158100057
-0.0368563714866
-0.0376462545492
-0.0384262591725
-0.0394875232458
-0.0399125980958
-0.040686769177
-0.0412302366273
-0.0417845332273
-0.0431285197679
-0.0442314848098
-0.0467752244326
-0.0453758756455
-0.04626346648
-0.0474154827967
-0.0479439903868
-0.0481159586977
-0.0482082876299
-0.0495634019119
-0.0500818133369
-0.0501485361543
-0.0497899573536
-0.0487655879476
-0.0507488760281
-0.047429367919
-0.0464719800565
-0.045345023551
-0.0425784943978
-0.0407253489853
-0.0392805233752
-0.0370579317292
-0.0352827514889
-0.0337420443123
-0.0318189090972
-0.0299209124839
-0.0299999413732
-0.0260671561172
-0.024515395877
-0.0228071563137
-0.021446629283
-0.0199650179761
-0.0189024447709
-0.0179754459569
-0.0187301752011
-0.0175114680325
-0.0179396060506
-0.017200552074
-0.0176244187564
-0.0180482854388
-0.0173776013763
-0.0170527069887
-0.0196613619509
-0.0217895078624
-0.0233063462947
-0.0240879270666
-0.0258601878762
-0.0269113235125
-0.0279405153532
-0.028720721614
-0.0300856396337
-0.0307366403924
-0.0309722052796
-0.0324288942116
-0.032043457215
-0.031036856563
-0.0308203773052
-0.0304094118598
-0.0295471404577
-0.0289471654282
-0.0275933514512
-0.0262930115612
-0.0257939550405
-0.0229801318603
-0.0201486436925
-0.0174365787496
-0.0130848567501
-0.0113573767037
-0.00916163626904
-0.006906074622
-0.00411788378768
-0.00175405662377
0.000641507957022
0.00404282843551
0.0050567445108
0.0111760282372
0.0141908097456
0.016453440758
0.0191767175311
0.0213193381738
0.0228644552388
0.0246480741706
0.0266057772842
0.0286367643676
0.0307358088402
0.0331346313451
0.0305708194973
0.0367380140431
0.0383999354604
0.0411513888692
0.0427597707477
0.0449625068001
0.0482652474294
0.0509913892301
0.0538914685104
0.0569944841597
0.0586571915076
0.0602014305582
0.0582746933225
0.0617561162617
0.0632541865744
0.0640756101726
0.0653784477983
0.0667451391163
0.0672506577816
0.0663112192951
0.0666469923133
0.0667208028669
0.0655491836089
0.0636753518224
0.0600522560259
0.0605290079786
0.0579882091986
0.0604918907504
0.0570775272666
0.0536631637828
0.0535110240323
0.0483241154168
0.0431372068013
0.0344224759554
0.0291716668606
0.0239625825282
0.0169580126507
0.0136601107144
0.00778907589856
0.00284985306174
-0.00077635586986
-0.00722676849246
-0.012200158608
-0.0173958293375
-0.019782912963
-0.0221699965886
-0.0245570802141
-0.0269441638396
-0.0293312474652
-0.0317183310907
-0.0367228296208
-0.0410946023783
-0.0441587745166
-0.0463394962856
-0.0479294228062
-0.0508215600061
-0.0508025808752
-0.0519517493643
-0.0533892441296
-0.0537810932876
-0.0540498941842
-0.054337353617
-0.0537772027663
-0.0521958684984
-0.0519504216033
-0.0516189993462
-0.0506562013272
-0.0499315849024
-0.0490551980561
-0.0475000768644
-0.0477271687839
-0.0471951595451
-0.0455832280039
-0.0439712964628
-0.0414250681204
-0.0388788397781
-0.0363326114357
-0.0367005538074
-0.0360946798934
-0.0346343108744
-0.0330880720287
-0.0302109327919
-0.0256932905336
-0.0244711859561
-0.0273612136738
-0.0202370038512
-0.0186473996231
-0.0165730419495
-0.0143258499715
-0.0116378678276
-0.00939092580416
-0.00638300638183
-0.00393158239148
-0.0024178441497
0.000817914791872
0.00143944971079
0.00175132517033
0.00591107892359
0.00668869375665
0.00703917309991
0.00839457812653
0.00925355051308
0.00967423582553
0.00833968943612
0.00855448400989
0.00765723947935
0.00696287775467
0.00597079487515
0.00341926319287
0.00533563197095
0.00400491379545
0.00159492268474
0.000580057634852
-0.000956565228408
-0.00288678795801
-0.00488751388582
-0.00724927138655
-0.00921360564144
-0.00979400343945
-0.0107094320544
-0.0121765926649
-0.010949509488
-0.0127702433072
-0.0152042861581
-0.0166124132569
-0.0171595584164
-0.0179856537658
-0.0188399966307
-0.0198748758281
-0.0194633613985
-0.0205568253356
-0.0194496068282
-0.0192579382928
-0.0156099397226
-0.0146367812638
-0.0128960983232
-0.0122547954957
-0.0100869229293
-0.0086136666086
-0.00780895971342
-0.00702525201749
-0.00484572424136
-0.00292467250392
-0.00236261467883
7.3793605905e-05
0.00251020189064
0.00618737634904
0.00705900133662
0.00788431770101
0.00899934632278
0.00988717053685
0.0097637700435
0.00983962465949
0.0105347146373
0.0102479221035
0.0109441955826
0.0116319100576
0.0123196245327
0.0130073390078
0.0136950534828
0.0147111429026
0.0150940854289
0.0152641190738
0.0162019662511
0.0157290208717
0.0174429102081
0.0174643182935
0.0176211310866
0.0154836053195
0.0185185202197
0.0178418193176
0.0183291502996
0.0174792567861
0.0171103032206
0.016223703818
0.0141803771603
0.0127734793476
0.0116960937332
0.00957515684415
0.00834643288616
0.00382147786889
0.00301483435699
0.00150372389139
-0.00180470380739
-0.00558293285412
-0.00840498334232
-0.0122934763799
-0.0138781946641
-0.0179849511368
-0.0215772429232
-0.0249918312012
-0.0279843359822
-0.0364006369952
-0.0348192368619
-0.0378435134362
-0.0407020695555
-0.0435063236257
-0.0457597466164
-0.04773805044
-0.0496658649618
-0.0516821858125
-0.0534634913982
-0.053610684936
-0.0549106566441
-0.0579237008747
-0.0558154210174
-0.0555588522191
-0.0561018619594
-0.0554164006322
-0.05457556912
-0.0539640614687
-0.0524292602696
-0.0516080373433
-0.0506537694511
-0.047799902935
-0.0459162197799
-0.043923782576
-0.0375118451233
-0.0372399096077
-0.0361780482726
-0.0334406515867
-0.0317484832119
-0.0295324557968
-0.0268219358545
-0.0243922256712
-0.0234820161123
-0.0210567114441
-0.0198186214986
-0.017124282751
-0.016474840718
-0.0149462276693
-0.013420022189
-0.0118045547859
-0.0103102584759
-0.00888815572164
-0.00739107931114
-0.00529104239434
-0.00313264031962
6.46234240571e-05
0.00267717174506
0.00456176626693
0.0064463607888
0.0108320852393
0.0137427053403
0.0165816195017
0.0190318969882
0.0210107390938
0.0237116558923
0.0254330422308
0.0280952191887
0.0295536776604
0.0310769312499
0.03026522393
0.0347160398834
0.0349313880667
0.0352681811785
0.0352653516753
0.0357897935915
0.0348894233734
0.0337056453472
0.0329819119919
0.0313170895898
0.0307074460932
0.0304368875502
0.0259270065851
0.0273667419198
0.0247331274303
0.022515717208
0.0184393582728
0.0156562222088
0.0130925104747
0.0103794713284
0.00775406977528
0.00420663876432
0.00207425544878
-0.00114221608898
-0.00219127942769
-0.00324034276639
-0.00536743707824
-0.00641287404973
-0.00777098614449
-0.00836672938813
-0.00893353825936
-0.0106953610452
-0.0109790015561
-0.0114317395088
-0.0114869888197
-0.0125416445788
-0.0146084572685
-0.0119095117283
-0.0121038047448
-0.0122013564304
-0.0127488460971
-0.0122261744624
-0.0129565148043
-0.0119104556943
-0.0132733805611
-0.0139388604653
-0.0150144903444
-0.0150678736347
-0.0146994139783
-0.01371259606
-0.0163909505138
-0.0186429509357
-0.0203849340512
-0.0223853254169
-0.0231771699055
-0.0259216565615
-0.0280849031284
-0.0285218476994
-0.0291890159544
-0.030398380366
-0.0339156956619
-0.0342850981271
-0.0355423802347
-0.0358347379342
-0.0364851241478
-0.0370173348789
-0.0360713408717
-0.0367185489303
-0.0362124939243
-0.0358959639427
-0.0365356612368
-0.0354274103964
-0.0369859095193
-0.0352408163024
-0.0350649007944
-0.0349985304367
-0.0341486177954
-0.0328801655778
-0.0328806949928
-0.0322987606369
-0.0322794105338
-0.0343397753873
-0.035408872535
-0.0375367854716
-0.0392970110689
-0.0410572366662
-0.0399719299939
-0.041170457959
-0.0427006815087
-0.043952585646
-0.0455095061231
-0.0474204009012
-0.0490051720408
-0.0502417958947
-0.0520276023216
-0.0523762100699
-0.0560111754092
-0.0578167603306
-0.0579647140354
-0.057535581686
-0.0571064493366
-0.0562178914842
-0.0560301590142
-0.0551128609785
-0.0571522342724
-0.0570258575113
-0.0560807505057
-0.0557822398632
-0.0565817747414
-0.0530984530577
-0.0522900448938
-0.0496828522471
-0.0468479127552
-0.0446162336506
-0.042078922955
-0.0395471833161
-0.0361456238168
-0.0332328725755
-0.0274757564499
-0.0236727124093
-0.0198696683687
-0.0168170294718
-0.0142996308487
-0.0113126768641
-0.00835848536353
-0.00530825745399
-0.0030125431056
-0.000536635470134
0.000682356259741
0.00327673639224
0.00527933601745
0.00697117516107
0.00856848620043
0.0116985954478
0.0158582892339
0.0178854229623
0.0181885728299
0.0203607670771
0.0211737639336
0.0236854623687
0.0254564978019
0.0281323177724
0.0302011434081
0.0325113444224
0.0330077547917
0.0399172567705
0.0428441593701
0.0436216616761
0.0449639195997
0.0465956842778
0.0477584352395
0.0498511875933
0.0513558959491
0.0523815221066
0.0526980311335
0.0540001435571
0.0531067193531
0.0550331997911
0.0569596802291
0.05614459777
0.0545851449742
0.0538738699214
0.052341804685
0.0523176598181
0.0494121719771
0.0473791910343
0.0449168587977
0.0427199756486
0.035496842566
0.0381986149831
0.0354059439363
0.0310312594223
0.0295204155322
0.0256636034836
0.0217182122779
0.0182684630885
0.014308275754
0.0110387323583
0.00750601194851
0.00471469371413
0.000686075036655
-0.00334254364082
-0.00260330680212
-0.00610850758161
-0.00981967284636
-0.0120678281811
-0.0156296382251
-0.0174255865088
-0.0197544220027
-0.0200299306663
-0.0190392254666
-0.0242013453731
-0.0285365392553
-0.0285599901074
-0.0313592501332
-0.0338223444902
-0.0363416194246
-0.0380503125231
-0.0403996696997
-0.0416493923373
-0.042741130358
-0.0435799997731
-0.0456734626497
-0.0460224937403
-0.0469984714159
-0.0492512943162
-0.0486119924188
-0.0510878003514
-0.053322236292
-0.0555275719265
-0.0570043067735
-0.0589018251191
-0.060889209494
-0.0615336696148
-0.0632270953575
-0.0639272408902
-0.0657830883364
-0.0644147674894
-0.0639739566433
-0.0631579577535
-0.0615211134888
-0.062522753827
-0.0616798323117
-0.0589569142607
-0.059999691421
-0.059361297492
-0.0585010655717
-0.0571032145706
-0.0579368076303
-0.0520729611479
-0.052478171695
-0.0513215197616
-0.0502915231985
-0.0499375505738
-0.0491034653096
-0.0487740793842
-0.0482775047178
-0.0485772618961
-0.0484487113169
-0.0483431314223
-0.0500748069898
-0.048401700382
-0.0496214824392
-0.0497864839255
-0.0503203456959
-0.0510894043217
-0.0516535242203
-0.0525442542017
-0.0534219368873
-0.052636568092
-0.0524746112752
-0.0543401791528
-0.0570325120862
-0.0559583850571
-0.0564501522891
-0.0562838278875
-0.0563462573573
-0.0557324857164
-0.054425575655
-0.0542312498203
-0.0523030147896
-0.0508418180148
-0.0512817406234
-0.0493065136454
-0.046497573167
-0.0436886326886
-0.0408369341542
-0.0388136417355
-0.0360642548056
-0.0323437997042
-0.0292797582389
-0.0258839300593
-0.0234211537227
-0.0196595572304
-0.0158701126036
-0.0130374978823
-0.00965462371507
-0.00627174954783
-0.00364826661932
-0.000744816159439
0.00170876599864
0.00543314138474
0.0075223055392
0.0102783895422
0.0121478759082
0.0142939679802
0.0156742905127
0.0178831707161
0.0166924269479
0.0201095354831
0.0236855239072
0.0257939546791
0.0279134881098
0.0300310888681
0.0319499436043
0.0349600268299
0.0371015461869
0.0399153163837
0.0428291850391
0.0447827060237
0.0495451963346
0.051432111781
0.0533531468021
0.0555154139424
0.0583836638364
0.060305435769
0.0614101684043
0.0661743370154
0.067211337231
0.0662623736766
0.0652089144113
0.0650227895491
0.0618760566128
0.0641901938449
0.0629578789889
0.0608287531486
0.0587543649653
0.0569731467549
0.0539039559486
0.0495078847286
0.0454832094151
0.0419915240727
0.0376880092674
0.0330318010208
0.0265175517406
0.0234550754397
0.0185600507227
0.0144512097496
0.00926259018554
0.00345028467584
-0.00147020045339
-0.00578266806655
-0.00994017733931
-0.0152261918799
-0.0205047056628
-0.0240555106519
-0.0307931044737
-0.0335334906122
-0.0375038925711
-0.0401990471244
-0.0438411179331
-0.0468411359226
-0.0493877815341
-0.0518722253113
-0.0535633646273
-0.0563003469996
-0.0575581159091
-0.0589923263026
-0.0597005305174
-0.0604087347321
-0.0611169389469
-0.0618251431617
-0.0625333473764
-0.0632415515912
-0.0632119182844
-0.0634724522802
-0.0635584473627
-0.0634990730295
-0.0635984662398
-0.0644128621346
-0.0653743443194
-0.0648795103778
-0.0655279610479
-0.0656622662634
-0.0663260185258
-0.0662412211358
-0.0655368896743
-0.0666417139773
-0.0672516134852
-0.0660305997742
-0.0660729270149
-0.0652698895291
-0.0644668520433
-0.0636638145575
-0.0603912599315
-0.0577562884807
-0.0556025785473
-0.0535474907757
-0.0516016047564
-0.0488552842222
-0.0466961696027
-0.0449457846008
-0.0414309559438
-0.0400629704163
-0.040741081086
-0.0351649800554
-0.0343739601916
-0.0318625597489
-0.0304098527299
-0.0278501695105
-0.0283288305897
-0.0270620457625
-0.0264764421458
-0.0273053225274
-0.0263394503377
-0.0265082206993
-0.0269485357976
-0.0268129562898
-0.0281902037725
-0.0297456177613
-0.0297532934603
-0.0312106156755
-0.0323793937774
-0.033622157924
-0.0357134972548
-0.0362811931708
-0.0371941589836
-0.037940820605
-0.040703746336
-0.0403805919784
-0.041704600945
-0.0426394452075
-0.0423039005142
-0.0427375851059
-0.042410324726
-0.0406270520034
-0.0400391949672
-0.0391365221587
-0.0390721133285
-0.0383692880345
-0.0375829835392
-0.035159020566
-0.0330772626186
-0.0308607052612
-0.0221991714964
-0.0207769981888
-0.0193548248812
-0.0183666110078
-0.0155663405488
-0.0144007552347
-0.0116276435074
-0.00945923410917
-0.00803634383766
-0.00499839433693
-7.43760676231e-05
0.00147941250276
0.00431400413287
0.00498661411024
0.00889769609716
0.0102430527916
0.0118308218423
0.0133328069962
0.014829490284
0.0156704507815
0.0152138101059
0.0188587574904
0.0205275935941
0.0225164271235
0.0266509969976
0.0278703806636
0.0285394967092
0.0297058564149
0.0306041743994
0.0310589745189
0.0338130005622
0.0342772878231
0.0367320440808
0.0394478900572
0.0383301074797
0.0381356632041
0.0384096794177
0.038502466618
0.0387433989909
0.0389051164738
0.0396980916208
0.036600115279
0.0355417989611
0.032838193173
0.0312944843416
0.0297507755103
0.0267720636384
0.0242017415195
0.0213228829555
0.019288510748
0.0144931737639
0.00985951134812
0.00536224104907
0.00133761867801
-0.00243973557037
-0.0064517088909
-0.0100771781279
-0.0150785509803
-0.0191495657361
-0.0242889072751
-0.0293977854105
-0.0326455893014
-0.0376860342499
-0.0406839871217
-0.0444274919847
-0.0497660747414
-0.0522629782764
-0.0543902703485
-0.0567666266652
-0.0568773469089
-0.0582022679342
-0.0608422004379
-0.0621337372523
-0.0628657845889
-0.0634058840963
-0.0641963566146
-0.0644130743349
-0.0661616159595
-0.0644373558534
-0.0573286064206
-0.0565699607571
-0.0558113150937
-0.058391592795
-0.0576307978605
-0.0576316113608
-0.056648855729
-0.0548220669841
-0.0522788322382
-0.0498826486063
-0.0471020854669
-0.0467748573957
-0.0452692770256
-0.0464048572241
-0.0452605387773
-0.0440408050829
-0.0426040702197
-0.04187956083
-0.0406253614409
-0.0384841825917
-0.0374071421065
-0.0356213581121
-0.0343821927864
-0.032052139699
-0.0287759693036
-0.024652512404
-0.0205290555044
-0.0164055986048
-0.0122821417053
-0.00815868480567
-0.00403522790609
8.8228993495e-05
0.00421168589308
0.00330708171721
0.00313925694702
0.00402570533805
0.0044766821091
0.00358761831059
0.00613332005428
0.00738839703366
0.00853738183431
0.00949118208279
0.00893741703383
0.00791861305564
0.00891889466173
0.00690320222979
0.00604792293828
0.00468495031593
0.00377787985655
-1.26867614132e-05
0.00169239915666
2.62934373743e-05
-0.00205548239635
-0.00373477485104
-0.00520998969104
-0.00718581080925
-0.00977142782984
-0.012308966146
-0.015282245548
-0.0167240710144
-0.0195832619635
-0.0208956675765
-0.0222080731895
-0.0234256450589
-0.0262241819165
-0.0252850479507
-0.0250093663599
-0.0264078466395
-0.0267316035854
-0.0270944602795
-0.027793787821
-0.0271266055616
-0.0265011060547
-0.0271782812569
-0.0241440806763
-0.0236565350965
-0.0222030314164
-0.0222868580039
-0.0205710622294
-0.0186306447074
-0.0163375061113
-0.0149802700531
-0.0136041009191
-0.00987316636794
-0.00822392466308
-0.00926070162558
-0.00698718027624
-0.00599830105371
-0.00397369244349
-0.00535191779433
-0.00539860754405
-0.00641351456961
-0.00687413589849
-0.00734214986758
-0.00739049019825
-0.00819748135352
-0.00872540045649
-0.0102172367676
-0.00712106296674
-0.00874522180412
-0.00813372002928
-0.0105789798603
-0.0106108617969
-0.010248103456
-0.0104635621426
-0.0103189607297
-0.00930913420146
-0.00886733642067
-0.00925135388135
-0.00870140581737
-0.00770889095154
-0.00643778195113
-0.00769721659252
-0.00817138713242
-0.00869511525889
-0.00843872269358
-0.00908144329202
-0.0111532307203
-0.0119358803819
-0.0131238606386
-0.0146786568576
-0.0174937770132
-0.0184056519747
-0.0203901480055
-0.019986646235
-0.0222269069912
-0.0244671677473
-0.0275522178946
-0.0311692705262
-0.034527264509
-0.0391365346978
-0.0409890994737
-0.0428574212405
-0.0447257430073
-0.0465940647741
-0.0484623865409
-0.0527414657904
-0.0521818493298
-0.0531888842949
-0.0578537699102
-0.0602212801256
-0.0613072080584
-0.0634651841296
-0.0646114968035
-0.0631943130701
-0.0641901933438
-0.0629086350098
-0.0621559578454
-0.0610322892938
-0.0604218691729
-0.058379345338
-0.0567002756624
-0.0553928400623
-0.053154416459
-0.0507893539617
-0.0487769910931
-0.0457227777773
-0.0435570063413
-0.0413912349053
-0.0391760749151
-0.0357024709818
-0.0362983699519
-0.0306472772528
-0.0291577047067
-0.02570960452
-0.0216602584694
-0.0216468811403
-0.0213503977023
-0.0192940519974
-0.0184309518753
-0.0145551014486
-0.01331578471
-0.0115637355448
-0.00888908134583
-0.00841819871858
-0.00680927709769
-0.00601855740936
-0.00161717293235
0.00296713438944
0.00755144171124
0.00926613170509
0.0109808216989
0.0126955116928
0.0150438593346
0.015407734105
0.0188892049335
0.0269963828722
0.0279172916285
0.0273599355124
0.0284782086105
0.0296908010215
0.0315958518984
0.0330392880358
0.0337836384043
0.0345279887728
0.0352587114034
0.035989434034
0.0367201566646
0.0374508792952
0.0381816019258
0.0352399209613
0.0346115986297
0.0331247839219
0.0318410283805
0.0306674679953
0.026262326737
0.0260471384613
0.0239373322956
0.0219566359994
0.017316523712
0.0151972541581
0.0124666482526
0.0107823717857
0.00712875332667
0.00567383963267
0.00589070349937
0.00197060204369
-0.00187786719265
-0.00275825364714
-0.00474315300125
-0.00761669547105
-0.00744213179555
-0.00847600642324
-0.0125154747815
-0.013830058249
-0.0179199837989
-0.0167362408691
-0.0185166393025
-0.0193319516581
-0.0230365713123
-0.0221451110346
-0.023059316925
-0.0242784416569
-0.0222647343485
-0.0224830627223
-0.0229488946686
-0.0238382591571
-0.0247596597352
-0.0278401155861
-0.028873118728
-0.0302763677576
-0.0322579754792
-0.0329473159941
-0.0346461030674
-0.0364209352221
-0.0378612820576
-0.0383697682268
-0.0392877807273
-0.0409851818276
-0.0425198643843
-0.0463446648049
-0.0477441308501
-0.0506877956636
-0.052260749709
-0.0538337037543
-0.0540286159694
-0.0540860031654
-0.0534677603367
-0.053743994595
-0.054014888312
-0.0538763003543
-0.0536997730162
-0.0528433376407
-0.0529683579724
-0.0515740089166
-0.053440298043
-0.04982117574
-0.0494760721098
-0.0481701391944
-0.0482519848119
-0.0470473829336
-0.0464678459086
-0.0462292891517
-0.0454160894784
-0.0453533388801
-0.0466895347421
-0.0476149520664
-0.0503602942932
-0.0478551954541
-0.0485346759403
-0.0496694205925
-0.0512636509021
-0.0517648555994
-0.0517238378386
-0.0530209471647
-0.0554707583484
-0.0555015383542
-0.0570145602536
-0.0566940816327
-0.0593900497033
-0.0560893166296
-0.0570361919165
-0.0570165006604
-0.0574186543135
-0.0585121058295
-0.0586985675542
-0.0573070546563
-0.058268237281
-0.0556282448613
-0.055002159113
-0.0525668793895
-0.0537139999944
-0.0500181639495
-0.047978477613
-0.0460279118813
-0.0448717580546
-0.0424213490237
-0.0406910470018
-0.0372679057971
-0.0349597061317
-0.0313721921341
-0.028119576915
-0.0252440032414
-0.023191254914
-0.0201294942044
-0.0162443953899
-0.0123693702348
-0.00871884745851
-0.00573287681326
-0.00290984811267
-0.00104709318196
0.00136231632155
0.00337085293942
0.00596676455559
0.00666398021836
0.00686960713793
0.0113072336028
0.0120954898736
0.0151381617347
0.0186321943914
0.0197169902654
0.0210640333693
0.0238030974522
0.0255702316108
0.0264656586768
0.0337706263901
0.0410755941034
0.0391572028167
0.038801489397
0.0396469531097
0.0413865817852
0.0435890469547
0.0446023921802
0.0466049696147
0.049235279363
0.0497523029137
0.0532636504423
0.0530866853667
0.0538498874914
0.0541767933121
0.0545036991328
0.0548306049535
0.0551575107742
0.0554844165948
0.0558113224155
0.0561382282362
0.0564651340569
0.0567920398776
0.0516372818858
0.0479891396339
0.0431571915658
0.0370476071558
0.0371604058543
0.033217332717
0.0296801789551
0.0245240656034
0.0204373215523
0.0147842661095
0.0106389947213
0.00522071397044
0.00219596998022
-0.000588334363923
-0.0035684110556
-0.00980571976224
-0.0128253538693
-0.0146017804465
-0.0201854290418
-0.0202659784451
-0.0217358625207
-0.0286497348317
-0.0317311267181
-0.0335999242541
-0.0374091830618
-0.0399789024905
-0.0428086440275
-0.0450775742839
-0.0454877466182
-0.0478720951566
-0.0487470324061
-0.0497327486345
-0.0520768961731
-0.0515541984677
-0.0546281107462
-0.0551310320455
-0.0556339533449
-0.0572195819449
-0.0591655687204
-0.0599773846525
-0.061294207279
-0.0627097480256
-0.0644157144136
-0.0652342680104
-0.0677281462924
-0.068383478557
-0.0686898965092
-0.0680419751971
-0.0679035327899
-0.0702791625398
-0.0694916707264
-0.0704551361473
-0.0688371421643
-0.0685367361763
-0.0648445558454
-0.0649591449399
-0.065359247925
-0.0643148385277
-0.0597643475141
-0.0563883887855
-0.0568059366906
-0.056157054295
-0.0553670610505
-0.0537533382932
-0.0505742200207
-0.0489357556253
-0.0477071124145
-0.0455976178364
-0.0435669373461
-0.0417204355706
-0.0431246919308
-0.0426601504383
-0.0416970257405
-0.0409968076306
-0.0403890448325
-0.0427961320968
-0.0414693365104
-0.0398802590037
-0.0424850858455
-0.0419276086356
-0.0436356688168
-0.0434742494019
-0.044666321689
-0.046179455187
-0.0478176638303
-0.04766652462
-0.0491877812626
-0.0482740950717
-0.0473604088808
-0.048336572406
-0.0462898823412
-0.0475684251854
-0.0486841778532
-0.0485460988522
-0.0483761749395
-0.0475741328544
-0.0446000815699
-0.0443866568854
-0.0424762590021
-0.0414246280753
-0.0361417826658
-0.0347031441406
-0.0325400671731
-0.0298011304202
-0.0276021896072
-0.0235642058583
-0.0200274517407
-0.0179068128167
-0.0148171146946
-0.0136332137777
-0.00568883274836
-0.00618948887675
-0.00225680940845
0.00111311045901
0.00309672599183
0.00635948598468
0.00889716970561
0.00936782610038
0.0101698793793
0.0129656794748
0.0150136422418
0.015505639159
0.0176070532171
0.0186864268541
0.0213205752854
0.0224306373416
0.0254806598706
0.0277464730883
0.0286422480327
0.0324635384176
0.0332043865597
0.0370113521267
0.0402790609316
0.0429720403913
0.0486655125005
0.0507207296817
0.0546875945934
0.0559874325794
0.0576907472166
0.0581216604553
0.0588586064826
0.0599014443422
0.0620553479964
0.0625259782515
0.0627316125321
0.0627027239209
0.0633567756026
0.0616406208748
0.058583590615
0.0577387545382
0.0548493493654
0.0527377495457
0.0491630198839
0.046260310587
0.0417558410824
0.0377592114672
0.0342115299064
0.0303916284934
0.0249049959393
0.0204087463256
0.0162575739649
0.010025754233
0.00441053850078
-0.00166969647626
-0.00626659029376
-0.0119904079325
-0.0165852074333
-0.0220409848754
-0.0270806154013
-0.0316359589015
-0.0372328743786
-0.0404565803119
-0.0444196604086
-0.0469353201166
-0.0505291430935
-0.0530065515795
-0.0552837398558
-0.0532709366204
-0.0528434569267
-0.0524159772329
-0.0540648866131
-0.0557137959933
-0.0573627053735
-0.0590116147538
-0.060660524134
-0.0623094335142
-0.0626500975562
-0.0635160905581
-0.0652388034625
-0.0655107360313
-0.0644713217358
-0.0641360175175
-0.0638007132992
-0.0622689123697
-0.0640093718995
-0.0632209832292
-0.0618289968306
-0.0625303920272
-0.0618525636032
-0.0614694874036
-0.0607302614892
-0.0598624926764
-0.0589216985084
-0.0588678222732
-0.0587025383112
-0.0572911246538
-0.0569627486122
-0.0576762666261
-0.0520456513421
-0.0496053774908
-0.0467988290745
-0.0443740101424
-0.0407524834252
-0.0403455707903
-0.0372027560131
-0.0337361073794
-0.0316386506548
-0.0291722937989
-0.0246488959576
-0.0173848492403
-0.0160095577411
-0.0158320529659
-0.0139386698785
-0.0137121135772
-0.0118766140824
-0.00919390995518
-0.0110568490527
-0.0114138332191
-0.0130042537627
-0.0119562781708
-0.0137660359162
-0.01176496747
-0.0129935276628
-0.0150210918884
-0.0163897742203
-0.0191694443484
-0.0190870465156
-0.0199357825024
-0.0217208235265
-0.0225666494119
-0.0257521137255
-0.027145490506
-0.0275380793525
-0.0294222172602
-0.0287414236663
-0.030827410894
-0.0318923712877
-0.0332304563368
-0.0325976071205
-0.0339028946508
-0.0319903770943
-0.0310083271795
-0.0328143522371
-0.0315684000159
-0.0309717882866
-0.0296222871065
-0.0270402910048
-0.0253541352861
-0.0196934924303
-0.0184173420377
-0.0171411916451
-0.0146594968636
-0.0146868959047
-0.0117308389823
-0.00919001386905
-0.00683275167469
-0.00371031869916
-0.00263817007521
0.00155086428939
0.00396324715864
0.0063858273249
0.00908203856166
0.0146707839117
0.0133598289764
0.014123807424
0.0178831158236
0.01755771141
0.0186310247324
0.0202009905555
0.0211731953852
0.0221454002149
0.0256371054191
0.0273626363145
0.0264382645625
0.0259245716905
0.0263541231575
0.0276615968772
0.0271870392524
0.0281407425315
0.0296949621279
0.0308891320421
0.0312907194745
0.0353385241128
0.0358224880077
0.0363064519026
0.0347517060117
0.0337432366851
0.033494969889
0.0321097768171
0.0314052654224
0.0302332000388
0.0285889793698
0.0268676347559
0.0240049656484
0.0238541812839
0.0202518831386
0.0171334081323
0.0149879431734
0.00966591122899
0.00635668800975
0.00298700412844
-0.0012996585833
-0.000186348583703
-0.00806431274854
-0.0115295707266
-0.0130506696417
-0.0171447080927
-0.0229259216502
-0.0255608302091
-0.0297587242474
-0.0291848604759
-0.0286109967044
-0.0280371329328
-0.0274632691613
-0.0268894053898
-0.0263155416183
-0.0257416778467
-0.0251678140752
-0.0245939503037
-0.0240200865322
-0.0234462227606
-0.0228723589891
-0.0222984952176
-0.0217246314461
-0.0211507676745
-0.020576903903
-0.0200030401315
-0.01942917636
-0.0188553125884
-0.0182814488169
-0.0177075850454
-0.0171337212739
-0.0165598575023
-0.0159859937308
-0.0154121299593
-0.0148382661878
-0.0142644024162
-0.0136905386447
-0.0131166748732
-0.0157816979977
-0.0166729060686
-0.0175641141395
-0.0184553222105
-0.0193465302814
-0.0202377383523
-0.0200685036975
-0.0178746871723
-0.0185235192716
-0.0169847510461
-0.0149601952008
-0.0119426853787
-0.00908034929973
-0.00834718328659
-0.00516089711084
-0.0032276449296
0.00156365565454
0.00648314440787
0.0121656510253
0.0130420832798
0.0150956889905
0.0173371584684
0.0219721395783
0.024272890443
0.0270432374312
0.0266287483638
0.0278813993274
0.0291340502909
0.0296076227098
0.0304686745766
0.0317517308172
0.0320710174385
0.0323903040598
0.0327095906811
0.0299980716003
0.0282582525122
0.0238188811562
0.0259560006113
0.0230130651542
0.0245612101892
0.0219763548137
0.0204063689213
0.0177846949334
0.0138110629276
0.00995540546965
0.00855597299346
0.00631588969713
0.00679621595072
0.00313147248201
0.00113069723929
-0.00209479625273
-0.00532028974476
-0.00382175815921
-0.00461021363321
-0.00539866910721
-0.00593478607046
-0.00790110454646
-0.00974324144483
-0.0111400495429
-0.0111140006671
-0.0103369644148
-0.0123327422078
-0.0127331302428
-0.0121830664662
-0.0112660954794
-0.00997009044036
-0.00995239433288
-0.00983779611295
-0.00727745249016
-0.00514408570755
-0.00757678993013
-0.00338986289888
-0.00283109007832
-0.00227231725777
-0.00207354395908
-0.00187477066038
-0.00167599736168
-0.00147722406299
-0.00407008992981
-0.0054441401046
-0.00580886515464
-0.00758761282722
-0.00838132055289
-0.0093123517036
-0.00906533110357
-0.0133465001537
-0.0128260991794
-0.0133786226887
-0.0133778982822
-0.0138439718765
-0.0158202136079
-0.0160626322616
-0.0148515326077
-0.0160487786824
-0.0154879225682
-0.0149789431069
-0.0131467672481
-0.0138216022943
-0.0142914721659
-0.0147148895297
-0.0124625825145
-0.0123261149162
-0.0115061215691
-0.0105812110393
-0.0118995694331
-0.013930494643
-0.0120621076685
-0.0117884005936
-0.0119294602622
-0.0149498301748
-0.0170285636006
-0.018311827487
-0.0199677389086
-0.0217230321726
-0.0240841768796
-0.0275025075318
-0.0289621841747
-0.0304506624178
-0.0336295735812
-0.0363176643791
-0.0369225992669
-0.0395144363918
-0.0419730940257
-0.0421086578897
-0.0449311781365
-0.0433770644787
-0.0477001048225
-0.0498725711179
-0.0511025058516
-0.0513411855537
-0.0525756118589
-0.0533400725855
-0.0510037258871
-0.0514144132924
-0.0514074779913
-0.0514005426902
-0.0513936073891
-0.051386672088
-0.0513797367869
-0.0513728014858
-0.0513658661847
