-0.0208036340185
-0.00539994006969
-0.00569738564743
-0.014945145082
-0.0120326014585
-0.0142217521497
-0.0083065401416
-0.00668548000557
-0.00745728632193
-0.00992223675246
-0.0104942887956
-0.00582070337632
-0.00743298966847
-0.00576790722127
-0.00529902356971
-0.00448975040177
-0.00647693440851
-0.00673937842169
-0.00773174821148
-0.00793038315387
-0.00439743484066
0.000513304316796
-0.00244644708281
-0.00267653166369
0.000239992341655
0.00536949578776
0.00454277019946
0.00395541283524
0.00705844154343
0.0064585621765
0.0036848771713
0.00242356734054
0.0119992388481
0.0133075730285
0.0122412337542
0.0102670627438
0.0111831136377
0.00984300001803
0.008773880937
0.0068054521553
0.0114026679664
0.00806763630474
0.0100719475566
0.0101369045347
0.00776382760937
0.00852007062389
0.00379538221838
0.0081308168208
0.00488545023941
-0.000299873191174
0.0177068038631
-0.00871687367956
-0.0396203286545
-0.0273186556195
-0.0301064126233
-0.0188628942266
-0.0245675118689
-0.0177735400498
-0.00420842600123
-0.0118109353012
0.00200697922508
-0.0462330655781
-0.0405723643427
-0.0584504331552
-0.0525296804488
-0.0649968704843
-0.0779119486863
-0.0716803054729
-0.0504264390817
-0.082192006962
-0.0750814877687
-0.0567593138592
-0.0716672466465
-0.086517080053
-0.077547414942
-0.0600163348715
-0.0780392521601
-0.0720258713996
-0.0670985505643
-0.0936913467577
-0.0919047658301
-0.100646932288
-0.125959516585
-0.0947948998834
-0.0704072454271
-0.0920944837794
-0.0795220724173
-0.0721857037498
-0.0454851372328
-0.042893425087
-0.0112727260317
-0.0383628491268
-0.035398762223
0.0
-0.00600615853983
-0.0320616696397
-0.0365678269935
-0.0309495802966
-0.00245934843634
0.00199280600272
0.0402848236972
0.0253528755424
0.0163192403421
0.0319094949542
0.0200852506516
0.0190632202748
0.0322886052609
0.0464088762843
0.0494859688283
0.0452862884256
0.0445648113415
0.0310491709674
0.0512504694022
0.0640229244526
0.0324355144069
0.0584311173172
0.079392835804
0.103888907369
0.0925344720852
0.0891197289568
0.0923804646665
0.101730439463
0.0832457935906
0.0891441301995
0.0762387435929
0.0728966347359
0.0663410963307
0.038393852108
0.0480723212572
0.0685802654903
0.0763182464072
0.0809863237616
0.115446247027
0.140305651203
0.115623814875
0.0998487707086
0.121330262295
0.0700166337962
0.0660125604046
0.0509491463577
0.0610599063206
0.0802857833196
0.0615805168546
0.070856250027
0.0635326954153
0.0277443060442
0.0334470366771
0.0141633713971
-0.0297347068986
-0.0124614557393
0.0120291501964
-0.00590997129093
-0.00116736732568
0.00704112868523
-0.0163260739235
-0.0368871914429
-0.0409947434997
-0.0389771896234
-0.0418964303916
-0.00655526195661
-0.000567567771762
-0.021626856014
-0.029202156777
-0.00459556584637
0.000909251014854
-0.0115312186919
-0.0160306241737
-0.0239303553869
-0.00756401748104
-0.00953009612202
-0.0385666258362
-0.0419846179488
-0.0299423901854
-0.0324757924382
-0.0342771693051
-0.0389042526281
-0.0205573521509
-0.0393696171641
-0.0243817224816
-0.0471673358158
-0.0253542765896
-0.00590135612905
-0.0121921130125
-0.0360492780042
-0.0336423443491
-0.0226116956972
-0.0297621864173
-0.0509154824987
-0.0629022481404
0.0
0.0
0.0
0.0
0.0
0.0
0.0
0.0
0.0
0.0
0.0
0.0
0.0
0.0
0.0
0.0
0.0
0.0
0.0
0.0
0.0199766970628
0.0104349279003
0.0276221540122
0.0224317995224
0.0363039141608
0.0328782115121
0.0
0.0
0.0
0.0506659043748
0.0246519268109
0.0336368877985
0.0158521377156
0.0317994452833
0.0184743996222
0.0495833160348
0.133633979171
0.0891753509068
0.0965077720791
0.0930741382059
0.0690022147876
0.0594822056379
0.069855661153
0.080073343234
0.0676329574902
0.0996674106106
0.0531914669497
0.0613290008044
0.0945215004223
0.0677266105182
0.0812970413122
0.072974797159
0.069612935871
0.0735470924416
0.059471630223
0.0676434942096
0.0191211180922
0.040454084574
0.058337831611
0.0861704607638
0.0989544530632
0.0879462148418
0.100750907864
0.0435129364957
0.0488408779865
0.035637560603
0.0605517879977
0.0717062559104
0.0465479873629
0.0734856903401
0.0537213664155
0.0544001117424
0.0610900320899
0.0503430595977
0.0456445745957
0.0519072397321
0.0441269863184
0.0622038782752
0.0716632328137
0.0405676784033
0.0688194683907
0.0802991857985
0.101704979344
0.0997791047257
0.0563086458859
0.0498293768613
0.0420584596768
0.0628676609139
0.0898044083959
0.0599229978867
0.0390894251258
0.0168206667048
0.0402823044582
0.0418041328474
0.025677551692
0.0258855499084
0.0
0.0298629767353
0.0450785774604
0.0526498331197
0.0267215009292
0.0481134592238
-0.0175600331613
0.000923476825269
0.0211257150794
0.0392018308171
0.0205352539891
-0.00131019248347
0.0640076211438
0.0313905881951
0.040106999507
0.0320986538996
0.0163573176642
0.0122576008275
0.00138313623974
-0.0165288073819
0.00721894436695
0.034085019768
-0.00413368923329
-0.068130239398
-0.057622184978
-0.03498087184
-0.0206832547429
-0.0376973766316
-0.00132092700821
-0.0308574060536
-0.036813103295
-0.0133301522041
-0.0303428740643
-0.0458429847852
-0.0465756185133
-0.0136820261183
0.0382136178461
0.0153566732431
0.00317317328216
0.0105748466451
0.0289416840365
0.0214116089107
0.0428743668993
0.0308355241018
0.0394157947269
0.035868539098
0.0261243453107
0.062384052625
0.0525130226023
0.0638908062596
0.0885237820024
0.0768002240886
0.090901909721
0.0710238973072
0.0730904646297
0.151357452219
0.149287481007
0.127915149035
0.118678158989
0.0876937012487
0.127393101838
0.098510695854
0.102612409008
0.114580988988
0.110829077346
0.108087258438
0.114217512505
0.119038014712
0.110091009851
0.114045046452
0.147524435198
0.130852320961
0.112476163145
0.148751241198
0.149689661258
0.106997302005
0.0885764648241
0.0883672368147
0.135581619966
0.140587955386
0.149765948085
0.103354316548
0.0844787754862
0.0909211474431
0.11052693109
0.0207147275059
0.0510259794674
0.0475589245447
0.0653536369562
0.0230706165592
0.0483373476617
0.0406236070619
0.0601060573252
0.0304006889626
0.0840525739058
0.079618469293
0.0
0.0
0.0350015919342
0.0546663541522
0.0585936076024
0.0628101807992
0.0523146581376
0.0702590388217
0.0471122415446
0.0551268540086
0.0404346288848
0.0039397588407
-0.0429002239422
-0.0597334161111
-0.0593942998784
-0.0421396151265
-0.0221867761252
-0.0204899958795
-0.022140766116
-0.00785997795107
-0.000899136589375
0.0269815562205
0.00914792964852
0.0258940077727
0.00338339165673
0.00594916109321
0.0192619046455
-0.0217639758716
-0.060920547061
-0.0405031820998
-0.0482120447098
-0.0809112706116
-0.0659554399644
-0.0325847737883
-0.0372030378253
-0.0193605670073
0.0184381550296
-0.00485581682921
0.000908636080175
0.0175161128888
-0.0206042214536
0.0240023155968
0.00753723047445
-0.00588363676323
0.0235477808665
0.0558660269877
-0.00422710546895
-0.0268898544216
-0.0143194856485
-0.000904071274362
-0.0117744122091
-0.0116381532958
0.000446416366962
-0.00250317728154
-0.0327744728377
-0.00241597559138
-0.00606897719097
-0.0238506269421
-0.000174422334525
-0.0130227016848
0.0281573382598
-0.0262952207842
0.00407020514301
0.0290618730034
0.036183690001
0.0623360860118
0.0896302434371
0.101792636486
0.0689977532168
0.0742560924181
0.0599253492417
0.104279881827
0.135361171421
0.0933155328121
0.0864883292563
0.0953487998542
0.0816299816927
0.100339295327
0.115568688998
0.0944367803096
0.0673681801698
0.0610904680525
0.0511148791886
0.0447308574955
0.0725029117054
0.0841910978378
0.118839238446
0.105760026546
0.126907213854
0.150412293893
0.163940839417
0.163470443774
0.128323360608
0.125728533379
0.116952911137
0.128939212336
0.0
0.143355715274
0.062804869174
0.0518440095953
0.0605212696767
0.0606457569239
0.0420128711725
0.0491620253615
0.0604477348171
0.0705855219798
0.0507314344881
0.0686516264728
0.0454063668944
0.0162464747793
0.041228477787
0.0339602763681
0.0571761079853
0.0739610461183
0.0756585549705
0.0378515341117
0.00469817563169
0.0165424849714
0.0058837548405
-0.0149531816736
0.0291250487287
-0.0208044676783
-0.00452672109509
-0.00512799796697
-0.00564574313775
0.00196420755569
-0.0335831803383
0.00582714149081
-0.022770575184
-0.0107900322364
-0.0193455187897
-0.0238239829842
0.0169922180361
-0.0151476098785
-0.045230732797
-0.0662101078364
-0.0241178228262
-0.0244238994567
-0.0077247866651
-0.0109342518719
-0.0217380360619
-0.0447454514278
-0.0295793922976
-0.0329806342794
0.0304569249067
0.0416581918629
0.066428289238
0.0361716263636
0.039755676383
0.0290725162436
0.0538841847471
0.0746022678414
0.119778935665
0.100892603723
0.0521826024396
0.0527611051973
0.0800854961046
0.0155797967895
0.0193039289281
0.0171778471442
0.0115003647098
0.00171833507056
0.0188305642418
0.0653285908111
0.0549484646319
0.0408629350267
0.0431156584774
0.0249326453882
0.0493917097635
0.0381601813213
0.0466544710905
0.0496691926586
0.0291754393802
0.0908109664327
0.0640094182694
0.0833692671132
0.101564721131
0.100440640191
0.088888106686
0.0931855683928
0.0637850233003
0.0649746357585
0.0603592549989
0.0925524659911
0.0240349623966
0.040989946684
0.0599290279168
0.0256533764661
0.00665549972506
0.0106710738224
0.0245404974937
0.0251885809188
0.0
0.0925133647399
0.0378956659453
0.0667949892013
0.0431968982773
0.0397811673321
0.0516874428616
0.0581970790608
0.077949191411
0.0600213026582
0.0651103697815
0.0697323828601
0.0543356126377
0.0596032423141
0.0750710392088
0.0775232833459
0.0843316533765
0.0892913572825
0.0596559313454
0.0601212791025
0.053622048342
0.0828074206568
0.0828537874584
0.0541976821009
0.0901682057904
0.0717702655149
0.0447201154024
0.0200277912499
0.0272241665755
0.0202604234401
0.020482138849
0.0390032922694
0.028146696586
0.0146888317376
0.0200881134867
-0.000561216265905
0.0226915230243
0.0120303254975
-0.00197114014039
0.0134237972016
0.00925927094344
0.0403082798143
0.00983443114478
0.0145121920926
-0.0209105375672
-0.0203806067875
-0.0115341925738
-0.0103276661556
-0.018826492455
-0.021219118195
-0.00451456663467
-0.0130711246746
0.0223136457021
-0.000271536759457
-0.0212042767551
0.00149969503183
0.0109177352454
-0.00932179932003
-0.0119867738178
0.0274959944277
0.0357882114529
0.0125236455622
0.036466744301
0.0134104622594
0.0171452511292
-0.000336078520596
0.0167412574404
0.0461911890623
0.0748218025007
0.0431708504215
0.0709389056608
0.0553582896165
0.0616581767462
0.0879497070989
0.10943368813
0.0982336432581
0.052083597757
0.0761688421456
0.0665592470503
0.057013801183
0.0912024557794
0.0808270590931
0.0828116245047
0.0522378030757
0.0736445356584
0.0512326395047
0.0751480809005
0.0490152581573
0.0716931113144
0.0680092538009
0.0749967635761
0.0742175809153
0.0934760629248
0.0657163224426
0.087374802372
0.100293872695
0.0
0.0621883350042
0.108840176845
0.11215042533
0.106689849784
0.108541848003
0.0902415653073
0.0812511984154
0.051797752988
0.0690662927861
0.102575515263
0.100716134503
0.0841776592147
0.0329813066371
0.0557114397003
0.0156546867204
-0.0188420662048
0.024782567956
0.0384739699808
0.0292616016743
0.0397796864168
0.0488802865774
0.034600282903
0.00176780703542
0.018684312758
-0.00184993124234
-0.00647512747824
0.0254097718328
0.0174242064093
-0.0268396779756
-0.0155182502353
-0.00700181958443
-0.0436705632422
-0.0213956960372
-0.0231535649018
-0.0411152802146
0.0149739554787
0.00271018861805
0.00920681088417
0.0268173401251
0.0174978614206
0.000126517746958
-0.0417397643702
-0.0210421569482
-0.0176658548911
-0.0235165762277
-0.00289977170803
-0.00018431546276
0.0243511778862
-0.0269027606181
-0.0149185360444
-0.0231125764408
-0.0189214305724
-0.017659250176
-0.0653963935832
-0.0450481399441
-0.0150565158489
-0.0258693088554
0.00227919283533
0.00116138363557
-0.0383156843679
-0.0536620426956
-0.0413394632771
-0.0501208916466
-0.051156976536
-0.0398612457485
-0.0493990163031
-0.0445326762347
-0.0512147838775
-0.00787602507697
-0.0175012970497
-0.0207889942208
0.0173980276247
-0.0153741322117
-0.0127747087106
0.00772323526086
0.0107478165576
0.0308116234573
0.0512224473771
0.0580747822259
0.0645676065123
0.0845008844159
0.0723810858263
0.100814153133
0.0983323136433
0.0745541043371
0.0678768192287
0.0811779421665
0.0
0.09373683571
0.0534521734464
0.0883730848031
0.0860248500327
0.0702512694769
0.0472386424423
0.0
0.0
0.00663561534087
0.0434026621757
0.0400133654614
0.0674726099926
0.063112814424
0.0511317822715
0.0345039831534
0.0359287626299
0.00706796763065
0.0132052299859
0.0247626896606
0.026226671407
0.036376920478
0.0326814656376
0.0378475080192
0.0225345263503
0.0158289783861
0.0371710343611
0.0304750851743
0.0456308333621
0.056625547391
0.0697079702838
0.0178226755643
0.0268878169145
-0.0102774865579
-0.0059166938264
-0.0111342626413
0.0014056316142
-0.0183517983782
-0.0190927618215
0.00525472055719
0.00173442154221
0.00703543751473
0.0236057719575
0.0311405077635
0.0582328956485
0.0319762603033
0.0395465067714
0.0351574085204
0.0616768947474
0.0514035748578
0.0252429612019
0.0521410008355
0.0562127671833
0.0638938288932
0.0320034529701
0.0163385901619
0.0515221077554
0.016898132023
0.0147263744749
0.0110488051472
0.0111885376293
-0.0306510934514
-0.0211972009853
0.00904916201748
0.022236314166
0.00623134972967
0.00853808241562
-0.00971933709811
-0.0270299277114
-0.00877280017486
-0.0135626735546
-0.0160745367755
-0.00231893537949
0.00298990829356
0.0177012699914
0.03038218908
0.0370434793656
0.0409598757406
0.0691368619545
0.02607404918
0.0268605047724
-0.00515061338307
-0.0436295627393
-0.0354508733614
-0.00749132975713
-0.0145993792555
-0.0100347599674
-0.0110303625816
-0.0329082803687
0.00613658648624
-0.00233919982026
0.0117470677252
-0.0068664505228
0.00838918695803
0.0341108622644
0.00410382966856
0.00694180134457
0.0550114020628
0.0808754913188
0.0552541608424
0.0707922547226
0.0904886908321
0.0749822620892
0.0681058562356
0.0
0.0
0.0325098419319
0.041511279987
0.039597513696
0.0280625958837
0.050858377519
0.0330289897965
0.0694498796056
0.0563458678292
0.0536234536314
0.0555342154831
0.0650425375056
0.00832815882766
-0.0113109814709
0.00479716259551
0.0304531129804
-0.00265392824675
-0.02171674767
-0.0108156950548
-0.00162008005107
0.0335861549867
0.0127806352812
0.0273517147161
0.0197434323582
0.00579824564964
0.0094401928075
-0.0115114058064
0.0567357388736
0.010636367124
0.0315070413023
0.052838058668
0.0432789255802
0.0778992411076
0.0716098451358
0.0567511023838
0.125792914458
0.0615845963163
0.0453155373763
0.0877326623274
0.0532432579526
0.0508853473935
0.0194214130949
0.0490285048122
0.0721305042314
0.0448946413067
0.0764774135742
0.0869768052308
0.125376390456
0.0567359310615
0.0760143129486
0.0636153046399
0.0279824116109
-0.00181564081749
-0.0104254756276
-0.00931613984363
0.0211548259484
0.02627333428
-0.00483765003244
0.0237176045604
0.0379315308684
0.0160266286436
-0.011257872718
-0.00289940089883
0.00463325713321
0.00820964554949
0.0171309966753
0.010502709458
0.0222226499224
0.0206975445069
0.0101535960053
0.0265344059712
0.0430810701669
0.0410067759008
0.0131249668585
0.0154184088685
-0.00103987108569
-0.0153278553841
0.0437244329285
-0.0192185889683
-0.0299864632201
-0.0226356286606
-0.0163078957427
-0.0379279268887
-0.0334260243383
-0.0268607147514
0.00668715417052
-0.0341652671011
-0.0428838803721
-0.0418780176533
-0.0528844027331
-0.0387941794737
-0.0393815767657
-0.0284475461961
0.0176521578078
0.0469157181134
0.0
-0.0106785162079
-0.0381053381423
-0.0476776592968
-0.0478010361528
-0.0252980508931
-0.00557898605995
0.0303127802447
0.0458086814804
0.0335484847131
-0.0105194126682
0.00597672215451
0.0388980683293
0.019278072601
0.0470140454874
0.0558853875929
0.0491733699944
0.0708272952963
0.0315491124085
0.0319500863047
0.0636529429717
0.118928343694
0.108065497653
0.130724925457
0.137365773835
0.0706458822088
0.0670832038807
0.07644292137
0.0780770749817
0.0967451484299
0.057945135195
0.0690472424291
0.0370855496279
0.0768758626436
0.0812854538606
0.102012671511
0.126471106379
0.125455815477
0.147389076977
0.149537709037
0.134466752307
0.135220860844
0.136566392862
0.115919886611
0.151154765953
0.120963343316
0.162226844636
0.184467619114
0.12834594916
0.0929916018096
0.110637306811
0.102953943873
0.0797677983129
0.0753133280669
0.0795871082991
0.0795319843743
0.068413293099
0.0883073867556
0.0911969828328
0.0773420040885
0.0525864483517
0.0492172386051
0.0853119981811
0.0891085526757
0.100380157827
0.119915994384
0.150282046236
0.173778113765
0.138213736249
0.129709221169
0.135040019347
0.126722238818
0.127344773266
0.0538348893267
0.0962166156207
0.0895051621618
0.100489725157
0.101054003515
0.0849379266663
0.104251563733
0.0823518043
0.0845401606905
0.0957331299789
0.096357998445
0.130141468167
0.110648509319
0.102028075581
0.125407083222
0.158351486142
0.140761604213
0.161028357212
0.204571840549
0.123831839457
0.143927393633
0.194386725821
0.162735835247
0.0
0.0843585257487
0.0425840435452
0.0327719920919
-0.0174476771887
0.037404160267
0.0294808326561
0.0323199113045
0.00173247730338
0.00598118325839
0.00640840288869
0.0321842422686
0.0531899680619
0.0366036130428
0.0311524312332
0.0124636836804
-0.000768232755463
-0.0221986537062
0.0263420265267
0.022586548603
0.039961516314
0.0949965549788
0.0538493833568
0.0677352022277
0.0731967809103
0.0494065492877
0.0553998233261
0.0689519544118
0.0439297326669
0.0604661128248
0.0979278166277
0.085945538863
0.0648634768276
0.0697000430294
0.0749083335134
0.0761219503897
0.0577616146902
0.0777231681844
0.100479661264
0.132237313425
0.0884911616738
0.0763424134346
0.116330816988
0.118083559312
0.0899614680564
0.0921760075512
0.106334159485
0.12954530251
0.129345967887
0.0600884721996
0.063943944487
0.0660043804341
0.0395706844847
0.0880007247183
0.119439155716
0.135309120531
0.0934113872106
0.115096521551
0.110605294518
0.122723143477
0.13093932907
0.135084484141
0.127124678826
0.104349321739
0.0756629080335
0.0922900831796
0.0572013609143
0.0721568047934
0.0871868810367
0.0680789851524
0.108109508216
0.12933433646
0.123424439353
0.0742298723946
0.049421009544
0.0660156893745
0.0718820659511
0.0618875876848
0.09152685873
0.0802994948153
0.123182396148
0.138424812708
0.103035101391
0.145618489507
0.13407959021
0.144833076924
0.0914157608445
0.0960716705154
0.105383639607
0.118551556944
0.114158546943
0.138829010466
0.167984449674
0.123759882045
0.123693814744
0.130856100644
0.0
0.0575622360437
0.065628243111
0.0478897132923
0.0297650091835
0.0590193008368
0.0720592485732
0.0568379826865
0.0638074154749
0.0366571843735
0.0391917742138
0.0199216810996
0.0214892495809
0.0328385537681
0.0615811070724
0.0491098715196
0.0320299514816
0.0219559332056
0.0172419748568
-0.00679297984907
0.0125931108039
0.00464138303975
0.0281011081763
0.0663082195167
0.0400689220634
0.0100010979013
0.0212069601152
0.0346056923737
0.0478659896045
0.0743299118782
0.0527486431413
0.0530072329036
0.019096880645
0.0547410040013
0.0544991034611
0.0376833807227
0.0165605077495
0.0219746652504
0.0542035755757
0.0568732541214
0.0660773269558
0.0719802105885
0.0963892771989
0.12626679527
0.0861073988044
0.0933322788746
0.106794174148
0.105604402651
0.129417466456
0.150988404613
0.128212668422
0.13838526711
0.125917597153
0.15325396024
0.179354680792
0.137105352425
0.127732299797
0.118261978699
0.136707939937
0.144357669461
0.117226228525
0.0768449209583
0.0958199656296
0.0938570040346
0.110191804809
0.116636552757
0.114738445911
0.169009335999
0.161023348036
0.156052035926
0.175891065069
0.179012433717
0.174204235602
0.173583951459
0.208955215058
0.164171850146
0.12862505531
0.143734641757
0.0957432707993
0.148597515824
0.0976202895816
0.115582325438
0.110575787101
0.0925069533817
0.125145752498
0.0896548816936
0.0780307595661
0.0925757128636
0.0765254481239
0.089108040683
0.0953599270883
0.0728217544083
0.0799321604014
0.105028812215
0.0899877463796
0.0821664320132
0.0
0.0331738501038
0.0477742840562
0.0219414827501
0.030332491993
0.00991268991785
0.0212762545863
0.0182037183701
0.00683772216552
-0.0121161197995
-0.0208523006999
-0.00701548855072
0.0341741450403
0.0209657228413
0.0403859338761
0.0676513809149
0.0606256971421
0.055024785179
0.0474591277806
0.0792222463686
0.0710323343365
0.0372021365451
0.0310734370354
0.0553198517605
0.0561849678566
0.0323994302756
0.0456886816848
0.0318471023794
0.0196462360013
0.0455757765973
0.0431218914881
0.0182873478226
0.0225617342269
0.0141495712993
0.0273399590853
0.0360650443656
0.00126632088133
-0.00108363351301
0.0154409978263
0.0327058002317
0.0409229183364
0.0358260319835
0.0424967323238
0.0726255640883
0.0732295972686
0.0449832902623
0.0602945068304
0.0241180125382
0.0328533640239
0.0143713841242
0.04688001173
0.0534948511852
0.038121187975
0.0541036136056
0.105417841981
0.119543316097
0.153051676174
0.11960796009
0.138400774663
0.127029595844
0.150779805008
0.156021678672
0.157561328541
0.158722095088
0.11531846027
0.139931854927
0.135190174476
0.128681662378
0.129199103726
0.134191711379
0.212768973944
0.14520314157
0.165641689117
0.139784870656
0.155663322561
0.18239768288
0.137329102601
0.159533867936
0.147200512318
0.132974370538
0.146746150586
0.128603777251
0.121143264688
0.103578148742
0.0847722191477
0.122527365957
0.102018817145
0.1186258482
0.0913273192755
0.10980334107
0.088277763234
0.0974723618906
0.0758987008966
0.0799045300632
0.133519700874
0.10825627641
0.0
-0.00280180414985
-0.0115804015327
0.0443800589449
0.0493125466432
0.0739532958976
0.0329877900806
0.0100775115912
-0.00893513356755
0.00568651028338
0.0310364784074
0.0166695362232
0.0638318421115
0.0286184032412
-0.00109191328892
0.0107158081412
0.0142600488237
0.0462343321437
0.0599838472467
0.0299757891911
0.0857164306461
0.0853991817127
0.076897016495
0.113456284846
0.120813492952
0.103449768151
0.0934513361144
0.0957598574925
0.0803537818995
0.0827361048126
0.0610548872755
0.0766949300326
0.0787767234307
0.101357266892
0.0689953953465
0.0895164494421
0.0897256308238
0.0642659716092
0.0399013473395
0.067963523765
0.0889178621066
0.0876770815073
0.0899128730524
0.0359393388205
0.0649435916969
0.0777599611586
0.0418487685588
0.059931001504
0.0759647660118
0.0396098929394
0.0343876771364
0.0564338535063
0.0442741908876
0.103558420041
0.107957417181
0.0941464625606
0.0870570775197
0.0672359413172
0.0666550762225
0.0594639030028
0.0545569343188
0.0447270377849
0.0656841385836
0.0837639045387
0.0777297301955
0.0555617460147
0.0752329359714
0.0943517838177
0.118125452132
0.102768437782
0.104195742534
0.0993405424194
0.125019260479
0.0649004984579
0.0919129301817
0.0885305330143
0.0998709356122
0.117107168029
0.114250173323
0.132899672652
0.0903045331808
0.115927052439
0.124419061685
0.101203063558
0.153495084997
0.133305019309
0.155356627403
0.146987430601
0.149710790601
0.147807682486
0.160957297607
0.212028546669
0.183708823592
0.203192451244
0.19946261555
0.190077343311
0.0
0.125182614603
0.143108896751
0.0958174035477
0.0886816497951
0.0995626773026
0.0943323220502
0.11285201259
0.0919564307262
0.0635674766519
0.0944596127183
0.0935215096716
0.108988501742
0.109249398118
0.071553925972
0.0677268957344
0.0921994758558
0.101853348641
0.131743176294
0.113416545988
0.07880308386
0.0995901681991
0.0998559474406
0.137788450149
0.125513983316
0.0825123592413
0.0627385222569
0.0585815334397
0.0667869482314
0.0504309388615
0.0115769047199
0.0273011345072
0.00206176840882
0.033443270399
0.0617861173953
0.0767201421397
0.0626327129621
0.025541233523
0.0311711791958
0.0320470244375
0.0204292522075
0.0369346146885
0.0338983952957
0.0190390184002
0.0190656118048
0.0239132888679
-0.0229421379702
0.0195948109504
0.0297961979652
0.0399416287427
0.0435278942377
0.0258253631982
0.0272188494379
0.0227523294328
0.0187133685801
0.00861112922121
0.0199762505784
0.0125254692853
0.0185343843855
0.0229600226167
0.0315808638223
0.0424605331774
0.0355550752213
0.0220900395954
0.0259896104367
0.0324414171051
0.00758528109537
0.0328593877653
0.0290934504857
0.0687913903892
0.0331434144194
0.0762458206713
0.043831443848
0.0212073893896
0.032402001761
0.0078372400869
0.0264576084753
0.0541833461881
0.0224248690035
0.024926732129
0.0385506863152
0.031500596251
0.0627981858262
0.0492817299948
0.0557828173505
0.039172337165
0.0644004512027
0.0582527377761
0.0565641110276
0.0824035870787
0.0574397868768
0.0770384935594
0.0718798748429
0.12051350755
0.0979549625717
0.128012286551
0.0
0.0
0.104152942467
0.134646672331
0.13201933165
0.133936567762
0.108002720881
0.095896960092
0.145109001944
0.167760101944
0.168254135162
0.15851781272
0.166923535348
0.111787634168
0.129401151418
0.155251222922
0.207000313323
0.174313691001
0.133476232495
0.127308125975
0.0969404207114
0.0712899219139
0.110055098493
0.129131164709
0.130884731919
0.15384810192
0.131194892702
0.106865521346
0.121616909597
0.0971911266873
0.0983590760011
0.0777968590003
0.0591825201958
0.0599704978878
0.0845848254454
0.0999788474722
0.074492602937
0.0735206093338
0.0358478258526
0.0501816684536
0.0754505585454
0.0772844341015
0.0671367689361
0.0830551488268
0.12287126084
0.103832076093
0.10314637287
0.0994260146366
0.106926450158
0.0877580005544
0.0933956301897
0.0834678313226
0.0783722705451
0.100169692807
0.0887172598383
0.0945216220001
0.0827377027868
0.0788883545034
0.0896631536543
0.0915824029331
0.0849246518734
0.0779377820424
0.0457963854859
0.0514561253675
0.0869690696867
0.0552890674975
0.0664814358655
0.0610119927768
0.0794302509328
0.0177073419352
0.0301147487358
0.034623375357
0.0433883808524
0.0111699641481
0.0265020689166
0.0409039821657
0.0319000732332
0.030824540626
0.0535701562589
0.0428477337213
0.0448590150501
0.0638265019488
0.0325159941581
0.0402857757848
0.0865956131264
0.0535035022579
0.0259191664106
0.110666810185
0.0682100619205
0.0785958320026
0.0899049975025
0.106652068017
0.122572060524
0.139157325888
0.113202792962
0.130973079776
0.0
0.0127869570501
0.0287890560805
0.0677115050061
0.0733591071041
0.0481593674411
0.0945112146005
0.0869046794279
0.109452174377
0.114905822243
0.080343099426
0.0828270911951
0.0554909266032
0.0430541988589
0.0589569049299
0.0514209886866
0.115192643078
0.0638947624913
0.066324706396
0.0446357027803
0.0272910015697
0.0476972124681
0.0490878960738
0.0389443286573
0.0107188386058
0.020249699581
0.0314106149345
0.0262711363185
0.0531324786378
0.0574532356021
0.0359046288374
0.0615401327243
0.0532350118607
0.0841276977201
0.0817177496798
0.0159125988533
0.0417041158399
0.0493589935171
0.0339614571032
0.0664110470555
0.041832714512
0.056161837213
0.0803832016786
0.0730664601638
0.0764655437996
0.0637313427655
0.0455466941036
0.0704319403539
0.143890295374
0.0626048953947
0.0658543435633
0.0542315015327
0.0997217771318
0.0906916258389
0.0819501042739
0.0649149939037
0.0465196288393
0.0338384906617
0.0414044145501
0.0714454270886
0.0729269123427
0.0279946334171
0.0369650029014
0.0856847408334
0.0738989618765
0.0651864089506
0.0619662368487
0.0778554454572
0.0777988741533
0.06757669091
0.0647952354441
0.0628572586219
0.0666365108798
0.0496479293633
0.0565881291721
0.0727480442878
0.0598905909371
0.0731312645813
0.0505753875704
0.0689063280307
0.096782918518
0.0603469120251
0.0778838431491
0.0692752201299
0.052371188623
0.0250902730135
0.0604967524962
0.0230525657796
0.0107237053392
0.00278443328159
0.000679118910398
0.0377069971184
0.0427406078302
0.0441466890956
0.0569099909432
0.0619843721509
0.0
0.0382549671872
0.0476295676274
0.0345210570558
-0.00174811716832
0.00234843050507
-0.025981384284
0.0284992290467
0.0326653916955
0.0104752124278
0.0290323239636
0.019135697624
-0.00548446381903
0.000205597232156
-0.0164843578333
0.0219282353705
-0.0606524960946
-0.0576959629846
-0.0232996423596
-0.0344951774182
-0.0178550971578
-0.0194636871584
-0.0302001641501
-0.0232620953944
-0.00353652529261
-0.00194576758619
-0.0201440858196
-0.0408080018161
-0.0174458582521
-0.0187202353604
-0.0326998488762
-0.00618552806687
-0.0233101961861
0.00912836473851
6.8080741602e-06
0.0168875184584
-0.0108366234129
0.000622504774673
0.0209151995744
-0.00223778243673
0.054920578908
0.0372812611411
0.0363953081873
0.0465416174782
0.018796490951
-0.0206975655644
-0.010856073617
-0.0129541090596
-0.00111366824921
-0.00477726096919
-0.023217688598
0.0165157161388
0.00469044434857
0.0138942478746
0.0049488155066
0.00237651254486
0.000266668346977
0.023674280469
0.0305027864675
0.0395729950112
0.0133294368228
0.00977331853365
0.0490266087472
-0.0433616955141
0.00398331403394
-0.0105088868846
0.0214120006651
-0.0233487736513
-0.0016939390242
-0.00455985487045
-0.00667356573968
0.00979378490638
0.00688168929771
0.0145946420269
0.00947107659151
-0.0182789267724
-0.0230968038246
0.0101994498287
0.0269307227486
-0.00724908396097
0.0106778090145
0.0162271236962
-0.0111396705452
-0.0275068614343
0.0472884962004
-0.0168145797605
0.00844696546692
-0.00651973117881
0.00156442679555
0.00848813852466
0.00292140875087
0.00360792276975
0.0402877955148
0.0647001313634
0.0497421982586
0.0413414180833
0.0
0.0
-0.0166738470972
0.0107404322487
-0.0078327704804
-0.00440536751894
0.000463370223219
-0.0333933012035
0.0128958955086
0.00619209193929
-0.00234593394828
0.0174176680742
0.00344535190855
-0.00984492187542
-0.0297627818477
-0.0364370307689
-0.0281856200348
-0.034257076138
-0.0176221738679
-0.0465928059284
-0.0669827675022
-0.0577540623334
-0.0500842852985
-0.0431313028843
-0.0539178352144
-0.0638191594576
-0.0661746657195
-0.0537376225017
-0.0622991457938
-0.0267033848748
-0.0284541547182
-0.0202948675686
-0.013342542926
-0.0493114849552
-0.0407809191245
-0.0545008455844
0.00692608518116
-0.0466211078608
-0.0453431331122
-0.0505519823536
-0.0234173512547
-0.0162412628324
-0.00340974674475
-0.0057339257573
-0.011768623396
0.0101912409879
0.0156428025092
0.0357605817313
0.00766782343361
0.0401785309603
0.011036570838
0.0571631520647
0.07606522785
0.063905438098
0.049463437689
0.0867087192715
0.0907694700553
0.0914242157312
0.100228703182
0.103857429725
0.0892760642841
0.126842053587
0.0679499161521
0.0718674127185
0.0636934318839
0.0511381900589
0.0946578391503
0.0307606629197
0.0531843541745
0.0641355063317
0.0437006965272
0.0429364229121
0.0599222254293
0.0410686542817
0.0166575858982
0.024007428149
0.0207761056594
0.0345736118151
0.0418677814289
-0.00397745953224
-0.0192046148388
0.0372848237908
0.00415063501348
0.0114645317678
0.00693927295093
-0.000158766344916
0.00547332327088
-0.0283147933798
-0.0235679681563
-0.00557026402925
-0.0397013911876
-0.0216516504765
0.00392081061872
-0.0428525046154
-0.0152029459954
-0.028417219042
0.0
-0.0211709015263
-0.0363315251223
-0.0768082896671
-0.07995702002
-0.0838193432197
-0.0777079881023
-0.0608806752264
-0.0506225672516
-0.0569085542397
-0.0263290071279
-0.0279412744985
-0.0171438841014
-0.0154463823805
-0.045149326661
-0.0299096192809
-0.0444967849963
-0.0778098408
-0.0552769105724
-0.0365484048716
-0.0298697138202
-0.0265980350136
-0.022369624518
-0.00140622409686
0.00999437880193
-0.0417034482671
-0.0174493925255
-0.0419020334454
-0.0809984949068
-0.0457323763805
-0.0353115434692
-0.00916598603534
-0.0404818366171
-0.0119876811092
-0.0287362862496
0.00135429467427
-0.0304483957018
-0.0234931866988
-0.0394759334638
-0.00302707411161
0.0255272878959
0.0109624715558
-0.019214272945
-0.00239366582615
0.0166462689244
0.0354163571306
0.0168958492516
-0.00351833432749
0.00785153747525
-0.019349218478
-0.0139531343234
-0.0189864759471
-0.0175498225943
-0.0181851997855
0.0153613364402
0.0179476068474
-0.00823152516362
0.00859487987889
0.0537200925882
0.0157487338536
0.00737016192981
0.0322137432413
0.0504680658624
0.00222334779334
-0.0292209331687
0.0089568704215
0.0200798738098
0.0206394745004
0.0141686011445
0.00703658098357
0.00348039975951
0.0214470268949
0.0569888578683
0.0303598175086
0.0659132098813
0.0680356606513
0.0778520086514
0.0591733599014
0.0442387455593
0.0624354596683
0.054383811046
0.0875348229625
0.0279904414738
0.0345425628839
0.0304471705137
0.036597056898
0.0274558114175
0.028695179628
0.0302057721001
0.00671000861643
0.0334411349555
0.000193615751235
0.0078847691901
0.0289442290962
0.00973573033626
0.0181713974192
0.0
-0.00360935663372
-0.0142400473297
-0.0270929661207
-0.0304509346232
-0.0310863805761
-0.0501880440843
-0.0137621903117
-0.0180993416679
-0.0256670973631
-0.0249858021938
-0.0247771554323
0.0255423416505
0.00947555432098
0.062450224273
0.022618140587
-0.00339886063396
0.0121636166709
-0.0199347154508
0.00930516780088
-0.000314397318539
0.000607934622248
-0.0174027501259
-0.0118863111421
0.00818348712688
3.17711351905e-05
-0.00261571095993
-0.0148682746332
-0.0210245572106
0.0149963969496
0.051646300287
0.072133768784
0.0815962300426
0.0951278926387
0.092862470106
0.0825680734068
0.0975002492456
0.0648733177768
0.0488950902826
0.0457654450454
0.0741165184859
0.088496671017
0.0839058138061
0.0682900962349
0.075204771082
0.0861746875694
0.0751110043867
0.0875907047827
0.092896820069
0.104210469417
0.0966290495538
0.102214392018
0.086810062919
0.0780557962952
0.0785842812199
0.103750244215
0.0956930276025
0.0733434658606
0.0703787710526
0.071671462868
0.0894194339449
0.121122228037
0.164667940376
0.215951412
0.189626782427
0.180389364222
0.19643935387
0.183837181643
0.20726807449
0.168979739398
0.191034465497
0.200113117331
0.177366807177
0.117004938717
0.13274195501
0.108612331364
0.140589713322
0.129885189381
0.197796424421
0.1144390634
0.131465990001
0.134217093453
0.108833258697
0.14660297591
0.11996545808
0.145034235529
0.129105128593
0.1292051575
0.119421155637
0.159725560354
0.141644280611
0.161661372967
0.10283144415
0.142518458783
0.0992155979213
0.11178965225
0.0
0.0927513740982
0.0965498872163
0.0689535681191
0.0532952395727
0.0604405920652
0.0766182912086
0.0914626367369
0.0715678990956
0.0846987567557
0.094937799953
0.10878393591
0.0941979723917
0.0777107476299
0.0931309593565
0.00448929372651
0.0415837176725
0.0377558621211
0.0268380297526
0.0353905863187
0.0276446920674
-0.0225103673149
0.0286668693925
0.0302779839427
0.0610073597475
0.0487247339309
0.0561248128461
0.042720773208
0.0520919107071
0.0465330893459
0.043837883127
0.0208847743426
0.0438694676571
0.0479887876349
0.0511627341083
0.0545692887226
0.0367916197867
0.0384288469346
0.0357747889284
0.0522876662168
0.0629549907364
0.0411441830047
0.0306936346877
0.0492215396387
0.0357732786043
0.0452252845056
0.0434343892034
0.03670553664
0.0479497764623
0.0682495598516
0.0429876986825
0.0505571421661
0.0555438682338
0.0562808424099
0.0433444502382
0.0655135830335
0.0574409360899
0.0410212701473
0.0371772819414
0.0658464326849
0.0332957811833
0.0516320006573
0.0566816780876
0.0670463960007
0.0612585327946
0.0693898540618
0.0735389512783
0.0546982011344
0.0380545062424
0.070281619081
0.0700855483373
0.0582156032736
0.0704724470699
0.0842379137359
0.0656615327062
0.0927068012452
0.0893957909265
0.0877883946398
0.0742438385164
0.0733950546607
0.0990995391517
0.0861973903943
0.073574354008
0.0560400186335
0.0929352191523
0.0974695020633
0.104433204879
0.076824315425
0.113499938524
0.0849032370463
0.0762963338998
0.0725704815234
0.0949564201513
0.0326212130456
0.0656049937024
0.0581542014297
0.0
0.128463653385
0.15606542074
0.166786890391
0.0939651480974
0.0939037980185
0.0753722136866
0.0807228794632
0.0853779788179
0.0712672692864
0.0443068591346
0.0693890606195
0.00521421022306
0.0408075622582
0.0381256493406
0.0538089753926
0.0409596559926
0.0188778609625
-0.00849251047333
-0.000970523842559
0.00434521637453
0.0257055451314
-0.00226986926109
-0.0166860239435
-0.0109859591726
0.0261489646653
0.00898971210612
0.0247283580162
0.0214830460187
0.000484722625669
-0.0125483086127
0.00413985854124
0.0075453118162
-0.0202980228843
-0.0447292220239
-0.000704707207075
-0.00603834636553
0.0100348012793
-0.0225682244935
-0.0171291909398
0.00582019476904
0.0216445383032
0.0181150283723
-0.00565866579148
-0.0026399689624
0.011465255052
0.0224494946292
-0.00295196611579
-0.0441807809659
0.00490530123481
0.0169522344731
0.0160645437143
-0.000426521826736
0.00026509978614
-0.022950938048
-0.0171202942665
-0.00892281566247
0.00617762413526
-0.00276196467417
-0.00536547786701
0.00557184928897
-0.00580001990004
0.0258275080754
0.0261123040251
0.0426852173966
0.0121314706326
0.00591737865733
0.0211225510708
0.00138734926589
0.0220866812033
0.019982804242
0.00887289191294
-0.0135109272422
0.0214980447392
-0.00201533982294
0.00828684986889
0.0121922654677
-0.00477179935574
0.0159233520928
0.0131347786769
0.0195326591009
0.0543541304523
0.00357101708218
0.00127024872778
0.00399843067506
0.0171834658671
0.00742025904703
0.0336374862472
0.0122511090073
0.0342423671843
0.0241730802193
0.0326632008824
0.0181931587082
0.0127227224157
0.035882787955
0.0140967112028
0.0
0.0832494766358
0.0809900385046
0.0633996798635
0.054038257661
0.033550296549
0.0330822476856
0.0531534049816
0.0275815306017
0.0488708997763
0.0530513647292
0.0221243505861
-0.00400270899028
0.0153462925105
0.0376554507664
-0.0278507130055
-0.0104881667273
-0.0237218248159
-0.0154219452064
-0.00210066770759
-0.00341974173727
-0.0146479946404
-0.0209704954763
-0.0447755007309
0.0110965688702
-0.00926668869976
-0.0157837541213
-0.0117935005266
-0.0344152212013
-0.0495501522304
-0.0391445883141
-0.0317574969805
-0.0570827635252
-0.0400151974096
-0.0503168897196
-0.0393017420563
-0.0449183769543
-0.065180225498
-0.0435535543154
-0.0459389807317
-0.0105234127526
-0.0175836970673
-0.0444972104896
-0.0439560997723
-0.0595611878833
-0.0345156780618
-0.0421110158397
-0.0621540384961
-0.0834203532123
-0.0548618208866
-0.050745983072
-0.0477285745811
-0.0601287751032
-0.0618637423774
-0.0527448900425
-0.0563907927608
-0.0572478394924
-0.0619410110931
-0.0397345948789
-0.070461705186
-0.070955947873
-0.067795650177
-0.0512782836831
-0.0655411247022
-0.0772334392151
-0.0616049956097
-0.0478600460804
-0.0627036407831
-0.0281772326683
-0.034418823462
-0.0649102277853
-0.0572293723452
-0.0636122623961
-0.0475795894994
-0.037969881182
-0.0260230426808
-0.0480171125835
-0.0144954515368
-0.0444550187786
-0.0395436170608
-0.0185080369361
-0.0585178477021
-0.0241087953741
-0.0324489358622
-0.00863262126821
-0.00405987806507
-0.00694352166467
-0.0409162656894
-0.0265957468017
-0.037106896552
-0.0328236733775
-0.0317109319355
-0.00593115486825
-0.0109606444817
-0.000443669129756
0.0101493394744
0.0
0.0387652758153
0.0332613644599
0.0477485644051
0.0429648296951
0.0267688196618
0.0178420981873
-0.00789931101005
0.0103863545084
-0.0459230645037
-0.022885535556
0.00255161294489
0.017573224202
0.00495193605912
0.0276612586834
-0.0135428156275
-0.0113888703497
-0.0217908173008
-0.0131426701666
-0.00322690590865
-0.0128661036323
-0.0209923717296
-0.0232112088298
-0.0149522331604
0.00520082101998
-0.00725981200933
-0.0224799972525
-0.0136007831384
-0.0227745105089
-0.0343106081782
-0.0281204731392
-0.0514565041495
-0.0396337528047
-0.0312671051893
-0.0167332901788
-0.0010772446874
-0.0156477054154
0.0159148955748
-0.0228056840119
-0.00783430682136
-0.0345023049677
0.0182352592587
-0.00999146475373
-0.0285622997592
-0.0133991717755
-0.056812506623
-0.0409751781764
-0.0356505502482
-0.0804141193902
-0.0297769390614
-0.0549408830602
-0.0455673126172
-0.0507278304071
-0.074055234123
-0.0570987743577
-0.0702654451355
-0.0466418508766
-0.0927388267835
-0.0650095772129
-0.0612158538299
-0.0433349995961
-0.0653635549108
-0.0342339728292
-0.0251355388083
-0.0296007846912
-0.0484408194693
-0.0135617270261
-0.0450654189362
-0.0455851682863
-0.0325503992557
-0.00713803333816
-0.0473873071588
-0.0561715264956
0.00367272189579
-0.0241752342555
0.0115527503884
-0.00628433238192
0.00609100024748
0.0285840823887
-0.0019470310639
-0.0121190602583
0.00968823635213
-0.00778797952286
-0.0054817048669
-0.0249297824191
-0.0225218892053
-0.0457344066244
-0.0334465574702
-0.041423380559
-0.0293624136712
-0.0348007311969
-0.0255035915554
-0.0396048990587
-0.0420665701161
-0.02174443491
-0.0288066853522
0.0
-0.0383047125307
-0.0296796966384
-0.0282095143362
-0.0223150460364
0.000106813825621
-0.0159190245538
-0.0322582868602
-0.0555435256744
-0.0386699290928
-0.0261174143539
-0.0337566642712
-0.0472229572481
-0.0387096688117
-0.0525674183184
-0.0213448563734
-0.0038055487519
-0.0256698346895
-0.00434907760426
-0.020431450419
-0.03002990444
0.000992012735105
0.00267935903311
-0.00615805911023
-0.0212426309278
0.0128437431977
-0.0135339387212
-0.00164627936167
0.00438553186412
-0.0161884038378
-0.0402665390966
-0.0157579458343
-0.0164245826818
0.0
-0.00397320190883
-0.0120863422321
-0.0463011703037
-0.0352942699481
-0.0405584206202
-0.093559976167
-0.0475728877692
-0.0562339438263
-0.0319302044892
-0.0492161595814
-0.0830022208168
-0.0800147922387
-0.082082314832
-0.0592649075467
-0.0793623063136
-0.0837803593709
-0.070275592876
-0.055651352034
-0.0670375536829
-0.0841758277593
-0.0634505328608
-0.0761809621793
-0.0758332118298
-0.0663419068107
-0.0417839981689
-0.0802886584547
-0.0638167082404
-0.0364150097637
-0.059704930801
-0.0532896236748
-0.0799048885719
-0.0448647750957
-0.0902638007992
-0.0742452127936
-0.056995802839
-0.0717803686847
-0.073474762166
-0.0696594933407
-0.0727517135582
-0.0499540048648
-0.043018785089
-0.0343328065933
-0.0449203833173
-0.0141174671355
-0.0630514491518
-0.0450819098693
-0.0263101553597
-0.0728560869125
-0.0393739871116
-0.0395992912328
-0.0784528940556
-0.0439846500106
-0.0569971953743
-0.05602916722
-0.0674225786723
-0.0660976979625
-0.0640698845806
-0.0389866500482
-0.0615624463233
-0.0298824677781
-0.0616016544642
-0.0221299589256
0.0
-0.015230002916
-0.0595059643768
-0.076326268111
-0.0589306121321
-0.0495355094698
-0.0551035340038
-0.0774428963057
-0.076958018032
-0.0742843240369
-0.0674491404382
-0.0934387094262
-0.0521814636548
-0.0499911004658
-0.0581843568132
-0.070926870775
-0.051294734432
-0.0275661504838
-0.0640843410515
-0.0461001490717
-0.0644006874382
-0.0542927154773
-0.0444914882798
-0.0280099543256
-0.0561502916041
-0.0331624640611
-0.0274550858347
-0.0209712472202
0.00606280046201
0.000656212951888
-0.00621478415558
-0.00124914937432
0.0199956737733
0.0321899420402
0.0624106774091
0.056949517878
0.0270580727513
0.0413736465277
0.0368968505907
0.0640005101507
0.0275097824228
0.0432749932735
0.0408561122364
0.0580870911136
0.0928022402212
0.0247045079515
0.0349314542735
0.0426154957786
0.0518136999053
0.0395968978252
0.0293791398097
0.00602417274615
0.023618203996
0.0169176725011
0.0336596597602
0.00824551278163
0.0183153150315
0.000676794659988
0.0275344075639
0.0242981854529
0.0659082018937
0.0550414450101
0.0579845210681
0.0459547761851
0.0230211685843
0.017037276957
0.0499283127992
0.00486847878676
0.0402427732034
0.0228185682637
0.0576584814963
0.0327438175214
0.0968165723501
0.109436588569
0.0502423942038
0.0558577865001
0.0336182228457
0.0225962322336
0.0298330544409
0.032495271736
0.00110972962791
0.0142065689475
0.0344652846622
-0.00635977222937
0.0641688193392
0.0796657462796
0.0419325467202
0.065374559245
0.0331041199942
0.00708147190602
0.00614583488308
0.0123578780578
-0.00572290838913
-0.013613794545
-0.00345026733042
0.000121214368706
0.0
-0.00935511562808
-0.030938587882
-0.055828191312
-0.0637472204381
-0.0762217987326
-0.109387115922
-0.088023539408
-0.0557508367902
-0.0437282592229
-0.0725706396355
-0.0705390475561
-0.0507967093924
-0.0574306690947
-0.040597785567
-0.0419056049423
-0.0424747479038
-0.0905271033072
-0.100015787547
-0.0807420786851
-0.0862798367552
-0.0608640415552
-0.0564765878043
-0.0551656348536
-0.0675702609893
-0.0852435907788
-0.0243613374684
-0.0243625543105
-0.0514494178928
-0.0282368292943
-0.0575468303391
-0.0537045618686
-0.0609663270512
-0.0624040304146
-0.0340639825739
-0.0824259563661
-0.0505554739616
-0.0609256936483
-0.0622787116072
-0.0666178070749
-0.065986379323
-0.0688505143452
-0.052968074301
-0.000869637899905
-0.0114979201766
-0.0303252781342
-0.0211087549515
-0.013694265977
0.0138792669326
0.0108467629308
-0.0277069483966
-0.019059051669
-0.0215902028956
-0.0332787380028
-0.00788174953117
-0.026002815472
-0.0253438271289
-0.0164892071906
-0.00199052371496
-0.0254042831483
-0.0287682906393
-0.0173154011117
0.0103259543571
-0.0105349344694
-0.0427499620635
-0.0154616371087
0.00211179984312
-0.0108191527154
-0.0309259074799
0.00161045283838
0.00864675276648
0.000496970729625
0.00113199950889
0.0206796852056
-0.00437144021884
-0.00484451509657
0.00781948829289
-0.00227217284781
-0.0121451636903
-0.00533774161365
0.00768134661906
0.00271228265369
0.013336076347
-0.0164693970333
0.0146442378305
0.0508778599198
0.00172707450986
0.00685269218055
0.00372678722771
-0.00885143578629
-0.0053644643819
-0.0112126487775
-0.00981020278185
-0.0197291040417
-0.0426693388266
-0.0530825635475
0.0
-0.0292213982438
-0.0558438394583
-0.0436810665366
-0.0428229071526
-0.0718080393312
-0.0564584039637
-0.0458539262686
-0.0768168960051
-0.0804139857775
-0.0712247165076
-0.0763669393558
-0.0882162199401
-0.0779533701312
-0.0477743662151
-0.0767920063101
-0.0509372015961
-0.0675606639127
-0.0827149811375
-0.0503623706252
-0.0579270251965
-0.0321188660548
-0.0377768575234
-0.0679401041975
-0.0370804897406
-0.0507531330776
-0.0678290273784
-0.0417618141123
-0.0715056696712
-0.029530246547
-0.0329141819909
-0.0356388555264
-0.018750237429
-0.038484985834
-0.053106740574
-0.0625430187155
-0.0507835284517
-0.0134980286605
0.0039519805751
0.00526290538436
-0.0203263398542
-0.0414394483704
-0.0196660574183
-0.0354854101439
-0.0232744178155
-0.00504107273746
-0.0133304143223
0.00914959931044
0.0106207842833
-0.0162008239339
0.0186037241264
0.00743354426925
-0.00375414137798
-0.00357051413491
-0.00949345434423
-0.0233912749849
-0.0466790686822
-0.0563786225233
-0.0234280718078
-0.0413394401516
-0.0180477789861
-0.0413486435969
0.00909108343148
-0.0645549559625
-0.027751590682
-0.0324294613088
-0.0326332516377
-0.0477545823702
-0.0318390628018
-0.00932383285851
-0.0207616859336
-0.00729304768463
0.0
0.0
0.0
0.0
0.0
-0.0252708258208
-0.0183074347209
-0.0663882437938
-0.0294197380616
-0.0117327316562
-0.0540047715995
-0.0394092433118
-0.0416867816809
-0.0444304735529
-0.0620756849121
-0.0462124019897
-0.0568480813852
-0.0459581861991
-0.068342152314
-0.0653264710654
-0.0501254506189
-0.0712312671114
-0.0457979150742
-0.0539716774925
0.0
0.0
-0.104172031113
-0.0640257836331
-0.0632388810771
-0.0491467599872
-0.0360830765108
-0.0697033656838
-0.0681262777377
-0.0591115280277
-0.0532670392412
-0.0459377920747
-0.0790863859264
-0.03672787894
-0.0977772159353
-0.0922637509041
-0.0794748471833
-0.0862049828763
-0.0748686229179
-0.0698723201834
-0.0773573409521
-0.133944777972
-0.0896263134704
-0.103608784455
-0.0730713183583
-0.0805067771483
-0.0989800473299
-0.0949275753069
-0.0898731917846
-0.0891095416581
-0.080448536449
-0.0926920433432
-0.0922257305588
-0.106387972402
-0.080575778498
-0.0903555880727
-0.0641177723059
-0.0976257537641
-0.125217896655
-0.107787924599
-0.109415448885
-0.0591080163733
-0.0781748314255
-0.0929827010025
-0.08233503104
-0.0813667078644
-0.0880984730042
-0.100433970628
-0.055676751804
-0.0767165488207
-0.0681560917033
-0.046628935395
-0.0710400703265
-0.0597455420453
-0.0545122001847
-0.0706350311343
-0.0527664451052
-0.029046038913
-0.0502959714623
-0.053283890426
-0.0302833188386
-0.0151615102203
-0.0345334433986
-0.0118543444593
-0.0520384845186
-0.0249912451961
-0.0910705965362
-0.0820930622053
-0.0728322557766
-0.0491515702178
-0.0621444778137
-0.0437076881936
0.00393314339712
-0.024342285207
-0.0345110372663
-0.0134960631598
-0.0331562544215
-0.0349235685349
-0.0105100017415
-0.0568783429477
-0.050473901082
-0.0113466452978
-0.0474564599864
-0.0542024676868
-0.0298210380155
-0.0567740750489
-0.0353669546264
-0.0697634543007
-0.0317345657601
-0.0448186458073
-0.0621227223175
-0.0435466695442
-0.0218591967239
0.00703741842162
0.000416077014666
-0.037446102455
0.0
-0.0109428328858
-0.013207671127
-0.0424577565068
-0.0180338887963
-0.00950539526224
-0.0230332394256
-0.0283977450612
-0.0111042529262
-0.00164351448091
-0.0566453384393
-0.0612006660532
-0.0550534937324
-0.0468972344378
-0.0568811148455
-0.0788355258747
-0.0732515492972
-0.0801731020272
-0.0644108792103
-0.0572745377066
-0.0397046418462
-0.0885212970835
-0.0813348436201
-0.0782620427641
-0.107531835994
-0.0938728740885
-0.0873450391715
-0.0901801530677
-0.103787913094
-0.105721960301
-0.0855800840729
-0.102988839089
-0.0931830962433
-0.105073773934
-0.0989362740335
-0.0913496740035
-0.05884360897
-0.0395130599503
-0.0443871541934
-0.0761614036039
-0.0734591915333
-0.0782342950431
-0.0898220323602
-0.089930293313
-0.0801128390583
-0.0843792876347
-0.0698808487962
-0.0787028758421
-0.103476613679
-0.0898021490951
-0.0824965245172
-0.104242492468
-0.0762421747793
-0.0757674476362
-0.0806470047185
-0.108155182724
-0.104998172415
-0.118817904227
-0.0967236563687
-0.113656634899
-0.0579045590466
-0.0966573835357
-0.0217209968133
-0.0939378235564
-0.0616514710267
-0.0753978525245
-0.0755115475072
-0.0639254646529
-0.0724080633918
-0.0731055820399
-0.0935065035676
-0.0913315351154
-0.0924329843972
-0.113624192485
-0.104514091245
-0.10274709101
-0.10553172949
-0.102160307688
-0.0752208748285
-0.10589682676
-0.0801184512981
-0.0846671420091
-0.0481371853438
-0.0804285969425
-0.0848386187934
-0.0671650263386
-0.0724939667331
-0.0764277356961
-0.0876029011452
-0.107138341449
-0.0857817291317
-0.106760444132
-0.0982232846744
-0.0905913512592
-0.0917519588258
-0.0687038813698
0.0
-0.064797903942
-0.0880658348973
-0.110544797388
-0.0665172075838
-0.0524838111791
-0.0295449092874
-0.0451683927167
-0.0757540467744
-0.0638223502095
-0.0557128527317
-0.0626069683579
-0.093745720356
-0.0327661903826
-0.072709326185
-0.0928302429041
-0.109802107526
-0.124374921604
-0.092358766205
-0.0865876154929
-0.0941143458384
-0.0850015177533
-0.0942456219065
-0.133366625223
-0.0452233272547
-0.0707823341014
-0.0763833514102
-0.0860436393449
-0.103571967988
-0.111274624331
-0.123296410874
-0.121475441796
-0.127954485901
-0.103224643469
-0.118438044344
-0.144117857322
-0.0971701192714
-0.107469724717
-0.0720857477986
-0.115435962001
-0.1217354869
-0.131819982983
-0.138409933389
-0.101141651025
-0.1116867835
-0.122585950479
-0.149946802768
-0.141951244364
-0.126805709479
-0.154658363996
-0.158990977287
-0.154842011852
-0.139729528741
-0.138009675373
-0.1480347026
-0.123822500852
-0.147491915211
-0.142650655998
-0.151590594444
-0.131171280356
-0.125999506243
-0.139115635755
-0.140610280315
-0.145653985684
-0.132970390917
-0.149922743832
-0.157324896564
-0.129556652901
-0.116522163809
-0.10285142882
-0.140466325082
-0.13235560254
-0.128705650894
-0.139420952013
-0.136186943922
-0.103177663528
-0.154280267068
-0.118577997515
-0.117033131796
-0.123128998911
-0.12117199741
-0.130341466589
-0.102092235459
-0.121280749256
-0.136065391246
-0.0476238475317
-0.115774591456
-0.0900700835638
-0.0681780391398
-0.109051725243
-0.0874272743787
-0.0866181821363
-0.136824073215
-0.113008547242
-0.117126137724
-0.143182025021
0.0
-0.081411065153
-0.094743614327
-0.112673719623
-0.132647859158
-0.0927147453518
-0.133004401522
-0.095683417791
-0.09129993266
-0.113993493132
-0.116174965203
-0.128002889897
-0.0939114452538
-0.133272980835
-0.134669125697
-0.129218057444
-0.119710019839
-0.166093719978
-0.136819483131
-0.15123243824
-0.118171530776
-0.128597665916
-0.13805901403
-0.085295521016
-0.0919083515398
-0.111353861306
-0.110006271199
-0.0922744569717
-0.11212248259
-0.11388904705
-0.118143349243
-0.147127555769
-0.129618551181
-0.134349359623
-0.149845555875
-0.118167160388
-0.151673021188
-0.121149099098
-0.118336561894
-0.140404003638
-0.0957316342797
-0.113334233296
-0.104534765061
-0.109025167546
-0.10593548633
-0.12665387348
-0.128288463846
-0.14931231891
-0.152710623791
-0.161555291657
-0.153645213089
-0.141537300381
-0.131941628724
-0.154933052752
-0.138394738613
-0.165948871569
-0.147018830094
-0.1514160181
-0.136320788119
-0.159747162962
-0.148449526669
-0.148165929658
-0.143812240388
-0.132565532711
-0.149852428939
-0.140440817474
-0.128308394195
-0.139597439993
-0.108935524332
-0.165019432951
-0.143831922072
-0.129170933633
-0.119456298429
-0.167765795198
-0.143875141615
-0.130882583161
-0.116888239896
-0.124820705625
-0.129204329426
-0.0970096052244
-0.130721679279
-0.107919618741
-0.102391184663
-0.0970891171764
-0.124041207451
-0.144772387915
-0.14453172144
-0.151691551997
-0.14260184045
-0.119098315346
-0.164224166107
-0.144159986789
-0.169734083402
-0.169528671368
-0.163489447388
-0.153066009254
0.0
-0.171461538587
-0.140903133847
-0.146504418778
-0.145085598874
-0.128192215753
-0.145476991829
-0.185388873513
-0.168359763256
-0.15066068054
-0.177437371067
-0.14627762873
-0.158333918485
-0.11680114563
-0.069436523147
-0.123538095758
-0.113663993261
-0.122019394808
-0.141576747296
-0.121828458769
-0.122964950543
-0.108743327083
-0.143092526318
-0.153056615702
-0.177154947243
-0.128745427379
-0.129700215138
-0.119543985779
-0.107981708098
-0.124391716909
-0.119336353907
-0.143095700473
-0.13504188064
-0.123081954591
-0.13470186982
-0.115527323966
-0.120180558439
-0.0997207849454
-0.120127287959
-0.116367032176
-0.132147995131
-0.132431655525
-0.120782469062
-0.135172775211
-0.144336348508
-0.113051622915
-0.141748202368
-0.142236038559
-0.152974971748
-0.130678103073
-0.145403152029
-0.161033017452
-0.153806378716
-0.163041073612
-0.14064144897
-0.131959043011
-0.134164415964
-0.150919592079
-0.13424959058
-0.148681311722
-0.175995956187
-0.149982354443
-0.139248842095
-0.144743379228
-0.166396394547
-0.154406646838
-0.126591997055
-0.180915634299
-0.158460033035
-0.147594177828
-0.152303948967
-0.138046608013
-0.18040622361
-0.172560988733
-0.156588674615
-0.153981188729
-0.161501724056
-0.168973130013
-0.144981554204
-0.170034788374
-0.175223817327
-0.185650060924
-0.155023984686
-0.189057702419
-0.180732379916
-0.18464224823
-0.173958949211
-0.168394956846
-0.164647554565
-0.152821065861
-0.178992328092
-0.171142642364
-0.109921520798
-0.162103195472
-0.158547124508
-0.136517267701
0.0
-0.177744776046
-0.179963205563
-0.172063118665
-0.206542689681
-0.199855303328
-0.252141440331
-0.198223813677
-0.196260482522
-0.182697536632
-0.18925465131
-0.161813332705
-0.172704032681
-0.163409778854
-0.183755748162
-0.160985303328
-0.163447621761
-0.14105502866
-0.146472070442
-0.154356549817
-0.182044320605
-0.15230140302
-0.181378954345
-0.133116770443
-0.169293983042
-0.144011922536
-0.128617044522
-0.137755246578
-0.191753990953
-0.155674255468
-0.140384327882
-0.141802194688
-0.126011093936
-0.122122914787
-0.155383019316
-0.128117182995
-0.121938045146
-0.1284701745
-0.124275097729
-0.158077278138
-0.16055179653
-0.17202234681
-0.164677116407
-0.147591003754
-0.157204417747
-0.160314334243
-0.176476565508
-0.192001275095
-0.19380785816
-0.174052785866
-0.179005948725
-0.181626781825
-0.188527310285
-0.18523654001
-0.187792174322
-0.193869877956
-0.165327002821
-0.204699197544
-0.206400437443
-0.218267794515
-0.215220534709
-0.198375816018
-0.191860224297
-0.186335550632
-0.19717092867
-0.199048626074
-0.175084412366
-0.190923433931
-0.19357288924
-0.200051042941
-0.186073104845
-0.163084961242
-0.250907302301
-0.207594218235
-0.205087534674
-0.217635209573
-0.216410888361
-0.199399034888
-0.199292952691
-0.199991604765
-0.208753310304
-0.187408448829
-0.181591754394
-0.193869373858
-0.244873268802
-0.198673742345
-0.197647872651
-0.197381332382
-0.20082554635
-0.194833226737
-0.210987566481
-0.194967684076
-0.179031690275
-0.213945512159
-0.198412115113
-0.177082870779
0.0
-0.206494077079
-0.187096290857
-0.192051439779
-0.237839438387
-0.218513789174
-0.222262340104
-0.26555519142
-0.246746475965
-0.223742343293
-0.17872016915
-0.168260339632
-0.261735369316
-0.221272668061
-0.226466630522
-0.224808484376
-0.231955603863
-0.226145757782
-0.217203652782
-0.214745755708
-0.232100807651
-0.242166415001
-0.243911161678
-0.236029259729
-0.230293053343
-0.232933323027
-0.204765639462
-0.202274188756
-0.222950523329
-0.217041140612
-0.210712287472
-0.240328115998
-0.212544584606
-0.231851004545
-0.208781720494
-0.196989030937
-0.229984028124
-0.239756119695
-0.235726671149
-0.211700586185
-0.218056763972
-0.201894269771
-0.211734084377
-0.175166217975
-0.210998167316
-0.2109936509
-0.212158778035
-0.197408187495
-0.187429459785
-0.177142242783
-0.215697315413
-0.193756514016
-0.213170503336
-0.208930435902
-0.170737534301
-0.177555249956
-0.205436340085
-0.191319041777
-0.183791547077
-0.209717757086
-0.210505135462
-0.191344947773
-0.206095116253
-0.187288075319
-0.215456469274
-0.209533543611
-0.191946275183
-0.167876149982
-0.204438596581
-0.206409593257
-0.202979239061
-0.189380538429
-0.141928844819
-0.185206069296
-0.197519653772
-0.191107113113
-0.192006579075
-0.217307219081
-0.212894269076
-0.222056859847
-0.202119597098
-0.195275776509
-0.213636155699
-0.190309675925
-0.181821614148
-0.1946521735
-0.193079362705
-0.197152429464
-0.214168898794
-0.208855119163
-0.221290642806
-0.20903065128
-0.241517538699
-0.235661273537
-0.218112905623
-0.234029817611
0.0
-0.265364876765
-0.253996491414
-0.255464105487
-0.27078171073
-0.255433293991
-0.268029689521
-0.27813435809
-0.255609792698
-0.265751588587
-0.259269450342
-0.196654094879
-0.214350952308
-0.245774934544
-0.246098140535
-0.262642613652
-0.24921811482
-0.239230341108
-0.243679870237
-0.245563599801
-0.259896182016
-0.255757799582
-0.257849742155
-0.285179407969
-0.19058944793
-0.261930534185
-0.245321707314
-0.254061125682
-0.252197143896
-0.25875644629
-0.287354012882
-0.274334853599
-0.26910346913
-0.266744042626
-0.264923943118
-0.268684105449
-0.213984084363
-0.25525853498
-0.26685169912
-0.250880699553
-0.221183356253
-0.256734657532
-0.24763961825
-0.23353356742
-0.258063252487
-0.22640593238
-0.223318551839
-0.241027729247
-0.258972585975
-0.237311259105
-0.246241117089
-0.269451840975
-0.254600517593
-0.225960638911
-0.232734283697
-0.248413949371
-0.236703363336
-0.229664835434
-0.244062640791
-0.237441321954
-0.165784692498
-0.214900869424
-0.231124974918
-0.239688713573
-0.186635357598
-0.221783011629
-0.170824466168
-0.199004279762
-0.209918009284
-0.190942229951
-0.217175800791
-0.220414494
-0.213086316325
-0.226252234609
-0.24280688303
-0.182133300191
-0.237215864557
-0.249071881811
-0.221354874258
-0.237364135598
-0.246802214039
-0.21893411427
-0.213340428026
-0.197701526629
-0.227373601286
-0.208474834898
-0.221878090122
-0.212988288264
-0.226863181851
-0.225511710199
-0.218123539217
-0.219409785471
-0.248508294292
-0.254145096927
-0.239596327044
-0.256628369693
0.0
-0.293846172943
-0.283591176758
-0.309146013616
-0.275450940675
-0.258142910877
-0.275068679698
-0.274427753192
-0.207935214108
-0.253567702108
-0.281178974878
-0.286082343673
-0.342886849953
-0.316890663396
-0.307601336996
-0.294664007016
-0.321608885237
-0.319474224812
-0.334857420976
-0.357046129683
-0.344371611629
-0.326848122947
-0.300513157389
-0.323937569262
-0.321903186691
-0.289439562074
-0.3114085723
-0.333810843289
-0.325745009584
-0.293366469176
-0.300943573107
-0.286279782092
-0.290203161455
-0.295075875799
-0.31558298979
-0.301520486081
-0.284828327492
-0.277441895079
-0.259878082887
-0.283206364944
-0.288433178407
-0.271861439524
-0.292011427422
-0.252384495156
-0.260242397923
-0.272329746127
-0.289695975168
-0.301715598023
-0.226726189711
-0.288773926732
-0.272995794239
-0.281663381253
-0.267557745036
-0.270405050024
-0.26018499333
-0.246966160902
-0.250286651052
-0.268306745601
-0.28152245467
-0.277366736209
-0.285118517648
-0.321353264731
-0.297539825472
-0.300227977784
-0.284723427175
-0.292647257599
-0.291524069705
-0.294442038187
-0.296210590454
-0.268287313397
-0.289132105723
-0.28774893307
-0.296778323209
-0.301518991254
-0.285983067674
-0.272778178989
-0.304782881041
-0.304935226123
-0.279895384676
-0.269230100859
-0.252557215709
-0.261243508046
-0.241700369936
-0.243658059081
-0.295134150057
-0.304737699111
-0.311470371067
-0.290370874049
-0.328156347453
-0.311218994775
-0.329736247192
-0.330030429356
-0.323000436551
-0.335747395919
-0.344176820617
-0.318766198199
0.0
-0.3262649356
-0.369449840954
-0.372363852248
-0.345009717694
-0.333204474913
-0.336794192747
-0.304868340258
-0.316227099285
-0.321962205846
-0.28647463438
-0.342906490619
-0.370708335961
-0.361905542556
-0.342992855015
-0.362816158425
-0.354897324727
-0.357846682297
-0.3622214406
-0.378555104314
-0.386380397218
-0.426399739551
-0.385175675456
-0.375536408447
-0.367485990102
-0.362075849879
-0.360995111428
-0.352214468212
-0.367299085234
-0.366002384193
-0.357192298647
-0.349087969218
-0.344549195391
-0.346046908584
-0.336687009493
-0.341369825591
-0.358366249766
-0.363863942162
-0.344154920249
-0.35283446017
-0.351870988261
-0.340001164423
-0.344140712102
-0.360291561575
-0.372446967821
-0.343168847666
-0.335260341511
-0.314320738501
-0.319709865088
-0.321398298417
-0.343508140606
-0.346628080124
-0.357900147375
-0.365751252923
-0.343056199236
-0.340802319765
-0.355160443533
-0.344943646316
-0.356073704893
-0.331879507899
-0.36930204708
-0.343380226213
-0.331751723332
-0.344737751097
-0.353511918978
-0.363486636605
-0.347638649917
-0.337404964398
-0.331585954083
-0.316994139887
-0.29707624896
-0.325110015904
-0.316234104477
-0.280958788084
-0.311460818247
-0.31654024739
-0.313978813625
-0.327966233936
-0.350815019456
-0.296833138664
-0.338558279579
-0.354055253194
-0.326058749224
-0.346721977172
-0.341323978086
-0.341465651057
-0.345091861586
-0.319342699085
-0.338373274806
-0.34239527182
-0.33805561047
-0.343480109425
-0.326143121842
-0.29645704129
-0.321787478838
-0.310078746431
-0.325644053626
-0.300657037049
-0.323045911991
-0.328342093513
-0.338296326227
-0.341890846772
-0.356983419204
-0.361339522598
-0.364422768743
-0.341138292397
-0.369376701208
-0.379095185394
-0.373084609443
-0.362388553236
-0.357133288034
-0.370580888125
-0.372171652224
-0.367845934735
-0.374663281363
