0.0
0.0
0.0
0.0
0.0
0.0
0.0
0.0
0.0
0.0
0.0
0.0
0.0
0.0
0.0
0.0
0.0
0.0
0.0
0.0
0.0
0.0
0.0
0.0
0.0
0.0
0.0
0.0
0.0
0.0
0.0
0.0
0.0
0.0
0.0
0.0
0.0
0.0
0.0
0.0
0.0
0.0
0.0
0.0
0.0
0.0
0.0
0.0
0.0
0.0
0.0
0.0
0.0
0.0
0.0
0.0
0.0
0.0
0.0
0.0
0.0
0.0
0.0
0.0
0.0
0.0
0.0
0.0
0.0
0.0
0.0
0.0
0.0
0.0
0.0
0.0
0.0
0.0
0.0
0.0
0.0
0.0
0.0
0.0
0.0
-0.0195845609984
-0.0101365386796
-0.00720627969088
-0.00875719494259
-0.00762251056715
-0.00367365237834
0.00551028969836
0.0148299491799
0.0323811565968
0.0373732148328
0.0454146456288
0.048241024019
0.0468047417945
0.0364091953124
0.033469849542
0.0411293158222
0.0385958733391
0.0349376056862
0.0387816250309
0.0378573086601
0.0366942436303
0.0379376220947
0.0354284311497
0.0392370403416
0.0391356449248
0.0331359673547
0.0379708724465
0.038495587136
0.0423928135606
0.04052523363
0.0315612934129
0.0297228650069
0.0349259399452
0.0243300037058
0.0221325849983
0.0235211737328
0.0182146025184
0.0116513324498
0.0147688022408
0.0141334765024
0.0136018056912
0.0134536345159
0.0122588226876
0.013641519871
0.0151408307095
0.0137605811948
0.0145718178153
0.0132856285578
0.0142132924102
0.0
0.00767208311619
0.0103220064943
0.0125146709091
0.00980514707284
0.00435495438679
0.0110678840741
0.00933392549183
-0.00563843623669
0.0180346444275
0.0159843304981
0.00945963391561
0.0163346958686
0.0138829885433
0.0177926273594
0.0203292154231
0.0237397615821
0.0315284474357
0.0357563838281
0.0332996387396
0.0276994858055
0.0330719245294
0.033929634567
0.040526968588
0.0421895833855
0.0339128146057
0.0394457390502
0.0407268738012
0.0480327282577
0.0487310094006
0.047103321533
0.0478457436984
0.0474426595549
0.0464632086776
0.0427203352931
0.0420784282511
0.045617218828
0.0451218812068
0.0486377304584
0.0467816537491
0.0430178465529
0.0444935847328
0.0492376018884
0.0513912909995
0.0
0.0584176446324
0.0621751141027
0.0542209606374
0.0462441472421
0.0466840614491
0.0504611307859
0.0
0.0
0.0
0.0
0.0728293833962
0.0776916006211
0.0565244358549
0.0561315327937
0.0416391133283
0.0485637496432
0.0532307939242
0.0520822809797
0.0433449274043
0.0456179012409
0.0427107496041
0.0172254937257
0.00762770192647
0.00814964398652
-0.00289315693937
0.00482818111136
-0.00807677927796
-0.00661035946099
-0.0139982061946
-0.0197861268641
-0.0174613988204
-0.0229377505943
-0.0229795210868
-0.021567824432
-0.0301787761277
-0.019979580822
-0.0228205878411
-0.0179159688892
-0.0175562043088
-0.00847082971152
-0.00489975455271
-0.00258529410974
0.00395430906294
0.00974337378473
0.017889422206
0.018040985301
0.0220976677784
0.0202888737575
0.0310990629086
0.0304728507644
0.0195185944538
0.00629792844712
0.00209444288999
-0.012674795937
0.00530694580392
0.0115031411064
0.00872652605675
0.0119152919536
0.0153733557698
0.0165842292723
0.0157216103972
0.0215841967532
0.0227488946212
0.0227178423294
0.011553749909
0.0164730432577
0.0116327502188
0.0102763771067
0.0155592930814
0.0120755234193
0.00787037596838
0.0171395354219
0.0177389227345
0.0173995943205
0.0136359691639
0.0175601715923
0.0127323621699
0.00759086563912
0.00663076345643
0.00605286107651
0.00325995841349
0.00157808321004
0.00633830574411
0.00631688030918
0.0156612027872
0.0118346072442
0.00159961991403
0.0014907934767
0.0085541967628
0.00676383762091
0.00340274840235
0.000996067260661
0.00264528995985
-0.00331223114827
0.000595135163871
0.0
0.0
0.0
0.0
0.0
0.0
0.0
0.0
0.0
0.0
0.0
0.0
0.0
0.0
0.0
0.0
0.0
0.0
0.0
0.0
0.0203617498605
0.0218475859793
0.0219531391558
0.0225016585231
0.0259014396345
0.0225727775726
0.0
0.0
0.0
0.0207723271189
0.0204582203803
0.0229159011986
0.0250618555218
0.0313055143767
0.029863760856
0.0306462822061
0.02433103444
0.0305831132554
0.0
0.036985855253
0.0386014194046
0.0399522873969
0.0455382955846
0.041137216272
0.046279546113
0.0419606800385
0.045112805761
0.0496108027416
0.0530700431392
0.0578762509123
0.0567315653255
0.0509587207365
0.040125654465
0.036752897275
0.0296656457241
0.0252324311107
0.0288865956133
0.0242270097458
0.0241281896219
0.0271515601364
0.0376126064266
0.0286325721758
0.0225069099138
0.0254133660958
0.0215652317822
0.0190948292247
0.0138677368773
0.00918231351773
0.0114359457467
0.00995632599562
0.00703184191035
-3.08038670613e-05
-0.00402309732018
0.00734122224373
0.0026140798025
0.0070338752626
0.00834972855003
0.017581521473
0.0190483728906
0.016559679913
0.019499677027
0.0225687618819
0.020493227291
0.0282043069672
0.0249443339599
0.0268580650777
0.0329876743548
0.0283523107349
0.0348969795495
0.0275539983772
0.026976221698
0.0245666412636
0.026494908546
0.0217880854578
0.0296409490722
0.0196099671735
0.0
0.0304309448302
0.028340679709
0.042500674689
0.0446024923165
0.0480606095781
0.0525412264054
0.0399200893735
0.0401826475687
0.0449431227878
0.0434211360964
0.0563537237066
0.054057632321
0.0587500268378
0.0613959323399
0.0493810225137
0.0376951002004
0.0403203845721
0.0347030436937
0.0345261953166
0.0353829294428
0.0340617305838
0.0239566776316
0.0266968328904
0.0185440957847
0.0207818462147
0.0271320589629
0.0303061790836
0.0352694760538
0.0366937538943
0.0398935062321
0.0432396655567
0.0409972779328
0.0406403709283
0.047951264144
0.0446323323252
0.0302673250595
0.0292270874329
0.029826520304
0.0268193047068
0.0222338725576
0.0252624579562
0.0277630162935
0.0317049553832
0.0417213649245
0.0320185018065
0.031565327938
0.0268499587538
0.0214262256049
0.0187603646408
0.0291275702489
0.033233013272
0.0310721885484
0.0326179501082
0.033706580462
0.0289371255167
0.0237578886115
0.0289311804372
0.031124338474
0.0265733899936
0.0286086368828
0.0294792107904
0.0410098237202
0.0454302172586
0.051321415758
0.0461073936747
0.0450022272486
0.0483385581187
0.0478785726589
0.0498109146527
0.0580344603512
0.0472516372855
0.0466155250517
0.0418889954489
0.0
0.0778342596151
0.0720515029593
0.0507349490389
0.0374329689374
0.0582301425146
0.0321353382161
0.0326753948841
0.0372679909519
0.0279355835506
0.0242105720691
0.031096708683
0.0352753784702
0.0274635155123
0.0270996977182
0.035064938397
0.0224086738492
0.0236411716742
0.0258132334965
0.0200156440207
0.0135850411152
0.0155402338147
0.0
0.0
0.0191633260379
0.0156434711971
0.0139443714536
0.0148670084471
0.0185129738997
0.0104248928018
0.00421716171726
0.0251029781507
0.0235020665519
0.0198969447737
0.0229788394673
0.0128784062295
0.012063302457
0.0153647030182
0.00849959505432
0.00784579945822
0.0208915673013
0.0163161015763
0.0071217118659
0.0109481272799
0.0179254232076
0.0222192710783
0.0151077869821
0.0118265214652
0.0127273093515
0.0167744703692
0.0310847788636
0.0337412649093
0.0357290070313
0.0330132898569
0.0360829440003
0.0526035736872
0.0447829465767
0.0435040656753
0.0377602338111
0.0495789979282
0.0512228117647
0.0544348941847
0.0585058376012
0.0619032834273
0.0646051796202
0.0676461227821
0.0641472718724
0.0567112898109
0.0589958574861
0.0536672332015
0.0517024697954
0.0484258762781
0.0547188647759
0.0621770289853
0.0580682179898
0.0562516727835
0.0633285812299
0.0607900032156
0.061155046337
0.0761770525973
0.0656153500218
0.05996370114
0.0677753195588
0.0584284566576
0.0545629533807
0.0497755800054
0.0451794586145
0.0527838406309
0.0302055069951
0.0299418471659
0.0310785080239
0.0411522098519
0.058668577898
0.0464406579082
0.0337393384509
0.0393980975534
0.0338316922619
0.0406994574062
0.0415751810634
0.0277978448341
0.0276339164591
0.0319263469784
0.0359370691568
0.041793907991
0.0283689168622
0.0364986420961
0.0360994163355
0.0309830422261
0.0374014218269
0.0250436918691
0.0318133886839
0.0342033854199
0.0270601112235
0.0279943891044
0.0452055804191
0.0385678338468
0.0386538805551
0.0335955549831
0.0
0.0240488308648
0.030046875173
0.036939782245
0.0265309291212
0.0354737359977
0.03910233504
0.0350476758861
0.0327607308961
0.0454763005484
0.0414502158228
0.0400864106912
0.045491893444
0.0467741031914
0.0459909293502
0.0524467766863
0.0425970562722
0.0432181681015
0.0377703534226
0.0356197417048
0.0404895015328
0.0462301232379
0.0460092930063
0.0544416763704
0.0350684995079
0.0487585573215
0.0396709714578
0.0255496239458
0.0252866593329
0.039627677865
0.0508390358298
0.0511831663265
0.0324732053567
0.0243510678778
0.0166102035642
0.0339119812035
0.0441811740802
0.0485828610422
0.0364953118637
0.0253639082315
0.0124244968224
0.0341499077713
0.0225391609438
0.012177372152
0.0168538785331
0.00570192280661
0.0236660505784
0.00680668645533
0.00550861991435
0.0117354542844
0.0208728900175
0.0264406248502
0.0400177429169
0.0326268544024
0.0221897358636
0.0239318642553
0.0121560575347
0.0198936316735
0.0203351422216
0.000822882611378
0.00486897894695
0.00104309682633
0.00587416457883
0.00692071782922
0.0137102235992
0.0166085364938
0.0145962135281
0.0220003250349
0.0271444656215
0.0134159436046
0.0104660533479
0.0218584548971
0.0225446160475
0.0248081157709
0.0205474904901
0.0236924196615
0.0242766653373
0.0295156193723
0.0351200072559
0.0329956918202
0.0400075680684
0.0502294444352
0.0
0.0
0.0
0.0
0.0
0.0
0.0578623045992
0.0621912586091
0.0526787434326
0.0621451361759
0.0419472411108
0.0340079683439
0.0353049278076
0.0313441818897
0.0
0.0197401287757
0.0251391824197
0.0329584047287
0.0346093750161
0.0357043394598
0.0279116950677
0.0389455598437
0.0315493498507
0.0203033533298
0.0248876608258
0.0218876741211
0.0164928324869
0.0114386497835
0.00955985139329
0.00256879073778
0.00400357526402
-0.00787702130391
-0.00205211686004
-0.00339228926068
-0.00522168416103
-0.00249282084303
0.00831467735223
-0.00465635261378
-0.00646180862483
0.00566193897939
-0.00374787231555
0.00487299487887
-0.00246892669855
-0.00682806959134
-0.00823277755049
-0.00540298077374
-0.00686328338186
-0.00152322087967
-0.0105709317677
-0.00714549081504
-0.00659388414787
0.00111222083038
0.00540473168935
0.00158980444862
0.011589470465
0.0158651439224
0.0164360868459
0.0217886160299
0.0269599517516
0.0178146235851
0.0211030429813
0.0262562160963
0.0312804687836
0.0271018538976
0.0300070203962
0.0265634083891
0.0156205195978
0.0187460699097
0.0201293486422
0.0133957087136
0.0209281212551
0.0233810207885
0.0180918733981
0.0077249789533
0.0144620462798
0.0237792912385
0.0275355650987
0.032925568115
0.0269031582695
0.0348058143424
0.0384247705204
0.034453315689
0.0388250126293
0.0355786232394
0.0252853073118
0.0177645891622
0.0133839573462
0.0265905635129
0.00692712769917
0.00915784851929
0.00462794630317
0.00575514749103
0.00715537046174
-0.00179791571019
0.00905194066521
0.00623706941973
0.00439915018033
0.0113199756005
0.00185904459483
0.00319842287029
-0.00184389954373
6.65711711334e-05
0.00289510050194
-0.00266670977596
-0.00244756441493
0.000688576078282
-0.00508819673467
0.000974633550481
-0.000944247634754
0.00263627615428
0.0
0.00443364576774
-0.000105276462824
0.00424601785165
-0.00226527635828
0.0123147833546
0.00741190364739
0.00926781605226
0.00510069423892
0.00621364095358
0.00613768210963
0.0116403615839
0.00221173517619
0.0240540628195
0.020786765357
0.0195094755411
0.0208555423846
0.0168788833403
0.0222214424338
0.0284023857254
0.0264450310728
0.028416436715
0.0239723171878
0.027712108371
0.0265731582099
0.0248582324192
0.0247342269683
0.02076666314
0.0139868895013
0.0184242305891
0.0177424707064
0.0161300218406
0.0140634309018
0.0227343842697
0.0234887836273
0.0165079357075
0.0111059481454
0.0199596896001
0.0197619971291
0.0170585025771
0.0198744596775
0.021853810497
0.0289636809881
0.0322223459775
0.0327446735592
0.0444017131086
0.0371666825888
0.0305190369992
0.0326867716817
0.0319565709877
0.0352214328943
0.0318298364277
0.0387697363232
0.0458657220721
0.0499155928898
0.0453499050101
0.0500757340945
0.0469647333141
0.0418078800227
0.037842929127
0.0335441342564
0.0272415833078
0.0253672876483
0.0453039590901
0.028770666596
0.0188664759927
0.0298077762899
0.00935319365228
0.00275362529614
-0.00569160624828
0.000888843692518
-0.00851485182388
-0.00559331790295
0.0102287305288
0.00974860426436
-0.000780038473163
-0.00141202981245
-0.00480575237046
-0.00165145969636
0.00177218910201
0.00109865196561
-0.00340356290144
0.00355074354422
-0.000560067827907
-0.00177881578249
-0.00184829092149
-0.000875290778677
0.0141312189817
0.0259440700718
0.023854424847
0.0357138121811
0.0302005348419
0.0401561881619
0.0416699170261
0.0352189588671
0.0288141257321
0.0
0.0
0.0129996318992
0.0291258751165
0.0213605277765
0.0274619465225
0.0230193832508
0.0252923275108
0.0269496775306
0.0248877000411
0.018261862099
0.0185312312165
0.015893030563
0.0215055572579
0.018335050937
0.0203285015976
0.017069060326
0.0196944203839
0.0145542789254
0.0143748662648
0.00554604809889
0.00333014388036
-0.000333183019666
0.00299674192002
-0.000732770209061
0.005622460888
0.0018928127833
-7.89319418145e-05
-0.00287590632178
5.40149574568e-05
-0.00992935674954
0.00261259828665
-0.0016578266117
0.00657346059102
-0.000119503455653
0.00900002347826
0.00203948058273
0.00451742481055
0.00718523907787
0.00733425991293
0.0107992299575
0.0170963640287
0.0196104419342
0.02459561112
0.0154527934006
0.0102442478471
0.014362161121
0.00913535939443
0.00799166896759
0.00506530513778
0.00412797376899
0.0114252196038
0.0247232429501
0.0304168063325
0.0394873824239
0.0469880558653
0.0499982172564
0.0508793020868
0.039318401738
0.0266114283139
0.0345506353233
0.0439420102159
0.0475758455044
0.0491370966078
0.0424277020877
0.0444797680719
0.0455279307739
0.0511233003596
0.0540183933945
0.0571758472711
0.0498757400858
0.0444396491431
0.0312371337021
0.0370184793408
0.0418443171148
0.03507450957
0.0373943685637
0.0362590124561
0.0317373339493
0.0257794255991
0.0222281885463
0.0216554629445
0.0154877717133
0.0157939687864
0.0242937387992
0.0292202063196
0.0143835375505
0.021478402948
0.0220474664876
0.0117553948613
0.0107609575942
0.00942659452415
0.00973913404613
0.00854954564613
0.00378357956424
0.000426745953634
0.0
0.0
0.0110450654592
-0.000189596493667
0.00270039950113
-0.000182086965167
-0.00311534764831
0.00305202604166
-0.00383266707555
-0.00727553810632
-0.00127241047106
-0.00277123689107
-0.00433851201338
-0.00403104947369
0.0046991747912
-0.00297869002541
-0.00308241148091
0.000439330239454
-0.000672967180654
0.0124316378517
0.0141711938076
0.0
0.0184434149605
0.0
0.0
0.0
0.0
0.0199226180558
0.000230208550154
0.0272870195707
0.0209871898905
0.0122151091412
0.0121063324772
0.01510106587
-0.00065092736353
0.00562463700267
0.0
-0.00289168266549
0.0
0.0348175285959
0.0222167807353
0.0
0.0174254994538
0.0346519553126
0.027265730135
0.0257247194348
0.0344201368737
0.0198796469469
-0.000373881369154
0.0225642270608
0.026164330387
-0.00411538327606
0.0
0.00556828531041
0.023163558556
0.0416698107136
0.0
0.0234565440391
0.0249202530302
0.0322568241507
0.0225917877849
0.0
0.021102887412
0.017328359041
0.0425227212107
0.0515957302802
0.058500670683
0.0479749539959
0.041158135719
0.033123062747
0.0359878540832
0.0445070130397
0.0635709339325
0.0496145797784
0.0393670497682
0.0565170976955
0.0237593181481
0.0237863879512
0.00836993877154
-9.61950721499e-05
-0.00698371058665
-0.0135421203057
-0.00383277367103
-0.00715984698447
-0.00291026393642
0.00566950319209
0.00392800018964
0.0126033231501
0.00852299243832
0.00505107995876
-0.0046306614961
-0.0040933582356
-0.00213476079548
0.0105079360158
0.0185206557573
0.0215304223295
0.0
0.0296145587578
0.0325635652546
0.0241530985808
0.0237923043501
0.0324893968017
0.0254816537536
0.0192710901633
0.0312458167276
0.0283877661716
0.0350193208582
0.0
0.040986147128
0.0373072523055
0.0327538247575
0.0361335508078
0.0333768489857
0.0394984710303
0.0271751503717
0.0278438095458
0.03877049498
0.0455053605677
0.0588965200582
0.0666301632065
0.0559302811544
0.0694963117655
0.0667111695968
0.0469838980136
0.0582336272281
0.0519585525153
0.0498482552699
0.0430310653821
0.0369786866611
0.0342638534048
0.0344669594384
0.026038753216
0.0210756189158
0.0179276458097
0.0168641044403
0.0131566902632
0.0130228876018
0.00981794594117
0.0078342816626
0.00656326343617
0.0103637317233
0.0136644372479
-0.0022047080502
-0.00207191945773
-0.00181974053731
-0.00483755481698
0.00187022175007
-0.00613619176908
-0.00430074824589
-0.00197805693333
-0.0151517582686
-0.0129988464877
-0.00848365978998
-0.013024754406
-0.019007053384
-0.016740844006
-0.0134587822055
-0.0162432859775
-0.0145389314561
-0.0145424347484
-0.00734270898676
-0.0101885946674
-0.00926987966252
-0.0145575904675
0.0048539287278
0.00304923343381
-0.00255799367084
-0.00260175495445
-9.11590304464e-06
0.0114350426663
0.0149579807427
0.00686133602395
0.00675725626749
0.024400527537
0.0414147157459
0.0410322771751
0.0376478415966
0.0279399640101
0.0194613585611
0.0192238906211
0.0118135091911
0.0242892744437
0.0254692558422
0.0173524093167
0.0241942687633
0.0353041067318
0.0237698459241
0.0141160756825
0.0197012067361
0.0270183559382
0.0230747781945
0.0176397519647
0.0
0.0180238722624
0.022635031053
0.0260790517296
0.030991079414
0.0216072892153
0.0212547601782
0.00801337778012
0.0145810178154
0.0111320334779
0.00950694978648
0.0126846265845
0.0131811724874
0.00893247912861
0.00441831591182
0.0117749755396
0.0054026850006
0.0013821612751
-0.0105916633807
-0.0105066770368
-0.0207190361034
-0.0261481451926
-0.0196525282849
-0.0206038157659
-0.0287820503061
-0.0160919592582
-0.01650235188
-0.0226117770017
-0.0236322161255
-0.0245989761563
-0.0249328640586
-0.0247209111708
-0.0163466495587
-0.0204217658969
-0.0253489281328
-0.0147983763615
-0.0176927690886
-0.0129770848416
-0.00538639854839
-0.00368930067831
-0.00513030111828
-0.00821537515765
-0.00748618971638
-0.00804309599805
-0.0135780925055
-0.00673497348447
-0.00355303334383
0.00184088069196
-0.00148051437272
0.0189413514789
0.0129386877827
0.0210102593054
0.0276013594873
0.0277087545309
0.0305423712807
0.0263718086608
0.0209150612476
0.0128012000621
0.0185986415256
0.0190018434113
0.023176173737
0.0241888959641
0.0204403703465
0.0170602693627
0.0141498159733
0.0124692626921
0.0183636278785
0.018543674732
0.019762773141
0.0296956778956
0.0200028878736
0.00699286864148
0.00979258127907
0.0119911172182
0.00795283114768
0.0
0.000314688889673
-0.00196737058879
-0.0086329973579
-0.00485052198972
-0.00461817393541
-0.0155901264808
-0.013908723474
-0.0185254070002
-0.0255583780855
-0.0233078302983
-0.0208803049696
-0.0206660438885
-0.0258368656869
-0.0281790865298
-0.0255332861004
-0.0260489233879
-0.0262663652739
-0.0260271432057
-0.0277126781311
-0.0343788576889
0.0
-0.0255067292114
-0.0243779845416
-0.0246337067328
-0.0175395920771
-0.0177881345999
-0.00928884631337
-0.0160176593193
-0.0186591497349
-0.0177504895663
-0.0245545365893
-0.0180535004407
-0.0166099752625
-0.0145844735703
-0.00720668486902
-0.00228716765296
-0.0011005764459
0.00265497624199
0.0124338176503
0.0198277186479
0.0127998524729
0.0106509501761
0.00641470436416
0.00281489806009
0.00878712934332
0.0120816000709
0.0097808259629
0.0142521403196
0.0153203001413
0.0126725661118
0.0101143294897
0.00353029765909
0.0117905867288
0.00969649377758
0.00918267589731
0.0107640202454
0.0139469100669
0.00809449448045
-3.21015114679e-06
0.00353246185438
0.0121173452227
0.00804510849716
0.0025526777455
0.00584074266456
0.00295683379244
-0.00406951561995
0.000652197662899
-0.00245544039463
0.000465087780855
-0.00695868500236
-0.00177844729991
-0.00614370690308
-0.00823901400569
-0.00498345348514
-0.0145647106094
-0.0160757567853
-0.0187105214001
-0.01374568108
-0.0220743102223
-0.0195066127833
-0.017026601787
-0.0212770867585
-0.0133482308887
-0.0128341401452
-0.00381730075137
-0.0150740922128
-0.0239428840008
-0.0198483657208
-0.0196315050689
-0.0158246158865
-0.0166680296062
-0.0131919037626
-0.0115480159856
-0.0124237628339
-0.0163195697582
-0.0132974209697
-0.012270438602
-0.0145873237391
-0.0124085591963
-0.0179834172751
-0.00546545470603
-0.0153318001353
-0.00955485913501
-0.0130475649707
-0.00834829651216
0.00406326361332
0.0103974026382
0.00460913603609
0.0196843398586
0.0203287683012
0.0303974073484
0.0300987710332
0.0327332347906
0.0280706642842
0.0397275197712
0.0354797728365
0.0
0.0421092818788
0.0401678665553
0.0394838762167
0.0296606309018
0.0310350169964
0.030878646581
0.0368551289988
0.0489129522477
0.0608662811375
0.0561708043896
0.0464747730758
0.0489668921046
0.0430367279375
0.0332145834702
0.0127908225098
0.0163094432801
0.00926818266546
0.00380936374122
-0.00386972951424
-0.0023032565256
-0.00685978051565
-0.00367244603048
-0.0123178546936
-0.0106747388526
-0.0136510311286
-0.00233154084117
-0.00623877580345
-0.00362247551547
-0.00150354611459
0.00426428521461
0.0
-0.0125681208601
-0.0276731584463
-0.0297839651902
-0.0299511595528
-0.0246981707362
-0.0358818980971
-0.0405430737875
-0.0383065184569
-0.0410924410178
-0.0331621203403
-0.0426486731758
-0.036057497504
-0.0438105020657
-0.0408913894465
-0.0390003178032
-0.0333594146681
-0.0306861978785
-0.0263422141103
-0.0253802620135
-0.0259581952861
-0.0168753752223
-0.018995154537
-0.0157468776103
-0.0130012867334
-0.00746104801408
-0.00710381314165
-0.00207126271295
-0.00700658475799
-0.0130322244656
-0.00681629056527
-0.00045498645955
-0.00573895692961
-0.00573649614049
-0.0049038920796
-0.00769072290881
-0.00571352781143
-0.00056833766902
0.00106716650763
-1.09362330526e-05
-0.00047435515977
-0.00184759056216
-0.0016051799716
0.00255813742301
0.0107569192988
0.0140482933672
0.0228052292902
0.0232572079851
0.0263288121118
0.0169472529307
0.0252964362768
0.033650575031
0.0236206754596
0.0267697405865
0.024345335712
0.0198628549727
0.0207461396836
0.0161671848505
0.0128441007763
0.0143698222301
0.00663105238113
0.00857711298478
0.00916000051261
0.0124823823369
0.0222349080168
0.0
0.0102384072414
0.0159594773094
0.00967127856957
0.00559340988219
0.00800375856433
0.012542477388
0.0124976277
0.00464244371083
0.00239632165866
0.00499926366258
0.0214680734424
0.0176069049707
0.0191172494492
0.00612805665093
0.00151464196304
0.00339189523321
0.0040591487301
-0.00373744227187
-0.00787954583146
-0.01380769673
-0.00940533734984
-0.0180810923812
-0.0182691076245
-0.0263951795616
-0.019852072142
-0.0155475472625
-0.0110681536664
-0.0142618257977
-0.015571393551
-0.00937340520169
-0.0116215597792
-0.00877238473874
-0.00753381472859
-0.00517873034622
-0.00418344666399
-0.00159588072471
0.00119277598264
0.00416534667296
0.00112922234469
0.000121772017025
-0.00284179523555
-0.00711667401182
-0.00339069604202
-0.00484995723749
-0.000905759416092
-0.00291761594593
-0.00194496532277
-0.00493815421665
-0.00398800979443
-0.00309641866488
-0.00231377389453
0.000251119859894
-0.00630126601607
-0.00731171767103
-0.00495960799336
-0.0111671216662
-0.00417782467778
-0.0133935007946
-0.00710583003671
-0.000895199362535
-0.00453120727678
-0.0151176575429
-0.01460647977
-0.00870348614737
-0.00911787401149
-0.00803873146852
-0.00985589001752
-0.022353402608
-0.0146838061731
-0.0171122528047
-0.0248705497192
-0.0237887754936
-0.0121573510343
-0.0234790737663
-0.021429700944
-0.0210803997242
-0.0187937329351
-0.0232597354046
-0.00970916693114
-0.0131564231144
-0.0131780075059
-0.00202207236861
-0.00195605208098
-0.00608008385529
-0.0106823810869
-0.00623414870669
-0.00636831960184
-0.00124497210058
-0.00669864996523
-0.017720294279
-0.0201025093119
-0.0219136073507
-0.0201977050046
-0.0159531897592
-0.0181465137195
0.0
-0.0128371340283
-0.0104271252314
-0.0050129244534
-0.00399466094132
-0.00534303058161
0.00852750013222
0.0102359473722
0.00774843945241
0.00251580449385
0.00221032963111
0.00954175605392
-0.000479658191231
0.000984425891028
0.00343069136935
0.00531860633021
-0.00215962083123
0.000733997168532
-0.00697354760774
-0.00162011146027
0.000472859864381
0.00214000892804
0.00530678325155
0.00468362357763
0.00548692765582
0.0042608341713
-0.00163664141762
-0.00576275887083
-0.00543006242178
-0.00713344253705
-0.00402176830589
-0.00626916299131
-0.000843749452468
-0.0101112088592
-0.00904843756918
-0.00695926832441
-0.0119141810735
0.000568533594232
-0.00655602830153
-0.0083261176653
-0.00706811052736
-0.0120378905451
-0.016028312298
-0.0175061744064
-0.0105332985833
-0.0121565631378
-0.0110873157797
-0.0118336128384
-0.0160998320994
-0.0124304611782
-0.0129399498768
-0.00780562304828
0.00353186973125
0.000244554144353
-0.00990751499758
-0.00316663869975
-0.0111351217886
-0.0190851748092
-0.0236251300051
-0.0207617263001
-0.0244989757603
-0.0232379311646
-0.0352824023452
-0.0242653651503
-0.0251460502052
-0.0297916779701
-0.025947634982
-0.0222448045503
-0.0164882685747
-0.0208785810405
-0.00824642047223
-0.0135410349714
0.00291975944071
0.0161779633391
0.0057995615797
0.0143218060697
0.00347659368191
-0.00116189900781
0.00165492485589
0.0068115857569
0.0099738223159
0.0138011106629
0.0121468400432
0.0120370363163
0.0164592688155
0.0229755673732
0.0182760315273
0.0202645755711
0.0141206760438
0.00419733406178
0.00289312310839
-0.00459883309372
0.0
0.0
0.0
-0.00844440636336
0.0
0.0
-0.0110124988175
0.015108931538
-0.0141736427595
-0.0155062794411
-0.00607859067432
-0.00348966593657
-0.00305475351426
0.00356674152502
-0.00783650814625
-0.0144418341161
-0.0204525493402
-0.0124866336427
-0.0123389915835
-0.0169147178894
-0.0251847980915
-0.0255849078278
0.00289793287096
-0.029552653588
-0.0256809825555
-0.0236884884966
-0.0174500496735
-0.0167557486384
-0.0233751756378
-0.0233925465834
-0.0328330957621
-0.0283911505341
-0.030853198908
-0.0288764170311
-0.0315454784505
-0.0301940487966
-0.0313417320955
-0.00835799270003
-0.0121098518976
-0.0186943675206
-0.0137046447329
-0.0178023189721
-0.0202496126899
-0.0110466322578
-0.0193271901565
-0.0171297492972
-0.0227457340012
-0.0184486346004
-0.0145381707082
-0.0145474135302
-0.0138649865046
-0.0131829409329
-0.00504405164211
-0.00556057718332
-0.00771657680639
-0.00461271763523
-0.000683306234491
0.00522422853667
0.00431575499463
0.00607035209814
0.00452154891192
-0.00206502217721
0.0113645859813
0.00989742258652
0.00950513894906
0.00358661511307
0.0142107059122
0.00458856648725
0.00437428516037
0.00604110923838
0.00664025593178
0.00740226868603
-0.00462373283233
0.00675055864051
-0.000259680647417
-0.00230382742623
-0.000920357711796
0.00217887472487
0.00166735676503
-0.00961507105696
-0.00165810005145
-0.000117283770786
-0.00525614656503
-0.0125198733753
-0.00880873561898
-0.0196151880787
-0.0227160144965
-0.0260530538603
-0.0267733104627
-0.0302049892345
-0.026118913136
-0.0350065458829
-0.0201600526473
-0.0192122995611
-0.0277833309199
-0.0336116984569
-0.0346716928438
-0.0368145056161
-0.0328134441852
-0.0309285176726
0.0
-0.0204818145523
-0.0123088071841
-0.0276416226728
-0.0101767138262
-0.0268824950252
-0.0121501808074
-0.0141803675331
-0.0153739824188
-0.0249723451929
-0.0125260979098
-0.00657726561405
0.00514516500357
0.00147453824356
0.00494947790911
0.0016087640146
0.0014752437634
0.0101469552762
0.011447711511
0.00647102418598
0.018790208186
0.0155021429454
0.0208476284936
0.00239595306878
0.0171157038659
0.0112424093987
0.0127489828476
0.0159260087923
0.0110083842016
0.0168761889442
0.00468410775343
0.00724526737471
0.00972762291525
0.00917210079113
0.00593364841296
0.00899029635442
0.00701850476771
0.00376907980933
0.00395822472987
0.00250283843007
0.00418653160758
-0.00249717993048
0.000735791325272
-0.00125827846309
0.000549019217767
-0.00884096306245
-0.00795158837916
-0.00501228229421
-0.00775652159445
-0.00386557897356
-0.00441238386337
0.00254089354434
0.00530301938363
0.0107716858249
0.0139686196567
0.00508666094409
0.00148787675149
-0.000881017217022
-0.00325550865528
-0.000691539342996
-0.0137964567977
-0.0128668293672
-0.0119482948257
-0.0175676172024
-0.021613587512
-0.0132921648037
-0.0211719461518
-0.0255424546384
-0.0225626617911
-0.0268180780371
-0.0276586606455
-0.0263685011336
-0.0196890483853
-0.0104909546043
-0.00711417752453
-0.00923789541327
-0.00901318636604
-0.00901638646198
-0.0066890965271
-0.011000305056
-0.0160744117035
-0.010278022282
-0.0167133695985
-0.0155581431889
-0.017478464466
-0.00259084642557
-0.00690660327272
-0.00971898867075
0.00689739133935
0.0165736444441
0.0128675769288
0.0144807753519
0.0116918739845
0.0112776151557
0.010779815006
0.0109912562589
0.0
0.0175960598861
0.0120466299168
0.0205710834895
0.0237428890909
0.0258563916907
0.0195261198404
0.0111721559105
0.0123903070375
0.017866594784
0.016937905073
0.0186868100063
0.0237850994578
0.0170350526729
0.01869955809
0.00537087793593
0.0157163196945
0.0119525378185
0.0147197456215
0.0072430613789
0.00721992510091
0.0055947448147
0.00642325032182
0.00499303242496
-0.00592333600703
-0.00490686683618
-0.00722208174532
0.006102317097
0.0
0.0015850521868
0.00347878277257
-0.0104613161147
-0.00118095382761
-0.00532002345779
-0.00397276987852
-0.010919690436
-0.00909245418301
-0.00901605223181
-0.0181317847335
-0.00964180896742
-0.00725193172302
-0.0204112403567
-0.0184080795489
-0.0227892448859
-0.0206202226122
-0.0179125351867
-0.0159321501583
-0.017228692618
-0.00815764253505
0.00354665563273
0.00695834073762
-0.00394411034749
0.00579227779118
0.00955797537077
-0.000502063190951
0.0148304223668
0.0147994038968
0.00653369997344
0.011177236049
0.00157267440932
-0.00661536843606
-0.00537520544418
-0.002137023062
0.00434364706951
-0.0026998737554
-0.00488218575534
0.00592430879545
0.00583088754251
0.00426603243452
0.00600818974282
0.00375617212915
0.00359212202338
0.0279703628563
0.0216022701546
0.0116983492475
0.0162099904688
0.00909830084907
0.00103131691542
0.00434655998565
0.00961682286404
0.00469194560614
-0.000980327426058
0.000584982109143
-0.00286231507077
-0.0120156819394
-0.0125726653182
-0.0148553324351
-0.0160323921627
-0.0213639955437
-0.0227203998589
-0.0259066307766
-0.0210524297927
-0.0280903202996
-0.0254816419585
-0.032142160586
-0.0293007611175
0.0
0.0
-0.0171614133447
-0.0224333538422
-0.00923035403037
-0.0207000350845
-0.0258065439103
-0.0226549757347
-0.0213757695625
-0.0226842096361
-0.0135301405147
-0.026274461305
-0.0260511880271
-0.0202156080839
-0.0264010050107
-0.0250421505962
-0.0325702442167
-0.0256938613499
-0.0285328798802
-0.0219962562102
-0.0209032018603
-0.0233985310509
-0.0137651061135
-0.00429522634977
-0.00948224166525
-0.00440395759574
-0.00605390543677
-0.0120005503353
-0.00157033436214
-0.0150743682671
-0.00820341077776
-0.00500564503463
0.00324823829033
0.00341108429112
-0.00253226857069
0.0060458468961
-0.0010239085156
0.00769046634995
0.00423462435754
0.00199000089275
-0.000825946823697
0.00621490923318
0.00576558776085
0.00754891845807
0.00340235463751
0.00120260015668
0.0113896547564
0.00101159730652
0.0121113903125
0.00896899093959
0.00187781368632
0.000589273193077
-0.00525472951912
-0.00467079709297
-0.000896784002216
-0.0131147495136
-0.0036446520836
-0.00347338206077
-0.0097289591236
-0.0104277032809
-0.00923459682999
-0.0158941884324
0.00266194200519
-0.00772011442354
-0.0152154763258
-0.0139020841622
-0.0262093852393
-0.0232118816349
-0.0279583934975
-0.031686617325
-0.0234600958756
-0.0265665519968
-0.0248729819337
-0.025999615848
-0.025549965501
-0.0239151147504
-0.0258422954967
-0.0294036671757
-0.0339952879607
-0.0286364398036
-0.0224929076792
-0.030622423584
-0.0245126897637
-0.0275145779195
-0.0297259092848
-0.0326882065452
-0.034403929862
-0.0298845316653
-0.0360965732108
-0.0348397808061
-0.0344445906115
-0.0315036489715
-0.0204067243897
-0.0261598788666
-0.0252404863408
-0.0242205497051
0.0
-0.0186902355334
-0.0256620415237
-0.0181894641357
-0.0212401497484
-0.0210755297306
-0.0217842624422
-0.0217875308806
-0.0125853970737
-0.013109255524
-0.0146863534724
0.000779880819364
0.00181709010449
-0.0145077377487
-0.0106132180216
-0.0109623862566
-0.0128290506717
-0.00475943740121
-0.0202460293512
-0.0179402610602
-0.0182898880748
0.0
-0.0211647750772
-0.0186252159065
-0.0227406553048
-0.00199297148409
-0.00621023611552
-0.0127798771951
-0.00782331181663
-0.0195919069796
-0.0202765110791
-0.0179166036789
-0.0161191465373
-0.0208773718358
-0.0192758165685
-0.024391231905
-0.0215553287296
-0.0282387750178
-0.0206701287703
-0.0221353761764
-0.023329869251
-0.0141524599123
-0.0284987974649
-0.0282413581021
-0.0302505461345
-0.0348312104659
-0.0309432030105
-0.0299719273877
-0.0303095790565
-0.0282330744063
-0.0304482189273
-0.0233490490329
-0.0254254469388
-0.024529180626
-0.0142408231561
-0.0060562971621
-0.00167563588019
-0.00501479492678
-0.0115452262655
-0.00257551501016
-0.00303543343196
0.00399937114935
0.0165991154618
0.0224943555737
0.0254348516603
0.020741418395
0.0219166473165
0.0126987209891
0.0105027164367
0.0131819093995
0.0127613923193
0.0167329334452
0.0124704264557
0.0191172308271
0.025537025013
0.0146963473937
0.00800706441727
0.00925753254208
0.0143678207275
0.0122057596409
0.018576618028
0.021258783466
0.0166769696692
0.0127917447144
0.00560227275715
0.0155025453148
0.0144633787269
0.0218737996595
0.0165404440347
0.0152415330038
0.01150062131
0.0178159885859
0.0148573353633
0.0182400783895
0.0180680150306
0.0136848063107
0.0
0.0107073946199
0.00703849059479
0.0109128442865
0.0125097918258
0.00745053023532
0.0170579626833
0.0056672408526
0.000597437199241
-0.00569980084
0.00632402498537
-0.000930795867462
-0.00652916835159
-0.00944556172903
-0.0220022905432
-0.0199979693049
-0.0199138976178
-0.0177199944578
-0.0207228757876
-0.0281729031865
-0.0235193836118
-0.0265397310031
-0.0334031093481
-0.0349769435877
-0.0336702383389
-0.038405797068
-0.0369905142604
-0.0314770246336
-0.0279946115586
-0.0358322192547
-0.00133927147633
-0.00352463334021
-0.00132343526739
-0.00137359361898
0.0024974810903
-1.38369887117e-05
0.000108401446091
0.00385648989497
0.00477073430055
0.0140073566717
0.0170712340664
0.0220391516446
0.0228917696685
0.0280068745246
0.0293162476115
0.0247280702807
0.036939997472
0.0334902265484
0.0411239068332
0.0375996706637
0.0405576677613
0.0483493538672
0.0558991016127
0.0587499825127
0.0501877548224
0.0395458705882
0.0372010954522
0.0451820029622
0.0317159392913
0.0428862737409
0.0472685522547
0.0461670615123
0.0505220448617
0.0470795025576
0.0466822783476
0.0500980976313
0.0398617481009
0.0340669179162
0.0362593392941
0.0367308766876
0.0328324946426
0.0284475795738
0.0171716776741
0.0325728291319
0.0327310468199
0.0220686636749
0.0174819072662
0.0181398711517
0.018239376817
0.0162525812957
0.00802356964585
0.00903039182377
0.00991273220017
0.0042629471996
0.00660009766126
0.00372583272598
0.00297404011877
0.000667190749238
0.00473093670139
0.00565763742011
0.0110398641094
0.0156881313155
0.0200279944302
0.0105229349231
0.00248357391592
0.00793668261699
0.0
0.0116754590314
0.00651357480094
0.00505874017125
0.0012181723627
0.013607413513
0.013813869444
0.0168923138203
0.0131275345074
0.0160937327552
0.0184129923055
0.017953891738
0.0232510090614
0.0249523459388
0.0285244292158
0.0296289497769
0.0330032519659
0.034691635501
0.0258152107369
0.0287775313287
0.0245881079227
0.0349339571911
0.0399327511787
0.0441336244674
0.0421216937031
0.0538974794459
0.0509339449789
0.0551781391
0.0562042503376
0.0597477546248
0.0583422688785
0.0611843852748
0.0517008179914
0.0529808188698
0.055970680386
0.0485110211124
0.0649438011588
0.0681833023588
0.0659203288405
0.0565174332097
0.0553310174056
0.0500791216464
0.0586472511681
0.0518267895236
0.0415446511018
0.0500429347673
0.0414667848592
0.0473334117192
0.0275626772616
0.0385966471497
0.0416295421613
0.0314234666646
0.0345377325652
0.0270130967132
0.0254831621767
0.0304606955599
0.0262489678598
0.0162280770437
0.00939262444264
0.00683545284262
0.00109370736281
0.00358366981757
0.00603260310932
-0.00698514841354
-0.00409311729853
-0.00394723026448
0.000530430706389
-0.00355532297145
-0.0014005572862
-0.00917917287565
-0.00661296568559
-0.0064689898608
-0.0211482066327
-0.0150902657639
-0.0213154107347
-0.02083990264
-0.0109409032797
-0.00321927641942
0.0161458329032
-0.00566032309956
-0.017448892245
-0.00116995754844
0.00883564933368
-0.000815349250949
-0.00615104457873
0.00115469722538
0.00561840140104
0.00329614551614
-0.00238714955437
0.00258089897487
0.00589170559614
0.00551695652986
0.0110926140954
0.00927012085728
0.0104060458002
0.0171547867508
0.0
0.0187824018581
0.0243922557508
0.0126387398447
0.0162279659554
0.0175235160434
0.0173002016349
0.020307019063
0.0272638877043
0.0195430668063
0.0251280273466
0.0334141345845
0.0303257063334
0.0330188271599
0.0348906392104
0.0214986829352
0.0276119227619
0.033973330225
0.0347811856974
0.0291135702848
0.0286057529977
0.0190827983228
0.0370436413065
0.0280978930976
0.0139664110377
0.0257584971561
0.0251623442269
0.0240350466611
0.0316154630247
0.0126416786308
0.0178973850441
0.00952498530536
0.0212481087671
0.0323901615625
0.0165827213402
0.016198837291
0.00180612042491
0.00706353265403
-0.0126449429035
-0.00776447848871
-0.00269184942309
7.83805392637e-05
-0.003182136433
-0.00372057380693
-0.0162758637268
-0.0111429581092
-0.0120936223684
-0.00519996616791
-0.00806358408297
-0.00167579465236
-0.00839038052411
-0.00797282232674
0.00567187628391
0.0133570697053
0.0
0.0301487203252
0.024919537451
0.0203759494718
0.0205220179962
0.0360784814933
0.0237796863532
0.0368277053829
0.0274886850673
0.0357424203175
0.0308130099228
0.0283218853148
0.0321301362856
0.0291198190926
0.0270540457034
0.0275021263624
0.0206740385251
0.0101699954382
0.00338452555421
0.0274687682515
0.0120744207793
0.00773458874233
0.0191110833632
-0.000307043802885
0.0
0.0363231792041
0.0211249944358
0.0164950398731
0.0212539437428
0.0170332137989
0.00969096946865
0.00209024236527
0.0120748698895
6.07568531799e-05
0.00421880173647
0.000318187849041
-0.00688163340362
-0.0030560909232
0.00645994543282
-0.0152946292756
-0.0262335788052
0.0
0.0
-0.0169712051857
-0.0124836170584
-0.0132764032329
-0.0205990342601
-0.019882271834
-0.0240023629869
-0.0243156029011
-0.0339433338064
-0.0287224357736
-0.0312459760833
-0.0295887602633
-0.0371194396777
-0.0361068391528
-0.0286541852632
-0.016695590994
-0.0110777169219
-0.0110920534739
-0.00513607969753
-0.0128760828389
-0.0163099978413
-0.00399096014286
-0.00620038750448
-0.00407100333189
-0.00153937578004
0.013113374613
0.0153113154316
0.0117716996539
0.0100715146432
0.012524796996
0.00835329554872
0.016499912525
0.0123659356925
0.0137113018435
0.00807091061312
0.0125819698641
-0.00353752232132
0.0141004055369
0.00642265701848
0.0119255690931
0.0066886550703
0.0101050252555
-0.00248108546734
0.0124427083071
0.0122532699032
0.0153059356776
0.017866056407
0.01856576749
0.0101875346233
0.0131348820118
0.00956304223405
0.00277902085819
0.0235413077928
0.0155906511042
0.0119386846477
0.0156765588834
0.0217269459565
0.0305483388149
0.0188692704235
0.0257333658725
0.0207227465037
0.00778437594952
0.00750328747111
0.00774086739919
0.0121176857226
0.0064314224084
0.0166137409247
0.00749241718207
0.0130306698094
-0.0160568865252
-0.0124084192571
-0.0277512706311
-0.024256760721
-0.012488438716
-0.00838718786088
-0.0118364774556
-0.00890759032877
-0.000385075315891
0.00228217605272
-0.0125746186278
-0.0145363025427
-0.0245312959616
-0.0202731774078
-0.0288876600127
-0.0189565979477
-0.000522073964855
0.00657232117863
0.00770177731992
0.00656237294215
0.0193872419988
-0.00510197338669
-0.00923570952823
-0.0158734429745
-0.0161021198048
-0.00778148601874
-0.0109190643554
0.0
-0.0112326304313
0.00399478138171
0.00210998436207
0.008429282125
0.0163460489484
0.00400801815606
0.00845518171765
0.0
0.0224313078731
0.0226307907027
0.026353359871
0.0165068161191
0.0241203507748
0.0370381233236
0.0343980787863
0.0242536529215
0.0273504498459
0.0278356484856
0.0312177631164
0.0353731559322
0.0234281482563
0.0365061222922
0.039862040412
0.0266735958216
0.0169804440182
0.019686872453
0.0192513527799
0.0117776014043
0.0134052078948
0.0169589676035
0.0301327162544
0.0190580452236
0.0143155935774
0.0142547276259
0.00286985727821
0.00427308883258
0.00268444567422
0.00432138708682
-0.00485051109551
-0.00397569999551
-0.0167358198996
-0.0242699743482
-0.0230020847733
-0.0306416356931
-0.0398492667737
-0.0393813201408
-0.0405715939462
-0.049056350559
-0.0428115148509
-0.0499827323646
-0.0512722731099
-0.0452203469513
-0.0473135434681
-0.0483338516149
-0.0392943180916
-0.046127652483
-0.0497803039907
-0.0426242593049
-0.0517695118014
-0.0314996377473
-0.0274025221276
-0.0227690504126
-0.0257484886425
-0.0259973641239
-0.0206952132701
-0.0219146498413
-0.017188330067
-0.017246582402
-0.0123439730426
-0.0150048632263
-0.0154282280672
-0.0189437820368
-0.00890294600608
-0.0129033291963
-0.00879491317669
-0.00966637769105
-0.00685295336227
-0.00655576730965
-0.00855692462382
-0.00936143552632
-0.0147087221379
-0.0133480802762
-0.0132715100312
-0.00905683721598
-0.0118642055059
-0.010686399755
-0.0107411064963
-0.00623185235072
-0.0147535736256
-0.0107108786615
-0.0081572944624
-0.0131005824122
-0.00816446760419
-0.0195991785037
-0.0228579314311
0.0
-0.0268443593493
-0.0154165428682
-0.0168126058431
-0.014765235154
-0.0148684616846
-0.0296044947852
-0.0187013709032
-0.0344345195513
-0.0292094449166
-0.0250338299531
-0.0330003737572
-0.0403630605893
-0.0323100724367
-0.0309480301772
-0.0366629420349
-0.0317258159358
-0.0348013727274
-0.0317650048199
-0.0268823030923
-0.0352365929126
-0.037799971305
-0.0398511237369
-0.032477122182
-0.0469243194889
-0.0334203490414
-0.0294740188617
-0.0199219138692
-0.0376371793101
-0.0314187198697
-0.0367581694879
-0.02479066986
-0.0253028477853
-0.0243322657707
-0.0296921580568
-0.0278300173338
-0.0288130285651
-0.0111551704102
-0.00912518590976
-0.00753504560547
-0.0188982091644
-0.0118893317158
-0.0207792065347
-0.0179062263198
-0.0163840693479
-0.0185320895709
-0.0101954733864
-0.0111050811744
-0.0119679367565
-0.0119954144109
0.00352698500934
0.00727930891687
0.00568010757158
-0.00442579086092
-0.00305189836376
0.00631118884679
0.00989340362394
-0.0045211444807
0.00130817229585
-0.000152540281801
0.00501740558714
0.00964854822436
0.0102615169762
-0.000911375555249
0.00888626391052
0.00125795543096
0.0050205714123
-0.00769621673727
-0.010825495886
-0.00895504316925
-0.00584261671216
-0.00663660987466
-0.0216698451762
-0.0131662711268
-0.0111704993702
-0.0176553442697
-0.0181924169736
-0.00799556837
-0.00265876224567
0.0
0.0119416883315
-0.00203819411994
-0.0130094219663
-0.0205348360722
-0.0231240693697
-0.022273217357
-0.0255133568683
-0.0276193770332
-0.018372050594
-0.0247086389185
-0.0228969756011
-0.0235029030363
-0.0235352173007
-0.0340540885884
-0.0313971965834
-0.0286068240204
0.0
-0.0332735838238
-0.0303140558044
-0.037777016321
-0.0328092612268
-0.0368594212229
-0.0333398168291
-0.0350282214881
-0.0333088038852
-0.0236673237603
-0.028654873063
-0.0288669095133
-0.0273397393886
-0.0233447059955
-0.0207958284827
-0.0237379694975
-0.0165751022683
-0.0189525924588
-0.00672073015446
-0.0112316556897
-0.0145902706758
-0.00896037885105
-0.00429337035018
-0.00793784104316
-0.0165724629831
-0.00803969080766
-0.00635001188668
-0.0050068389595
-0.00772577544481
-0.0153233993466
-0.0124496236529
-0.00932128912554
-0.00799815662504
-0.00772924202063
-0.0115742864787
0.0190460226032
-0.00328199143856
-0.00321141857719
0.0040489633729
0.00257721058287
0.00391404588158
0.000826722947649
0.00712874773313
0.00943538260856
0.0320273593294
0.0269964593196
0.00997540908845
0.0152927684316
0.000156792348483
0.00869677362561
-0.000468696689038
0.0047162795151
0.00238664468181
-0.0154107361519
-0.00315330061013
-0.00666771018723
-0.00615182025508
-0.0171120357313
-0.0150502857199
-0.00985163859926
-0.0188517899634
-0.0112565214895
-0.00248664536516
-0.00831017229428
-0.0182534078717
-0.0273428202175
-0.0118642658398
-0.0217930626633
-0.0284913792226
-0.028276452693
-0.0176264244399
-0.0178376494559
-0.0265000652206
-0.0292041025741
-0.0238612287128
-0.0191569922966
-0.0226010103452
-0.0157980746104
-0.0394902446256
-0.0177878985915
-0.0166598154312
-0.017079246792
-0.021321095803
-0.00798845603799
-0.0229610036907
-0.00973140787987
-0.00891226121801
-0.000817867480651
-0.00561750375492
0.00908961325415
0.0092208202105
0.0116578691142
-0.0031981311504
0.0026608514471
-0.00419312154148
0.000820101116502
0.0
0.000144428959669
0.00205407925138
0.00394391176434
0.000259417651205
0.00404311394198
0.00244528436626
-0.00372653770409
0.00162897454898
0.00129784351751
-0.00214286540465
-0.00127721961253
-0.0134210671331
0.000516145956053
-0.0127682435773
-0.0103452477507
-0.00284259504945
-0.00671461843359
-0.00807490927377
-0.00740621895929
-0.017499123275
-0.00883243056422
-0.0167608036967
-0.0166158651649
-0.0245795925415
-0.0263597337564
-0.026926356149
-0.024070962618
-0.0275797510488
-0.0277326954749
-0.0246321138829
-0.0275769156639
-0.0318848595814
-0.0298825426951
-0.038655964508
-0.0362449229996
-0.0429720712747
-0.0436979889521
-0.0457318892845
-0.0413211984521
-0.0462595816272
-0.0419717848188
-0.0411507365322
-0.0376428029333
-0.0428715618138
-0.036076041348
-0.0400308617281
-0.0422596685256
-0.0488563305522
-0.0336623793573
-0.0303685092079
-0.027094296971
-0.0269970812779
-0.025501578158
-0.0196929392404
-0.0236503578232
-0.0117941277741
-0.0024128088832
0.0108623787624
0.010786041738
0.00564727304075
9.577999097e-05
-0.00589224678998
-0.00176807262193
-0.00622669379947
-0.00243830925475
-0.0119575782623
-0.00572543758281
-0.00489539472556
0.00465261583392
-0.00606226173776
-0.00390619203022
-0.00816036832969
-0.0092198157216
-0.00177242290653
-0.000100981529363
-0.0041159770856
-0.00305914799801
-0.00680702306527
-0.00813069572618
-0.0034094248559
0.0115742174525
-0.010413319532
-0.00460031144897
-0.0127292794048
-0.0110953097951
-0.0121066534103
-0.0107374976755
-0.0158550436759
-0.017144018474
-0.0241759262241
-0.0323525397692
-0.0266829421057
-0.0210041595355
-0.0239439490618
-0.0212365386372
0.0
-0.0361812048484
-0.0243225975859
-0.0283461893523
-0.0300161259972
-0.0370368427326
-0.033139477394
-0.0392062278748
-0.0215858904434
-0.0123958108324
-0.00741626953953
-0.00825570854355
-0.0242341216453
-0.0265758703697
-0.0250571932278
-0.0260634812856
-0.031746704648
-0.0178087051379
-0.0108686750454
-0.0142201796102
-0.0204953909057
-0.0178854633872
-0.0217919704125
-0.0254311598302
-0.0222370544654
-0.0202051480424
-0.0136012605364
-0.0161269657622
-0.0178444144808
-0.0210799589635
-0.0164363976339
-0.0111836266609
-0.00727903938452
-0.0112282154352
-0.013790415694
-0.0162441771381
-0.023594528798
-0.00847107074755
-0.000554461479375
0.000890136683329
-0.00460925997627
0.00596053570979
0.0044234326428
0.00575602400281
-0.00787406602263
-0.000934708130653
0.00636421077008
0.0194673863168
0.00402498051767
0.0182415657276
0.00412766900378
0.00736921661252
0.0119826363475
0.0210866383012
0.0149657507018
0.00285928976834
0.00052501819105
-0.00965355468395
-0.00413469001965
-0.00542334568935
-0.00919686710883
-0.0163962522471
-0.014964762106
-0.0111001901229
-0.0246085954083
-0.0238555496422
-0.0326360088367
-0.0297834396176
-0.0326341767688
-0.0353377507907
-0.0254792825415
-0.0262186106048
0.0
0.0
0.0
0.0
0.0
-0.022469631149
-0.0321580493751
-0.0283368152496
-0.0363821591133
-0.0401074065847
-0.0330526406507
-0.0350713205027
-0.0386817506411
-0.0380615267518
-0.0305887246363
-0.0185653878923
-0.0282520721406
-0.0207271106218
-0.0189419078645
-0.0265995856789
-0.0204843239102
-0.0187760548995
-0.0195898149135
-0.0203046760796
0.0
-0.0131658448246
-0.00472529447285
-0.00565137076105
-0.00922629800647
0.000752732808943
-0.0136462752269
-0.0115243007098
-0.0117328742512
-0.0121448196387
-0.00805924978947
-0.00928989639349
-0.020906152943
-0.00546740820921
-0.00663178135639
-0.00087111695228
-0.00311040511438
-0.00260836363049
-0.0127842618959
-0.0109180320398
-0.013045726936
-0.00986964511327
-0.0125201402581
-0.00871977571845
-0.0167426346552
-0.0147382318579
-0.0138643700572
-0.0147000315876
-0.0101968096737
-0.0149512816857
-0.0208662299934
-0.0183495260461
-0.0167073722226
-0.0183621856218
-0.0147889839015
-0.0127715897249
-0.0267995264437
-0.0172473197331
-0.0135622646276
-0.0250979108155
-0.0191883959796
-0.0183246110549
-0.0221112317034
-0.0191697386165
-0.0277564923376
-0.0215987092979
-0.0249854704856
-0.0205209472283
-0.0275220884403
-0.0186750774906
-0.0107768648413
-0.00700314670957
0.00233734039528
-0.0103973490385
-0.012947407684
-0.0221186451418
-0.0190729130357
-0.0252803037454
-0.0269553189568
-0.0195547509167
-0.0372604229457
-0.0185897396902
-0.0211428030597
-0.0162641120064
-0.0147209771142
-0.00316097162498
-0.0142301237843
-0.0073920576144
-0.00669441683058
-0.00763428884619
-0.00447092905829
-0.0150968372387
-0.0208917878659
-0.0126183799685
-0.0255545679729
-0.0159959233487
-0.0151007792414
-0.00374319997268
-0.00405188271935
-0.00524387951151
-0.00124540709924
-0.0054584155047
-0.00405802158
-0.00600830761071
-0.000291028118491
0.010947811169
-9.01129869073e-05
0.0025553073015
-0.00916119919947
-0.00803971063398
0.00147002079217
-0.0090357529358
-0.0131003881051
-0.0203950078213
-0.00503792210363
-0.00636788391374
0.0
-0.00545753092639
-0.00409986797297
-0.00292675387627
-0.00456354480278
-0.00570128949339
0.00482631411385
0.00587727117366
0.00218720539258
-0.0102773942961
0.00660463311229
0.00451367769143
-0.00271369550939
-0.00152682443137
-0.00488809253012
0.000904845895083
-0.00641965736149
-0.0143896880038
-0.0137364366116
-0.0215158251248
-0.0230968902729
-0.0168746387179
-0.0187363741598
-0.0154708168638
-0.0293792192521
-0.0245833358335
-0.0246900452807
-0.0210138483627
-0.0326234196321
-0.0184480909617
-0.0202493900688
-0.0281512554591
-0.0259291589106
-0.0214729479353
-0.0304433613915
-0.0197984747276
-0.023896659658
-0.0142508817427
-0.0164040092623
-0.0131991608772
-0.00964616441229
0.00121937739948
-0.0025308792343
0.00323878586415
0.00504256875125
0.00173978464711
0.0187567451163
0.0197194290273
0.00348449563097
0.0107556649062
0.0107650496864
0.0108483902636
0.0130332500571
0.0050180229525
0.00245339563404
0.00251023059837
0.0118659718402
0.00573821868252
-0.00117667055664
-0.0058114635583
0.0
0.018043816919
0.00624506043593
0.00322335919207
0.00938558575067
-0.00778510112589
0.00251192465513
-0.0069831992173
0.0124256479629
-0.00297941671695
-0.000846986924375
0.00649107317682
-0.00309961622381
3.2101511469e-06
-0.000416390314118
-0.00468133268078
0.00041660178907
-0.00860891371816
-0.0134850666335
-0.0059833974989
-0.0270275968154
-0.0221245704713
-0.0181808649296
-0.0138994721661
-0.0284759151485
-0.0209812947331
-0.0252589618743
-0.0224437760328
-0.0170915136394
-0.0191878078224
-0.022148540188
-0.0305767245083
-0.0319505164618
-0.0331362289826
-0.0360670317677
-0.0273721941245
0.0
-0.0411894057002
-0.0346160742577
-0.0309955107589
-0.0323277104838
-0.0248034169761
-0.0112372072434
-0.0171228935883
-0.0132516880532
-0.0123249950341
-0.00545288562778
-0.016884694082
-0.0166739244283
-0.00275670671693
0.000165618012249
0.00405220236134
0.0179617885495
0.0138032724322
0.0342977706168
0.0238850654485
0.0217404081416
0.0240486381258
0.0182153194428
0.0169272030057
0.00810857967757
0.0210503667652
0.0201711361042
0.0194818064356
0.0209496666927
0.022015716953
0.0344873153208
0.0153004020031
0.0203540740508
0.00921539157387
0.00883631125942
0.0126693626261
-0.00082209397572
0.0026154969802
0.00658726243362
0.00475749714966
0.00159044852282
0.00444605243176
0.0016707555079
-0.0045529031552
-0.00213284676175
-0.00768806599625
-0.0122216696802
-0.0208279956816
-0.0168453635493
-0.00991259379938
-0.0141110282508
-0.0161998911011
-0.0203591301013
-0.00964909517484
-0.0190823298503
-0.0174197717708
-0.0169522949429
-0.0277842663733
-0.0129755699972
-0.018546672128
-0.0222305816079
-0.0152297773341
-0.0259682445001
-0.0226350671996
-0.00874565348722
-0.00819495833189
-0.00224161292772
0.00771617985554
0.00827299983952
0.00266134370546
0.00504882812583
-0.00409938728325
-0.0183465713438
-0.0020978428181
0.00103772902458
0.00725902940119
0.00188899277122
0.00194015878483
-0.00920416117087
-0.00310898538323
-0.00341123838044
-0.00950182437547
-0.00074732872985
-0.00714185563913
-0.00804292588094
-0.0126642644683
-0.000824711280603
-0.00962683373922
-0.00393887398631
-0.00795578080513
-0.00855419782364
-0.00768422349369
-0.0131477869213
-0.00590399256507
-0.0021010365108
-0.00958708810278
0.0
-0.0128142215932
-0.0153470060321
-0.0209631729115
-0.0176805975019
-0.0125921176971
-0.0266383097328
-0.0124841935001
-0.0118277074276
-0.00916230788297
-0.00384749105153
-0.00765696248604
-0.0115109283119
-0.0165487986187
-0.0117041878495
0.000114956972062
-0.00402634266626
-0.0115710101407
-0.00483406254462
-0.0119620157331
0.00147126508809
-0.00879818050392
-0.011779266083
-0.0128265962332
-0.0189998787118
-0.00851519134335
-0.0163152011565
-0.0188904029797
-0.0125165393538
-0.0128291350822
-0.0252477260294
-0.0210163104547
-0.0247366915533
-0.0106552598299
-0.022165430078
-0.0128185044686
-0.030636564881
-0.0139245561634
-0.00436436603077
-0.0027496104536
0.0111418093358
-0.00188080969202
-0.00364986350391
-0.00142583270239
0.0130411465436
0.0106522619816
0.00914950981236
0.0122157568884
-0.00119366311713
0.0146613223618
0.0128660799549
0.0147524927606
0.00706657028143
0.0150672043194
0.0124862985909
0.00759548292646
0.010549338115
0.0188869080975
0.0238466833819
0.0083429506339
0.0161472761669
0.00997564241885
0.0032928046481
0.00789658115799
0.00302251748731
0.00487791823233
0.00860731256584
0.00510695040285
0.00152617627846
-0.0130504138728
-0.00639535142978
-0.00201620379798
-0.00497198041016
0.0087290498872
0.0113863907887
0.0161137434214
0.0244712207145
0.0146412473435
0.00444166812816
0.0118836429677
0.00238974446817
-0.00341943260932
0.00369624683315
-0.000397641382409
-0.000460891460482
-0.00313113825588
0.00191936549943
-0.00118720786525
-0.00162485283619
-0.00732666836799
0.00459345752781
0.00526575300397
0.00409038386115
-0.00931220693661
-0.0186831886385
-0.0233832185272
0.0
-0.0217243474878
-0.0177447272744
-0.017577255594
-0.0217782280018
-0.026383485202
-0.0233336032654
-0.0222565771755
-0.0265353308606
-0.0299486810728
0.0
-0.0401718264729
-0.0448190912509
-0.0340946279104
-0.0328477180219
-0.0351268663674
-0.00530141900648
-0.0281715508519
-0.0279670972811
-0.0308978810513
-0.0243891409233
-0.0316695192313
-0.0247917004728
-0.0331541631223
-0.0270410282183
-0.0225703383294
-0.0174133600086
-0.0193271010124
-0.00895520510486
-0.00261469957675
-0.0120046481117
-0.0141121044609
-0.0212862557417
-0.013268012535
-0.00554457350896
-0.01876310491
-0.0193331205658
-0.00279114505374
-0.00471741644803
0.00416320521414
-0.00961449813658
-0.0120788418184
-0.00263142707028
-0.0106469470102
-0.00387198138387
-0.00482238633054
-0.00426692120041
0.00746690100375
-0.00135953731056
-0.00314442886111
0.00190128687847
-0.00722372443956
-0.000143250599274
0.0222918613488
0.00170632289393
-0.00581978165875
-0.0116014706533
-0.0118310048871
-0.0239074658121
-0.0155336579844
-0.0232093894383
-0.019879179775
-0.0217976147364
-0.0230067647758
-0.0259701184577
-0.0228965387612
-0.0139844083558
-0.0127267650886
-0.0210269162352
-0.0221403071555
-0.0176996549612
-0.0194042408804
-0.0273199983523
-0.020847180022
-0.0217260922432
-0.0214807717464
-0.0160298737294
-0.0108541433958
-0.00283176846691
-0.010976355554
-0.0160777810906
-0.0200383199433
-0.0240691590552
-0.0258530104557
-0.0329084679852
-0.0159587918938
-0.0256830625531
-0.0326079123173
-0.0418924161509
-0.0271128303589
-0.017196356034
-0.0183671177708
-0.0184270578465
-0.015185754547
-0.00990385424845
-0.0157389076684
0.0
-0.00882953961821
-0.0143954955354
-0.00597734765271
-0.0113237444624
0.0176659449157
0.0226995675513
0.00702824607458
0.00121843248145
-0.00304883376611
-0.0017203544164
-0.00311456053343
-0.0031144622597
-0.00552620258171
-0.00393517622016
-0.00394448968519
0.0104868710264
0.00693168681915
0.0148543326377
0.0121455831203
0.0169443160713
0.0141663576597
0.011647815838
0.0149814288748
0.0123568252802
0.0209478994021
0.0149913406618
0.0138273058559
0.0198066440667
0.0051818458395
0.0109531659992
0.0106474287353
0.00713592219085
-0.00847467220318
-0.00458578172686
-0.0079294021445
-0.0190915110621
-0.0153915776013
-0.0153810084819
-0.0179102063904
-0.0170637266816
-0.0228429546919
-0.0272297281031
-0.0314419532965
-0.0370290299797
-0.0266209845954
-0.0301445387396
-0.0378150310454
-0.0383167617341
-0.0383141676495
-0.0286536897792
-0.0291933229254
-0.0222087272317
-0.0104369390669
-0.00740113998118
-0.0141114487801
-0.0126240950235
-0.0224185256477
-0.0217955245345
-0.0208320977357
-0.0304276125572
-0.0187863128569
-0.0191862086492
-0.0182806482589
-0.0234169889826
-0.0191896430718
-0.0144149228287
-0.0171421984078
-0.0144882482912
-0.0244758346959
-0.0170102620873
-0.027044289019
-0.0245469092028
-0.0224020883525
-0.0138983563755
-0.0211021896478
-0.019217192015
-0.00760317195145
-0.0182775419484
-0.0193731862007
-0.0163889680918
-0.00439492208644
-0.0123363865562
-0.0203486605438
-0.0211487227333
-0.00712411324829
-0.0105054783303
-0.00583824280138
-0.00591405890165
-0.00422266684242
-0.00840562405405
-0.0111052204289
-0.00775145674803
-0.00713788781677
-0.00771905930987
-0.0126885465927
0.0
0.00177878080122
3.8596655946e-05
-0.00715710182458
-0.00305010182914
-0.00691356654691
-0.00400953743482
-0.00939269213686
-0.017088087488
-0.014254332754
-0.0216948551686
-0.0142839985645
-0.0303222194005
-0.022962187487
-0.0245656791256
-0.023342818757
-0.0229071839071
-0.0301435874368
-0.0299937247044
-0.0299878938768
-0.0334105643859
-0.0205055899213
-0.0247975479228
-0.0286326810827
-0.0311276589691
-0.0299293936188
-0.0264457797298
-0.0287255243913
-0.0120425465582
-0.0254299645715
-0.0155991034374
-0.0131886730673
-0.0153480440225
-0.00565696063474
-0.00171011101169
-0.000737136802615
0.00322421124658
0.00536396663821
0.0050965508284
0.00575951016338
0.00635813414748
0.00298610820252
0.00746628521269
0.00190706329833
-0.00266710312334
-0.00457324320756
-0.00199469461894
-0.0135089910516
-0.00845436217543
-0.00742251034341
-0.00427032560325
-0.00569518742801
-0.0104050202033
-0.0082433888464
0.00583581778951
-0.00053132273449
0.0102230150551
0.00332470414162
0.00434176196726
-0.00221338015517
-0.00311679257992
0.00150227821315
-0.00534236757502
-0.000336914757104
-0.00370561416621
-0.001082230421
-0.00646465136028
0.00239683655018
-0.00406894369229
-0.00136334070258
-0.00658630605726
-0.00413214805906
-0.0097491444591
0.00768632835755
-0.00527517888971
0.000663627227633
0.00544501528649
0.00456492689125
-0.00463313779115
0.00346820963166
-0.00534072688101
-0.00214145738916
-0.0158218656078
-0.0203367036028
-0.019746753011
-0.0183880276645
-0.0221727623351
-0.0230141205192
-0.0237387039322
-0.022243247621
-0.0107905240607
-0.0197525838963
-0.00543661058311
-0.00395663918489
7.64753470455e-05
-0.0175912482944
0.0
-0.016107723527
-0.0208788135678
-0.0285914271279
-0.0211242361712
-0.024017540717
-0.0124320468677
-0.0096806462926
-0.00327522929008
0.00312055815496
0.0060011477703
0.0135183373405
0.00845246753891
0.00899546362049
0.00580582975007
0.00215012916373
-0.00410780164194
0.00484787596149
-0.00243075290119
-0.00507139862213
0.00047723542357
-0.0056264003996
-0.00119894409978
-0.00328396874637
-0.00828994194655
-0.000298564350797
0.0119633036325
0.0150516804522
0.0136848328866
0.0186795705069
0.0187772710412
0.0138798113154
0.0198823597646
0.0149505924844
0.0189488560584
0.010993207798
0.0160190026986
0.0251613742468
0.021790521833
0.0159941011165
0.0135324555926
0.0248458833972
0.016248073958
0.0242185162721
0.015840611831
0.00641388654298
-0.00490157551041
-0.0042893933757
-0.00544577814171
-0.00255511878904
0.00164176525294
-0.0096137484822
-0.0191282526077
-0.0170206505076
-0.0282487315676
-0.0155823799969
-0.0233750935978
-0.0128007876196
-0.0147541447132
-0.0293213193823
-0.0213585760292
-0.0136296633905
-0.0288481222953
-0.0242608368049
-0.0162496329136
-0.00599475072842
0.00167027990874
-0.00636586908096
-0.0129342000501
-0.0115536855039
-0.00364470594903
-0.00589621573974
-0.0125299953935
-0.017019749008
-0.013958446911
-0.0136595191106
-0.00592059624659
-0.0167472115717
-0.0216598178718
-0.0069139865083
-0.0100715205876
-0.0192351635475
-0.0157154661912
-0.00429677222483
-0.0212512971073
-0.00324081453602
-0.00804579673393
-0.00959797938908
-0.0134113329296
-0.00661883676219
-0.0058493685373
-0.00432310301744
-0.00336256388067
-0.00487807643546
-0.00745893022021
-0.000940965206009
0.0
0.00172315540533
0.00613403790043
0.00428275787521
0.00736575387136
0.00264836754914
-0.00167220845184
0.00522325945577
0.000698403159862
0.00231543978756
-0.000366304144582
-0.00162829502094
-0.0178819781024
-0.00607853315845
-0.0114247989571
-0.00885999090225
-0.0122059454425
-0.0134920833796
-0.0148735955004
-0.0120144264562
-0.0189289909075
-0.0256783833865
-0.0225175670513
-0.0251220689642
-0.0238700136206
-0.0290720036298
-0.0271690413626
-0.0265919978223
-0.0217831676688
-0.0367997644828
-0.0303095322784
-0.0228770726953
-0.0228718362342
-0.0245667143848
-0.0241052006195
-0.0241213413658
-0.0251805336997
-0.0185323599664
-0.0210713439096
-0.020429500588
-0.013430494878
-0.0147846649509
-0.0121167944016
-0.0178779010736
-0.00165152510828
-0.0191956785616
-0.00485269333243
-0.0173334337529
-0.00942252410973
0.0161588417141
0.00608080806791
0.0204717933495
0.0116252903049
0.00736864239856
0.0106199547293
0.0115131663573
0.0121559094039
0.0184999640841
0.0127707654244
0.0364105481178
0.0266809944893
0.023315519864
0.0145608606018
0.0140461429291
0.0106753749812
0.0215024534961
0.015006231893
0.0107147158647
0.011373776521
0.00992920975275
0.00474369060561
0.0135901844666
0.000832957476142
0.0040424063854
0.00777261356963
0.00619862056342
0.00158705034787
0.011214497918
0.00871650662425
-0.00110677513477
0.00572993065103
0.0179593325856
0.0148711553593
0.015512409987
0.0130925504778
0.0125880664466
0.0181467575247
0.0156786833119
0.0090666442488
0.00597014547753
0.00411081042529
-0.0011912160747
0.00323239207793
-0.000936261698751
-0.000901651883725
-0.00493927650213
0.0
-0.0101111529031
-0.0130242480896
-0.0206779034198
-0.0222570669525
-0.0175998741801
-0.0165985235461
-0.0247115128659
-0.0244838861298
-0.0255002718807
-0.0250231776147
-0.0214128074572
-0.0224219825587
-0.0146425521222
-0.0205254047652
-0.0155292118298
-0.00756160124085
-0.0150997008553
-0.0135871331268
-0.0147265118324
-0.0112805978372
-0.0196725768829
-0.013379704583
-0.0165695058157
-0.00957509751175
-0.00191130271314
-0.0161553314384
-0.0125059116794
-0.0122843300721
-0.0156191224257
-0.00816384269713
-0.00474809887245
-0.011611992728
-0.00282086184639
-0.0043207412903
-0.00343266267916
-0.00460978546652
0.00674673319174
-0.00231320404943
-0.00426323910539
0.00133530068863
0.00454900682776
0.00344530395001
0.0056725846435
0.0098354412585
0.0077982727093
0.00624979574272
0.0106092236913
0.0100406864397
0.00271016139643
0.00633868448178
0.0109196577748
0.0135649701135
-0.000301127913256
0.00277509046514
0.00147886634132
0.00242536507258
0.00254072883896
0.00422760083078
0.00045993941618
-0.00785835042145
-0.014506712727
-0.0108581844829
-0.015602895529
-0.00643055786078
-0.00223116710655
-0.00641517856934
-0.0119691413687
-0.0106498399242
-0.000628464621723
-0.00618055662974
-0.00713961426797
-0.0100735418394
-0.0107128422265
-0.0020091039753
-0.00493630994211
-0.00654714889954
-0.00941006416995
-0.013574551945
-0.0187227245298
-0.0142833319423
-0.0168919856146
-0.0182321475081
-0.0149151261869
-0.0124442715255
-0.012085610564
-0.0164377968608
-0.0240971691762
-0.0189989691387
-0.0131445285072
0.0
0.0
0.0
0.0
0.035801712093
0.0171366365775
0.0229032814965
0.0180212278123
0.0131541708131
0.00724903653468
-0.000532435121051
0.00595070216812
0.00203475955412
0.00129006404264
-0.00317899501555
-0.011096073024
-0.00556428188141
0.00180268047071
-0.0106865416936
-0.000303337638978
0.00254269279508
0.00468967250517
0.00469431579142
0.0112025154066
0.00925447334647
0.0
0.0
0.0
