-0.394693237779
-0.389318421551
-0.383943605323
-0.378568789095
-0.373193972867
-0.367819156639
-0.362444340411
-0.357069524182
-0.351694707954
-0.346319891726
-0.340945075498
-0.33557025927
-0.330195443042
-0.324820626814
-0.319445810586
-0.314070994358
-0.30869617813
-0.303321361901
-0.297946545673
-0.292571729445
-0.287196913217
-0.281822096989
-0.276447280761
-0.271072464533
-0.265697648305
-0.260322832077
-0.254948015849
-0.249573199621
-0.244198383392
-0.238823567164
-0.233448750936
-0.228073934708
-0.22269911848
-0.217324302252
-0.211949486024
-0.206574669796
-0.201199853568
-0.195825037339
-0.190450221111
-0.185075404883
-0.179700588655
-0.174325772427
-0.168950956199
-0.163576139971
-0.158201323743
-0.152826507515
-0.147451691287
-0.142076875059
-0.13670205883
-0.131327242602
-0.125952426374
-0.120577610146
-0.115202793918
-0.10982797769
-0.104453161462
-0.0990783452337
-0.0937035290056
-0.0883287127775
-0.0829538965494
-0.0775790803213
-0.0722042640932
-0.0668294478651
-0.061454631637
-0.0560798154089
-0.0507049991808
-0.0453301829527
-0.0399553667246
-0.0345805504965
-0.0292057342684
-0.0238309180403
-0.0184561018122
-0.0130812855841
-0.00939764253365
-0.0134744052536
-0.0145898611783
-0.0143274702462
-0.0139206659433
-0.0132300603259
-0.0169507414946
-0.0124312016427
-0.00791166179075
-0.0103533603009
-0.00969929081806
-0.00882983042443
-0.00973632841841
-0.0140475941707
-0.0110981131871
-0.0116974798088
-0.0116349635279
-0.0106562379512
-0.00828688173895
-0.00394214059825
-0.00878542965576
-0.00725092231533
-0.00762737429903
-0.00825158717269
-0.00499000240826
-0.00624386761848
-0.00197279798388
-0.00687882183219
-0.00927705416234
-0.00403223626289
0.00560738916655
0.00885426184568
0.00432689019584
0.00575836146749
0.00574957715946
0.00816402274761
0.0082799656748
0.00765900479162
0.014026291641
0.0107632400574
0.00767292696594
0.0127079079215
0.0110786994238
0.0136006907641
0.00787089971467
0.0137458138152
0.0113327182258
0.00533172460658
0.00254618219737
0.000895472987292
0.00317684630011
0.000186849706383
0.00231206699506
0.00417895610348
0.00171947213716
-0.0181600227346
-0.0100219338448
-0.0102041794535
-0.0071404598843
-0.00907540437203
0.00218777184718
0.00613316433974
4.74008846381e-05
-0.00447465674592
-0.00482307862661
-0.00870888940475
-0.000209299685798
-0.000532026875325
-0.0063717198023
-0.0023816036751
-0.0012173716908
0.00157206480434
-0.00221764475709
-0.00193631784244
2.8881039779e-05
0.0023513738951
0.00407258944122
0.00659077066654
0.00353916956891
0.00824660802946
0.00728981047621
0.0136995402879
0.0140410468358
0.0133417431819
0.0183956712293
0.0158099031409
0.0127712872166
0.0186293630707
0.0175511370172
0.0167005194044
0.021027989815
0.0188549135194
0.0166818372239
0.0200977669791
0.0243558313061
0.0198750598567
0.0206166729368
0.0223414944299
0.0234894805808
0.0205270557454
0.0234518699648
0.0203400331931
0.0202490952936
0.0249489002545
0.0270219931446
0.0182683343431
0.0181820677474
0.0211458617463
0.0239554593556
0.0220519581143
0.0202117393081
0.0189240629596
0.0175345216679
0.0220991643151
0.0198051749569
0.0127390289634
0.0178847114839
0.0152993327543
0.0179858481557
0.0166127766975
0.0150068380795
0.00952301413624
0.0147027123977
0.0145713871365
0.0132698015387
0.0147387613064
0.00832244473207
0.00765036890332
0.0184652423987
0.0110704467427
0.0100441773427
0.006633851139
0.0121140388039
0.0175942264687
0.00770517666653
0.00363387548192
0.00464521203771
0.00189140092497
7.24749654342e-05
-0.0018777040926
-0.00252202970492
-0.00274388371469
-0.00579150661376
-0.000565878042131
-0.00355627321993
-0.00582034147232
-0.0029529691256
-0.00690081841561
-0.00363832781278
-0.00751077070191
-0.00771339233189
-0.00451503302287
-0.00441985124516
-0.00659523705795
-0.00588059399737
-0.00516595093679
-0.00375213220989
-0.00119269154604
-0.00507659884069
-0.00366759661722
-0.00390593885308
-0.000902492609348
0.00227001764031
-0.00412756460591
-0.00230459582768
-0.00116294649959
-0.0021318098541
-9.88507717246e-05
0.00238733014178
0.00740269231772
0.00149196967719
0.00524460752827
0.00505105817632
0.00831181754154
0.00941495827201
0.00878076026112
0.00827457008198
0.0108145245079
0.0131959970322
0.014400728943
0.01756009946
0.015252939197
0.0178767172689
0.0180024458149
0.0192353928842
0.0207140616864
0.0207582130253
0.0192628976908
0.0177675823562
0.0162722670217
0.0147769516872
0.0141426787637
0.0135084058401
0.0128741329166
0.0122398599931
0.0212835881659
0.0219399221413
0.0225962561166
0.023252590092
0.0239089240673
0.0245652580427
0.0252215920181
0.0258779259934
0.0265342599688
0.0271905939441
0.0278469279195
0.0285032618948
0.0291595958702
0.02990635882
0.0229550100129
0.0195761053778
0.0183822337883
0.0219047549134
0.0200102838851
0.0181158128569
0.0162213418286
0.0143268708004
0.0139586893099
0.0143829846936
0.0119574747398
0.0152560957171
0.0131076029266
0.0115746543714
0.00713024890137
0.00964950152886
0.00497520771001
0.0052048671177
0.00794723171663
0.00470846286721
0.00600325091391
0.00231011539976
-0.00192589372644
0.0110798945218
0.00413933475926
-5.83108585746e-05
-0.00480542733517
-0.0015787130414
-0.000256448836193
-0.0025912148029
-0.00137783295218
-0.00579421921446
-0.00198727721765
-0.00333212865924
-0.00167835593082
-0.00249786670868
-0.00452391349023
-0.00770331094768
-0.00744785292098
-0.00471724833501
-0.00446076795004
-0.00498271100971
-0.00468085874821
-0.0047106717952
-0.00397363090907
-0.00526630716113
0.000506179994686
-0.000879577392568
-0.00190327037293
-0.000571474612728
-0.000414362067204
0.000830349958471
-0.00291588741611
0.00115867731224
0.000995282096442
0.00152662664987
0.00463090559529
0.00893106815823
0.00570800177596
0.00747165805992
0.00891223639008
0.0105707735884
0.0100989174971
0.0132212421683
0.0116348292096
0.0156915325172
0.0152989706938
0.0161902415
0.015222473896
0.0201363694181
0.0235494222283
0.021862834679
0.0251881518877
0.0233871513466
0.0241323464527
0.0248775415588
0.0227524499619
0.0239843630482
0.0247844229212
0.0258522456358
0.0271345285139
0.0275142345595
0.0270246482597
0.0259644548016
0.0266138436409
0.0272210055167
0.0270481970726
0.027951200982
0.0331444553089
0.0260188224957
0.0270813088365
0.0244818603859
0.0216466237803
0.0263298790005
0.0275463669206
0.0193846051286
0.0228650932124
0.0328171620082
0.0197687957743
0.0211294557491
0.0195988963488
0.0193203687578
0.0207655106525
0.0229570083437
0.0167836757233
0.0155962363148
0.0143672672071
0.0168557532132
0.0107733696891
0.0106347299374
0.0085813510364
0.00699395692738
0.0106832310674
0.0108225481924
0.00818510166327
0.00410951156115
0.006349676638
0.00808723837561
0.000820969297011
0.00107098368561
0.00252439741251
-0.00190463479165
-0.00241180249368
-0.00251341299935
-0.00214097036565
-0.00374724448217
-0.00264626482944
-0.0044786543338
-0.00163219646632
-0.00259214475304
-0.00419025585951
-0.00305084287177
0.00118713980765
-0.00544826754936
-0.00630206783709
0.00417406068674
-0.00400166041916
-0.00283787531296
-0.00657845409947
-0.00582941205699
-0.00254024082161
-0.00420979073112
-0.000414697357194
-0.00267031630877
0.00200447654553
-0.00253851279096
0.000669398883176
-0.00317045197911
0.00035187934934
0.00215684022522
0.00573433993201
0.00397298987353
0.00460234609646
0.00296385617782
0.00300215588451
0.00473784155035
0.00868076238844
0.0090041921764
0.0115099589842
0.0157405263145
0.0154513248864
0.0152523370592
0.0177592477606
0.0138236963927
0.0160892023844
0.0225695750412
0.0196987150874
0.0211146408261
0.0209061754628
0.0216711860557
0.022037748985
0.0224043119142
0.0227708748435
0.0176304538231
0.0294794157378
0.0230662944509
0.0245814319357
0.0261514535515
0.0230164762812
0.0227834652261
0.0257730684905
0.0260579814068
0.0265999536985
0.0248495971859
0.0348656456108
0.0270650624849
0.0266505629484
0.0232629303484
0.0286727825569
0.0278379450688
0.0249196425277
0.0245212815015
0.0242875470724
0.0218248976554
0.0215079485733
0.0179525515889
0.0190800097429
0.017783906653
0.0170717769035
0.016207313589
0.0151459412254
0.0160609497304
0.0160129506047
0.0136075584327
0.0124417706885
0.01028869116
0.00896594987173
0.0134301731384
0.00934248188967
0.0101899325778
0.00827574093138
0.00506514961709
0.0107637713189
0.0040786640714
-0.00200011295415
-0.00204593975175
0.00299063899729
-0.000184968671284
0.00197303228388
0.00220274356652
-0.00113703944802
-0.000519065067175
-0.00472013861114
-0.00109288271215
-0.00395219647083
-0.00318493514606
-0.00366447148879
-0.00823888806045
-0.00434001747357
-0.00568186652825
-0.00593280788206
-0.00104310575913
-0.00789452554844
0.000583714044622
-0.00472933400028
-0.00525181294255
-0.00766820161726
0.00131919944437
-0.00224643088886
-0.002181490979
-0.00316796499531
-0.00345011538832
0.000770734113292
0.000341491982836
-0.000393261897624
-0.00129158528164
0.00102476449226
0.00811730439722
0.00018466828715
0.004856949048
0.00283730312225
0.00780976738033
0.0106418399775
0.0143781750118
0.0076237411485
0.0116882206169
0.0154613080954
0.0119845534272
0.0117181615831
0.0172572846929
0.0193901348142
0.024182701598
0.0196443858671
0.0226396314142
0.0239240835341
0.0217919853648
0.0216741752988
0.0215563652327
0.0265509186012
0.0290800523229
0.025792546676
0.0202185518061
0.0253193752892
0.025161263665
0.0358663701332
0.0318275561201
0.0286048646434
0.02712050628
0.0310189489172
0.0289311529522
0.0310770168927
0.0261258590893
0.0271996416196
0.0253775779877
0.0297008843491
0.0261628644254
0.0314244833425
0.0271069444398
0.0265559478983
0.0154682669303
0.0194927000884
0.0186570420646
0.0161848445584
0.019876714085
0.0131738092045
0.0153354482555
0.0157798004851
0.0179236936188
0.0139325908216
0.0124903881677
0.017244189752
0.0215721065934
0.00902851820378
0.0101018216288
0.010475346593
0.00531867546467
0.00681389970953
0.00495077547143
0.00669253885945
0.00627354922073
0.00569712459944
0.00333228214436
0.0036198009107
0.00390731967705
-0.00346032103748
-0.000905690974653
-0.000551191058296
-0.00402449754702
0.00296664018508
-0.00162598111501
-0.00146315596815
-0.00983233171064
-0.00245863594147
-0.00263667171885
-0.00451406236993
-0.00289562107535
-0.0100544921834
-0.00531534405169
-0.00418987457246
-0.00306440509323
-0.00417998267483
0.000650306408016
-0.00246642774889
-0.00192024599419
-0.0061427349969
-0.00255589288175
-0.00412809799315
-0.00242145608318
0.002423808962
-0.000410775062848
-0.000879282667347
-0.0011953396968
0.00380017989043
0.00317407329263
0.00121428254265
0.00768345284532
0.00753266900236
0.0073818851594
0.00659460233416
0.0140614053349
0.00760141005999
0.00989435430709
0.0147298500599
0.0113922502847
0.027636117871
0.0223219225229
0.0292339327535
0.0259039495586
0.0271670459733
0.0346692160004
0.0245675089761
0.0250766768328
0.0238531346359
0.0226295924391
0.030192688163
0.0257314382196
0.0240195427537
0.0258971978625
0.0243317895127
0.0263378142608
0.0275766892055
0.0278862367601
0.0305638948983
0.0227777046372
0.0306169158055
0.0274920311477
0.0291385011935
0.0265349020224
0.0301091044918
0.0267194685445
0.0256410545628
0.0313099846486
0.0312072229066
0.0311044611647
0.0310016994227
0.0308989376808
0.0307961759388
0.0306934141969
0.0305906524549
0.0243794500484
0.0241792652557
0.0289197728013
0.0293928248554
0.0162891976358
0.0156910052069
0.0118021409054
0.0154285502687
0.0202713596636
0.013444016574
0.0107976104434
0.00982981300227
0.00876119464003
0.00499318653353
0.00469011070376
-0.00297860935771
0.00814893295932
0.00793410789194
0.0057410349709
0.00681486429162
0.000949225059174
0.00514288979265
0.000125148412561
-0.00303503902094
-0.00236982465513
-0.00597791578264
-0.00292973995011
-0.0034206183074
-0.0028562583286
-0.00417442464214
-0.00333355866125
0.00698521364429
0.00977188483319
0.0125585560221
0.015345227211
0.00593846077283
0.00648888820762
0.0014356575456
-0.00156653228818
8.82418889314e-05
-0.00109277799282
0.00218607005877
-0.00209351081298
-0.0048517468596
-0.00309896441086
-0.00206912781172
0.000913738095293
-0.00258800808364
0.000613003799025
0.00210719951085
0.00120469599607
0.00352322421445
-0.00151614155147
0.00106673449819
0.0069115259179
0.00604630350198
0.00727362544369
0.00781375676426
0.0109047596793
0.0128782397047
0.0131848101012
0.0152554251717
0.0170114360281
0.0198970676878
0.0175780850113
0.0179759526459
0.0168023364943
0.0190757538436
0.0218087781446
0.0224607920477
0.0231128059508
0.0255663185616
0.0311984067715
0.0316819890944
0.0314956386255
0.0300859393862
0.0277832247004
0.0256027835791
0.0288761717463
0.0279956045819
0.0280086468687
0.0226359443143
0.0258622195533
0.0271841352871
0.0284989707532
0.0302467226698
0.0259293677619
0.0241971324799
0.0235336837955
0.0237730906999
0.02148472423
0.0205994333548
0.0204858469727
0.0208891619729
0.0278021695977
0.0209627742558
0.0169359831095
0.0203698057252
0.0350411485373
0.0318295686864
0.0286179888356
0.027164017355
0.0185745830176
0.0170264277058
0.0190763958965
0.0162081811709
0.0140934602138
0.0146136268963
0.0170872118461
0.0153586564956
0.0135635703576
0.0112223639098
0.00608710237059
0.00766591175775
0.0065144719356
0.00234904913712
0.0026042532172
-0.000847333798138
0.00145454900389
-0.00779920236329
-0.00160947865557
-0.00384219107409
-0.00347489060519
0.000228402205437
-0.000364684311933
-0.00402732076016
-0.00322470135235
-0.00211773309721
-0.00457046327763
-0.00577359289355
-0.00627755153532
0.0011646537433
-0.00741029990066
-0.00592747719506
-0.0028727090707
0.00136989211869
-0.00402995302721
-0.00206879903849
-0.00295662057515
0.00068847904318
-0.000689634699696
-0.00831874371245
-0.00168457019522
-0.0049943509862
0.000208241575616
0.000276626347367
0.00358873611298
0.00187261445221
0.000561623773318
0.00248575890716
0.00278160772178
0.0128847804354
0.00803316622599
0.00761445685497
0.00681972151675
0.00648086127633
0.0086064604066
0.0124674142048
0.021812672704
0.0187589889899
0.013234151832
0.0182958911431
0.0192089127201
0.0209383749888
0.0196539630111
0.0195021433484
0.0193503236856
0.0186610847059
0.0245389617626
0.0256436097796
0.0171090560327
0.0222521282967
0.0258029415602
0.0226113036371
0.0272092210309
0.0273437102656
0.0242256255478
0.027689712008
0.0269846529542
0.0236327806307
0.0277710513397
0.0242805699939
0.0260620720932
0.0241943056901
0.0215355896115
0.0238457780321
0.0214853729876
0.0226046383382
0.0199131554099
0.0160353354511
0.0210246984357
0.0206445906555
0.0188101078133
0.0213082372338
0.0201231617901
0.0170834703768
0.0139097812362
0.0136966496059
0.0127857851776
0.00908756324439
0.00933016047416
0.00967074746983
0.00919444714674
0.00877325544164
0.00975103853628
0.00440350237698
0.00777712715623
0.00765280615336
0.00153119234453
0.0031975875418
-0.000414098921348
0.0043575365371
0.001398855875
0.000191158494563
-0.00230508857324
-0.000996882172017
-0.00168520265727
-0.00248592411441
-0.00244254784716
-0.00287291957551
-0.0057862254144
-0.00119465019633
-0.00276257007487
-0.00302593174752
-0.00341023938084
-0.00472982453219
-0.00731268345478
-0.00523024882949
-0.00719498039003
-0.0100926837902
-0.00813986709856
-0.00638819452215
-0.00101613310469
-0.00549250137645
-0.0069716251188
-0.00417482341359
-0.00362095442915
-0.00464773727107
0.00149830461716
-0.00268110987081
0.00102313966078
0.000762376107899
-0.00284663385134
0.00359851845629
0.0041760074709
0.00462984728886
0.00509259197527
0.00528391099268
0.00276843291976
0.0075723016219
0.00695744435428
0.0123404216294
0.0128049336608
0.0122431841393
0.0102824860122
0.0174000464501
0.0166206589634
0.014475854151
0.0184265217045
0.0178383784678
0.0158987963026
0.0181783178053
0.0204578393081
0.0227373608108
0.026288901383
0.0281123443321
0.0263073084128
0.0244426214463
0.0241173206411
0.0216225020761
0.0229929138566
0.0268420144321
0.0289015140504
0.0240189665221
0.0276447015224
0.0315525934591
0.0325482209779
0.0256811085967
0.0273197641681
0.0316871175964
0.0335629556441
0.0354387936918
0.0293256536703
0.0232125136487
0.013263464157
0.0138200459139
0.0143766276708
0.0149332094277
0.0154897911846
0.0160463729415
0.0166029546984
0.0171595364553
0.0177161182122
0.0212317025582
0.0313120078597
0.0252758888242
0.0192397697888
0.0132036507533
0.0122751963679
0.0113467419825
0.0104182875971
0.0169234084569
0.00241739276927
-0.00514010191754
0.00273813826916
0.00302481362138
0.000482773847742
-0.00397637018771
-0.00487056990339
-0.00132506072426
0.00222044845486
-0.00442976015564
-0.00416289203786
-0.00389602392009
-0.00492613537259
-0.00524668220526
0.000885689172602
-0.00593160823887
0.0095632749662
0.010753275976
0.0119432769858
0.00813311954328
0.00432296210075
0.000512804658227
-0.00502380868818
-0.00794786806014
-0.011712385658
-0.00281596484359
-0.0136246890602
-0.0154587054278
-0.0130945824518
-0.00273176990991
-0.00536484317425
-0.00521693230483
-0.000921386440358
-0.00117486017352
-0.00309981158646
0.00164513902627
-0.000232191303993
0.000799234158182
0.00199822228081
0.00764229844496
0.00432002977739
0.00335283756434
0.00666430989629
0.00348726011001
0.00320214526217
0.00587298405465
0.00980121309581
0.011325305373
0.0121580917679
0.0132197491274
0.0136254724857
0.0178461296994
0.0162723200876
0.0168065342657
0.0162453348672
0.017139660765
0.0180339866628
0.0196489610214
0.0212703809471
0.0218048381348
0.0240106925461
0.0228585557353
0.024030377275
0.020057868507
0.0233075455623
0.0258372956038
0.0243969804924
0.024168545636
0.0235407613025
0.0236848134713
0.0255098622629
0.025316104618
0.0253283037455
0.0223676804728
0.0220127859964
0.0235569887289
0.0209192446383
0.0208249518697
0.0207432744931
0.022509498829
0.0226565347484
0.0186495369321
0.0147739727001
0.0129460425337
0.0114364623615
0.0118258214891
0.00744860320059
0.0126057438215
0.0155832039691
0.00988127877171
0.0143718264738
0.0117411139961
0.0101428708954
0.00835624957447
0.00875482035058
0.00669197740899
0.00435330272375
0.00352599936447
0.00349288609814
0.00180690045447
-0.00250531971617
-0.00310612663517
0.000930184159207
-0.00564274035473
-0.00689077406569
-0.00844412786288
-0.00255275382713
-0.00507369821866
-0.00596970360304
-0.00691671312631
-0.00548477157172
-0.00688286836853
-0.0077978263594
-0.00975030542741
-0.00716173054767
-0.0057671206557
-0.00567021440776
-0.010759199801
-0.00897575462648
-0.00628740349077
-0.00611521705855
-0.00372273358457
-0.00856463106398
-0.00713504264508
-0.00727829198391
-0.00416146580456
-0.00373138885395
-0.00395281846486
-0.00699583429852
-0.0049060459144
-0.00448899277153
-0.000580796387036
-0.00027661426337
-0.000987060414576
-2.70279216344e-05
0.00311814505712
0.00243953515407
0.00520168625491
0.00166024558271
0.00770342703023
0.00749509095809
0.00936495576026
0.0155215044595
0.00938263707774
0.0150945617873
0.0122267319612
0.0117810008725
0.0139106960527
0.0152892943905
0.0159393080324
0.0153881608993
0.0159473296091
0.0165064983189
0.0241260832102
0.0230212681209
0.0221940565177
0.0247119528408
0.0256032777708
0.0303658340672
0.0351283903635
0.0398909466599
0.0343016860584
0.0287514625473
0.0267210785538
0.0259679503328
0.0291556800432
0.02590934351
0.0246013847644
0.0237017636158
0.0253471006651
0.025879296517
0.0265155393759
0.0260078602795
0.0261185580854
0.019166464032
0.0164228940669
0.0214624432773
0.0152186152012
0.0169616486126
0.0179814666841
0.0147793459577
0.0134966128164
0.0122138796751
0.0156324753896
0.0137473869526
0.0118622985156
0.012010530491
0.00920031874367
0.00799492545448
0.00631915750708
0.00712238508937
0.00452107660329
0.00589222126808
0.00226659663836
0.00139486666416
0.00116142291453
0.000737409857198
-0.00047459599377
-0.00521056275192
-0.00566373102023
-0.0051464469727
-0.00156301386098
-0.00290313517371
-0.00634310191977
-0.00517822139932
-0.00675678563829
-0.00886286337473
-0.00976688343512
-0.00684180078297
-0.00875791153588
-0.00938735094472
-0.0104943598722
-0.010018641585
-0.00954292329773
-0.0117532106698
-0.0109536091182
-0.0101438013511
0.00147220934797
-0.00809477935401
-0.00684733453276
-0.00829543590759
-0.00487315160031
-0.00966798900489
-0.00786342623619
-0.00378092024657
-0.00322405549597
-1.2389057346e-05
-0.00328207646631
-0.00545677632838
6.50828456616e-05
0.00201544135548
0.00595490898033
0.00254889316158
0.00169179167581
0.00348450984201
0.00551718675127
0.00809527242361
0.011512387983
0.00801586933046
0.0103053071435
0.0119557516308
0.0143202902517
0.0195180936313
0.0164727087488
0.0165145785978
0.0136836786415
0.016491625213
0.0185011206557
0.0205106160984
0.0225201115411
0.0245296069838
0.0265391024265
0.0285485978693
0.030558093312
0.0325675887547
0.0345770841974
0.0365865796401
0.0356088552242
0.0338989579635
0.0264935982913
0.0258422803633
0.0297936490434
0.0240972638149
0.0261984171374
0.0243197877891
0.0240698150506
0.0273083711267
0.0247886481908
0.0239941860973
0.0260557838974
0.0225054980993
0.0214330546516
0.0238623831744
0.0185412624264
0.0224631424005
0.0180248628568
0.0179307809256
0.0185897923586
0.0148332569439
0.0135443545412
0.0128663322664
0.0103378053924
0.0111152760845
0.00930464226579
0.0109396964708
0.00834025119727
0.00763997631878
0.00513710653338
0.00501412660359
0.00438981180641
0.00283113836078
0.00191564034345
-0.00271631035113
0.0014427556039
-0.000154180596511
-0.00130543210948
-0.00150951739815
0.00369905257335
0.00890762254486
0.0033100212551
-0.00335410874582
-0.00462181338735
-0.00652995072422
-0.00546290767542
-0.00793115831944
-0.00850705518376
-0.0128229277086
-0.00645401347278
-0.0109190269038
-0.00610537930432
-0.00847504943302
-0.0101377173607
-0.00816324461535
-0.0173539505398
-0.00517345769428
-0.00367393811757
-0.00331528940531
-0.00267988442552
-0.00673585452157
-0.00355302853714
-0.0016613395265
-0.00336615088245
1.07068965327e-05
0.00432684832699
-0.00136915201894
-0.00169356568267
-0.00122602261452
8.69827897e-05
0.00139998819392
0.00239324755041
0.00557319628226
0.00487641964649
8.84507166528e-05
0.00815854646884
0.0005264805959
0.00214924856996
0.0110699344593
0.011475265086
0.0142390632923
0.0157240287631
0.0155822888811
0.0150320953004
0.0184317707971
0.0187162659727
0.0190007611483
0.0166919311233
0.0192062824824
0.0258727949682
0.0213364494682
0.025623543105
0.025552259093
0.0321719798114
0.0305726476513
0.0259463632235
0.0270597906678
0.0222802512911
0.0231616920479
0.0250801153406
0.0236378513145
0.0234358946056
0.0249755254986
0.0289081680292
0.0239849399923
0.0234797678139
0.0222701522597
0.0208049185238
0.021772959156
0.0164121846128
0.0212751815162
0.0193738445765
0.0192086200115
0.0159877727054
0.0188864163628
0.0180280593174
0.0166639187736
0.0126524973553
0.0108275050775
0.0109683415194
0.00878169638919
0.0116386330938
0.0121093027444
0.00532075922706
0.00533532729627
0.00630575097808
0.00821259348596
0.00412683661646
0.00224865962741
0.00341916526853
0.00142804534374
0.00482578338136
-0.00482068038375
-0.00278705512692
-0.00970581536377
-0.00310875568256
-0.00112548221861
-0.00598435007039
-0.00144573603935
-0.00569075836971
-0.00634022122076
-0.00732118880495
-0.00824993192021
-0.00996756377908
-0.00997840812756
-0.00772470977036
-0.0103066002598
-0.010932674037
-0.0123534068075
-0.0122063168656
-0.00958128000733
-0.0110200502104
-0.0113554618864
-0.00624547262476
-0.00807447351705
-0.00952111169096
-0.010438399605
-0.00896830595276
-0.00858253543696
-0.00510495794171
-0.00443731601987
-0.00528423451085
-0.00319310444993
-0.00337831614107
-0.00152035939137
0.00204305272757
0.000572621748552
0.00394704251313
0.00477308278704
0.00663151710449
0.0147449292293
0.00748779093983
0.00869391296219
0.00724890077556
0.00757875667143
0.012083062046
0.0115598540039
0.0163890913847
0.0138885017266
0.0132476201023
0.01342823274
0.0164681736116
0.0195081144832
0.0197224629624
0.0204809331084
0.0199184878434
0.0203826397256
0.0236527817587
0.0237016164049
0.0216327017387
0.0221555816638
0.0218581100287
0.0232628254895
0.0233572677523
0.0222887088632
0.0204585794315
0.0268975855245
0.0213525838576
0.0197560707004
0.0207535653456
0.0218088201813
0.0195970958076
0.0133073572516
0.0204784718868
0.0163580481133
0.0186388109611
0.0177247053636
0.0161547814017
0.0165835483365
0.0170518653361
0.0180436728177
0.0129759181279
0.0171000423031
0.0137821487886
0.0135740592638
0.0130040967665
0.0105838977895
0.00804613025015
0.00665832173606
0.00412168097435
0.00213913043086
0.0054564908941
-0.00422877272732
0.00246444598316
0.0023560445262
-0.00315444141398
-0.00276970575329
-0.0023849700926
-0.00268812867149
-0.000233777154146
0.00464533529544
-0.00117946125995
-0.0039135324561
-0.006144348521
-0.00648400880958
0.000711154768388
-0.0036816964134
-0.00669258418194
-0.0146413277686
-0.0145557751529
-0.0100141872604
-0.012101486368
-0.0106398355936
-0.0100575563879
-0.0053419984101
-0.00231897854419
-0.00455163511771
-0.00617301046265
-0.0126485972749
-0.0142407748895
-0.0107882317442
-0.00752334976575
-0.00942831033628
-0.0105189854942
-0.0126126187315
-0.00780926030562
-0.0054796674539
-0.0109592293244
-0.00368863284192
-0.00817452305469
0.000716697577422
-0.00258879700379
0.0031231334334
-0.000247892450094
0.00276323445216
0.00289679953729
0.00549405800119
0.00416917661331
0.00418891687818
0.00756499503385
0.00730835485014
0.00966672119808
0.00902024801261
0.0114036166982
0.0151023680118
0.0156330191029
0.0131753446167
0.0144731498623
0.0157709551078
0.0118277184735
0.0170481799274
0.0171226949082
0.0171972098889
0.0214151926563
0.0213233413844
0.0220253522905
0.0229818721713
0.0245564726837
0.0286163004798
0.0257076598043
0.0214499069489
0.0218748097525
0.019899946929
0.0212759253557
0.0235218411096
0.0191130426712
0.0221752643548
0.0176760617889
0.0222458367459
0.0183085217652
0.0204286471803
0.0173525439535
0.0185552390245
0.0145012887287
0.0151541972254
0.0144947027688
0.0122577729262
0.014192799635
0.0102915372824
0.0112970377867
0.0107579231531
0.00991447725532
0.00776103580442
0.00553409967479
0.00711940866708
0.0075528252804
0.000414735744579
-0.000788746513485
-0.00162447280253
0.000795930246273
0.00333562640003
0.000563168359111
-0.00364920534156
-0.0037869557376
-0.00526730636961
-0.00448870742693
-0.0036932833425
-0.00475854010269
-0.00239968702927
-0.00464197961339
-0.0114379782567
-0.00834826444855
-0.0125419084819
-0.00483441840559
-0.00944562518363
-0.0111330188358
-0.0111932670221
-0.0153431732909
-0.0116433406391
-0.00754040348931
-0.0130767764653
-0.0141434758375
-0.0129230485908
-0.0149283535338
-0.0148724641944
-0.0130705532211
-0.0153724121404
-0.0108971849161
-0.00985950154572
-0.00436810427853
-0.00326522041271
-0.0034279695098
-0.00212837241504
0.000134890396729
-0.00326376365058
0.00498206538054
-0.00110475819518
-0.000316495757527
-0.00337042536952
-0.00103909315501
-0.00357488336622
-0.00281614584336
0.00360176519453
-0.00622371380031
0.00634218336084
0.00581094611714
0.00822400973521
0.00586767282238
0.00886338318937
0.0103754253687
0.00823737070157
0.00837430646553
0.0130907616948
0.0137014438694
0.014312126044
0.0149228082186
0.0125959732119
0.0153824743492
0.0187607735943
0.0191026109677
0.0155699339526
0.0191438449017
0.0187345788611
0.0191228597992
0.0184281922228
0.0217256081052
0.0144284677257
0.0289706804114
0.0266412750064
0.0231613639101
0.0187470079248
0.0163261074042
0.0206945897799
0.0218602263627
0.0208072502691
0.0211653068884
0.0167165638059
0.0162491698546
0.022874510611
0.0144494194314
0.0155204917337
0.0139224706372
0.0135427527428
0.012966370741
0.0116324389236
0.00976118340672
0.0128940364299
0.00761341361247
0.00376827619278
0.00461903483045
0.00558155599666
0.00253312414195
0.00475347263742
0.00272538525795
0.00121419141252
0.00999742085022
0.0118341250736
0.00547285878138
0.00746587910964
0.000747482820291
0.00134306573798
-0.004567912937
0.00242198150988
-0.00299581382924
-0.00391609753582
-0.00481802320876
-0.00463226136765
-0.00626470541938
-0.00318262372228
-0.00818152337661
-0.00834990181377
-0.0086295841821
-0.0221964052279
-0.0139511106608
-0.0159917403614
-0.0170257969785
-0.0166801936343
-0.0163319258905
-0.0203491321602
-0.0167222441276
-0.0145453101319
-0.0139408647524
-0.013645675147
-0.00904971818572
-0.0163338957798
-0.0113493899318
-0.0116588042691
-0.0111907439485
-0.0108015898467
-0.0129923734234
-0.0025965443464
0.000401237561528
-0.0040949523102
-0.00524191249837
-0.0025631044463
-0.000696645473288
-0.00110280929529
0.000939203661692
-0.0010209086205
0.000590131048951
0.00376351751488
0.00427956672316
0.00268920705743
0.00507587295901
0.00584431057967
0.012819010655
0.0101310547453
0.00919755809296
0.0107001991251
0.0156730382179
0.0206458773106
0.0230470003101
0.0272806299892
0.0264305647719
0.0262533649565
0.0237372995692
0.0223433219865
0.0230123506591
0.0247851698283
0.0256137649471
0.0197337652658
0.0181023084668
0.0140417297823
0.0231361648121
0.0136461592231
0.0179761529574
0.0120244059967
0.0147802805551
0.0149768374651
0.0150148831891
0.014710278367
0.0173116458756
0.0131744821049
0.0169429187772
0.0128564453762
0.0155473629429
0.0145962072624
0.0162613361999
0.0139956053881
0.0181524799919
0.0213992418492
0.0240896993841
0.0178076052299
0.0137814561992
0.0118320381713
0.00966074044489
0.00780528880819
0.00564687055381
0.00549243989022
0.00977707558487
-0.000469714123132
-0.000993847332857
5.75752664951e-05
-0.00339950213354
-0.00597169913702
-0.00685636291055
-0.0101844229868
-0.00732347990183
-0.00790994621956
-0.0062182019424
-0.0109745637008
-0.00938260577897
-0.0126519815502
-0.0159213573214
-0.0155814198681
-0.0134200199319
-0.0170396472782
-0.0153639384203
-0.0191884129392
-0.021761619581
-0.0170296295182
-0.0108799398809
-0.0106386927719
-0.0129850485216
-0.0111733863918
-0.00932122912627
-0.00482808672013
-0.00971722053654
-0.011486399855
-0.00661282529436
-0.00707668390545
-0.0115191634451
-0.0133812804217
-0.0101787466497
-0.0106797516827
-0.00847659649959
-0.00865299157938
-0.00802395034287
-0.00593341855344
-0.00727840765072
-0.00716034329545
-0.00233424913408
-0.00370905295535
-0.00714054917061
-0.0022847650821
-0.00480623647873
-0.00153396727499
0.000900760182505
0.00269685244143
0.000175872310789
0.000891807904752
0.00178037309725
0.00392427583783
0.00676123521097
0.00447290020747
0.00852780701569
0.0125827138239
0.0146391777505
0.0169754465001
0.0108868270217
0.0126288581622
0.00926549454067
0.0076504319383
0.0105091238466
0.0116795972167
0.00984529847882
0.0105422486656
0.0146121496186
0.0108752993921
0.0100614802111
0.0196518941353
0.0114753622692
0.0168120455799
0.017105071944
0.0165404330895
0.0142796087104
0.0123071048597
0.0100097403692
0.0102109313683
0.0140764761025
0.00798030702416
0.00676145160257
0.00811158060349
0.00530799799927
0.00857916465164
0.0144232919081
0.0202674191645
0.0132708542869
0.00954462548215
0.0074136266892
0.00576137000509
0.0054613682838
0.0106188803157
-0.00226743548996
-0.00189551658184
0.000300363129447
-0.0031241750202
-0.00530382079978
-0.00755339729107
-0.00802661064291
-0.00441368450427
-0.003838585502
-0.00667008982209
-0.0127244845499
-0.0084405700435
-0.00388965511098
-0.00876922899562
-0.00646924402731
-0.0025306360312
-0.0107401346842
-0.012308484241
-0.0157152789539
-0.0162599388905
-0.0199250647875
-0.0170266816069
-0.0207912752963
-0.0212519290505
-0.0226650383528
-0.0229024379721
-0.0198270295105
-0.00399433310086
-0.00212203654485
-0.000249739988846
-0.0071561226593
-0.0118117888993
-0.0113314400486
-0.0127662936309
-0.0162025266249
-0.0110245358495
-0.0149820022736
-0.0123956886336
-0.0116334321861
-0.0135057647623
-0.0139595868232
-0.00935330849078
-0.00660383641014
-0.00908996146692
-0.0110761865695
-0.00735968316208
-0.00544154975186
-0.00741763948474
-0.00276577654431
-0.00581911687731
-0.00511780473075
0.000993184003256
-0.00308469233388
-0.0011750352791
0.00358632840232
0.0134411269336
0.00337494161233
0.0021153316621
0.00497378845353
0.00783224524497
0.0106907020364
0.0103067604245
0.0115588959591
0.007735294208
0.0103378974914
0.0096393284368
0.0119259481568
0.0119922418285
0.0105636241772
0.0153407325511
0.0113903240597
0.0218714342264
0.026606115625
0.0231977799713
0.0137723866109
0.0163760030686
0.0228369668682
0.0221227052802
0.0145951967823
0.0120614623135
0.00806750973781
0.0104537710159
0.00671188789712
0.00871121588258
0.00795869236487
0.00514446450355
0.00468265660377
0.00318731090719
0.00510059379667
0.00260827670017
0.00281895571037
0.00470705198518
0.00155189194418
-0.00118501882213
-0.00436567414262
0.00320043591679
0.0107665459762
0.00716377701124
-0.000503200870848
-0.00107646013622
-0.00835735816679
-0.00796484560607
-0.00954476059959
-0.0165292135108
-0.0147262309223
-0.0136505663551
-0.0145748334509
-0.0188659057089
-0.0150131812966
-0.0146419063642
-0.0163916976091
-0.00984921491494
-0.0134827139748
-0.0124877560963
-0.0114927982177
-0.00976010235258
-0.0137366898246
-0.0140349931161
-0.0148578682038
-0.0132454426748
-0.0153564790196
-0.0170677396035
-0.0166372039312
-0.018522228575
-0.0211598933467
-0.0172186000105
-0.0238738565332
-0.0215426095233
-0.0226378094256
-0.0200935236454
-0.0193008289143
-0.0193339171113
-0.024576082493
-0.0184612265167
-0.0170239710727
-0.0168160811413
-0.0138812568942
-0.0109841860861
-0.0137389788536
-0.016290290638
-0.0145039864344
-0.0117875362831
-0.0124002953342
-0.00808670073875
-0.00955280991981
-0.00758770741528
-0.00516360200884
-0.000804733375035
-0.00322021859765
-0.00262264924794
-0.00064500386772
0.00710366874477
0.00245781000253
0.00122890688257
0.00312072993457
0.00501255298658
0.00207800798789
0.00350766088884
0.00562336774912
0.00814647885769
0.00946095196625
0.00673350559558
0.00547251318923
0.00763340620345
0.0113382276786
0.00819341785921
0.0108693939556
0.00908225520674
0.00938831708939
0.0157062567041
0.0146825716748
0.00941520218133
0.00788052079856
0.00763258875786
0.00592316303643
0.00786436342763
0.00709895441398
-0.000125562769879
0.00516836124611
0.0133151158021
0.0122048382025
0.0163179977443
0.00795281428234
0.00703080949546
0.00536106592325
0.00438687229558
-0.000656240985519
-0.00113926889372
0.00136972064506
4.68932702173e-05
0.000404977458192
0.00193630897329
-0.00130006369661
-0.00691234995535
-0.00582062638864
-0.00766320657943
-0.00742756474443
-0.00889178825008
-0.00946485347427
-0.0125549274004
-0.00700902422161
-0.00916486627712
-0.0191875917132
-0.0174679594709
-0.020043959
-0.0180711600942
-0.0196154642143
-0.0129084443056
-0.0171606742003
-0.0151662617954
-0.019203748579
-0.0183569980826
-0.0221474130415
-0.0202527857333
-0.0207547616575
-0.0230320085111
-0.0205307341911
-0.0208056123195
-0.0219034379488
-0.0216329286736
-0.0229277529788
-0.0218690161896
-0.0228088846279
-0.021962863181
-0.0228046128936
-0.0214423386165
-0.0221168985269
-0.0176529053307
-0.0253587932036
-0.0217323646178
-0.020561250415
-0.0174634027917
-0.0179562041594
-0.0158208848018
-0.0187599048416
-0.0153905394422
-0.0157706683838
-0.0124099106841
-0.0133705110809
-0.0109725905126
-0.0104487741246
-0.00945749482327
-0.0120931996744
-0.0112848572336
-0.00359090789133
-0.00423565454787
-0.00794460698444
-0.00698197425442
-0.00674269714373
-0.0039795961796
0.00263080904939
0.00924121427839
0.0149602418906
0.00995333431747
0.00515399075236
0.00637786235926
0.0098883709796
0.0088368947726
0.0079756870982
0.00730364440353
0.00889035376135
0.00783720002021
0.00678025822208
0.00565256055058
0.00573525859391
0.00616327981193
0.00476593695243
0.00624953667804
0.00484360952485
0.00454037164912
0.0051060349858
0.00248922605066
0.00647502664751
0.00478066780775
0.00179309681769
0.00418136822401
0.0012758897198
0.00230568243367
0.00394332598571
-0.00193539554886
0.0155316647124
0.017687608238
0.0162512319135
0.0187465582659
0.0159997207748
0.023243860248
0.0232953933362
0.0161814691698
0.0138477862613
0.0143671477495
0.0146997543638
0.0107539109831
0.00877758641056
0.00881224096126
0.00710569955402
0.00174028083252
0.00572333633878
0.0055059864382
0.00611790345811
0.0022345665536
-0.00161991702564
6.16554433301e-05
-0.00317052723684
-0.00236380161592
-0.000186931752804
-0.00331989168145
0.00338272569173
0.0100853430649
-0.00104476076614
-0.00431244182716
-0.0044893612227
-0.0103627422074
-0.00736034402188
-0.00845425050525
-0.00766352060757
-0.00859405236385
-0.0114223740181
-0.0103974534748
-0.00899401031733
-0.0125685236107
-0.00728434309295
-0.00899303741628
-0.00842691583843
-0.00740862424985
-0.00488426770659
-0.00235991116334
-0.00776464885798
-0.00735930226794
-0.00426719701673
-0.00840054967274
-0.00481872175692
-0.00659763147301
-0.00292236005518
-0.00561069394691
-0.00120437974624
0.00376798882677
-0.00270286880923
0.00228312845836
0.0041001910245
0.00374884857626
0.00816597846738
0.0113916906905
0.00917365723347
0.0133248097509
0.0124705314347
0.013527310669
0.0154445462788
0.0173617818886
0.016816171699
0.0227505398446
0.0196169169571
0.0181297961375
0.0187243716955
0.0176242013229
0.0181004181601
0.0198679993099
0.0232165348856
0.0261684371238
0.029120339362
0.0238709022888
0.0186214652157
0.0217933633535
0.0165446705213
0.0133848874199
0.0151993183763
0.0194435451069
0.0125620362817
0.0116082088177
0.0147199802654
0.0126809496303
0.0131819514419
0.0120062413794
0.0100212029691
0.0128100404164
0.0114056620207
0.0107752279494
0.0132466553305
0.0110212014859
0.0158128332572
0.0136251637161
0.0114374941751
0.0117507829886
0.0087467672599
0.00776356250133
0.012457991427
0.00873207184068
0.00534744100101
0.00403384942628
0.00386658953864
0.00300314483472
0.00305849912754
0.00285555807912
0.00321096148695
0.000589270276117
-0.00452594067217
-0.00564177054115
-0.00399233934787
-0.00731280258047
-0.00294342071609
-0.00604400071914
-0.00550111507131
-0.00697254974025
-0.00740377868006
-0.00661434727994
-0.00939853382889
-0.00812117188158
-0.0107460664411
-0.0129985972009
-0.0120543705451
-0.0114257396108
-0.0122990154108
-0.0114567723336
-0.0122311638626
-0.0106960952549
-0.010828491873
-0.00663947808433
-0.0108807882968
-0.00758538605972
-0.0140434118708
-0.00811661083218
-0.00708433346111
-0.00857719914959
-0.00825893055935
-0.00420889301479
-0.00572554410966
-0.00390763046028
-0.00352273999762
-0.00470243807352
0.000867039147769
0.00715296687365
0.00431346592757
0.00206245845146
0.00240173949317
0.00586688010704
0.00452029898466
0.00729561971682
0.00801590625338
0.0093325958205
0.0112883426324
0.0112080061503
0.0106045154692
0.0108689525788
0.0121487353656
0.0134285181524
0.00295140841893
0.0108471862342
0.00981591099989
0.0126429120193
0.0128437582428
0.010879525447
0.0204193619625
0.027932383781
0.021231864382
0.0256466046979
0.0255419624041
0.022224514249
0.0218756985376
0.0243326258461
0.0230002807143
0.0240207086799
0.0229862559427
0.0234274964965
0.0229595600241
0.0172853525738
0.015389402179
0.0214590081322
0.016482695468
0.0215416432741
0.0187230521555
0.0151655229448
0.0149306213742
0.0118303063743
0.016474412989
0.0108315907093
0.011964259732
0.012555299361
0.0105063384398
0.00749610762017
0.00394580839601
0.00663568092445
0.0062704042516
0.00590512757876
0.00625704610296
0.00185950802107
0.0027310280628
-0.000291406908225
0.00407297498571
0.001440688554
-0.00326613870228
-0.00287305826941
-0.00811842590786
-0.000855805844176
-0.00477331964541
-0.00810165203948
-0.00721012200045
-0.00916952980373
-0.0105297298037
-0.00656361639777
-0.00973420595974
-0.00977808639343
-0.0134754672717
-0.00885126856799
-0.0157583128113
-0.00931952326623
-0.0151183945098
-0.012107306057
-0.0165203266946
-0.0111774636873
-0.00891524368553
-0.0103942721091
-0.0158716125871
-0.0186042632481
-0.0116587024469
-0.0114577359405
-0.0154830523134
-0.0123015079
-0.0111239857238
-0.0112413056354
-0.00764006361378
-0.0128709798719
-0.00487847232184
-0.0035854794573
-0.0023245792405
-0.000593221290555
-0.00800850186417
-0.0017100814577
-0.00427036859636
0.00165596360994
0.00304699655395
0.00569020430754
0.00455504765789
0.00292814136996
0.0106519741624
0.000148921026896
0.0106871906668
0.0119510844991
0.0115473770785
0.0164756534767
0.00860939918038
0.000743144884055
0.00880452345398
0.0102587371601
0.00414836767576
0.0074739523731
0.0133276274947
0.0181913806986
0.0121879686687
0.0168228569466
0.0210871190628
0.0194420550527
0.0210433836152
0.0182224237197
0.0194309728001
0.0107296836887
0.0197646747845
0.0202746617751
0.0201121172707
0.0184768783424
0.0198310515867
0.0223703552564
0.020525309623
0.0196700582521
0.0121194319291
0.0140587739651
0.0106904898868
0.0146362590109
0.00928386040437
0.0178111864652
0.012382943014
0.0102174250009
0.012959145407
0.0108810914143
0.0131841937524
0.0171391536022
0.0244516414894
0.0168296586225
0.0115468738146
0.00808897371206
0.00263760736696
0.003575409217
0.00181248794274
0.0134584600306
0.0169801938271
0.00569648359961
-0.000573825544693
0.000842012167966
-0.0044575339669
-0.00651422693973
-0.00642018762413
-0.00363904812481
-0.00371112858712
-0.00665652167213
-0.00368278269622
-0.0104558772614
-0.0083419659986
-0.00794004750408
-0.0119686177923
-0.0108146737352
-0.0133291786236
-0.0127644542855
-0.016662526025
-0.0137202398226
-0.0140233641284
-0.0166366233668
-0.0161115463688
-0.0132934795693
-0.019168618337
-0.0125459198016
-0.0143587538469
-0.0128311091541
-0.0183716923223
-0.00698590505191
-0.0154132015714
-0.0135299671562
-0.0141814953321
-0.0140864087855
-0.0115434221491
-0.00995008491247
-0.012249837562
-0.00688541446633
-0.00606710740282
-0.00711665997431
-0.0128754890042
-0.00383425150905
0.000279338616166
-0.000334471890886
-0.00357721225233
0.00419489692705
0.00521329170073
0.00281379876525
0.00345605109956
0.00204949592404
7.62961538749e-05
-0.000907367063345
0.00224841937743
0.00540420581821
0.00785497810981
0.00986576478083
0.0157910397879
0.0125134424259
0.0151439670892
0.00888165985056
0.0146354315298
0.0151750211606
0.0147030909264
0.0137696700546
0.012814840873
0.0163242926907
0.00935722572954
0.0141921306198
0.014347813591
0.010631522024
0.0132670374291
0.0140352696663
0.0158383378418
0.0158406272072
0.0144753142711
0.0131100013351
0.00937007709125
0.00965321095926
0.0112227718056
0.00850290300663
0.00466744942609
0.00917473576
0.00506560290317
0.00689251400823
0.00821616915758
0.00976522486167
0.00491327574959
0.00292432615502
-0.00346969002906
0.00268374091127
0.000599413042655
-0.0027610172631
-0.00292130076162
-0.00689665632843
-0.00690029722866
-0.00295282312919
-0.0049059799213
-0.00683816043776
-0.00419720093038
-0.00874637507151
-0.0182492703113
-0.0112032613314
-0.0106064820668
-0.0135888060394
-0.0164051395766
-0.00910550818735
-0.0164748835818
-0.0144975573694
-0.0182441195925
-0.0170160734949
-0.0171119014771
-0.0163180032715
-0.0243433381268
-0.0182890749687
-0.0225657709232
-0.017358355992
-0.0187252395243
-0.0201082226828
-0.0221620439095
-0.016543391204
-0.0155032264585
-0.0201310919994
-0.0184465595881
-0.0202007736943
-0.0194594569103
-0.0187181401262
-0.0185027944453
-0.0207088212276
-0.0204756649433
-0.0211602054176
-0.0141305818847
-0.0163994977802
-0.0169417985133
-0.0130362969995
-0.00994980617843
-0.00902370973745
-0.011412933048
-0.0113924630993
-0.00743278645285
-0.00608359148276
-0.00401421252236
-0.00556940198006
-0.00359639261482
-0.00467352354252
0.000898575889241
-8.98451646403e-06
-0.0019106409151
-1.16742284231e-05
-1.83343888169e-05
-2.49945492107e-05
0.0124961294057
0.00587606195123
0.00822846555273
0.0094911612888
0.0097325158122
0.0130272517565
0.00991752507056
0.00853623362197
0.0103046482011
0.0061518292065
0.00441262683737
0.011112515244
0.0129005497667
0.0144524904688
0.0116387775603
0.0124236772327
0.00974583339873
0.0093011379903
0.00715077678306
0.00950335470128
0.00895248917593
0.00782480897329
0.00673050177918
0.00488996345118
0.00902802873988
0.00657171928175
0.0059903498808
0.00359200481416
0.00141500347941
-0.000196530845733
0.00183466271326
-0.000996547194684
0.000861833117477
-0.00633370261076
-0.0140860600555
-0.00390661408044
-0.000677275524273
-0.000527700370918
-0.00234170993259
-0.00576853544237
-0.00770491684864
-0.0102756614055
-0.0112585791389
-0.00843814558932
-0.0109949187804
-0.0131597453451
-0.0178497212846
-0.015027240847
-0.0115535086976
-0.0178762678369
-0.0135534068372
-0.0176655486764
-0.0191755300811
-0.0189444175765
-0.0183594942966
-0.0223968929004
-0.0219976094261
-0.0182427980238
-0.0232879227325
-0.0191816990807
-0.0145701501058
-0.0193469454033
-0.0193599240899
-0.0227521753293
-0.0186325299555
-0.0139853437071
-0.0218021917737
-0.0247342812418
-0.0184908376016
-0.0254300188264
-0.0223222703725
-0.0149012278521
-0.0208323267701
-0.0154996152703
-0.0220018904425
-0.0193164860792
-0.0143522781175
-0.0149465764612
-0.0186317252473
-0.0166926407219
-0.0161873782331
-0.0155565256811
-0.0136223067322
-0.0123077406644
-0.00772800015087
-0.00900888789072
-0.0050770938492
-0.00536923365754
-0.00250492945387
-0.00214832221093
-0.00664302763276
-0.00320241888105
0.000422740006756
-0.00217518057408
-0.00457393147703
-0.00697268237999
0.00202668899588
0.0041329971253
0.00235806144285
0.00261795122222
0.0035404304931
0.00897284313537
0.00934827684062
0.00954387209229
0.00830235159178
0.0088855931596
0.0110620984477
0.00750194589627
0.0166702096492
0.0154895093084
0.0141125899293
0.0105644803983
0.0167617156065
0.00939257749683
0.0108654830038
0.00808869327886
0.00875648478873
-0.00503815309984
0.00293802246016
0.0069215237343
0.00869990996227
0.00337409855468
0.003069762906
0.00365664892371
0.00350069870404
0.00157598527695
-0.00233077296469
0.00108680295581
-0.00249101121526
-0.000932769466351
0.00107181853845
0.00744418974741
0.00660177015075
0.000680404849189
-0.00173208049611
-0.00685509189565
-0.00337279656771
-0.00886832332897
-0.010328741266
-0.0140611946421
-0.014011072563
-0.0119173420617
-0.0145268076401
-0.0117450497484
-0.0155302289156
-0.0144828663149
-0.0115921921793
-0.0144677604214
-0.0162543871915
-0.0218359674592
-0.0214370930907
-0.0241077039465
-0.0225200010183
-0.0208261365832
-0.023013178608
-0.0197950273792
-0.0127154143694
-0.0208644228624
-0.0193828072351
-0.0225872240864
-0.0220227108212
-0.0164247850179
-0.0237145990048
-0.0215533970114
-0.0206083778868
-0.0253768242776
-0.0197115093458
-0.0218180107607
-0.0185338155469
-0.0149617980471
-0.0190708307061
-0.0198920433059
-0.0182909642024
-0.013517184195
-0.0141878175717
-0.0180010329272
-0.0201994779103
-0.0109561432731
-0.0130954457903
-0.00530222117985
-0.0037341028439
-0.0048945112222
-0.0039523000855
0.0100372842628
0.0224725912809
0.0217473024073
0.0245958277321
0.0236817632124
0.0204682830059
0.017676518132
0.0137207041765
0.00976489022101
0.00870985811166
0.00907968204874
0.016717812268
0.0155558769919
0.0180638112907
0.0178288569313
0.0204065827845
0.0173948869494
0.0194985738433
0.02184475124
0.0125617612818
0.0156698654814
0.0155762981888
0.0161595396554
0.0200920107878
0.0164137811008
0.0136709624408
0.0180226491654
0.0142545095253
0.017931329804
0.0147768356221
0.023680899459
0.0219749086033
0.0235267216277
0.0242191037799
0.0193941641319
0.0153691170269
0.0117448215427
0.0101307217796
0.0152748422992
0.0117668272421
0.00270822308395
0.00325880006384
0.00351243381101
0.00427137864082
0.00536052935224
-0.00132079700726
-0.00226697826298
-0.00143955370395
-0.00359980314691
-0.00602967914358
-0.0092950758661
-0.00977660787295
-0.00202843108288
-0.00277435889567
-0.00694895149747
-0.00914708329703
-0.0030056105879
-0.00250287097076
-0.0063427134924
-0.00924311257216
-0.00768990315173
-0.00935506772281
-0.0130257271264
-0.013742667313
-0.0171431332269
-0.018463222047
-0.018687055373
-0.0184637559061
-0.0192920739537
-0.0201203920014
-0.0187106314655
-0.0173008709296
-0.0203964169613
-0.0204404625722
-0.0209857321371
-0.0228585214576
-0.0251135437013
-0.0230826538804
-0.02335958571
-0.0221371228909
-0.0164746424479
-0.0173567836922
-0.0211690306488
-0.0217907458179
-0.02046808407
-0.019089825888
-0.0177970279649
-0.0160801040235
-0.0202383738513
-0.0212920989752
-0.02421006236
-0.0271274220497
-0.0133888593988
-0.00989724532914
-0.0136538300274
-0.00428107434199
-0.00137109846336
-0.00788291862929
-0.00291006253403
-0.00310064381552
-0.00313059952658
-0.00177634493725
0.000862486717228
0.00225261725236
0.00364274778749
0.00280413405849
0.00671321864677
0.000858173165388
0.00574943436744
0.00481537443477
0.00372774357009
0.00510762802992
0.0051909880136
0.00547524692338
0.0116136656476
-0.0033552972789
0.00979136483648
0.00468675681907
0.00413414310293
0.00665678995895
0.00279884880731
0.0116553590582
0.0117035344925
0.0125344229141
0.0113738218275
0.00824238503699
0.00827989691737
0.00458729886722
0.00540979107388
0.00193617763256
0.00330451777608
0.00854693027785
0.000885984945309
0.00197675267356
0.00446875138629
-0.000609953945116
-0.00508524815043
-0.00124013935824
0.000508864658915
-0.0147722643684
0.00455160048058
0.00293943883318
-0.00725718226264
-0.00820506181566
-0.00937728502137
-0.00577952010324
-0.0060335878357
-0.00799246939253
-0.0148384894641
-0.0147598686566
-0.0105736707511
-0.0277521207186
-0.0206545431307
-0.0237758453084
-0.0224155407009
-0.0163844954495
-0.0201368313309
-0.016815403303
-0.0145606046456
-0.022413127196
-0.0215999923102
-0.020833365352
-0.0260811364787
-0.0338044754707
-0.0322727426694
-0.0310403793397
-0.0243036278836
-0.0228925351639
-0.0224413979759
-0.0224656035026
-0.0248275194773
-0.0279954914068
-0.0223196951913
-0.0275013156629
-0.0322404829808
-0.0284318037538
-0.0272686655012
-0.0261055272486
-0.0249423889961
-0.0237792507435
-0.0226161124909
-0.020384209292
-0.0201754997808
-0.0172182768718
-0.0202910221903
-0.0140615149082
-0.0126026775741
-0.0138924602776
-0.00704807186651
-0.0106995759627
-0.0107080743791
-0.00503661871425
0.000634836950596
0.000643793052037
0.000652749153478
0.00066170525492
0.000670661356361
0.000679617457802
0.000688573559243
0.000697529660685
0.000706485762126
0.00203430843558
0.00260152675412
0.00375224648987
0.0037222182731
0.00516660016469
0.00867732360612
0.0073885372556
0.00705043996554
0.00683326935196
0.00806181843571
0.004411901972
0.00611612018452
0.00871713213979
0.0079112596031
0.00996372403576
0.0074015695016
0.0113577386621
0.0174062836268
0.0100972304439
0.0108714124648
0.00507757847867
0.00465434281885
-0.000781512885709
-0.000444786468068
0.00408330267326
0.00757182686556
0.00642455261616
0.00803153713515
0.00538477414661
0.00319448193364
0.00278307126031
0.0010264415056
0.000666731558584
0.000652439790419
-0.00993980852718
-0.00970453091203
0.00989422083608
0.00222080522625
-0.00130136343614
-0.00281592775896
-0.00559249297157
-0.00491472658533
-0.00633194868664
-0.00971447753545
-0.00629105380833
-0.0099142301798
-0.00985743581238
-0.00980064144496
-0.00974384707754
-0.00968705271012
-0.0096302583427
-0.00957346397528
-0.00951666960786
-0.00945987524044
-0.0134262077564
-0.0213474749481
-0.0180390671175
-0.0263111282275
-0.018538591323
-0.0273182079738
-0.0224863456314
-0.023138713773
-0.0178131634112
-0.0209710956349
-0.0222597834029
-0.0250150089461
-0.0263349813714
-0.0297524368963
-0.0306356359571
-0.0285307686473
-0.0225730302728
-0.0185679445507
-0.0192784350766
-0.0251800311034
-0.0229546936135
-0.0191698465067
-0.0203050416545
-0.0195805288595
-0.0201507430352
-0.0230331101581
-0.0213887243257
-0.0143301012831
-0.0141676871335
-0.0106692211709
-0.012341360296
-0.0111843193973
-0.0118491030463
-0.0136707519688
-0.00238500800472
-0.00344814441033
-0.00601576162823
-0.00291419887467
-0.00958451031743
-0.00993771400699
-0.00257979943601
0.00477811513497
0.00565631699635
0.0028312623805
0.0103200783144
0.00991437663615
0.00674644302212
0.00617258080741
-0.00141849848688
0.00268320499749
0.00121971759536
0.0031306560916
0.00779197121617
0.00617742384107
0.0141224979978
0.00979930096551
0.00716456274644
0.00895992346904
0.00896484950701
0.0150901171151
0.00787201905668
0.0095827515154
0.00549522697191
0.00869287363666
0.00259859792032
0.00893250790856
0.00207685040868
0.00525325805572
0.00430300840995
0.00188198102427
0.00791722615312
0.00797423575902
0.00210450419816
0.00376046840641
-0.00138023423203
-0.00268426294
-0.00302922023748
0.001679943041
-0.000428946684025
-0.000470679090545
-0.00281574177334
-0.0038288785076
-0.00105748822808
-0.00426410534673
-0.00561534258702
-0.0111256091269
-0.0154299521761
-0.0158376107965
-0.0223652903017
-0.017886072964
-0.0193346608972
-0.0110156166912
-0.00974085327371
-0.0150706814512
-0.0160730962948
-0.0146956869402
-0.0168667510935
-0.0187595477503
-0.0195634846925
-0.0242854706269
-0.0320101530065
-0.026494689524
-0.023382712656
-0.0205136656545
-0.0205911750422
-0.0190109634312
-0.0190944189967
-0.0205506664789
-0.0187182379397
-0.020705584617
-0.0205695519865
-0.0259008209446
-0.0232823260876
-0.0199509820796
-0.0185048469485
-0.0262057368731
-0.023303934879
-0.024171193591
-0.0245652902866
-0.0234133651117
-0.0179886582227
-0.020800944838
-0.0214621453836
-0.0157687638212
-0.0198835360833
-0.0124742575559
-0.0126516228845
-0.00716089537484
-0.0145870697308
-0.00820102911746
-0.00807823763335
-0.00675143748938
-0.00328932752771
-0.00574458905907
-0.00846285985162
-0.00118864408784
-0.0022042318199
-0.00321981955196
-0.00464575177977
0.00405019019176
0.00456879580979
0.00623666709384
0.00684588373464
0.00604930890003
0.0067434221795
0.00344786506381
0.00618513579188
0.00645949962557
0.00652512778324
0.00837348763701
0.010372098204
0.0112697582715
0.0113405485742
0.0111543948729
0.00517632079117
0.0107018436385
0.0110286343567
0.00434578964838
0.00350777611453
0.0087062253149
0.00573754536051
0.00987907207957
0.00746746874301
0.0119215305732
0.0056703361876
0.00603706381099
0.00391280195516
0.00405676727346
0.00928252985478
0.0145082924361
0.00891632028051
-0.000433964980189
-0.00284458527204
0.00162739730862
-0.00149721874244
-0.00138893287826
-0.00248812784809
-0.00364341790255
-0.00877648025678
-0.00936335163745
-0.0117259536385
-0.0138022305582
-0.0108146227205
-0.0180107533996
-0.0138757386892
-0.0131468395295
-0.0156566537312
-0.0179077620753
-0.0113044904807
-0.0095424327598
-0.0156305187415
-0.0199852196614
-0.0202477246811
-0.019487320767
-0.0187704863416
-0.0240260404459
-0.0176710473074
-0.0202189962428
-0.022071667754
-0.022874493046
-0.0206740252357
-0.0210050636469
-0.017454214857
-0.0238327859203
-0.0281852042731
-0.0281595002619
-0.023995000197
-0.024361753223
-0.0227127138025
-0.0228187224889
-0.0201898449219
-0.0205379247067
-0.021505462564
-0.0207585744986
-0.0194819372392
-0.0188932907191
-0.0221927746495
-0.0160626231215
-0.026214237744
-0.0144251520742
-0.0188421040198
-0.0160286631626
-0.00880135909711
-0.00945328306316
-0.0101052070292
-0.00646672353164
-0.00667860448271
-0.00543706077497
-0.00169292164546
-0.00435296177018
-0.00434901381997
-0.00200288153997
-0.0015513963149
-0.00109991108983
0.00303734679751
0.010151177472
0.00814045318168
0.00578114068775
0.00519566607063
0.00581952235469
0.00627721108365
0.0122241191374
0.00908760475139
0.0111613413959
0.0128139009344
0.014466460473
0.0161190200115
0.0177715795501
0.0194241390886
0.0210766986272
0.0227292581657
0.0182585386709
0.0138642126227
0.0136259409416
0.0055433217997
0.004450260737
0.0105322974143
0.0121148317927
0.0124912931147
0.0107350821301
0.0145812594884
0.0184274368467
0.0127455154893
0.00990759168626
0.00490960855527
0.00342873692928
0.00539056005437
-0.0012362304462
-0.00714363654904
0.00318296171485
0.0011155475678
4.65854056522e-05
-0.00258065018457
-0.00138468735317
-0.00772511879377
-0.00455320137645
-0.00971946543105
-0.00693836801653
-0.00836838892331
-0.0146869535241
-0.0087128539323
-0.00806735382032
-0.00995636235139
-0.0157081799376
-0.0162355382251
-0.0179052142183
-0.0181980932672
-0.0165008131469
-0.0210617357881
-0.020414749245
-0.0245556861923
-0.0252493768271
-0.0241997010132
-0.0246365628531
-0.0211655855593
-0.0193454963029
-0.025679040272
-0.0277361214029
-0.0269117749811
-0.0254484898733
-0.0253668188841
-0.027037149793
-0.0307405580334
-0.0257992739059
-0.0303915349292
-0.0265261855184
-0.0268283804591
-0.026603319873
-0.0253390932834
-0.0235734713666
-0.0157371232741
-0.0249362024863
-0.0217139513739
-0.0174967189779
-0.0146008325412
-0.0108284259821
-0.0191128422762
-0.00931932212705
-0.0100333451548
-0.0138816843363
-0.0139161026964
-0.0137596296005
-0.00983887646092
-0.0109377177627
-0.0105539161943
-0.00860910364671
-0.00875016368056
0.00359516698283
0.00013971032951
-0.00331574632381
0.00528279742686
-0.00223936888725
0.00205952531757
-0.00274124700889
-0.00142444979376
0.00373950584083
0.00307948319895
0.00676438682553
0.00286006624075
0.00338182692791
-0.00217277237114
0.00992356513875
0.00749556091639
0.0126259617298
0.00591466345841
0.00643674630753
0.00466088610548
0.00579240651242
0.00613744728851
0.00381443190418
0.00844941639194
0.00554114216736
0.00141313276393
0.00411793789926
0.00515764172932
0.00456069168101
0.000784142329164
0.00321713002992
0.00374327466107
0.00121592541645
0.00316695061281
0.0026143971236
-0.00585037203932
-0.00143936527927
-0.00840373057278
0.00539136440047
0.00181398405019
-0.00120859502752
0.00280127430124
-0.00317345889145
-0.00628109534998
-0.00938873180851
-0.00558708205034
-0.0103281475317
-0.0087817193648
-0.00723529119789
-0.00568886303099
-0.0113730401354
-0.015125976797
-0.0187483008171
-0.017994651011
-0.0193097791157
-0.0218277637826
-0.0233696830443
-0.0250462138828
-0.0219516196042
-0.0315942343896
-0.0261783426525
-0.027727196746
-0.0262420235534
-0.0253827601738
-0.0309262683795
-0.0342548856503
-0.0294255405273
-0.0311068067387
-0.0275167202207
-0.0286536772252
-0.0277042182562
-0.0292390342999
-0.0324442037876
-0.0356949233762
-0.0285224819555
-0.0253362820407
-0.0274894049615
-0.0231417100223
-0.0303070898675
-0.0250435387545
-0.0224730112228
-0.0222398411423
-0.0203052077805
-0.018717181783
-0.0198765898801
-0.0231657328592
-0.0231864864725
-0.0169586749929
-0.0179765667112
-0.0177512576288
-0.0167065243485
-0.0116436186215
-0.00439051363577
-0.0130890108313
-0.00848665310671
-0.00640872028019
-0.0106774580816
-0.00933289497011
-0.00798833185861
-0.00826309932104
-0.00722648167169
-0.00274163642745
-0.00566279780193
-0.000561761728293
-0.00488359658859
-0.000736127959548
-0.00361893584778
-0.00249100045021
-0.00182580007906
0.00152292691389
0.00010145475149
0.00435286062714
0.00165286727003
0.00212783283102
0.000623257901765
0.00628422039697
0.00239286392944
0.00106177207271
0.00447187674237
0.00429572284921
0.00278674461864
-0.00409304186662
0.00347195174632
0.00245063558148
0.0014625523816
-0.00198626930583
-0.00052148910245
-0.00454094636886
-0.00247465640113
-0.00947830292106
-0.00780428325962
-0.00626794300248
-0.00511547836734
-0.0094202733229
-0.0073989820011
-0.00140075971476
-0.00223526089775
-0.00501776223414
-0.00541398371378
-0.00533705173621
-0.0100467567682
-0.0156485916663
-0.0173692220864
-0.0154009923273
-0.0136856325383
-0.018076680872
-0.0154561062756
-0.0185130563945
-0.020348314641
-0.023186873793
-0.0239977922491
-0.0240353363313
-0.0256836243527
-0.0268670907655
-0.0224208670141
-0.0275331168323
-0.0261888744953
-0.0269404419635
-0.0281226661916
-0.0282762449194
-0.0324356200112
-0.0300824520175
-0.0278790957947
-0.03082007472
-0.0344722867889
-0.0319675937293
-0.0307093833052
-0.0330996017488
-0.0272453458595
-0.0382260768809
-0.0326732268297
-0.0327156155511
-0.0290634136658
-0.0258019578786
-0.0225405020914
-0.0192790463042
-0.0246636810979
-0.0267290075924
-0.0286141618924
-0.0261868387078
-0.0229041343693
-0.0326706222823
-0.0215721775102
-0.0212562002063
-0.0208675019203
-0.0151845007727
-0.0208391401028
-0.0148517191275
-0.0149313423757
-0.0117199530132
-0.0134023729632
-0.0104674323001
-0.00495474067749
-0.0061675985007
-0.0073804563239
-0.00484089694836
-0.00662033094422
-0.00608910702001
-0.00154721637745
-0.00492985738099
-0.00434703981417
-0.000530424576178
-0.00392302730395
-0.00775294858395
-0.0065766261543
-0.0100789232819
-0.00615361174599
0.00217446991454
-0.000302433787756
0.00357351713097
0.00175960317767
-0.00192002878873
0.00246199571135
-3.577381111e-05
-0.00253354333357
-0.000497818438422
0.0014055138057
-0.00583346661302
-0.000144356396772
0.00486474860392
-0.000470117001689
0.00394600862119
0.00497980225978
0.0075548828178
-0.00272727349665
-0.0041487369698
-0.00430541038865
-0.00467811236563
-0.00298023545518
-0.00559586834179
-0.00710097249027
-0.00644155903563
-0.00648861780419
-0.00974602670688
-0.00815338125735
-0.0109685637167
-0.0149855495744
-0.0150038020653
-0.015336152447
-0.0152559099797
-0.020613080307
-0.0228535023888
-0.0199578622544
-0.0206585685496
-0.0256126442244
-0.0197065954216
-0.0158995882481
-0.0169956978573
-0.0220187479314
-0.0220006535462
-0.0244051946278
-0.0268595607252
-0.0317328447288
-0.0364574975875
-0.0287526475298
-0.0286049696207
-0.02715699571
-0.0324366720315
-0.030510326176
-0.03427013685
-0.0305038843151
-0.0340650329332
-0.0334244514674
-0.0343223194382
-0.0332947530154
-0.0333781407718
-0.0285276373564
-0.0321100206596
-0.0273215504912
-0.0284888082962
-0.0290212617825
-0.0261464152685
-0.0268945647672
-0.0300334664696
-0.0277704143495
-0.0250269126093
-0.0268973309357
-0.0237122354307
-0.021067697939
-0.0211749788839
-0.0170197747209
-0.0187112171592
-0.0175292751915
-0.015421260195
-0.0177297502584
-0.0117208839621
-0.0137517269508
-0.0107996865894
-0.011025209859
-0.00786665123092
-0.00470809260283
-0.0118215050848
-0.00726328684767
9.35288300929e-05
-0.00638899002762
-0.00240029286552
-0.00460599001616
-0.00287914530627
-0.00272300853057
-0.00196558342734
-0.00219897677416
-0.00117600706494
0.00258055116124
0.0069006073536
0.00563039017751
0.00483556869041
0.00039523592269
0.00117847823333
-0.00321974146321
0.00177976807755
-0.0062870654304
-0.00475906494897
0.00110104415589
-0.000121275656276
0.000449074458683
-0.00134378765764
-0.00232828504103
-0.00467893613226
-0.00762393482597
-0.00421521650006
-0.0048738117689
-0.00375550605347
-0.00417349087185
-0.00758229023541
-0.0115669566938
-0.0166231345478
-0.00392847735596
-0.00922608883147
-0.00619908004561
-0.0118225622828
-0.0146756505585
-0.0106727319215
-0.0158464682641
-0.0164118744768
-0.0147789686936
-0.0127721175571
-0.0180382656483
-0.0187349458711
-0.0245282994481
-0.021211408279
-0.0234960844824
-0.0266940326525
-0.0252335019303
-0.0243645061171
-0.0262840479207
-0.0242636656573
-0.0227345500866
-0.0210240481211
-0.0270440248156
-0.0330227018335
-0.0306854309518
-0.0322747654355
-0.0278739756099
-0.0331507484834
-0.0297109454768
-0.0293017085271
-0.0314370285429
-0.0305561296315
-0.0332538871844
-0.0307874236784
-0.0315446730394
-0.0317563208704
-0.0300824511667
-0.0353104900572
-0.0341888898244
-0.0293611259998
-0.0298760518955
-0.0276370075409
-0.0234145303043
-0.023604617176
-0.0246390622831
-0.022836623526
-0.0226472705415
-0.0293853813976
-0.0184255443618
-0.0177787839279
-0.0147810228747
-0.0171147650057
-0.0171989638299
-0.0146612796152
-0.0115223894158
-0.0147238021106
-0.0114650908663
-0.0112660596428
-0.0130898799125
-0.0123238232636
-0.0115577666147
-0.0113213397309
-0.0137981662555
-0.0087059818941
-0.00689738050418
-0.00557840235974
-0.00452720559955
-0.00523864695512
-0.00738016294133
-0.00118351502842
-0.00466437120366
-0.010242560662
-0.00255154183071
-0.00152917383316
-0.00409378686361
-0.00190073261617
-0.0002114764811
0.00107532211117
0.00017421750346
4.82553708916e-05
-0.000270734522823
0.00180154396467
7.4985863469e-05
-0.00560648468462
-0.00555777212883
-0.00147716014742
-0.00106173259115
-0.00214296255761
-0.0040945349739
-0.0039860619148
-0.00162753793272
-0.000503972381957
-0.0021952596332
-0.0053374179991
-0.00609657530688
-0.0127404911846
-0.00736704936117
-0.0098486522796
-0.00459086436941
-0.00551922696175
-0.0124219313635
-0.0148613487705
-0.0156837769648
-0.011687727457
-0.0159668731348
-0.0174114838006
-0.0202179194632
-0.0201748531359
-0.0220958840421
-0.0195416429678
-0.0242789448564
-0.027576825953
-0.0223604244594
-0.0254547832196
-0.026915248136
-0.0231754250532
-0.0277661583652
-0.0271591489345
-0.0273810738461
-0.0273123690792
-0.0274800943712
-0.031546085622
-0.0304772764496
-0.0300152363075
-0.0280811218849
-0.0349765771088
-0.0316283743193
-0.030855354484
-0.0351218008963
-0.0320143400394
-0.0280211944156
-0.0354808565971
-0.0307705779326
-0.0301464174147
-0.0343308122077
-0.0234844372966
-0.0278992734371
-0.02927901997
-0.027452104182
-0.025810162125
-0.0227212386778
-0.0293411280335
-0.0245024376986
-0.0325002689113
-0.0222516555894
-0.0192215099872
-0.018814285448
-0.0173898669
-0.0183910749896
-0.0161425762673
-0.0166875901869
-0.0121164984825
-0.00759649706546
-0.00806250751201
-0.0111101002172
-0.00692845350191
-0.00274680678662
-0.00194748817846
-0.00876508628875
-0.00460622548949
-0.00552878610388
-0.00645777893668
-0.00635796467913
-0.00301127158905
0.0020730114725
-0.00114724878993
-0.000632550739785
-0.00366949661886
0.00118659424883
0.00452221700429
0.00528929987421
0.00418744786107
0.00503647630724
0.00432094700941
0.00442056685538
0.00559846898984
-0.000208213294346
-0.000498647931391
-0.000493018233237
0.000122110266148
0.00506573181083
0.00310038414393
-0.00616841915939
0.00230383331699
-0.0101941351737
-0.00109444144024
0.00169424042105
-0.00152399774473
-9.26441249778e-05
-0.00347096175243
-0.00233819054995
-0.010825270826
-0.00130932378909
-0.00890688348376
-0.00644310621469
-0.00376408189344
-0.00999410316254
-0.0114431893354
-0.0138937359155
-0.00868337696263
-0.014861361546
-0.012172400823
-0.0161235589872
-0.0131111552825
-0.0189041381342
-0.0204117662068
-0.0183012579598
-0.015512692972
-0.021408346853
-0.023680395615
-0.0210180287055
-0.0248415511286
-0.0284276543177
-0.0260611994171
-0.0261671743148
-0.0252385333797
-0.0282314741192
-0.0309023652815
-0.0285598801792
-0.0222219364588
-0.0189496132438
-0.0181486267136
-0.0260405392928
-0.027849457721
-0.026397474034
-0.026947892216
-0.0262069946479
-0.0339969101515
-0.026593591737
-0.0233804755283
-0.0230989155368
-0.0249806603749
-0.020348774184
-0.0169979533766
-0.0191048124692
-0.0176731644576
-0.0116611902447
-0.00564921603189
-0.00390193843974
-0.00215466084758
-0.000407383255429
0.00133989433672
0.00308717192888
0.00483444952103
0.00658172711319
0.00832900470534
0.00676897774678
-0.00123911661563
-0.00302386553223
0.000627286465852
-0.00352821594916
-0.0120409913961
-0.000622320669872
-0.00235947439315
-0.00016071655119
-0.00239814953595
0.00046067631737
-0.00190708003742
0.00197410165394
0.000344015192149
0.00342014471209
0.0115163224576
0.00307721717089
0.00716974668535
0.00516350507167
0.00609977606554
0.010240104409
0.00423537989169
0.00454321256711
0.00963440786712
0.0147256031671
0.0198167984671
0.0249079937671
0.0299991890672
0.0350903843672
0.0401815796672
0.0452727749672
0.0503639702672
0.0554551655672
0.0605463608672
0.0656375561672
0.0707287514672
0.0758199467672
0.0809111420673
0.0860023373673
0.0910935326673
0.0961847279673
0.101275923267
