0.0771424828189
0.0804756575601
0.0778342479983
0.0717239064395
0.0759460991546
0.0674159919944
0.0677452930953
0.066089290292
0.0664014233263
0.0621756351693
0.0594675556709
0.0588726350564
0.055144753508
0.0533962988625
0.0495317708633
0.0456672211887
0.0488021413283
0.0515241126823
0.0532098701494
0.0586318567053
0.0629519811398
0.0666664385404
0.0620316813308
0.0626713742731
0.0651972162043
0.064724977748
0.07185240324
0.0748942844686
0.0739076274019
0.0696339845785
0.0632179272995
0.0627879376602
0.0699126731532
0.0740258792113
0.0783105310865
0.0806080843508
0.076605858553
0.079275554161
0.0788478679734
0.0725658329096
0.0753792119997
0.0786297132081
0.0804497723565
0.0797965359446
0.080700007998
0.0818474278834
0.0788271128558
0.0810151832919
0.0
0.0
0.0
0.0
0.0
0.0
0.0
0.0
0.0
-0.00724813280806
-0.00729274941929
-0.0039418213002
-0.00589178669278
-0.00576623148408
-0.0012652808676
-0.00373021042329
-0.00524684584989
-0.00137437934541
5.25760034975e-06
0.000462491421824
-0.00498906092074
-0.00450457277632
0.00329345114915
0.00539743118878
-0.012001073897
-0.0143798277791
-0.0160354997104
-0.0168497023716
-0.0157582431358
-0.0184399460771
-0.021364327536
-0.0250535642588
-0.0256732412774
-0.0254525214467
-0.0269925789031
-0.0316240834218
-0.0315258518295
-0.0321510308566
-0.0355354456438
-0.0359395888702
-0.0368284528003
-0.0346451720912
-0.0393509156506
-0.0389022754301
-0.038525161276
0.0
-0.0294023766901
-0.0259836465381
-0.0242212165781
-0.0155156586612
-0.0182410788167
-0.022171771699
-0.0260991319096
-0.0256947096965
-0.0216538180586
-0.0121529332093
-0.00725141736031
-0.00817146465576
-0.0104965332686
-0.0159240614144
-0.0217004837678
-0.0201310334876
-0.0208003692256
-0.0196000774415
-0.0170718132783
-0.0101745412707
-0.00956469218253
-0.014193662522
-0.0190780268587
-0.0175368864898
-0.0161484225455
-0.0194984809413
-0.0236286309363
-0.0225493779005
-0.0219894598141
-0.0219396687796
-0.0206129884621
-0.022309025222
-0.0261825988622
-0.0275855201252
-0.0359269410794
-0.0373296087494
-0.0354503127143
-0.0402109262734
-0.0393539403141
-0.0366037701701
-0.0344447140458
-0.0296207675122
-0.029018668206
-0.0263490778885
-0.0286886471232
-0.0235003031263
-0.016077249324
-0.0208774884082
-0.0236537358414
-0.0182170731669
-0.0189715339676
-0.0201015772476
-0.0268753003996
-0.0271093478213
-0.0298504525839
-0.0371482493415
-0.0421142799713
-0.0416087615087
-0.0438642958683
-0.0438668074565
-0.0441351327914
-0.0452581405155
-0.0461267391755
-0.0514376003706
-0.0535027526625
-0.0517250458931
-0.0456005277075
-0.0407740376749
-0.0371062420925
-0.0340739554297
-0.0329881759865
-0.0294978415872
-0.0292868668467
-0.0242441783533
-0.0260048674378
-0.0281421656332
-0.0284525518814
-0.0324571018466
-0.0380060031266
-0.0419173647505
-0.0481408824486
-0.0491207742299
0.0
0.0
-0.0502544821413
-0.0496042014921
-0.0502159139814
-0.0506838022485
0.0
0.0
0.0
0.0
-0.0431128682794
0.0
0.0
0.0
0.0
0.0
0.0
0.0
0.0
0.0
0.0
0.0
0.0
0.0
0.0
0.0
0.0
0.0
0.0
0.0
0.0
0.0
0.0
0.0
-0.0339322880546
0.0
0.0
0.0
0.0
0.0
0.0
0.0
-0.0206060323268
-0.0141058526491
-0.00867778303119
-0.00123421238533
0.00100476340804
-0.00633238382116
-0.00343571893967
-0.00725838756236
-0.00472864157131
-0.00344376252916
-0.00275515248319
-0.000576290410479
-0.000406807300646
0.00505795384125
0.0113205418434
0.0200599864628
0.0273161999121
0.0296961386514
0.0335242745894
0.0258197405096
0.0256075445066
0.0254276766665
0.0179387265083
0.0184706176978
0.0155202117253
0.0129686123063
0.0125161059597
0.0213633879083
0.0222266024005
0.0222422624321
0.016067550654
0.0134620683831
0.0143294774415
0.0216587818602
0.017950036858
0.0140437223999
0.0154147360615
0.0159076944932
0.0154072348108
0.0217387681709
0.0252587775791
0.0225870170452
0.018626178952
0.0253862325022
0.0245999668498
0.0249408119952
0.0216534302633
0.022105192363
0.0192977298104
0.0162627093249
0.0169641411578
0.023027787986
0.0242979994891
0.0207137882276
0.0186366758211
0.0178241749542
0.0198562818179
0.0226075982062
0.0211747613925
0.0162099960018
0.0164235890057
0.0125931106297
0.00922198730184
0.00795795806421
0.0119757122558
0.0132971192711
0.0144314694422
0.0
0.0164721290503
0.017838457363
0.020799600865
0.024405492471
0.0271375086858
0.0199046833403
0.0184814211871
0.0173876622593
0.0145642532729
0.0135855118857
0.0104041599798
0.0117966030131
0.014394435659
0.0169517190844
0.0208609889453
0.0211251303969
0.0230544534345
0.0156579677067
0.0128641596678
0.00784534299576
0.00774951638336
0.00926066883042
0.0110851898771
0.0109176426392
0.00788899624652
0.0104407466002
0.0102254657052
0.0102101890398
0.0100461505125
0.00892927202664
0.0107657564365
0.0116433164934
0.00799957565557
0.00764006797832
0.00538757912053
0.00825984376199
0.00816629992664
0.00802689669746
0.00778468289998
0.0
0.0
0.0
0.0
0.0
0.0
0.0
0.0
0.0
0.0
0.0374485443623
0.0304992946878
0.0229457529557
0.0175952920796
0.0160676478712
0.0240442139389
0.0295501149089
0.0235010798439
0.0183863264408
0.0151537664155
0.0163748616115
0.0159735958263
0.017057172494
0.0130294452666
0.00750757392297
0.0122188460845
0.0132122775846
0.0109189176938
0.00833038968064
0.00469399496467
0.00227755733647
0.00368732801681
0.00795615990753
0.00571895980869
0.00285486719826
0.00135243560615
0.00125211741373
0.00494934845806
0.0115948779847
0.0063673547967
0.0107359707116
0.00981630639573
0.00888485915524
0.0100517256989
0.0129815649736
0.0115822601833
0.0109114973755
0.0123346745291
0.0129557091378
0.0119559078138
0.00356030280851
-0.00551251602809
-0.00781335934396
-0.0141599386205
-0.0197208906878
-0.0203894421951
0.0
0.0
0.0
-0.0361437946277
-0.0448594025781
-0.0447339488705
-0.0399936511211
-0.035505022841
-0.0305535723935
-0.024055841813
-0.0170895876649
-0.0114193514655
-0.00231049809595
-0.000423621196375
0.00344635329951
0.00237924154863
0.00106157053459
-0.00102921218279
0.00342905370955
0.00111858487375
-0.00402272709841
-0.00607330554674
-0.00607715635209
-0.00400777443801
-0.00474462040648
-0.00788921106912
-0.00853177711962
-0.00765632757527
-0.0114390922736
-0.0150395623746
-0.0185282579992
-0.0227534267212
-0.0210621780863
-0.0234940882339
-0.0324964622411
-0.0301618263035
-0.0248454102162
-0.0318990538227
-0.0331430812629
-0.0392264242542
-0.0394606461423
-0.0443883641956
-0.0394748457024
-0.0372085078739
-0.0383041597606
-0.0328203149621
-0.0279896170001
-0.0303755472767
-0.0326991668106
-0.0330706032325
-0.0331626980508
-0.0361041897941
-0.0386629170245
-0.0428470596109
-0.0426348078898
-0.0340821573064
-0.0218614343239
-0.0152832309437
-0.018265983207
-0.0173855674671
-0.00603788490684
0.0
-0.00860159811747
-0.0152401761345
-0.0200827277038
-0.0268409645669
-0.034068332142
-0.0382248479384
-0.0360082181072
-0.0346855742867
-0.0351960813937
-0.0325480168019
-0.0356629460684
-0.0404384929169
-0.0486463681186
-0.0595634483735
-0.0667120141601
-0.0695311835488
-0.0720299314919
-0.0675580177367
-0.0591679211985
-0.0560724396722
-0.0477767561784
-0.041259363973
-0.0331813986155
-0.0256586907533
-0.0208485700494
-0.0161065194969
-0.0152311034562
-0.0120632843473
-0.0123898403194
-0.0159517377947
-0.0229320152593
-0.0248492203809
-0.0243799242603
-0.0239330940225
0.0
-0.0355513116731
-0.0391280404627
-0.0412190556402
-0.0472218372328
-0.0473627569054
-0.0418734335033
-0.0379675978045
-0.0301046746281
-0.0197840220568
-0.0130290938786
0.0
-0.0140082669288
-0.0182550856338
-0.0229027426224
-0.0234338508405
-0.0239309197843
-0.0272238416549
-0.0222965283488
-0.0283751004709
-0.0297652622904
-0.0283909815432
-0.0228622301586
-0.0192555033841
-0.0175875828969
-0.0256930375526
-0.0305749267583
-0.0314741744252
-0.0285223239466
-0.0293193016175
-0.0308559247508
-0.032541009604
-0.0344056629374
-0.0311549645751
-0.0326842787988
-0.0291033231386
-0.0270899030334
-0.0276743540455
-0.0216318046693
-0.0207324638133
-0.0189896740541
-0.0162299729487
-0.0154791216983
-0.0139805021121
-0.015587723306
-0.0125689332643
-0.00871625503178
-0.0110838306361
-0.0132464438194
-0.0115509012913
-0.0130557296869
-0.0175793736212
-0.0241863720523
-0.0296454468975
-0.0244433608603
-0.0192864080718
-0.0178848842678
-0.0154310573392
-0.0151654539064
-0.0142460468822
-0.0134102912659
-0.0144691753848
-0.0137700543207
-0.0125698102938
-0.00711336261542
-0.00630786670865
-0.00761844175413
-0.00741873414355
-0.00652227972199
-0.0070238097798
-0.00716346015465
-0.00777716093496
-0.0088852032058
-0.00621653866899
-0.00530094600928
-0.00389967339912
0.00265161995081
0.00211855487312
0.00639668639183
0.007815747829
0.00823698703172
0.00717369868924
0.00920719931441
0.0051041935571
0.00324263138204
0.00746018895873
0.00822511552866
0.0105074787315
0.00740401007584
0.00696407565302
0.00751617438507
0.0101811154878
0.0128512605918
0.014543606705
0.0191188264909
0.0194724720397
0.0
0.0314295658455
0.0343869524284
0.0333284271792
0.0305235979833
0.0351597878873
0.0343492362982
0.0282219040135
0.0268531272038
0.0220445466122
0.0203085605035
0.0218497888254
0.0177528641384
0.0136909855898
0.0116313618779
0.0132226234739
0.0118111947949
0.0159856438605
0.0114666469805
0.0125407493116
0.0139780551991
0.0176099177712
0.0189626009982
0.0203913174604
0.0224214977288
0.0272658128831
0.0247371882811
0.0204939451811
0.0227250005075
0.0265936822126
0.0271090651869
0.0292436646026
0.0315212487793
0.0332000294311
0.0411747480329
0.0370983956645
0.0409777648801
0.0413167867049
0.0422659558089
0.0397480953313
0.0390642325604
0.0351585139771
0.0379596345237
0.0425417983158
0.0419895670565
0.0449925305972
0.0343376975983
0.0297828402915
0.0289206162857
0.0311425035538
0.0319712962906
0.030543299985
0.0352727233205
0.0323798251142
0.0280392033825
0.0241457157399
0.0240269126905
0.0246152881261
0.022995644578
0.0201991902461
0.0239571042418
0.0224091440401
0.0215530158295
0.0236343148453
0.0260562600058
0.0269855794249
0.0292366289683
0.0289666136299
0.0267494455709
0.024951358834
0.0256031660772
0.0262972590827
0.0285981192784
0.030626752628
0.03351161889
0.0400451938463
0.0424917670839
0.0402817312389
0.0480550371389
0.0456630504498
0.0441679077051
0.0437579951047
0.0393770760808
0.0381422214114
0.0410550405071
0.0423500407301
0.0390993678
0.0373069766179
0.041684458156
0.040918497054
0.0401905541965
0.038727222805
0.0409879497455
0.0364099651238
0.0362360059635
0.0337279959754
0.0
0.0245757032691
0.0217669112256
0.0209189517907
0.0188864141511
0.0234135950724
0.0283474043499
0.0248658514436
0.0270899480652
0.0201898666978
0.0229739329647
0.0267795165324
0.0324616347366
0.029434085516
0.0273845527458
0.0269787333067
0.0334268146922
0.0393312003877
0.0423673584719
0.0476650868613
0.0480669153803
0.0435514995689
0.0482570189364
0.0500050009893
0.0519757158212
0.0525812022505
0.0494270049637
0.0504434489281
0.0530909510806
0.0533390611755
0.044250597455
0.0391017920145
0.0383538852776
0.0369351050171
0.0392600412183
0.0384148415415
0.039976501107
0.0433129902035
0.0456679018783
0.0556122420291
0.0514979011301
0.0472602380514
0.0459000605735
0.0434910988591
0.034884152537
0.0271563203586
0.020639481338
0.0158533419477
0.0188879600477
0.0186117886148
0.0193245574495
0.0194697767782
0.0176154298231
0.0218763980111
0.0262074972702
0.0328126203681
0.0294248767421
0.038656917155
0.0479639722286
0.0505678240561
0.0465053467499
0.0461067451271
0.0376161312181
0.0265670746355
0.0221517318179
0.0189929277455
0.0175039727231
0.0245201022375
0.0297470394472
0.0290344388321
0.0188286596769
0.0117757936962
0.0149837340785
0.0173179537758
0.0150207550767
0.0105871678206
0.0111996701916
0.0100020026334
0.00958505667212
0.0129911876002
0.0130145499024
0.0140269181423
0.0162794490784
0.0160886482967
0.0107173479067
0.0100508975587
0.00612962595177
0.00383885209042
0.00794503236573
0.0122840628572
0.0170332224056
0.0187223002655
0.0182102407309
0.0184522189493
0.0188270371506
0.0188012132553
0.0
0.0196598776442
0.0192658278452
0.0123475895839
0.00659822598772
0.00782058331686
0.00975870719337
0.00894128565953
0.0116050034539
0.00871332678225
0.00279180727031
0.00136875808244
0.000360837850971
-0.00249368857507
-0.00266366543435
-0.00687048224222
-0.00914563202372
-0.00916366417284
-0.00798600716167
-0.00419037772921
-0.00726230227844
-0.004905372222
-0.000235214093098
-0.00400065172326
0.00140432987575
0.00269707239353
0.00402335986526
0.00293180397148
0.00775987112184
0.0111289669443
0.0124043021299
0.0162696367183
0.0164406324795
0.0085321155398
0.0103310481988
0.0110770101128
0.013963264467
0.0166766782996
0.021493586963
0.0292327600657
0.0256014087654
0.0202905770919
0.0264595275872
0.0216542857459
0.0271120089986
0.0171062489241
0.0134772542762
0.0215035693084
0.0330718514172
0.0239924944872
0.0239513532543
0.030686728611
0.037454071627
0.0376181955469
0.0405804051919
0.0423516516347
0.0314808083347
0.0245593426188
0.0255599841684
0.0272839111125
0.0197963194637
0.0131203921739
0.00921403760067
0.0146643577702
0.00728229091023
0.00744122454142
0.00631365251282
0.00821556857183
0.0157159832859
0.0133352451933
0.0140801565504
0.00848673126532
0.00329297479498
0.00348813531409
-0.00259105548194
-0.00404426955088
-0.00897316362891
-0.00851834111639
-0.00794158320213
-0.0087893121557
-0.00517334912033
-0.00301035287472
-0.000963371854469
0.00363928267977
0.00928409582062
0.0
0.0139180052913
0.00770641204466
0.000618417715816
0.000500182171549
0.00384279154023
-0.00493532283097
-0.00560918120938
-0.00388463841592
-0.00286931472988
-0.00354871235135
0.0
0.0
-0.0108187465278
-0.0120550200055
-0.0128338981561
-0.0121170406834
-0.00965929956556
-0.000969684545691
0.00513978104026
0.00252243796257
0.007360534521
0.00955171942183
0.00384267666728
0.00197878263345
0.000570396006237
0.00168665957902
-0.00129840185274
-0.00957346926286
-0.0128384167341
-0.0153544173872
-0.0161647748185
-0.0162417886439
-0.0156745598307
-0.0144514747175
-0.014506607298
-0.0157063786335
-0.0163698676644
-0.0180444712321
-0.0187300865465
-0.0154821707071
-0.0147494091388
-0.0137203113068
-0.0157150774292
-0.0103616949533
-0.0105239916949
-0.00779722216245
-0.00712205899387
-0.00593124939224
-0.00186939712197
0.0034170739901
0.00372499526713
0.0065533803679
0.000746526310308
0.00314549480025
0.00336018617789
0.00191295544769
0.00463545849252
0.00470119150687
0.00517874374455
0.00728372166833
0.00968449705978
0.0105654509388
0.00877648364115
0.00879415589601
0.00842490185619
0.0204432035307
0.0199608734201
0.0166154250814
0.0156550706289
0.0144198909757
0.0168309691395
0.016539944731
0.0186490973156
0.0150845642079
0.0164965277642
0.0209115179217
0.0240140189686
0.0263479566988
0.030853748372
0.0254680225565
0.0249819112957
0.0298426612996
0.0260659390983
0.0225182313622
0.0236244132954
0.0256218289506
0.0184045223212
0.0171093445996
0.019155507153
0.0216463613368
0.0243948939545
0.0304107063119
0.0324884930951
0.0311075190854
0.0361856565551
0.0301820195388
0.0268205434914
0.0257392225154
0.0290289408139
0.0310209772089
0.0284087025586
0.0284668522462
0.0298019129536
0.0324198470902
0.0329735595375
0.0308426504477
0.0
0.0324891119504
0.0282851618042
0.0276961783177
0.0241491874659
0.0195018673736
0.019641507729
0.0189915077485
0.0158724160485
0.0139619285116
0.0140555056303
0.0147332972935
0.0161336484861
0.0162739505207
0.0139332284794
0.0118428376443
0.0122697679279
0.0138622252398
0.0160004119467
0.0116060162015
0.0124576387133
0.013189411035
0.0138136542288
0.0162357689633
0.0216764562395
0.0278948997635
0.029255066872
0.0343626393679
0.0364777171048
0.0334133931742
0.033051282306
0.0386569937161
0.0463041332863
0.0368697175704
0.02545630333
0.0293215383465
0.0277882445952
0.0287053686429
0.0207287105339
0.0165011364979
0.016010240411
0.0184013946112
0.0178029867922
0.0134632634243
0.0111066576994
0.0111364938238
0.00884077994489
0.00657536718798
0.0114516572108
0.0122461478968
0.0141864656643
0.0151375198491
0.0146519657735
0.0133560164048
0.0138057806902
0.0147987834156
0.0
0.0
0.0
0.0
0.0
0.0
0.0395525086977
0.0310605915658
0.0259257685075
0.0250890816195
0.0273123672617
0.021397233396
0.020186443992
0.0160088248975
0.0141803415108
0.0135254699017
0.0157405027888
0.0172716503683
0.0193426985651
0.0207693274413
0.0160021628155
0.0112081357831
0.0166198114596
0.0163975448177
0.0135555873093
0.0164286478648
0.0170278731267
0.011144677476
0.010079898345
0.010075565952
0.0103720057885
0.0122657993193
0.0128195522787
0.0119179682383
0.0161033726431
0.0160188785627
0.0182193577352
0.0214047484491
0.0266014619566
0.0256999173858
0.0
0.019263672581
0.0227288730634
0.0230314537813
0.0254455370439
0.0223748549043
0.0195844592782
0.0164031687815
0.0169624191988
0.0115465292776
0.0130617935213
0.0158584623824
0.0125684761896
0.0109011837941
0.0136794582153
0.0123589537667
0.00870254532368
0.00917940858645
0.0122874123971
0.0143960100371
0.0123648560986
0.0151563859241
0.0190883147601
0.0228096503835
0.0284304673798
0.0284863299503
0.0265255539557
0.023764960843
0.0205698699081
0.0212490042683
0.0207641670724
0.0251531808691
0.0237589536746
0.020408300791
0.0163420665728
0.0140759596793
0.0178557611684
0.0151798227147
0.0135181272748
0.013504709265
0.0144429448582
0.00949318863228
0.00554413019031
0.00653602011716
0.00921935212687
0.0101542984455
0.0145441245631
0.0127135721126
0.00321215800647
0.00211958155093
0.00408400522829
0.00448109285597
0.00180496753922
0.00382018216086
0.000743719011636
-0.00238614203679
-0.00763813129025
-0.00941955236014
-0.0113904189012
-0.0173343163732
-0.0184883659255
-0.017675356168
-0.015739997369
-0.0150691775002
-0.0160919643771
-0.0155378969424
-0.0164152036258
-0.0166980031457
-0.0180957334111
-0.0206991077772
-0.0202115986417
-0.0195241781466
-0.0187640416746
-0.0188957321198
-0.0197783699668
-0.0230394050155
-0.0231588635076
-0.0193241314801
-0.0228535693873
-0.0237266218776
-0.0211516833037
-0.0222961162397
-0.0276525372113
-0.0271979256309
-0.027444288572
-0.024862311159
-0.0276411842189
-0.0321090178209
-0.0326549742002
-0.0324468383554
-0.0323099784414
-0.0306092802256
-0.0337198263119
-0.0343631143932
-0.0348955552217
-0.0327634977227
0.0
-0.0335088279701
-0.0324537144912
-0.0302841101705
-0.02778261123
-0.0278243874867
-0.0311859023631
-0.0275439292719
-0.0222510557845
-0.0221319615455
-0.0158280939866
-0.0148838189739
-0.0104237537143
-0.00714398280283
-0.00383727167942
-0.00503343844177
-0.010196530716
-0.0144864484462
-0.0158955509326
-0.0210609789762
-0.019987451584
-0.0123242817103
-0.013940393095
-0.01631510048
-0.0156629122606
-0.0151705801096
-0.0141205803412
-0.00953913967313
-0.00631409284885
-0.0062650740827
-0.0124588634467
-0.0185730493648
-0.0207291691498
-0.0203823043355
-0.0173861597017
-0.0162708680098
-0.0185382625074
-0.025826201387
-0.0214202587195
-0.0209342920506
-0.0193807080106
-0.0195441925609
-0.0200282057519
-0.016803518935
-0.0130363613418
-0.0129144066074
-0.0120978234249
-0.00887051734278
-0.0082275841597
-0.0113471852197
-0.0154696045544
-0.0191700355075
-0.0211355330392
-0.0181585447026
-0.018077418991
-0.0171818402871
-0.0109175889915
-0.0129518902665
-0.0117020294362
-0.00276742571319
0.00492884253499
0.000457171990289
0.000666525204487
0.00245919089155
0.000217514432913
-0.00409027194407
-0.00421614614265
-0.005503514821
-0.00737742239257
-0.00772268284696
-0.00605170940037
-0.00479886691844
-0.00528944588471
-0.00980400842949
-0.0104826178253
-0.0109874680741
-0.0142624008594
-0.0153292670363
-0.0120742789154
-0.0104882028088
-0.00967624708549
-0.0103172218374
-0.00945615895968
-0.00677329170445
-0.00481789700886
-0.00250972718414
-0.00292668582522
0.00173757613044
0.00901897499088
0.0026105273929
0.0032503249853
0.00551470869344
0.0091403574064
0.00833450685973
0.00944024730423
0.0147885391049
0.0
0.0265634511887
0.0297363952861
0.0332217473203
0.0329100897861
0.0307731317236
0.0338878428806
0.0365154663715
0.0348756444914
0.0344540168201
0.0336439879212
0.0239770098641
0.0194131328145
0.0171893397889
0.0151136480158
0.0144123117481
0.0133840273045
0.0150984012078
0.017034695532
0.0195464201665
0.0212465674039
0.0233031331582
0.0268145752119
0.025395500807
0.027334569131
0.029011424678
0.028792699689
0.0289373805984
0.0292139130323
0.0267133540125
0.0244244112942
0.0206184677452
0.0184945983378
0.0196645030134
0.0191970091105
0.0162584481446
0.0132605180931
0.0147286833944
0.0164416465778
0.0204385667768
0.0280605886179
0.0268083040867
0.0227140190431
0.0216260226231
0.0243594967975
0.0244873051257
0.0254884627916
0.0248642440181
0.0279349444064
0.0274415560331
0.0266361753865
0.0275389373888
0.0314290952739
0.0323487164187
0.0355018735643
0.0350780035959
0.0327695990525
0.0324934584993
0.0325564581661
0.0318250861939
0.0312932470165
0.0320813106654
0.0323881378653
0.0346025584289
0.0365229632958
0.0364054678679
0.0339997150171
0.0319885512797
0.0299943014006
0.0281270580064
0.0255654915104
0.0224852411703
0.0300425165884
0.0349702987872
0.0313812771066
0.0300984661662
0.0
0.048376545129
0.0444564970297
0.0449567371417
0.038843881815
0.0316405461721
0.028016548856
0.0268141832922
0.0260658263188
0.0183175587749
0.0147925831704
0.0142276107892
0.0140616286003
0.0171507691701
0.0196966333747
0.0185767042441
0.0147448352958
0.0131422330249
0.0155024913296
0.013697684744
0.0
0.00214838902559
-0.00463900728189
-0.0061594512666
-0.00719408837329
-0.00975189349987
-0.0113963795252
-0.0140187884159
-0.0124624840893
-0.0137066654692
-0.0130069037442
-0.0167012606974
-0.0199927052206
-0.0222809055488
-0.0193822996934
-0.0193160075714
-0.0229396298735
-0.0225513914903
-0.0225487888435
-0.018479028329
-0.0136010606366
-0.0141786849791
-0.0129962686197
-0.00977662119832
-0.00641265630934
-0.00253926701265
-0.00529333433949
-0.00829175733873
-0.009253674227
-0.0132159803424
-0.0125534312505
-0.0174537890908
-0.0201502072302
-0.0217890760049
-0.0205055853962
-0.0203933118532
-0.0227324731128
-0.0254549267516
-0.022910769343
-0.0172867395589
-0.0100769778755
0.000139807741286
0.00633328829111
0.002862278654
0.00743062270007
0.00801766966915
0.00560483429096
0.00858711133696
0.0117441920008
0.0123350503065
0.0109721012146
0.00945747131783
0.00996346707564
0.00738917995608
0.00155722381991
-0.00452799076619
-0.00736841983082
-0.00824427982352
-0.00922738211298
-0.00600372169354
-0.00776328879837
-0.0101124856614
-0.0199796419769
-0.0311181664869
-0.0385275863247
-0.0377806279716
-0.0404319930166
-0.0465491219182
-0.0485874508558
-0.0398415862644
-0.0477049983601
-0.0552998049371
-0.06266233658
-0.0677963199744
-0.072415784291
-0.0680556069873
-0.0641864530592
-0.0584019287657
-0.0497134538918
-0.0423612877922
-0.0429944764365
-0.0434410977016
-0.0471653507829
-0.0460553991989
-0.0405445875382
-0.0390419807769
-0.0390488700162
-0.0353850773059
-0.0290685731571
-0.0239204788041
-0.0228174693198
-0.0235877218242
-0.0264442285773
-0.0272664406246
-0.021394273826
-0.0137294109374
0.0
-0.0153714549131
-0.0111028822667
-0.00937187191903
-0.0106698482307
-0.011158305088
-0.0135025395333
-0.0173989878381
-0.0165961683267
-0.0136775885312
-0.017102742939
-0.0196086470369
-0.0170297342739
-0.00970529207393
-0.00743007593341
-0.00474871724225
-0.00533874332063
-0.00322545237081
-0.000123184932468
0.00531818100379
0.000107248985706
-0.00610046451845
-0.011431640988
-0.0154806751688
-0.0164043874022
-0.0151696592138
-0.0149547419019
-0.0143743379073
-0.014992336746
-0.0195747041863
-0.0187113596463
-0.0217057266097
-0.0237409136072
-0.0217843215961
-0.0181251179443
-0.0180227299158
-0.0184475964162
-0.0201365701635
-0.0201521759468
-0.0235035873528
-0.0302780049523
-0.0341892245809
-0.0367356425991
-0.0377886023768
-0.0375551272178
-0.0372400818486
-0.0309391187913
-0.0280061444659
-0.0279002292942
-0.0334181003089
-0.0369041391881
-0.0357305959937
-0.0383699403149
-0.0403224300728
-0.0399206424154
-0.0414409076222
-0.0388513237749
-0.037745000818
-0.0373322667729
-0.0367126443008
-0.0377382842485
-0.0387569735552
-0.0387460557561
-0.0360141863342
-0.0362027039874
-0.0352956658316
-0.0365454955259
-0.0372619677616
-0.034006735779
-0.0334056289044
-0.0329213984292
-0.028934433426
-0.0182815780363
-0.0149865506269
-0.0181526482022
-0.0204127982387
-0.022124263348
-0.0236276041813
-0.0236769743349
-0.0238434818219
-0.0264930961926
-0.0259434423945
-0.0255421270271
-0.0260364554643
-0.0268306786914
-0.0292286344681
-0.0281012068118
-0.027574039936
-0.0256376659363
-0.0206498860478
-0.0231616454235
-0.0217022741625
-0.0231043927992
-0.0217746814677
-0.019766688748
-0.0170448744795
0.0
0.0
-0.0164976996857
-0.0175159000052
-0.0173001887599
-0.0181138307332
-0.0157147254436
-0.00954183806223
-0.00960994990395
-0.0117385778401
-0.0119374622636
-0.00941218962235
-0.00806553715744
-0.00476513870508
-0.00532791196444
-0.00701486195183
-0.0104009873654
-0.0114324861316
-0.0103953551841
-0.00984262813103
-0.00869267300667
-0.00850841399365
-0.00860002423539
-0.00716173680577
-0.00624314202962
-0.00384573602251
-0.00238375514184
-0.00282041804106
-0.0043784630863
-0.00390627279959
-0.00409498321111
-0.00383319597917
0.00195661889919
0.00146746384209
0.00153885308065
0.00208221728746
0.00322931281665
0.00205842628452
0.00135238361551
0.0059167246573
0.0076627682246
0.0111215030042
0.0164673179014
0.02149014457
0.0230832214631
0.0259827561874
0.0290323070019
0.0254030059396
0.0322407671351
0.0376434540981
0.0355290065854
0.0353487953681
0.0398855338277
0.0351967293761
0.0337079492681
0.0293631664926
0.0300671035574
0.0299403544543
0.0287173760989
0.0227902588476
0.0221175058018
0.0220867350933
0.0222845599461
0.0204954602376
0.0176761547604
0.018402023038
0.0179700012484
0.0187755403033
0.0182358339408
0.0177778763936
0.0179600616146
0.0175931782165
0.0152251754941
0.0160945744828
0.0153327371046
0.0134676818738
0.0120380192093
0.0121851113028
0.0144492339444
0.0165019164106
0.0165630526697
0.0169546060692
0.015905520547
0.0178913803303
0.0179369773142
0.018413333395
0.0168319465522
0.0149393818838
0.0146426079527
0.0151746306933
0.0163218106294
0.0116097607404
0.0100984289752
0.00878897304778
0.00918650032216
0.0089895887632
0.0
0.0141934287356
0.0098081504455
0.00862923143893
0.00792332872355
0.0095739225628
0.0116155981099
0.0154546212233
0.0143518428218
0.0115387658855
0.0135366446445
0.0119772864954
0.0160129757965
0.0134182538353
0.00970621232042
0.00647788573637
0.00925343232286
0.0132141115545
0.0153019058249
0.0132316306267
0.0101087421293
0.00640609450858
0.00303884303341
0.00151188629155
0.000435965180372
0.00137640913598
-0.00195293672648
-0.000925583459404
0.00154952605497
0.00593730215031
0.00862202026796
0.00600090921361
0.0064058848583
0.00186793164601
0.00318567684081
0.00715347193105
0.00225895550104
0.00170735841351
-0.00249042610693
-0.00573474935172
-0.00479983848106
-0.00622915540795
-0.00439960601249
-0.00560397501447
-0.00811026091726
-0.0073551838877
-0.00816276683122
-0.0121572428909
-0.00933617557152
-0.00846780186987
-0.00940773034663
-0.00953383526159
-0.0116224120093
-0.0123322067908
-0.0117566977746
-0.0101704774549
-0.00990999928765
-0.00858278024223
-0.00839849435713
-0.00632932605046
-0.00919097682817
-0.0102450543665
-0.0098757339899
-0.0106039387477
-0.0119199456831
0.0
0.0
0.0
0.0
0.020507944496
0.0148319444406
0.00885972483935
0.00748703511965
0.00804828488973
0.00172499624241
-0.00111688975197
-0.00330311069588
-0.00514587485333
-0.00566092375578
-0.00762051156963
-0.00876958730925
-0.00923559147912
-0.0105964086971
-0.0109383910056
-0.00925473270542
-0.0114190058765
-0.0135712691367
-0.0114988911751
-0.0126581289007
-0.0154036171475
-0.0163617935268
-0.0172189517268
-0.0186012190406
-0.0205762439727
-0.0222926784712
-0.0232631994178
0.0
-0.019128229134
-0.0217514073968
-0.0214747648103
-0.0219705401018
-0.02425277027
-0.0227387174918
-0.0259601256178
-0.0263097200311
-0.0234940407652
-0.0243143487038
-0.0239221206847
-0.0229380814922
-0.0218556808104
-0.0222023734797
-0.0251332818163
-0.0238460258096
-0.0265474948003
-0.027064267659
-0.027240581562
-0.0284539686645
-0.030549423616
-0.0294078633206
-0.0281715948368
-0.0281353022288
-0.0285472742486
-0.0278319160676
-0.0257406144236
-0.0240934936652
-0.0244914356862
-0.0247611648212
-0.0256714811351
-0.0258333960785
-0.0285574137405
-0.0294442888027
-0.0313752355532
-0.0316073954085
-0.0317998312976
-0.034754999755
-0.0369761177445
-0.0379184246901
-0.039122727025
-0.0384953613782
-0.0412088667526
-0.0411090108062
-0.0398544837569
-0.0400664961476
-0.0404345344548
-0.0362651325856
-0.0360945111314
-0.0358205007938
-0.0377145285552
-0.0385243553516
-0.0397057191278
-0.038588372145
-0.0415490553832
-0.0411912459091
-0.0410786468558
-0.0428973146323
-0.0382732345774
-0.0249171412124
-0.0243896647169
-0.0320673889154
-0.029721830956
-0.0336065657016
-0.0368673906694
-0.0377482461116
-0.0347899190521
-0.0364360088155
-0.0385655111422
-0.0392829152489
-0.0397927730584
-0.0419939901303
-0.0413815135524
-0.0450366830346
-0.0456543171689
-0.045519153447
-0.0484686542925
-0.0493765722561
-0.0434158088419
-0.0439420693465
-0.0506614710863
-0.0484447607007
-0.0391899161882
-0.0349851674224
-0.0329147333547
-0.0358860582286
-0.0402550257063
-0.0407398835366
-0.0367770292939
-0.0409547270279
-0.0411131554946
-0.040454681943
-0.0330539005493
-0.0341780279694
-0.0394150234346
0.0
0.0
-0.0448890008589
-0.048380623227
-0.048544785442
-0.0466795503048
-0.0414234243952
-0.034345318215
-0.0306625142167
-0.027253096286
-0.0339350736025
-0.0333824537236
-0.0331190042224
-0.0297867188571
-0.0249489160064
-0.0234798454087
-0.0248719296762
-0.0267453365921
-0.0199743098572
-0.0205857972613
-0.025055675406
-0.0201785993363
-0.0173628135673
-0.0203593795268
-0.0218329649702
-0.0228796980371
-0.0271905719955
-0.0226915439823
-0.0220194351854
-0.0156743197698
-0.019365705415
-0.0242651102555
-0.0251285754191
-0.0212164484135
-0.0292459638082
-0.0284860317241
-0.0211375309848
-0.0170194845001
-0.0214821601876
-0.0247252617049
-0.0226866112941
-0.0243894829232
-0.0244930178782
-0.0223074522485
-0.0199531032236
-0.0198509374032
-0.016946773317
-0.0122510067998
-0.0137286583565
-0.0196452490208
-0.0168178319572
-0.0153595832932
-0.013989878646
-0.0107681782929
-0.011392715388
-0.0106770857614
-0.00893043599781
-0.0111193811316
-0.00831233712859
-0.00724790416003
-0.00439493147189
-0.00352242918705
0.00109338047319
0.00329290401135
0.00678454404322
0.0105212410294
0.0131255545692
0.0159910759776
0.0192648037883
0.0182241821337
0.0150863135423
0.0158481633918
0.0194828776194
0.0272051432486
0.0310330758087
0.0406073033896
0.0504579690726
0.0622542190339
0.057371799608
0.0722065147326
0.0658029862051
0.0654702049923
0.0683779433852
0.0629478884797
0.0606631890306
0.0567528418753
0.0522416232578
0.0526605544013
0.0506886556789
0.0472974660127
0.042640705132
0.0381305279472
0.0339040956256
0.0309693847769
0.0310414213924
0.0336803752551
0.0
0.0349464710644
0.0356592028642
0.0406652147495
0.0431437949773
0.0437090985195
0.0413875369972
0.0415003098277
0.0422340451304
0.0442927403418
0.049566568871
0.0525239393721
0.050115591896
0.0523656278637
0.0506431001367
0.05058692775
0.0575025249998
0.0
0.0672010510054
0.0619759434085
0.0607240387462
0.0662312268478
0.0603077534489
0.0615814193808
0.062750095342
0.0626461420103
0.0578379566659
0.057165915535
0.0562331875053
0.0493362692652
0.0510225327577
0.0544595045433
0.0504554667548
0.0476697689406
0.0461721872204
0.0478992716905
0.0515727976581
0.0537867013139
0.0524402785493
0.0559279903684
0.0567730343251
0.0559357687461
0.0525253664179
0.056315203891
0.0591608990489
0.0599319957695
0.0577418566608
0.0571845797896
0.0500943474311
0.0463316913095
0.0513347961579
0.0494216171461
0.0448921356616
0.0379213300742
0.0372795315234
0.0341253662175
0.0314534334957
0.0317642997485
0.0312826506512
0.0263510637054
0.0242803910177
0.0256064735962
0.0314152663601
0.033421808772
0.0320031158504
0.0280125036024
0.0311398585632
0.0308803731941
0.0217977054183
0.0146116570846
0.0125445789911
0.0111100747001
0.0104323889774
0.0103802756294
0.0118808533456
0.0093785429577
0.00470945799206
0.0025370358547
0.00186715697999
0.00285283259756
0.00635982603643
0.0088245128515
0.0136771651837
0.0129610919573
0.0125820723736
0.00803618069589
0.00531130121196
0.00325856531253
0.0032458912286
0.00418167528076
0.00531806703769
0.005651982385
0.00464410591825
0.0055164698329
0.00567366591765
0.00529781858235
0.0
0.00395501226684
0.0039586475437
0.00487955520155
0.00506201068829
0.00564359878219
0.00577902725456
0.00316350060612
0.00116646604354
-0.000537163939821
-0.00336559917029
-0.00226030689177
-0.00190359856047
-0.00105948354754
0.00120425956643
0.00456421443394
0.00482725582824
0.00413717304268
0.00101724321185
0.000622201155124
0.00337215303727
0.00321254366089
0.000307875798313
-0.000285564838501
0.00182498934884
0.0033792895339
0.00472764792022
0.00803750401303
0.00576349911915
0.00379062412415
0.0128410089633
0.0190589803673
0.0237156798269
0.0263858889876
0.0274747513099
0.0260518351948
0.0246404084079
0.0231383652049
0.0228935869269
0.0181366234691
0.013395479747
0.0134998832251
0.0160739833553
0.0144758084865
0.0143176000373
0.0126831413276
0.012120047351
0.00979941197387
0.00951619535576
0.0136192077752
0.0108896216897
0.00617696306938
0.00590743324211
0.00509045917985
0.00522953769638
0.000436497498288
-0.000915474360912
-0.00746818991608
-0.0133236339391
-0.0144660651633
-0.0127817211277
-0.0134123531314
-0.0101650909066
-0.011535357605
-0.0169851921508
-0.0193892742082
-0.0197580970154
-0.0182460524472
-0.0183380924484
-0.0192990032136
-0.0166372241038
-0.0178767104192
-0.0188665916091
-0.0209991250258
-0.0198187156162
-0.020942962393
-0.0236537951912
-0.0236333842022
-0.0219554522198
-0.0198610722857
-0.0164371602646
-0.0128827470582
-0.00657377596879
-0.00533250897417
-0.00208267487951
-0.00787995464773
-0.0123398731498
-0.0156925109227
-0.0184401455886
-0.0186637168232
-0.020478243495
-0.0220104386879
-0.0210302482365
-0.0215321863101
-0.0220557296259
-0.0225469166881
0.0
-0.017108252401
-0.0172583255966
-0.0171710950326
-0.0156156431025
-0.0171030727218
-0.0196420424462
-0.0211187106383
-0.0228998221581
-0.0252095748752
-0.0272532225294
-0.0287777766592
-0.0297011195147
-0.0308560066459
-0.031627979442
-0.0306795274068
-0.0334505770851
-0.0346618195248
-0.0353156542666
-0.0344522723026
-0.0301711677941
-0.0266044192563
-0.0279499379725
-0.0282886824902
-0.0299999258757
-0.0288539907472
-0.0289161507379
-0.0274039914125
-0.0244364445816
-0.0197016908463
-0.019594448993
-0.0184812656077
-0.0227931359433
-0.0251907368289
-0.0257362368237
-0.0229440113962
-0.0188268351053
-0.0155338097033
-0.0151054015036
-0.0135359543056
-0.00707470317526
-0.00126470684852
-0.000441306431726
-0.00262229435372
-0.0135689204902
-0.0181703690345
-0.0164311623442
-0.0153309676926
-0.0146156420031
-0.0123588391131
-0.00789504662959
-0.0119184892598
-0.0121400350615
-0.0139919911694
-0.0120752050478
-0.0169521426972
-0.0190061439349
-0.0177294183022
-0.0107419901715
-0.0134766014223
-0.0104899382649
-0.00921021964105
-0.00272101253094
-0.0044434887657
-0.00357721368629
-0.00358444161012
-0.00541464270374
-0.00515260219326
-0.00452468240846
-0.00147564670623
-0.000605218991117
-0.00258500028546
-0.00362233485854
-0.00661149109164
-0.00392082413076
-5.25760034986e-06
-0.000594432202239
-0.0015935073732
0.000876043647077
0.00589798347495
0.0130222135415
0.0113694616964
0.0118531283976
0.008607815181
0.00718946935134
0.000176743213448
-0.00528643725655
-0.007637599634
-0.00389910192984
0.00159292396403
0.00385831915257
0.00105584088802
0.0030029324343
0.00101215082586
0.00133004639724
0.00309325888248
0.0
0.0101187820468
0.0141050292806
0.0198615647738
0.0164390645742
0.0113050914219
0.0119210168495
0.0152021297422
0.0101287158759
0.0108334570252
0.0136790363854
0.0124854207153
0.0152226923773
0.013722000436
0.0145099444994
0.016239950151
0.0160377959652
0.0177669322623
0.0137115590594
0.014178963419
0.0119154560067
0.0144176710932
0.0140927814011
0.016244367441
0.0231695388308
0.0256209117948
0.0308102676137
0.0255561683439
0.0232547665623
0.0242326701827
0.0258996403993
0.0250992116378
0.0268352060178
0.0239083872226
0.0254023949481
0.0307828210676
0.0280280290055
0.0211873539272
0.0196193305079
0.0189841467693
0.0155292806825
0.0106062403048
0.010880094343
0.0116629027972
0.0124752032396
0.0127118089468
0.0101642864791
0.00782645374654
0.0113628861953
0.0123163750502
0.0126985264823
0.0134551525715
0.0113335405254
0.00809730765092
0.0106744727163
0.0110537247293
0.0123136442763
0.0139521575213
0.0169286479954
0.0180343230933
0.0170056704034
0.0150484690391
0.013063357732
0.0102795090841
0.00945550260629
0.00891346454646
0.00652255595861
0.00567824281941
0.00319688406678
0.00229942226058
0.00213657596829
0.00165690351142
0.00210837496803
0.00328814255075
0.00320565682555
0.00251533358734
0.000149369455013
-0.000980610876495
-0.00229901399233
-0.00526208630827
-0.00660167224261
-0.00630848198333
-0.00867264802687
-0.00948086789658
-0.00360193632372
0.00281155518982
0.00369519879345
0.00537261100391
0.00452826220357
0.00110650949732
0.00195519794881
-9.91828977299e-05
-0.00415189701167
-0.00708307369254
-0.0106883264226
-0.0135469556811
0.0
-0.0206078263358
-0.0194341363046
-0.0178881962416
-0.0181105450639
-0.0190770020148
-0.018688375034
-0.0195301109804
-0.0169077032681
-0.0167366058027
-0.017224524335
-0.0153372063442
-0.0178586125176
-0.0169888471023
-0.0179006925537
-0.0195847350254
-0.0191950423975
-0.019565057169
-0.0221062598797
-0.0234517492962
-0.0299209549372
-0.0353386197903
-0.0389789560451
-0.0351892820743
-0.0302852199892
-0.0248653441498
-0.0239450869888
-0.0277571938689
-0.0286660965084
-0.0274706654267
-0.0266684399918
-0.0266445108118
-0.0268374572425
-0.0264642584145
-0.0246710825291
-0.0215120534873
-0.016214379209
-0.0137604831718
-0.0138157746965
-0.0140840731724
-0.0144914024299
-0.0144935988399
-0.0130117373839
-0.0109643088795
-0.00763633867053
-0.00608727520473
-0.00771226294784
-0.00929892045254
-0.00897717356524
-0.00668570586702
-0.00739270713841
-0.0120538113014
-0.0182837409798
-0.0185569237712
-0.0181601095205
-0.0180967498379
-0.0191916665124
-0.0184842562769
-0.018921169047
-0.0175092656009
-0.0193949437541
-0.0208292919164
-0.023326416041
-0.0232008604459
-0.0223080410628
-0.023380382959
-0.023795968743
-0.0227205803431
-0.018873158431
-0.0244680246666
-0.0290935820975
-0.033503320113
-0.0367456994916
-0.0401696145489
-0.0393446282789
-0.0414876795836
-0.0446995409575
-0.0467411811301
-0.0462179008952
-0.0443804930685
-0.0428551409958
-0.0437219585818
-0.0450891233581
-0.0471534548678
-0.0470716137942
-0.0495843746056
-0.0506909986925
-0.0495817334426
-0.048380881243
-0.0490142891456
-0.0484672788701
-0.0469876760339
-0.0452353604846
-0.0449550273938
-0.0421856094227
-0.039815047244
0.0
-0.0314168108979
-0.0335605024841
-0.0334558634494
-0.035090356105
-0.0329091556164
-0.0335950356064
-0.0329418637333
-0.0325161563755
-0.0297548294138
-0.0293098398443
-0.0283215116715
-0.0265014483641
-0.0273424885213
-0.0269805593994
-0.0329635642666
-0.0350130228381
-0.0343374199285
-0.0356832312313
-0.039810907523
-0.0399658994248
-0.0378437613048
-0.0388375692345
-0.0457679379723
-0.0498738059075
-0.0477531563055
-0.0445408314974
-0.0477627814196
-0.0487025872589
-0.0494891485474
-0.0493838090181
-0.0472434402414
-0.0481286415361
-0.0466671588299
-0.0441237977075
-0.0433153354973
-0.0418614534841
-0.0425906220167
-0.0365892506275
-0.0328170473288
-0.0361496822999
-0.0324540965766
-0.0298876595141
-0.0347964652936
-0.0335762593941
-0.0315531946408
-0.0347142587598
-0.0373627603367
-0.0382420512491
-0.0376006576558
-0.0374334183711
-0.0335925966008
-0.034742883572
-0.0413969371912
-0.0422254142324
-0.0413712998239
-0.0420130012223
-0.0414116656479
-0.0455635675219
-0.0447445749564
-0.0427930600945
-0.0386374784978
-0.0334204668633
-0.0403230196973
-0.0381311715019
-0.0345601782477
-0.0318567509244
-0.0249135914036
-0.0221654136572
-0.0218364942526
-0.0171099094181
-0.0154039319742
-0.0138095676886
-0.0131668018071
-0.0128812041645
-0.0138352298181
-0.0131553544662
-0.0112807625201
-0.00731434723752
-0.00884878937941
-0.00675361755984
-0.0025722994438
0.00183807837445
0.000742144678007
-0.00360388642099
-0.00338505888569
-0.00626835031638
-0.011682668214
-0.0139111497618
-0.0135367066054
-0.0150877836134
-0.0169212246111
-0.00876616717146
-0.0079557026799
-0.00820456445783
-0.00811510943082
0.0
-0.007509266237
-0.00682879390892
-0.0085743880146
-0.00581429279051
-0.00884982741576
-0.00931743877929
-0.00545431809945
-0.000730514108567
0.00145315785495
0.00240574073133
0.00290696305619
0.0130067797362
0.00795025037193
0.00651586489693
0.00879320635012
0.00622344987966
-0.00166116577
-0.00103510778224
-0.00262837319701
-0.00359412748518
-0.00434399035241
-0.00131983635341
0.0002422487596
0.00100851888367
0.0025769343825
0.00394772904007
0.00585664298136
0.00446229968916
0.0
0.0
0.0
0.0
0.0
0.0
0.0
0.0303423528727
0.0212776589735
0.0
0.0
0.0233883937334
0.0292491837734
0.0295815846962
0.031602341609
0.0323445260024
0.0345850347585
0.04365739642
0.0499715443773
0.0581375942756
0.0585072581464
0.0540089314465
0.059940145902
0.0607786602909
0.0679158122602
0.0691690041346
0.0730020980104
0.0748436054361
0.0761398635252
0.0805997436583
0.0830632445337
0.0800244026473
0.0888698194333
0.082962216561
0.0801991857458
0.0819605408663
0.0794525620803
0.0686489284322
0.0
0.0699922285807
0.0811082062758
0.0876541583498
0.0839704692536
0.081249924602
0.07603158006
0.0731171229338
0.0764649500977
0.0752939248677
0.0785243446684
0.076386038391
0.075755422576
0.0763579433678
0.0794280391418
0.0776501695511
0.0827085528467
0.0821964413507
0.0873475747972
0.0842096953192
0.0732971599399
0.0720462941639
0.0755578096038
0.0750382585092
0.0796314385044
0.0782383241184
0.0754519565851
0.0723152312466
0.0725626245034
0.0
0.070283208304
0.0719156974208
0.069935634651
0.0692839607999
0.0651534380412
0.0594755227442
0.0541660261421
0.0537632047772
0.0533833008308
0.053124664832
0.0534474199474
0.0529774532151
0.0486038398489
0.0465463217954
0.0460406308876
0.0532772989774
0.0628923735646
0.0597505541401
0.0558114114566
0.0527050414479
0.0363809584957
0.0334583487978
0.0353727495117
0.0338668894909
0.0391572838655
0.0406193759208
0.0364524819773
0.0304780867295
0.0264893227026
0.024612578038
0.0257567922561
0.0311258353949
0.0258141325807
0.0196212840688
0.0177594050128
0.0140514002262
0.0143828328059
0.0165178252937
0.0189308845588
0.0174113504991
0.0120840466129
0.00955119256751
0.00765793106612
0.00709126026215
0.0078894525848
0.00557919850066
0.00494603201652
0.00462474876196
0.00329668430594
0.00770951072847
0.0154374132949
0.0200562108192
0.0200573606448
0.0272413310982
0.0280102317408
0.0243142842696
0.0220111901278
0.0224279117858
0.0221421986362
0.0184665785777
0.012291033707
0.0137317824787
0.0168805819065
0.0150780274539
0.0162707648387
0.0166385265197
0.017565918255
0.0197527365338
0.0152072223788
0.0104534443496
0.0148564183169
0.0151301468479
0.00968143308267
0.00505138098188
0.00411395306822
-0.00206289659385
-0.00284932475731
-0.00265992152927
-0.0025633800586
0.00137770703855
0.00627166604904
0.00819963484489
0.0101093024307
0.0127018233683
0.0135730356374
0.014298541789
0.0135734673891
0.0124002122025
0.00931302493639
0.0108017211433
0.0110523818403
0.00603688256226
0.00811148156674
0.00998224229905
0.0128959181623
0.0
0.0158702078732
0.0180202581768
0.0176500236213
0.020729175467
0.0242064298526
0.02113304431
0.0204590999502
0.0207081869831
0.0192111644688
0.0178489596967
0.0185425584522
0.0197129505176
0.020168107402
0.0206133803485
0.0207584247596
0.0237602106314
0.021630067785
0.016271348501
0.0125505301586
0.0112327133631
0.00764770057267
0.00534591030493
0.00597142452409
0.00693938785368
0.00231537385628
-0.00170090253113
-0.00197753828297
-0.0023146873045
-0.00418565950972
-0.00309907679634
-0.00210299296389
0.000887569084805
-0.0044392036839
-0.00861409551676
-0.0107844759924
-0.0119094245201
-0.0118103003553
-0.012349353852
-0.012724517312
-0.0141613727663
-0.0149062420474
-0.0162411445285
-0.0174008605731
-0.0190909433633
-0.0153767037561
-0.0203838604494
-0.0233724947175
-0.023663302658
-0.0274845318649
-0.0310720483288
-0.0348941508235
-0.0354617712917
-0.0359809761727
-0.0397028208553
-0.038377904359
-0.0388022803379
-0.0362048083314
-0.0365235274131
-0.0376054992223
-0.0355182161516
-0.0375334590363
-0.0392310590365
-0.0371524673652
-0.0336571777368
-0.0311790288034
-0.0295383186521
-0.0269937213503
-0.0279442951744
-0.0279149437831
-0.0274374220399
-0.0286954385458
-0.0305768615239
-0.0318203878097
-0.0335377793302
-0.0359969466605
-0.0405128632269
-0.0430150877461
-0.0426882210142
-0.0445563041755
-0.0473609998587
-0.0484473091271
-0.0503803609512
-0.0502558725567
-0.049594220103
-0.0509787558608
-0.0477254605893
-0.043043897392
-0.0434060397607
-0.0429877992501
-0.0431635260821
-0.0420896619091
-0.0434586775612
-0.0431799317663
-0.0384291135452
-0.0350813763158
0.0
-0.0417423795166
-0.0428135822736
-0.0426898927005
-0.0402601329332
-0.0367763902591
-0.034201516582
-0.0322294699816
-0.0341297644555
-0.0357264162466
-0.0349388631073
-0.0334373524867
-0.02988138396
-0.0290789719218
-0.0288704499013
-0.0272271957006
-0.0221403357412
-0.0262146185883
-0.0248429949093
-0.0213885509391
-0.0175303137811
-0.0146184002974
-0.0125319652477
-0.0144791641641
-0.0138638606065
-0.0179123890574
-0.0220884464508
-0.0250054902519
-0.0267901080448
-0.0241480051533
-0.0235077155213
-0.0256882841081
-0.0284672577103
-0.0275392091462
-0.0226655930327
-0.0214832534822
-0.021705756644
-0.023504344601
-0.0206691468798
-0.0215622436487
-0.0225141996092
-0.0239298319406
-0.0270980126308
-0.0271464131815
-0.02495799092
-0.0206968259099
-0.0192685377016
-0.0159453913532
-0.0127309519292
-0.0114523469928
-0.0153513920968
-0.0164765640846
-0.0140789757604
-0.00853093949585
-0.00835918465356
-0.00470394952721
-0.00493282125849
-0.00634769317497
-0.00839081906548
-0.00643131502857
-0.00304339743874
-0.00635929632742
-0.00462848156966
-0.000728876907503
-0.000402447333773
0.00334768477387
0.0021297415154
-0.0037976786204
-0.00257889761457
-0.00427621664457
-0.00191918635355
-0.000395581861759
0.0
0.0
0.0
0.0
0.0
0.0072228020763
0.00932268301209
0.00990358431244
0.0101825097486
0.0112355649239
0.0126128201268
0.00819626444395
0.0100485614185
0.0115363763882
0.015944682391
0.0166620788061
0.0152816582344
0.0176502242245
0.0168244351021
0.0166902664659
0.0162152055064
0.0165154233981
0.0168200939301
0.0168699407287
0.0
0.0182606008356
0.0198295998317
0.0184850295344
0.0177556440984
0.0174209232436
0.0187708381516
0.0181278561713
0.0185514662613
0.0206294164641
0.0221200130831
0.021487969645
0.0211540869242
0.020124363785
0.0229446979778
0.0193782447184
0.015780150919
0.0148594475983
0.0163927192462
0.0158029968749
0.0151745753015
0.0174860930736
0.018769063503
0.0196535272894
0.0287967340209
0.0288977033536
0.019717361436
0.0192547776766
0.0199249956615
0.0203550455148
0.021756485403
0.0235226561323
0.0270942132273
0.0269669278536
0.0334114139405
0.0454952700924
0.0464508036211
0.0468268402988
0.0451652873835
0.0418275222712
0.0418984303065
0.0408052206773
0.0413694675528
0.0401397704824
0.048756152823
0.0472256200787
0.0446679951363
0.0413645279423
0.0396295875958
0.0377683855116
0.0332716729335
0.0498069532059
0.0
0.0477849001192
0.0429579708401
0.0366305975115
0.0306158493854
0.0308346971526
0.0323831239399
0.0311025698233
0.0317638559872
0.028052085668
0.0312202374663
0.0307101650002
0.0333156420369
0.0349795737495
0.0349248404838
0.0343971137348
0.0391069553885
0.0406229051977
0.041473153248
0.0407960145876
0.0410315217752
0.0492319602468
0.0522427309716
0.0521349226219
0.053242297239
0.0640461532585
0.0587380007144
0.0494720556683
0.0499238843867
0.0475460665063
0.0418358335459
0.0370303273788
0.031578841437
0.0281530905434
0.0281473894344
0.0288928883071
0.0290385491589
0.028612290678
0.0280681184752
0.0308520968007
0.0354834770767
0.0381984208404
0.0421092819762
0.0477828445154
0.0
0.0449738523987
0.0415083493412
0.0420638700345
0.0445266442712
0.0480655167017
0.0549484964226
0.0564646704122
0.0560759791062
0.0594714619763
0.0546872809591
0.0501894864459
0.0415892672015
0.0396074631188
0.0376046524454
0.0352269584884
0.0368549880231
0.0383654866815
0.0328777262643
0.0312916926516
0.0308551294207
0.0285171792573
0.0256922086958
0.0220950498615
0.0207056991774
0.0205541078292
0.0282588174139
0.024033123077
0.0255696094744
0.0287506809844
0.025235261867
0.0243897507044
0.0266262978831
0.0266887626544
0.0257389000379
0.0275550618267
0.0262010612805
0.0242607119023
0.0196584279751
0.0193149691888
0.019067908259
0.0237088271316
0.0199460093117
0.0
0.0
0.0144518064689
0.000385188117331
-0.00847567529848
-0.0164241660139
-0.0247540835575
-0.0323243890563
-0.0390948866854
-0.0511558570804
-0.0493816227899
-0.0523158386613
-0.0570786595569
-0.054678996597
-0.0515177019716
-0.0448206163875
-0.0374333306909
-0.030532436662
-0.0329644567049
-0.0301085531655
-0.0311956539373
-0.0314909570153
-0.0273278483963
-0.0291525173998
-0.0325307632816
-0.0375995059525
-0.0410375303408
-0.0398586156745
-0.0353328949341
-0.0305183893247
-0.0202524944217
-0.0174955213334
-0.0188860584906
-0.0159411060828
-0.0112422682232
-0.0126283393001
-0.0111005881936
-0.00429956957767
-0.00340019796794
-0.00630395208982
-0.000670888041099
0.000267765071637
-0.00435441596018
0.00178136361209
0.0064372831048
0.0118996034271
0.0208758118259
0.0
0.011372180556
0.00797717552991
0.00126047521728
-0.00362083911055
-0.00737862478059
0.0
-0.0122398367513
-0.0141877865089
-0.0159146026565
-0.0169433856155
-0.0194106296755
-0.0209828850636
-0.0281942598486
-0.0367318665826
-0.039873910975
-0.0410813957345
-0.0365091737249
-0.0336885285221
-0.0344892056837
-0.0343076613041
-0.0386831913572
-0.0414506519946
-0.0373912915402
-0.0353106672087
-0.0328740446002
-0.0290277421622
-0.0252682630783
-0.0292895814419
-0.0257759271617
-0.022403596521
0.0
-0.0179331527942
-0.0222519087677
-0.0273032889712
-0.0276174956397
-0.0160012079218
-0.00931995306
-0.00626736477281
-0.00744820409208
-0.0109863193359
-0.00450246713868
-0.0151235716507
-0.0197882890237
-0.0218186582542
-0.0334231447178
-0.0387953279519
-0.0436430768559
-0.0446776274686
-0.0413945952034
-0.0331034867044
-0.0272862449423
-0.0259193515011
-0.0215177204678
-0.0198488368508
-0.0199029290447
-0.0210232726532
-0.0167345886472
-0.014327578746
-0.0103379338677
-0.0154145213646
-0.0203302047089
-0.022725647048
-0.025642915621
-0.0260305647528
-0.0246384951699
-0.0240184787523
-0.0226121731919
-0.0236247575294
-0.0259098454996
-0.0237826723837
-0.0271128724626
-0.0255677512003
-0.0230156743184
-0.0255069293042
-0.0264200522588
-0.0280996611191
-0.0270044339015
-0.0284006438193
-0.0392513933729
-0.0537698720311
-0.0644309738484
-0.0741852643796
-0.0747869192125
-0.070437723255
-0.0845264620678
-0.0920963417192
-0.0996512402642
-0.10708261264
-0.106744904767
-0.102884117646
-0.102137884559
-0.0955401476633
-0.0923316686877
-0.0829160598502
-0.0710026843246
-0.055156447204
-0.0429607975169
-0.0330912637789
-0.0201496016565
-0.00489665775528
0.00624963813016
0.0
0.00624462262316
0.005834388906
0.00809662723766
0.00658161270919
0.011611976962
0.0215117929769
0.0210970297581
0.0240396575253
0.0255400327394
0.0262404076498
0.023441568993
0.0
0.0
0.0353375686376
0.0314027203531
0.028892635543
0.022328788121
0.0219728829907
0.0179858950038
0.0142408658139
0.0108877315909
0.00682269570256
0.0123305874845
0.0158716520713
0.0143975232067
0.0139315595078
0.0126948153115
0.00853290590795
0.00740266743928
0.0103775773057
0.00976937689806
0.0129426929275
0.0154572307474
0.0178416634965
0.0186084303265
0.0211166782082
0.0212346201107
0.0215755734173
0.0223188548892
0.0236268093562
0.0244737327585
0.0238906315812
0.0247080090728
0.0254998063689
0.0242391845751
0.0233758132163
0.0240600458529
0.0239350588402
0.0236645581672
0.0248145231125
0.0270881189737
0.0254303988649
0.0282927745396
0.0281417599762
0.0299703909463
0.0303314942056
0.0305810250129
0.0304441038033
0.0341976798225
0.0340400625975
0.0329066189089
0.0294090743665
0.0272209650983
0.0265094723552
0.0296827554046
0.0319620988275
0.0290412039041
0.0241005879262
0.0211223706619
0.016659636468
0.0177971235937
0.0199521957802
0.0202957673161
0.0190949353669
0.018452528541
0.019562065258
0.0172559473583
0.0172221184757
0.0203949552327
0.0238280409666
0.0229222093454
0.0203053811782
0.0242160749548
0.0234502977812
0.0299870972812
0.0258415340539
0.0260200706151
0.0231250336092
0.0214782588286
0.0182485954297
0.0188970761755
0.0196898438344
0.0209600957479
0.0212106147595
0.0178293602251
0.0
0.0231901359702
0.023651832554
0.0242718501496
0.0279842714791
0.025282338618
0.0209787845659
0.0193409089697
0.0182539851749
0.0149211206359
0.0134707592261
0.0171147456151
0.0179795729777
0.012917054372
0.00799042675734
0.00914641462225
0.00899470458429
0.00543999100741
0.00745177260562
0.0118541762692
0.0133850962524
0.0125919035799
0.0121045351761
0.013727706552
0.0143460331933
0.013898357406
0.0100156777641
0.00976457281065
0.00889408868899
0.00924303884537
0.0088373061038
0.0152392500552
0.0144108069529
0.0146463680178
0.0149505427873
0.0149617630442
0.0174574009505
0.0151407686037
0.0104784169517
0.0113189457878
0.0110457050243
0.00848874221394
0.00182553480835
-0.00183751728685
-0.0175314684051
-0.0261348693042
-0.030349784237
-0.0270111998313
-0.0224501964178
-0.0176524016025
-0.0100994224082
-0.00876656738842
-0.00658811508077
0.00557685997751
0.00310154662286
0.006142940298
0.0179786545301
0.0167495113656
0.0160093449895
0.0180649321548
0.0129667249379
0.00957568190466
0.00168418587052
-0.00773271303315
-0.0104929597762
-0.0127963094143
-0.0181407719976
-0.0182547007496
-0.0175997978931
-0.0176005588821
-0.0125247243461
-0.0108916553181
-0.0109616676359
-0.0140140480266
-0.0168736718911
-0.0171633190295
-0.0149457228384
-0.0130140529587
-0.0109760575157
-0.00949628320971
-0.00875994462303
-0.015893198072
-0.0203916654442
-0.0201030448852
-0.0243347444934
-0.027581769512
-0.0279550482283
-0.0287039573029
-0.027261662941
-0.0267101830954
-0.025283396657
-0.0219164363646
-0.0179076272421
-0.0250336382216
-0.0282326777299
-0.0263037862716
0.0
-0.0290776124327
-0.0310605758831
-0.0304621895135
-0.0346851301983
-0.0387963192077
-0.0414339726822
-0.0420979701297
-0.0426093225058
-0.0432411649454
-0.0396987135963
-0.03724742414
-0.0352718053987
-0.031638283231
-0.027519011527
-0.0250270017935
-0.0237572340043
-0.0153747457865
-0.013638826439
-0.0219290557264
-0.0281108130231
-0.0327110439887
-0.0380323541046
-0.0450722071017
-0.0477289670902
-0.047141703797
-0.0432120855664
-0.0383740609221
-0.039315358211
-0.0389723950073
-0.0370765676956
-0.0384903254254
-0.0333087301047
-0.0332127813425
-0.0355790540177
-0.0355572545704
-0.0394184427108
-0.0400123392093
-0.0361162278835
-0.0341906790123
-0.0399355931807
-0.0438977042555
-0.0429956826255
-0.042955212222
-0.0430749233832
-0.0444909817978
-0.0482727337424
-0.0527500676808
-0.0571029803578
-0.0575207346883
-0.0602967360064
-0.0591494606564
-0.0574276353523
-0.0562580851014
-0.0585363828188
-0.0611181434517
-0.058115244015
-0.0516063103342
-0.0524943271063
-0.0520806370039
-0.0515648305081
-0.0484544389317
-0.0448388206352
-0.0444712015072
-0.0463893029987
-0.0495299916481
-0.0501090847177
-0.0506983723669
-0.0497388087799
-0.050133027475
-0.0485909424419
-0.0471144027313
-0.0505232553128
-0.0468636787249
-0.0486632000262
-0.0435495599542
-0.0460957305671
-0.0485044147384
-0.0485056030145
-0.0497907058271
-0.0498470959029
-0.0498332305493
-0.0475130828644
-0.0462507076128
-0.046861555242
-0.0463149770189
-0.0490580514814
-0.0488475048919
-0.0442160963432
-0.043409625392
-0.0458742837787
-0.0453103385917
-0.0460203083606
-0.0456572793519
-0.0479127269522
-0.0465973664527
0.0
-0.0421863686284
-0.0390882996596
-0.0394442159226
-0.0365048889338
-0.0356767244392
-0.0382395604217
-0.042813461606
-0.0413854692198
-0.0342647961817
-0.029604304667
-0.0303772337226
-0.0291080525841
-0.0257908765794
-0.0200271383125
-0.0242216475307
-0.0264782525486
-0.0270388353126
-0.0231108715632
-0.0207173080616
-0.0176505338988
-0.0151998615194
-0.0200228721179
-0.0247995429126
-0.0281963263302
-0.0263834961398
-0.0249135744613
-0.0230975829635
-0.0240083125409
-0.024654605702
-0.0257858515551
-0.022956003015
-0.0225703661548
-0.0190437821227
-0.0177359013272
-0.0189308407579
-0.0188084411788
-0.018277704044
-0.0194479309885
-0.0151155712739
-0.0151621351876
-0.0104441034988
-0.012236972572
-0.0134220417262
-0.0143641150065
-0.014776512908
-0.0113401396087
-0.0114206930526
-0.0141222856104
-0.0145829255212
-0.014754891599
-0.0152046258114
-0.0184894794983
-0.00715032563946
0.0
0.0
0.0
0.00278569214322
-0.00198988014983
-0.00375166223858
-0.00366701539922
-0.0045522880983
-0.00411136678112
-0.00364486374322
0.00208514752368
0.00432030004007
0.00682358607717
0.00897016968808
0.00579727564618
0.00370148168584
0.00464399651982
0.0089814521279
0.0134999164346
0.011587383909
0.0120646369162
0.0104826733883
0.00955558765017
0.0122953603828
0.0119936999406
0.0150205178888
0.0157952688792
0.0187124242615
0.0241673324353
0.0283544395049
0.0263502075758
0.0221366907436
0.0205254684405
0.0225257596604
0.0195359408635
0.0177403710317
0.0195819583666
0.0180833935173
0.0191334830983
0.0213900669549
0.0248539973618
0.026582915739
0.0
0.0297144978731
0.0263891990221
0.0245414045116
0.0229291458266
0.021396036135
0.0183369631253
0.0194854559132
0.013633346818
0.0136552024169
0.0123083251041
0.0143044667232
0.0120502824729
0.0128906201045
0.0118587809463
0.0120573299931
0.014574450198
0.0177385893266
0.0237333579007
0.0211510458042
0.0216495441935
0.0175900929491
0.0158072792044
0.0158636595941
0.0166732582057
0.0148680041117
0.00960466618723
0.00883395580955
0.0117937557227
0.0125636066065
0.00848428910106
0.00371773003797
0.00334006247475
0.00155018860193
0.00271546655709
0.00290322261434
0.00206876127844
0.00183776976994
0.00326602688459
0.00343991874789
0.00665447601316
0.00895365744651
0.00888278137638
0.0104137869798
0.012203996194
0.0118255889105
0.0127724110568
0.0154411076739
0.0177527586204
0.0168404848553
0.0192710623018
0.0178691138497
0.0215645431024
0.0223520584735
0.0217716096772
0.0171997660537
0.0129009395415
0.0110030566278
0.0103091386656
0.0121270341444
0.011702650613
0.00862138176292
0.00663632314802
0.00742408022706
0.0107552069183
0.0107468800195
0.0107764274949
0.0134347812111
0.0165877698639
0.0169480088493
0.0227493936694
0.0289252671596
0.034033820072
0.0441813024964
0.0434783067875
0.0403671338011
0.0348494172896
0.0349941424971
0.0305707085238
0.0309202051299
0.0286750346674
0.0288994773518
0.0335916929304
0.033151957357
0.0246823413885
0.0177392294204
0.0161907630517
0.0170565818379
0.0165980018981
0.0105895644508
0.0074499276754
0.00669600515556
0.00303950350721
-0.00422246719611
-0.00638935797627
-0.0124588727048
0.0
-0.0195039144915
-0.021552722369
-0.023453396542
-0.023117314628
-0.0241522733109
-0.0252918018493
-0.0219372624258
-0.0192971668004
-0.0183125881355
-0.0150856439091
-0.0128880178339
-0.0142207353505
-0.0168311541462
-0.0218847121548
-0.0325019351115
-0.0465197196661
-0.0620051214413
-0.0772029386185
-0.0855968802587
-0.096245603032
-0.104902809985
-0.107387865852
-0.102578180512
-0.0973268138081
-0.090643089846
-0.0858826883709
-0.0767177621572
-0.0698738080652
-0.0640055644778
-0.0558648418725
-0.045400161143
-0.0317596055725
-0.0174027825409
-0.00262020193685
0.00417438634827
9.51138971756e-05
0.0011096622346
0.000120261681513
0.00586546271766
0.0084626263623
0.0130884709072
0.00552117704969
-0.00450419083304
-0.00884014262898
-0.0107336968135
-0.00574604161308
0.000786811771858
0.0043159782543
0.00656716650295
0.00732046719294
0.00484161961325
0.00519047260755
-1.59197559891e-05
-0.00328937085648
-0.000981819867218
-0.00222182451447
-0.000480574713631
-0.00347859860655
-0.00308817318735
-0.00970154056501
-0.0142439480953
-0.0144503279268
-0.0176959768819
-0.0174780383438
-0.0145586900039
-0.0174732394528
-0.0139695479497
-0.00880133028185
-0.0021041803723
-0.00559092420788
-0.00640927111658
-0.00935184992783
-0.0131904043658
-0.0166034827333
-0.0150133242428
-0.0203805980434
-0.020421757932
-0.0159151311116
-0.0169630811831
-0.0141751301461
-0.00447017914151
-0.00791676137824
-0.00738314738728
-0.00793048052167
-0.0133259841938
-0.00960533311968
-0.00866600212496
-0.01169855239
-0.00778649965601
-0.0125037956152
-0.0200697007095
-0.0218149099245
-0.029224824389
-0.0349351158183
-0.0340066201956
0.0
-0.0312612523693
-0.0313828700078
-0.0299931402213
-0.0279844527061
-0.024461536222
-0.0276227213775
-0.0257325270479
-0.0271303408348
-0.0270315125143
-0.0330522343064
-0.0408719927837
-0.0398841555193
-0.0347294454861
-0.0342728596627
-0.0371025402941
-0.040455534791
-0.0391787683312
-0.033137706076
-0.0302815648101
-0.0308834789867
-0.033716474559
-0.037444575635
-0.03663246647
-0.0325910009091
-0.0257928554909
-0.0214642426793
-0.0195690055697
-0.0201901901661
-0.0179124872459
-0.0199022610427
-0.013228763522
-0.0120187999019
-0.0179039481511
-0.020031528149
-0.0217780692767
-0.0233803940151
-0.0198410102705
-0.0197337851488
-0.0178833717657
-0.0164908166091
-0.019239579933
-0.0193180859685
-0.019028252224
-0.0148552618188
-0.0158010668043
-0.0194305832164
-0.0175851416639
-0.0217470421986
-0.0200968676871
-0.0200528009017
-0.0191280372019
-0.0167186529102
-0.0208548625933
-0.023198516526
-0.0258287604184
-0.0239165703726
-0.0220818327952
-0.0189551289352
-0.0151137017349
-0.0175854099633
-0.0175542311738
-0.0142511023266
-0.00886310306243
-0.00728777573562
-0.00689306254826
-0.00619933068908
-0.00545564052852
-0.00383366445812
-0.00230916552699
-0.00376758012385
-0.00434438400966
-0.00105988096558
0.00182907487524
0.00319371367528
0.00331209960808
0.00565823895743
0.010141806459
0.0106213212922
0.00576877486614
0.00624490701055
0.00368545048093
0.00155352410987
-0.000668649322198
-0.00209291127183
-0.00271993292034
-0.00813146058999
-0.00521115321732
-0.00490012073197
-0.00630593359581
-0.00471836547591
0.00047189512592
0.00745980965016
0.011527744195
0.00980235674089
0.00965772365804
0.011490828131
0.00972257317256
0.00994153153075
0.0139461868053
0.0154128021145
0.0104338064643
0.0133766730039
0.0173351261281
0.022850057533
0.0237836816506
0.0195678453023
0.0170087483976
0.0187911421116
0.025566824997
0.0369843367644
0.0420490233429
0.0331563362661
0.0315782587374
0.0356545113504
