-0.00058220223297
-0.00052010760593
-0.00045801297889
-0.00039591835185
-0.00033382372481
-0.00027172909777
-0.00020963447073
-0.00014753984369
-8.544521665e-05
-2.335058961e-05
3.874403743e-05
0.00010083866447
0.00016293329151
0.00022502791855
0.00028712254559
0.00034921717263
0.00041131179967
0.00047340642671
0.00053550105375
0.00059759568079
0.00065969030783
0.00072178493487
0.00078387956191
0.00084597418895
0.00090806881599
0.00097016344303
0.00103225807007
0.00109435269711
0.00115644732415
0.00121854195119
0.00128063657823
0.00134273120527
0.00140482583231
0.00146692045935
0.00152901508639
0.00159110971343
0.00165320434047
0.00171529896751
0.00177739359455
0.00183948822159
0.00190158284863
0.00196367747567
0.00202577210271
0.00208786672975
0.00214996135679
0.00221205598383
0.00227415061087
0.00233624523791
0.00239833986495
0.00246043449199
0.00252252911903
0.00258462374607
0.00264671837311
0.00270881300015
0.00328405490099
0.00517437455449
0.00515301530823
0.0045316259444
0.00468430432114
0.00472300101041
0.00512317204226
0.00592407617745
0.00603257188319
0.00657039655811
0.00736385200971
0.00768793538243
0.00803678530529
0.00733222152267
0.00776341329197
0.00824859470551
0.00800055216471
0.00849567324341
0.00832065952177
0.00861143998596
0.00858778176929
0.00789208117718
0.00827600100492
0.00839929787309
0.00813506412985
0.00879928730599
0.00764821721188
0.00779268047791
0.00626640191014
0.00652752553455
0.00704506358048
0.00745254139978
0.00570984639679
0.00607795347884
0.0065423041041
0.00736110930093
0.00712589488039
0.00520316496345
0.00574066651091
0.00533343372559
0.0053426422127
0.00526554778136
0.00412854442302
0.00455523716905
0.00266444452857
0.00386498673596
0.00432263343217
0.00355343939969
0.00461862418937
0.00568380897904
0.000908085846897
0.00157105774695
0.00490149751054
0.00365402796934
0.00388269012191
0.00411135227447
0.00434001442704
0.00431526904936
0.00401816514449
0.00338160856757
0.00210012784795
0.00109761877296
0.000670979578975
2.73295526214e-05
0.000535535324819
0.000141394804694
0.000112147318906
-5.15670481058e-05
-0.000184637656617
0.000473168289496
0.00118458124857
0.00192184010574
0.00120377361772
0.00328822053976
0.0053726674618
0.00341493125519
0.00243432849914
0.00263461160375
0.00184285975378
0.00230518882347
0.00336645440102
0.00345938515057
0.00282384085843
0.00328105662758
0.00365786877169
0.00374336008381
0.00379159875127
0.00486074155815
0.00511306127255
0.00517925683846
0.00634399150818
0.006048057386
0.00575212326383
0.00707531657322
0.00782208309444
0.00815420780218
0.00812420329412
0.00884140121999
0.00939379804584
0.00937755426217
0.0103674690493
0.0105125109427
0.0111999333976
0.0115870249207
0.0129017773239
0.0130415592162
0.0133979087676
0.0140477150073
0.0146700089488
0.0153274024105
0.0153457701357
0.0170227715198
0.0174320145735
0.0183051287103
0.0185975099142
0.0191895603586
0.0200117797112
0.0204823060597
0.0201262537551
0.0212394361467
0.0219371805941
0.0229637932301
0.0238819572921
0.0234961428487
0.0240796061437
0.0239318649194
0.0246801746894
0.0252820943939
0.0252882835112
0.0276882755328
0.0268521896824
0.0269260610521
0.0274691739899
0.0277555185654
0.0276447500875
0.0277045308267
0.0277650767991
0.0285223512898
0.0295779376658
0.0292668048401
0.0301058983043
0.0290538715706
0.0281876756346
0.029393560859
0.0293617703548
0.0302427073847
0.0311044677735
0.0312600813287
0.0315954079883
0.0305599758503
0.0309075605932
0.0317861013909
0.0315309824039
0.0326565821936
0.0317626756956
0.0309310338861
0.0308336026134
0.0304397799435
0.0300852762424
0.0307904921639
0.0312071481057
0.0301366980106
0.0284200993972
0.0261175137426
0.0289551189992
0.0287635977715
0.0281420817375
0.0275810030044
0.026719471378
0.0264505438993
0.0255345489723
0.0242391926185
0.0249255104224
0.02392527535
0.0236333217173
0.0228767163732
0.0220191568641
0.021671810934
0.0207625334795
0.0199443233075
0.0190412165477
0.0180702252644
0.0177742355593
0.016884210232
0.0163260038042
0.0150204750264
0.0143560592792
0.0138361284553
0.0133161976314
0.0127962668075
0.0122763359836
0.0117564051596
0.0112364743357
0.0107165435118
0.0101966126879
0.00967668186399
0.00915675104008
0.00863682021617
0.00811688939226
0.00759695856835
0.00707702774443
0.00655709692052
0.00603716609661
0.0055172352727
0.00499730444879
0.00447737362487
0.00395744280096
0.00343751197705
0.00373974900561
0.00355196951333
0.00428317243889
0.00468263293491
0.00395252531504
0.00390582182046
0.00385911832588
0.00381241483129
0.00376571133671
0.00307764566467
0.00353782548376
0.0053650226515
0.00455909039018
0.00517133521717
0.00497995661647
0.00380298574425
0.00549522404982
0.00603909191207
0.0063835364413
0.00641139147573
0.00722945069982
0.00751291569989
0.00736450913546
0.00737870643669
0.00838969102176
0.00823001562654
0.00817708123971
0.00808121703277
0.00894746744874
0.00869085083106
0.00958501356221
0.00945959367129
0.00975296580821
0.01008683596
0.0110888523745
0.0120908687891
0.0130928852036
0.0140949016181
0.012917732188
0.0127939117063
0.0126503003768
0.0126459924336
0.0127388625735
0.0131125250489
0.0146763658491
0.0139339677506
0.0139209266091
0.0140972502892
0.0158796413925
0.0173519096007
0.0165460339411
0.0161008333602
0.0156556327793
0.0155204817689
0.015485233773
0.0156664170576
0.015969193626
0.0162414161282
0.0162934500398
0.0167963879643
0.0185578847042
0.0177591679134
0.0171648328286
0.0175050531799
0.0178903947733
0.0174352241889
0.0184195841014
0.0184443362051
0.0188704841298
0.0182578298807
0.0186669200486
0.0187440285052
0.0196685797836
0.0199617762574
0.020121066074
0.0196345009164
0.0191479357589
0.0188636056752
0.0195635241567
0.0204443086175
0.0210071854941
0.0208078922184
0.0208732484816
0.0202871649381
0.0211582581584
0.0215895685054
0.0227155128305
0.020884808537
0.0249984913468
0.025245479027
0.0248168335413
0.0251604601315
0.0262543389385
0.025469908506
0.0269008787674
0.0273031155692
0.0276276439725
0.027731130375
0.0283796042945
0.0279017449315
0.0283878231499
0.028876249045
0.0287331579339
0.0286975685598
0.0297494792855
0.0301736746864
0.0310795752425
0.0288357398049
0.0293639212546
0.0295320042695
0.0300545908839
0.0277884996793
0.0296681869094
0.0297482567114
0.0298901571589
0.030304286
0.0304595684791
0.0299194681297
0.0289111382138
0.0287288120568
0.0287569255029
0.0281842402683
0.0279112429365
0.0267029578337
0.0258949068454
0.0251227873449
0.024077007434
0.0250420541107
0.0239745665636
0.0224875096553
0.021766648109
0.0208325224704
0.0209899101366
0.0214807886086
0.020043077533
0.0148854290468
0.0170587044002
0.0161186727584
0.0153005425073
0.0137993652932
0.0146785662831
0.0129032072446
0.0126093291492
0.0114073421227
0.0109821065993
0.0104686884015
0.00945713577215
0.00898921482485
0.00921020476792
0.00892678873913
0.00725414498448
0.00710208184767
0.00718944917883
0.00604588156934
0.00627939337347
0.00519335417812
0.00456976132554
0.00506239390394
0.00573359167628
0.000437742579883
0.00247467298784
0.00221317782037
0.00122621265465
0.00033278975891
0.000276997618109
-0.000100716703727
0.00065188985593
6.73380948575e-05
0.000156499900405
-0.000368291950781
0.000135378396188
0.000110193899612
8.50094030365e-05
5.98249064607e-05
0.000394524606337
7.2362666254e-05
-8.68777955197e-05
-0.000640257144392
-8.0256124224e-05
0.000533767105033
0.00209688868433
0.00120998771113
0.00197215235094
0.00202096739714
0.0023101077621
0.00214099334535
0.00177703909658
0.0017062123048
0.00167257686856
0.0024189325617
0.00328062701438
0.00362515823469
0.00407206435253
0.00443995263162
0.00580127501692
0.00499195847198
0.00496130716969
0.00561307445711
0.00629685855663
0.00716796541912
0.00692073696209
0.00834812634694
0.00889553836765
0.00952723082996
0.0101607423695
0.0103493062503
0.0106477696224
0.0088655305894
0.0121184908822
0.0122469431351
0.0130644423324
0.0143493264724
0.0144068399097
0.0152770403547
0.0154760736117
0.0160757830731
0.0165767485343
0.0168095488032
0.0171930249752
0.0179342701588
0.0183432740943
0.0184291325242
0.0191387016495
0.0197047900555
0.0204870388753
0.0197600421
0.0207539057523
0.0204242570947
0.0215840631431
0.0208495381826
0.0204756060819
0.0196095293756
0.022936112047
0.0232744023543
0.0235620510873
0.0236423326724
0.0237466858894
0.0241606803567
0.0244513341009
0.0240174506042
0.0243139613654
0.026175555396
0.0263552901288
0.0241799146422
0.027151534052
0.027261215724
0.0275688085599
0.0284323548943
0.0280606175431
0.0288596529707
0.0288866364434
0.0294551803407
0.0287426371786
0.0280746198356
0.0279467177474
0.0274806341861
0.0283309613492
0.0278860770349
0.0272825832265
0.0269514822748
0.0266001429579
0.0270916027554
0.0287058867523
0.0270920923965
0.0274905567896
0.0273154957545
0.0265232965917
0.0239802575875
0.0214372185834
0.025057122384
0.0242612869336
0.0239388531989
0.0223680846405
0.0222194879545
0.022044977777
0.0210614318592
0.0196798524077
0.0179840607149
0.0194580803888
0.0192493671742
0.0179490632233
0.0175241263432
0.0168054382943
0.0146806504643
0.0142241386864
0.0135799833375
0.0130491522156
0.0117535148921
0.0109286531713
0.0116918295441
0.0111128452136
0.00763125531349
0.00900072975494
0.0087658867898
0.00809820149521
0.00787385430794
0.00723911544613
0.00642300832349
0.00647671559564
0.00589460408024
0.00476954355468
0.00491511456948
0.00462374259983
0.00414685497418
0.0044109074386
0.00417677662374
0.00438784659637
0.00407866083137
0.00336817137925
0.00316305984655
0.00275806116205
0.0035189905456
0.00558166286204
0.00442188493798
0.00494190564194
0.0021220630363
0.00342048479249
0.00404350576526
0.00342741534061
0.00411909575468
0.00260326680018
0.00315606699278
0.0029151913831
0.00251082341395
0.00260603479554
0.00279403377574
0.00209986029228
0.000858020062846
0.00269050720077
0.00304885485615
0.00336975977274
0.00331543006047
0.00356268490484
0.00298839753743
0.00291084822604
0.00358236112366
0.00358320419633
0.00471727145201
0.00517309024061
0.00493813970429
0.00408764504461
0.00629283864316
0.00472160560001
0.00535349135449
0.00565609936217
0.00519640699614
0.00477871006415
0.00551018567479
0.00533553226114
0.00558203751805
0.00586057580774
0.00630218387901
0.00607522164071
0.00738394303258
0.00750308490877
0.00730456323535
0.00737721745406
0.00711092915105
0.00813407407043
0.00723773853125
0.00786094720915
0.00835531641498
0.00938781068543
0.00764202618276
0.00589624168008
0.00954018333674
0.00928874781574
0.00963087226735
0.0102941748984
0.0099936012432
0.00993240531297
0.0103367461716
0.0105110375907
0.0096298382109
0.0112770197569
0.0113155672225
0.0140104803371
0.0139244856183
0.013842329056
0.0129954215783
0.0136650075129
0.0132742235432
0.013396081416
0.0142114299845
0.0132608257265
0.0141282746995
0.0149048611942
0.0121429432753
0.0146596089898
0.0147679363073
0.0153746447534
0.0162347803106
0.0169516047093
0.0172483939792
0.017447623916
0.019264433146
0.0191218566971
0.0194090433879
0.0231071325769
0.0198927355399
0.0219835183374
0.0221239355214
0.0221780161676
0.0230994536905
0.0231547939774
0.0237478259503
0.0238437071577
0.0251584068086
0.0250165917541
0.0255489033363
0.0258010199517
0.026465106989
0.0267634441359
0.02684860614
0.0271841346878
0.0267184124832
0.0269690485159
0.0282786036724
0.0273442035155
0.0267460430504
0.0267748778869
0.0269468031898
0.0260412913043
0.0245008064405
0.0275774954637
0.0272272630741
0.0269714465147
0.0260040945105
0.0254590732375
0.0247936480258
0.0243503025687
0.0243222491184
0.0238869905152
0.0226302596399
0.0223555185521
0.0216224046613
0.0208089954781
0.0202765595264
0.0198884576
0.0184090391563
0.0176459282651
0.017149823619
0.0158080271641
0.0157895642636
0.0156020498516
0.0146258397479
0.0138208776602
0.0116494066394
0.0129202976691
0.0124587945106
0.0124476274681
0.0115384067581
0.0105559041976
0.00988338449977
0.00928546329539
0.00843492810995
0.00821917929821
0.00693296601935
0.0060010220751
0.00591452950407
0.00582803693304
0.00483112956586
0.00374123233207
0.0033087457907
0.00293839558748
0.00228459332676
0.00170731312505
0.00122951825179
0.000376658387813
-0.000150636958781
-0.0012007116338
-0.00380139751986
-0.000783467646777
-0.000258438758518
-0.00191372760082
-0.00237461672994
-0.00247907761164
-0.00252661580876
-0.00242849306661
-0.0031334448138
-0.00340746475297
-0.00242585162443
-0.00277938703862
-0.00285901511005
-0.00379482089838
-0.00430714844999
-0.00328532934944
-0.00375962137864
-0.00465644619257
-0.00420758914351
-0.00331866182539
-0.00294078306929
-0.0032690530135
-0.00316295683181
-0.00234442257705
-0.00407507575078
-0.0015015332263
-0.00164155838859
-0.00100378477907
-0.00032385159954
-0.000218477576483
0.00101122693554
0.000616708670094
0.000372693148826
0.000905926376892
0.00120466305079
0.00145773468358
0.000155023278368
0.00302947133038
0.00322516708461
0.00451980985752
0.00460169171773
0.00530528463865
0.00616916148349
0.00669046498355
0.00713036592376
0.0073508215676
0.00837832132534
0.00851750222411
0.00871489425641
0.00970350122567
0.00977929973077
0.011395340163
0.0122572689894
0.0113397745017
0.0113761233536
0.0118035786154
0.0116599142942
0.0128987764452
0.013498471725
0.0136101763805
0.0120363926837
0.0147648987304
0.0156616813845
0.0151742509629
0.0151273053719
0.0161665482174
0.015866721781
0.017309704022
0.0167912198197
0.0166418879151
0.0175570517449
0.0176186532296
0.0150555911351
0.0193009274048
0.0197373930486
0.020861235118
0.0215440256672
0.0222219090186
0.0219289287898
0.0225494519935
0.0227343844774
0.0228204334923
0.0223168489992
0.0225429863883
0.0235968360163
0.0246506856442
0.0238863448385
0.0237853736658
0.0238649257336
0.0237476667104
0.0241495323679
0.0237700294349
0.0239354921605
0.0244688599745
0.0251112245958
0.0245005926899
0.0243222593919
0.024082156152
0.0236087479407
0.0232006063536
0.0227816144734
0.0223955738349
0.0221573353227
0.022117914604
0.0213725806186
0.0211472598402
0.0204299407085
0.0197716562524
0.0183763137902
0.0203731275314
0.0195062523227
0.0195915385449
0.018707172956
0.0179069687001
0.0170023917688
0.0170065892031
0.0160617164481
0.0159678844468
0.0152662537071
0.0143733236736
0.0118041365191
0.0137361857674
0.0126431339231
0.0120678597318
0.0117857336117
0.0112346703332
0.0110162827227
0.0104882500881
0.0100129716705
0.00936434199815
0.00842687802531
0.00878145965582
0.00676308927367
0.00856743198218
0.00797771255045
0.00773181985984
0.00716504226404
0.00704118224715
0.00717388404439
0.00673156399836
0.00657121112987
0.00632436277922
0.0063680480604
0.00565073147111
0.00541234185153
0.00561292526389
0.00476972677742
0.00597686909682
0.00462046070669
0.00404167568582
0.00422220465986
0.00433498918084
0.00355826506552
0.00212708346336
0.00326002479607
0.00291925221111
0.00129381705744
0.00306644791223
0.00369250808983
0.00351338184227
0.00256495471715
0.00257269742311
0.00307631493126
0.00368859738331
0.00212839076143
0.00172578802017
0.00158568288016
0.000978910990059
-0.000320241694896
0.00261939830725
0.00218736086443
0.00173168927778
0.00163716356694
0.00246044093335
0.00260396945178
0.0023974838928
0.00285602536736
0.00283356878899
0.00218276637123
0.00179995898421
0.00254645489801
0.00329295081182
0.00403944672562
0.00417228538776
0.00433712441343
0.00517657150286
0.00864096232021
0.00891656698376
0.00919217164731
0.00946777631086
0.00974338097441
0.00843375310824
0.0053742501124
0.00837604868243
0.00759406530839
0.00679153171767
0.00658163769356
0.00708297364763
0.00655843819523
0.00686292322936
0.0057850026244
0.00411942298899
0.00384644543238
0.00223714594728
0.00333075323727
0.00586949898768
0.00725358424408
0.0036227004417
0.00615303395887
0.00442204864585
0.00801885292562
0.0049373493721
0.00664937933532
0.00637227021593
0.00600160814658
0.00671610163312
0.00388447156171
0.00773993382315
0.00719410038826
0.009021917224
0.00837279910484
0.0062601908961
0.0100377919272
0.00842384848838
0.00913165283807
0.0109769972719
0.0107958227988
0.0107832786076
0.00819496341065
0.0133809662811
0.0132361529567
0.0138842883755
0.0155935077753
0.0151385137895
0.0154087768456
0.0161360699919
0.0168771203739
0.0173067411113
0.0178845781916
0.0163448054634
0.0187609663765
0.0211771272897
0.0210696102924
0.0229199945555
0.020893245263
0.0223342375543
0.0217606976531
0.0229750320248
0.0228606177854
0.0235158226847
0.0245385531237
0.0239241701104
0.0235304749831
0.024585051134
0.0253321920818
0.024213814739
0.0253439634495
0.0246326927607
0.0248147973827
0.0250449595732
0.0242808234834
0.0241110589655
0.0240203374434
0.0245587419106
0.0242021440825
0.0228294992598
0.0228937628931
0.0245727799641
0.0254007257538
0.0246418937822
0.0238882613174
0.0246632164273
0.0241998751842
0.0254312832545
0.0234286897472
0.0198912640042
0.0204651592934
0.0210390545825
0.0199591077109
0.019217686908
0.0194100618358
0.0185065250681
0.0173912223692
0.017248208369
0.0164814926881
0.0151409708649
0.0146278604126
0.0133440524222
0.0110799778264
0.0133684974075
0.0123783979233
0.0120974096003
0.0117107814059
0.0111921245632
0.0100562780076
0.00937126342302
0.00948724785853
0.007769058509
0.00763934788163
0.00666445274741
0.00702946355196
0.00739447435651
0.00447323146199
0.00478421326937
0.0037730509925
0.0026793757006
0.00171532322257
0.00126712588359
0.000912316575883
2.53394663319e-06
-0.000520111665974
-0.000723331351936
0.000139455720779
-0.000384314405179
-0.0020590814175
-0.00264095326683
-0.00243518865287
-0.00349046300161
-0.00299344690809
-0.00371155134807
-0.00400992015645
-0.00413344246274
-0.00383552683804
-0.00440344824561
-0.00698299653779
-0.00398434259491
-0.00445548523198
-0.00500499466302
-0.00536231412781
-0.003846706255
-0.00399707041079
-0.00447483085982
-0.0051948924469
-0.00435416882737
-0.00197624148059
-0.00291971178499
-0.00209566740375
-0.00193672546719
-0.00131979543167
-0.000951987040308
-0.00115136662999
-0.000789286390991
-0.000536185636471
0.00086125556624
0.000682151444636
0.00112087094222
0.000685688807611
0.00155970796474
-0.000602595249752
0.00364416711431
0.00387418652566
0.00357457949084
0.00443821040388
0.00473790655284
0.00561198352213
0.00635039313911
0.00653374262595
0.00684928000451
0.00727259154547
0.00755532012486
0.00823399914494
0.00832978455649
0.00861235032476
0.0089630972031
0.00947189897413
0.00874893675221
0.00973494512027
0.0100083192355
0.010217735744
0.0115067129987
0.0114740727786
0.0107294616916
0.0101746543059
0.00961984692015
0.0133602255702
0.0136331818366
0.0139320931572
0.0141411584606
0.0139531087722
0.014194427435
0.0151137898113
0.015162516347
0.0157610846709
0.015978409904
0.0171162651485
0.0181486745779
0.0208507497993
0.0201942350054
0.019332533357
0.0194707294436
0.0205544388401
0.0198036722242
0.0201340363907
0.0210545667627
0.0204119021005
0.0199432098345
0.0173437782407
0.0212922105431
0.0209284521472
0.0217098737852
0.0208530637155
0.0211324911063
0.0202976383297
0.0202119153089
0.0207679480185
0.0202727132502
0.0196735505643
0.0201670756407
0.0196325328221
0.019338839358
0.0193880944996
0.0188867979412
0.0185844962556
0.0185291925064
0.0185019475569
0.0181035407455
0.017244815684
0.0178736699532
0.0177670483757
0.0168714324677
0.0128648354761
0.0160403357169
0.0155707205647
0.0150202508764
0.0147778798507
0.0142063054664
0.0139092785629
0.0134658924032
0.0132460836756
0.012967020772
0.0128881225632
0.0124327456433
0.0107719264951
0.011195000274
0.0102601578224
0.0101459123133
0.00997927639177
0.00923051238849
0.00928594175216
0.00772571069329
0.00960504368975
0.0088349252422
0.00877001682243
0.00851188986994
0.00499470987576
0.00807029091968
0.00801751343682
0.00758436273454
0.00753262432398
0.00680584089472
0.00755075617877
0.00637788694785
0.00868678936997
0.0089712821339
0.00925577489783
0.00766510946305
0.00742891630749
0.0061457408988
0.00582038856136
0.00526537846349
0.00543309744573
0.00535250705116
0.00404143795895
0.00296753636097
0.00280497054808
0.00187238057891
0.00243957090229
0.00201403288433
0.00192624429122
0.00183845569812
0.00133830170092
0.00189156385666
0.00119430553427
0.00136707441824
0.00147369038209
0.00150381083369
0.00108120463947
0.000984696618501
0.00101176410004
0.00141595509971
0.00267997176933
0.00259759873791
0.0028866011066
0.00138854816187
0.000720165327386
5.17824929023e-05
-0.000731039996912
-0.000363953903004
-0.000447729985545
-0.000610522344799
-0.000870414827862
6.8510476259e-05
-0.00201488133397
0.00101128966975
0.000599042092911
0.000495365817208
0.00083488248648
0.000496934310412
0.00118268823379
0.00178319594888
0.00155936926078
0.00156027596792
0.00198762949077
0.00171035119024
0.00197055456646
0.00163787816455
0.00202269380817
0.00180013515542
0.00217310841809
0.0019875765799
0.00213174250878
0.00150225882164
0.00240365883641
0.00247278413451
0.00223466422234
0.00225689730048
0.0012477760219
0.00287131467928
0.00322467107659
0.00311545132498
0.00301924880928
0.00393049204199
0.00419712378098
0.00606040057688
0.00520754972526
0.00421175359313
0.00403336718449
0.00439377755001
0.00289390848413
0.00531990419724
0.00553503070101
0.00593792845218
0.00643223610728
0.0067472134769
0.00713782420691
0.00817333816425
0.0102421384443
0.00845870833523
0.00903343393401
0.00990761671402
0.0101402334643
0.0107082968993
0.0112517851963
0.0119083609441
0.012574283137
0.0129529231904
0.0135117181786
0.0144677101903
0.014874753085
0.0150660626201
0.0162111928431
0.0166087254671
0.0147311801158
0.0190107831444
0.0179257714026
0.0186118789001
0.018605372952
0.0191569562266
0.0192467582109
0.0190222641649
0.019393288568
0.0205480655786
0.0207210230854
0.020330061582
0.0202831012716
0.0202361409611
0.0207296240309
0.0208699644028
0.0200951736631
0.0199859373071
0.0200584062624
0.0202268924451
0.0204515495351
0.0194644155702
0.0194755173387
0.0187556259855
0.0189022933487
0.0184239791516
0.0195095553264
0.0205951315011
0.0186405938746
0.0176058941107
0.0164042960156
0.0159896718393
0.0153904957275
0.0151032318815
0.0142105125699
0.0141790550046
0.0107287954232
0.0134340617683
0.013048210991
0.0124784098341
0.0121377641551
0.0113293481834
0.0120083159499
0.0112201921811
0.0103647389842
0.0102616252076
0.00945425392581
0.00905708548299
0.00764425953091
0.00705412164588
0.00644745589674
0.00605666084258
0.0054252125326
0.00450184959593
0.00375579806239
0.00297028774455
0.00209751143938
0.00169640755489
0.0011085193237
0.00073216863241
-0.00228108694559
-8.43790857201e-05
-0.00133199714821
-0.00194697050364
-0.00374863652777
-0.00311474377777
-0.00384311339279
-0.00431161638722
-0.0046705236191
-0.00515484316009
-0.0060649068125
-0.00613536824418
-0.00679541423916
-0.00712158082888
-0.0080082815416
-0.00786275316625
-0.00827573369576
-0.00819549762456
-0.00824307426954
-0.00883183659155
-0.009340154292
-0.00954145349508
-0.00747572512446
-0.00935660189922
-0.0105701034615
-0.00867641733561
-0.0082533165849
-0.00804031441282
-0.00829367470598
-0.00770950749558
-0.00718505345321
-0.00597179867246
-0.00683313619578
-0.00657691989502
-0.00641680252772
-0.00590384440241
-0.00614738098751
-0.00502815158217
-0.00448342591484
-0.00429700345448
-0.00350782138529
-0.0033833307747
-0.0028102423422
-0.00261704775812
-0.00229757028755
-0.000936268866318
-0.000448294450513
-0.000312688821073
0.000321136675062
0.000954962171198
0.00195269631328
0.00201522692676
0.00277493336445
0.00326113105064
0.00377483619814
0.00346302958322
0.00499862540059
0.00487509729747
0.00597613722312
0.0066702801218
0.006177192623
0.00660225616925
0.00642538381397
0.00798265935241
0.00746688371152
0.00637479254121
0.00693861028599
0.00569345237852
0.00687482183609
0.00894174959694
0.00680481647965
0.00845280884426
0.00539323031463
0.00849838309897
0.00814687337992
0.00826550157982
0.00880474358036
0.00962523148793
0.00993142854242
0.0100597528297
0.010396296079
0.0107477543901
0.0114010026913
0.011649692314
0.0120641414333
0.0126867060536
0.0122676021162
0.0126413092721
0.0133377014895
0.0139177442444
0.013307012478
0.0131499540638
0.0131682119193
0.0138086322493
0.0135441696006
0.0153124897281
0.0117727555793
0.0145922979748
0.0143420739802
0.0152270317192
0.0148915434275
0.0145166967589
0.0150103273052
0.0149342594053
0.0150558858313
0.0149507310696
0.0170994536068
0.016185866123
0.0147740599941
0.0143919544452
0.0138358212427
0.0128883287967
0.0133513735683
0.0130697280363
0.0121285150532
0.0131136456958
0.0120477330623
0.0116148325572
0.0109016817897
0.0112464656219
0.00821478154539
0.011027595812
0.0105957684977
0.0106797234584
0.0104115247781
0.00955843928791
0.00926763835349
0.00913965778618
0.00878980333741
0.00874569304038
0.00873986302295
0.00818263443838
0.00786398273124
0.00758005419452
0.00785653882682
0.00742917640569
0.00720905463251
0.00768494178569
0.00640995309987
0.00652751084176
0.00614543944075
0.00576358403344
0.00568117619178
0.00518715281522
0.00504885167635
0.00491055053748
0.00702878140504
0.00631659069567
0.00625972979732
0.00542980514863
0.00468454238123
0.00367989141095
0.00380148781283
0.00295462678285
0.00264390063553
0.00201950686101
0.00141401009533
0.00116446856995
0.000605528185432
-9.16153453652e-05
-0.000336414453951
-0.00113702267892
-0.00155575287976
-0.00208983398205
-0.00321611195743
-0.0036615795108
-0.00296346928033
-0.00444842899879
-0.00471942292121
-0.00436769522679
-0.00514757776378
-0.00593109030905
-0.00591141793294
-0.00567241948277
-0.00713943049926
-0.00734903947436
-0.00593577601151
-0.00682469923263
-0.00699150568086
-0.00660543115417
-0.00846475003519
-0.00543637580164
-0.0062838071176
-0.00628133908016
-0.00645929021196
-0.00615345405401
-0.00599376328272
-0.00648723852237
-0.00611032119773
-0.006532063638
-0.00637849723211
-0.00590188909407
-0.00642874889005
-0.00603766214426
-0.00585555109636
-0.0054654330088
-0.00540313944576
-0.00489104304089
-0.00535661164332
-0.00491953833931
-0.00442244612474
-0.00440652751069
-0.00396559882736
-0.00447979241575
-0.004282702797
-0.00430790035593
-0.00347810627268
-0.00357481415329
-0.00304085304315
-0.00329588470098
-0.0038795700197
-0.00412265923907
-0.00357562850004
-0.00322986848415
-0.00144756848351
-0.001598851844
-0.00289517248439
0.00262713859006
0.00214051613855
0.00178963641105
0.000963951393408
0.000674432801129
0.00139157289616
0.00120194734198
0.00100540920113
0.00169307188302
0.000962869297709
0.00202486071509
0.00164191470803
0.00206175536301
0.00280366518375
0.00374553390793
0.00461590966787
0.00466296390773
0.00516578311617
0.00632504963898
0.00632027070122
0.0075938599286
0.00758800823266
0.00801485504198
0.00900504871965
0.00999524239733
0.010985436075
0.0109461161123
0.0126768941186
0.0122086877857
0.012743627891
0.013604813373
0.0133542190467
0.0160614643022
0.0142673791948
0.0141784765314
0.0122876534133
0.0158976054949
0.0165333568102
0.0170812608539
0.0169618353089
0.0171996090655
0.0176116911212
0.0175117510992
0.0175832682151
0.0171914486481
0.017671465888
0.01733683592
0.0176858975464
0.0175947827492
0.0171223360334
0.0173166471362
0.0179049482583
0.0173208597499
0.0169970902061
0.0169593261938
0.016164627197
0.0157276878066
0.0154030935204
0.015346687469
0.0151645320306
0.0142853932859
0.01469939009
0.0148014301939
0.016609623473
0.0166600199871
0.0148739925806
0.0147057055172
0.0136483500109
0.0134260958126
0.0126188009186
0.0121698298746
0.00993137375119
0.0152558648606
0.0141119594059
0.0134167042159
0.012236607778
0.0110074865029
0.0106983785629
0.00938175583886
0.00861467168185
0.00800698964196
0.00700112090357
0.00586680137806
0.00520220596521
0.00414206439883
0.00330263745582
0.00207345468162
0.000484173767184
-0.000129943577476
-0.000262255328843
-0.0010567555041
-0.00239509614537
-0.00298372565117
-0.00397375462449
-0.00518742157114
-0.00610964639107
-0.00668005416204
-0.00683147241345
-0.0078578943942
-0.00562657193549
-0.00645390142584
-0.00780094387424
-0.0088503906034
-0.00971751724485
-0.0105846438863
-0.010818426455
-0.0120483575822
-0.01245839039
-0.0128011792118
-0.0125135843647
-0.0124980637454
-0.0129083580973
-0.0134356442473
-0.0131959042024
-0.0135540765883
-0.0139682256891
-0.0136289073924
-0.0138258529518
-0.0133366324887
-0.0112620520134
-0.00918747153816
-0.00796502214957
-0.00872929617937
-0.00916304687795
-0.00883090505374
-0.00975621455976
-0.00906694480789
-0.00897776236606
-0.00870959790535
-0.00727533095721
-0.00675725593599
-0.00672659399404
-0.00586735308318
-0.00604423615619
-0.00550261487416
-0.00552640862583
-0.00492704362645
-0.00576799135751
-0.00475249256143
-0.00427657804389
-0.00303991536268
-0.000417374232733
0.00117742747546
0.000725753290535
-0.000693014913177
-0.00115070208099
-0.000286077690209
-0.00081231888748
-0.000385858565879
0.000399991319487
-6.47578138633e-05
0.00143638910445
0.000816650172003
0.000674042307125
0.000783243235839
0.000823923378217
0.00119687673075
0.00137014909918
0.0021557164705
0.00203622375433
0.00288951410627
0.00280829936975
0.00237824097409
0.00250974558145
0.00389358134829
0.00618055487405
0.00532609026485
0.00310174019385
0.00790616696634
0.00706350292025
0.00764787857428
0.00666660996392
0.00737716735957
0.00673889693005
0.00721602288019
0.00728019335437
0.00823155217598
0.00802125074504
0.00787818202777
0.00829664362713
0.00879962130163
0.00904423668358
0.0094347625673
0.00871960998429
0.00902719973295
0.0095875252441
0.00954595400055
0.00970616636432
0.00983273805646
0.00978374499094
0.0098952398974
0.0086403566815
0.00936407202322
0.0105077257278
0.00990601950637
0.0108758041663
0.0103637119054
0.0103806545348
0.00962035013807
0.0101897231198
0.00970683641241
0.00942884606503
0.00965312099886
0.00966337933783
0.00967363767681
0.0089016080377
0.00900388645516
0.00840874077681
0.00901120245315
0.00908036548646
0.00832607072042
0.00727171154426
0.0093680979331
0.00840155386567
0.00809719591151
0.0091842710628
0.0102713462141
0.0095171551029
0.00967329097606
0.00980643321753
0.00928458892374
0.00912289206799
0.00749184997241
0.00846506781031
0.007239046991
0.0070525323782
0.00690007685238
0.00756751949801
0.00741786125183
0.00623301154347
0.0060994128512
0.00576274277153
0.00569517569423
0.00482036901732
0.00496590392133
0.00454455107298
0.00404805547143
0.00356206427378
0.00307878336626
0.00275373432591
0.00270770444899
0.00223077628313
0.00128189899046
0.00143747801052
0.00104141720839
0.000586548382876
0.000242503987769
-0.000665155903728
-0.000727320122524
-0.000984639577165
-0.00277150461192
-0.00359660558441
-0.00416188877375
-0.00484645011346
-0.0037516266481
-0.00511902525931
-0.00614976152838
-0.00658670194164
-0.00711743430899
-0.00649158504091
-0.00789859161631
-0.00798159839458
-0.00537521823075
-0.011042666626
-0.00756715851042
-0.0075248330703
-0.00889384931245
-0.00919325337714
-0.0094306077009
-0.00947061114184
-0.00970242118732
-0.00968524929766
-0.0101587884402
-0.0107468944434
-0.0104596556634
-0.00984935595775
-0.0099024737045
-0.0103367370317
-0.0109437477735
-0.011421711936
-0.0112319049886
-0.0118882910511
-0.01151188733
-0.0118011036436
-0.0116267195872
-0.0114644516298
-0.0114280076233
-0.0118159535559
-0.011916942778
-0.0113468448907
-0.0111682534116
-0.0109479920809
-0.0111190529348
-0.0114736828334
-0.0104821685566
-0.0107945941542
-0.00931434459499
-0.010079286935
-0.0100849164305
-0.0106677778855
-0.0103157891613
-0.0096215221962
-0.00899127992838
-0.0089399317303
-0.00816205943572
-0.00962570822105
-0.00923740499731
-0.00757585741691
-0.00676509257416
-0.00820413148347
-0.00658202080031
-0.00630596780898
-0.00602991481766
-0.00575386182633
-0.00591982205366
-0.00585952801379
-0.00564020242999
-0.00570160913316
-0.00520192791653
-0.00419904654623
-0.00427328472455
-0.003545920597
-0.00258038392019
-0.00293548503035
-0.00242031749383
-0.00124197824374
-0.00101406652775
9.5941121359e-05
0.000742686950455
0.00166685801334
0.0021422390389
0.00272035531244
0.00410816114953
0.00520958040657
0.00636836228437
0.00586074139151
0.00620129982301
0.00660934191397
0.00710114971685
0.00778333548294
0.00971841057504
0.0095754028405
0.0110796280518
0.0113316250884
0.0106612385102
0.011767719771
0.0119638369169
0.00856504294091
0.0133394707502
0.0141407845741
0.0138102502696
0.0138553025443
0.0143445774297
0.0135714844747
0.0140721149822
0.0142365351863
0.0135053229262
0.0128699323162
0.0126021590768
0.0136852051329
0.0134158361407
0.0135640870143
0.0133822369016
0.013087737301
0.0124557077398
0.012616759482
0.0122439912161
0.0121252010584
0.0118604825081
0.0114129643149
0.0115577285681
0.0109624239217
0.0107190497688
0.010732625031
0.0101376731578
0.00972160031114
0.00979220725377
0.00881231575572
0.0087950615264
0.00810495769726
0.00741745114151
0.00659296734817
0.00671918966549
0.00737929537109
0.00594294864906
0.00526350559699
0.00473761124733
0.00434570365996
0.00271059464767
0.0024276612389
0.00164273884798
0.000903985751422
-0.000939635333239
-0.000997196743457
-0.00167018872027
-0.00382544805529
-0.00376501561738
-0.00430240218346
-0.00443910356792
-0.0054105737296
-0.00580400816879
-0.00772707982697
-0.00775027744618
-0.00879923598001
-0.0103352643268
-0.0105434601674
-0.0107032272148
-0.0112787985289
-0.0118543698431
-0.0130808172157
-0.0142933292245
-0.0146372417159
-0.0146790972955
-0.0161663140667
-0.0153167030953
-0.0152269337989
-0.0160791976964
-0.0167351409549
-0.016753504328
-0.0174350959648
-0.0168842142235
-0.0163668699759
-0.0170702473608
-0.0167361285101
-0.0179139991049
-0.0178839890257
-0.0179063155254
-0.0168143520961
-0.0156354756968
-0.0163143275232
-0.0167363480439
-0.0174503188365
-0.0139789065879
-0.0142316159351
-0.0144336912754
-0.0132618499708
-0.0133408333026
-0.0131974153445
-0.0128940365215
-0.0132542733073
-0.0125610158244
-0.0117695707503
-0.0116828983602
-0.0125626329687
-0.0112822020994
-0.0108314016066
-0.0100905174693
-0.0098302265757
-0.00978504564831
-0.00906698018743
-0.00737647803377
-0.00761513909411
-0.00809485225999
-0.00837659979117
-0.00740379886462
-0.00699527617192
-0.00864674443146
-0.00727291764046
-0.00757452528409
-0.00684238795983
-0.00714965199352
-0.00757179876109
-0.00689622515775
-0.00670094167098
-0.00605731202655
-0.00616814531736
-0.00535262321823
-0.00509743755319
-0.00454632447959
-0.00372021771614
-0.00415436132306
-0.00318718206559
-0.00405512513416
-0.00368147271342
-0.00325450139883
-0.0026461637621
-0.00166960547541
-0.000584635105417
-0.000212638226564
-0.000743501120261
0.000414304616007
0.00417808219867
0.00492708122513
0.00408067016259
0.00384363627413
0.00380376260226
0.00374879803607
0.00381925502783
0.00357823298302
0.00364392504048
0.00276826779625
0.00448742440585
0.0040286204111
0.00395139709187
0.00493279081853
0.00517874658015
0.00611692115671
0.00691503887591
0.00643499901879
0.00747411086967
0.00652299713659
0.00666949319272
0.00611280610426
0.00601886899675
0.00592493188924
0.00630755959002
0.00622391345053
0.00496707138013
0.00515035280782
0.00550453776473
0.00591455426378
0.0061365299185
0.00555671213274
0.00569872090346
0.00573382379196
0.00481464335715
0.00518284691713
0.00563932980565
0.00495700163075
0.00506122467641
0.00405770378797
0.00460616100063
0.0049051512533
0.00446887502182
0.00475286757342
0.00475552042291
0.0048172173549
0.00419237956194
0.00445108840256
0.00466191222675
0.00417926370728
0.00411574627605
0.00452121588125
0.00471009994439
0.00478487429994
0.00484345722986
0.00501518694565
0.0045613825051
0.0043550612887
0.00271701652343
0.00477337676634
0.00555574181326
0.00467491698042
0.00360117986295
0.00197283750635
0.0015651736565
0.00128712246168
-0.00065517875635
-0.0004502437187
0.000564445394784
-0.000608660605158
-0.000274024765897
-0.00107131662309
-0.00262156384332
-0.00238999327589
-0.00256678886564
-0.00347693872801
-0.00439126095257
-0.00404072796669
-0.00451459572021
-0.00581643466165
-0.00638816070757
-0.00600815796641
-0.00510455483827
-0.00583540396787
-0.00543305922049
-0.00653087600668
-0.0062852574019
-0.0064135036174
-0.00654041116581
-0.00769434728118
-0.00805340106986
-0.00842133532816
-0.00898358795736
-0.00978984960639
-0.0102638868334
-0.0107373575999
-0.0108906706066
-0.0112746737509
-0.0116176315208
-0.0116940883753
-0.0121700341081
-0.0120916131369
-0.0118377981649
-0.0115034401083
-0.0111259105156
-0.01150143876
-0.0117070037328
-0.0116653352267
-0.012673328293
-0.0130475024613
-0.0124672103869
-0.0119325912742
-0.0133797564646
-0.013644309184
-0.0138807109867
-0.0141472260156
-0.0150345690516
-0.0146459366962
-0.0136573557058
-0.0126687747154
-0.0134894800451
-0.013963551235
-0.014413860707
-0.0146511442012
-0.014011989418
-0.0145255398407
-0.0137590972628
-0.0137129336188
-0.0137406216052
-0.0141359918399
-0.0140903237537
-0.0136379313643
-0.0129955248538
-0.01204083558
-0.011532213654
-0.0104391965459
-0.00899186704807
-0.00966799583699
-0.0101113141303
-0.0101771941049
-0.010125276729
-0.00957075040313
-0.00919937637982
-0.00921003184057
-0.00852382762669
-0.00896991639548
-0.00776622242683
-0.00763994501199
-0.00642486672275
-0.00617481779354
-0.00496665861952
-0.00443200458922
-0.00442392222087
-0.00361169564519
-0.00453524927319
-0.0017481724925
-0.00101031688628
-0.000274881873267
-2.53394663297e-06
0.00129737324997
0.00147640743375
0.0016736205543
0.00228058698034
0.00227868136014
0.00327216726733
0.00444168840813
0.000873361276863
0.00633679295222
0.00592794476992
0.0074082477232
0.00761112134317
0.00874098831268
0.00896908098109
0.00914456035507
0.00884125474458
0.00977094925585
0.010027457027
0.0118736345736
0.0082681733833
0.0129003529371
0.01171039121
0.0112868855671
0.0122331556163
0.0114278344951
0.0113633283673
0.0113753122942
0.0108821421625
0.0108763922559
0.0113488053177
0.0105722910801
0.0107427425862
0.0109131940923
0.0109868352919
0.0104945834636
0.0104425913556
0.0104353785822
0.00963264147248
0.00902208803659
0.00915724285569
0.00922178668715
0.00881563164073
0.00850210478718
0.00611210599624
0.00968080610306
0.00923865380465
0.00840378552127
0.00752692738989
0.00728257825268
0.00622217746602
0.00583741062353
0.00472962143783
0.00362052377072
0.00321589962013
0.00186107398631
0.00204604565555
0.00223101732479
0.00183110257067
0.00086975875341
0.000716746976259
1.55278510958e-05
-0.001239234492
-0.00162367667271
-0.00258365758213
-0.00457264136696
-0.00555921934105
-0.00680488241897
-0.00818715741823
-0.00826643848663
-0.00838409082096
-0.00994399359989
-0.0096664538741
-0.0111639552576
-0.0124925451658
-0.0141237328157
-0.0139568038471
-0.0148415800883
-0.0152782175031
-0.0165273013548
-0.0188614098824
-0.0152816427171
-0.0153968968772
-0.0158323103086
-0.0158678400684
-0.0169305175507
-0.0180914424387
-0.018434260372
-0.0187770783054
-0.0190200409446
-0.0193941144646
-0.0194913192127
-0.0187925450479
-0.018093770883
-0.0181743564227
-0.0180665602334
-0.0182501505124
-0.0178801148315
-0.0182396116907
-0.0185689998032
-0.0173806741714
-0.0166313565478
-0.017037273486
-0.0175719886914
-0.0165105754315
-0.0154491621716
-0.0158301271453
-0.0158524258696
-0.0156000334626
-0.015215925956
-0.0159463175875
-0.0160543044494
-0.0151167514258
-0.015338685206
-0.0151219557578
-0.0144734142673
-0.0176129137481
-0.0133628361385
-0.0131867839045
-0.0124559858835
-0.0130441061456
-0.0129660875361
-0.0116595580614
-0.0116788339047
-0.0120644164819
-0.0124984683039
-0.0124384666335
-0.0126983546087
-0.0150585359617
-0.0102989163732
-0.00884451482722
-0.00924683530992
-0.0102559469591
-0.0100467085929
-0.0100221253021
-0.0099527712194
-0.00992838267741
-0.00982504614078
-0.00905665013207
-0.00983863672566
-0.00865174992991
-0.00746486313416
-0.00752926708103
-0.00792169462974
-0.00703689343857
-0.00654546522373
-0.00616163035826
-0.00599648286642
-0.00525799225767
-0.00522679721092
-0.00474088884798
-0.00465715868652
-0.00515213609878
-0.00564711351103
-0.00082109456978
-0.000431224482997
-0.000310829285739
-0.000290751406303
7.0903922019e-05
-0.00031563803996
-0.000949735994698
-0.000115847212323
0.000173887483125
0.000139107780831
-0.000481888756437
-0.000427047661551
0.000511469655636
0.000500428085012
0.000925691999851
0.000593799562235
0.000865143139807
0.000539033108398
0.000555028419082
0.00103285019601
0.000661965908157
-3.90500934128e-05
-0.00228206943965
0.00163316992815
0.00230040345976
0.00199571688191
0.00201003129597
0.00248717829368
0.00235280108838
0.00238391978844
0.00194118663949
-0.00028000508187
0.00124531080537
0.00156469257477
0.00277174531735
0.00397879805992
0.00400031964188
0.00371835870892
0.00352805101997
0.00429784818403
0.00300685345043
0.00261728236962
0.00305042709399
0.00239708130784
0.00174399429178
0.00221097660878
0.00361810065049
0.00502522469219
0.00382329040873
0.00382965821769
0.00357783783666
0.00220395160081
0.00168306342527
0.00197957047039
0.00190156987177
0.00140919340587
0.000881147656887
0.000419939115869
-0.00210528497427
0.00288630089829
0.00314517336363
0.00201359520599
0.00147742644937
0.000217257905749
-0.000591973054301
-0.00126360227741
-0.00255606984924
-0.00362150114273
-0.00424926761523
-0.00480672108133
-0.00681705124895
-0.00504677712783
-0.00628655865588
-0.00716734140064
-0.00803669258979
-0.00969687990402
-0.00967495371971
-0.0103471522448
-0.0111847741026
-0.0116145741397
-0.0121908491347
-0.0131493226101
-0.013003426184
-0.012857529758
-0.0134814950969
-0.0143796548031
-0.0145211140415
-0.0153134363077
-0.0159680170709
-0.0164086974234
-0.0159655785184
-0.0162534801545
-0.0166044917484
-0.0166065241809
-0.0166085566133
-0.0166105890458
-0.0166126214783
-0.0172111714944
-0.0164983591777
-0.0178868748404
-0.0185774712278
-0.0196409927016
-0.0205591236078
-0.0217971524948
-0.021801270246
-0.0219567514876
-0.0244547464537
-0.0201503808188
-0.021048391544
-0.0221245061155
-0.0214910302945
-0.0220053068559
-0.0226294920309
-0.0223047446209
-0.0233714496085
-0.0226711660048
-0.0227376066029
-0.023105793113
-0.026496089025
-0.0225283754696
-0.0228653104179
-0.0229503479992
-0.0232913182159
-0.0235155551208
-0.0238783698073
-0.0230657682312
-0.023798521526
-0.0229443794489
-0.0230279357002
-0.0225077190892
-0.0254339084203
-0.0208472842854
-0.0210177189338
-0.020724623136
-0.020431284717
-0.0203131352139
-0.0190286423623
-0.0195034189813
-0.0189364537584
-0.0179190578365
-0.0176812573331
-0.016872758735
-0.0155129512584
-0.0141531437819
-0.0137153667276
-0.0129418414384
-0.0114660892314
-0.0113145779362
-0.0106576221424
-0.010455911836
-0.0107808083713
-0.00988364724399
-0.00969946177026
-0.00925763751051
-0.0113305585341
-0.0058096503801
-0.00597776842129
-0.00483955028376
-0.00369630634989
-0.00346552082873
-0.00404852601818
-0.00243760627325
-0.00162280554444
-0.00147943354959
-0.00166697523796
-0.00115169291873
-0.000177495433674
0.000796702051382
0.00218303341815
0.00301881357931
0.00338313860929
0.00337896849151
0.00314572643032
0.0036195295978
0.00359288452026
0.00356703255466
0.00379825853637
0.00431780278271
0.00424180612098
0.00451382732576
0.00500678961891
0.00464651297014
0.00407612265098
0.00437205209412
0.00421699008992
0.00367681889516
0.00426116209009
0.00436935922931
0.00427740969014
0.00402461438027
0.00269131188422
0.00135800938817
0.00480551084538
0.00532941577033
0.00493457372972
0.00478124857898
0.00462792342825
0.00308171053449
0.000592335852376
0.00240486924911
0.0017603615645
0.00245986282704
-0.00223502194115
0.00173760535369
0.000737395186564
0.000702649645162
-0.000219309317114
-0.000701150393048
-0.0022038993484
-0.00367572931115
-0.00346524580014
-0.00414791751158
-0.00447312787869
-0.00521463482419
-0.00566860577726
-0.00612257673033
-0.00732794544207
-0.00658448464943
-0.00816561688549
-0.00936264589453
-0.0110076010961
-0.0115278421087
-0.0115434240616
-0.0121345328523
-0.0131424485763
-0.0132617487793
-0.0134343330591
-0.0136069173388
-0.0150538151373
-0.0144569360254
-0.0152423835683
-0.0162077878942
-0.0164940530353
-0.0177610131647
-0.0184878696178
-0.0189685489242
-0.0199711086878
-0.0200950376972
-0.020036526293
-0.0199780148889
-0.0208459012534
-0.0203367383337
-0.0193745425351
-0.0203471181326
-0.0206007833201
-0.0214129992721
-0.022661223702
-0.0221377480425
-0.0222751557253
-0.0226748559421
-0.0256324052633
-0.022219230078
-0.0220068146808
-0.021229491841
-0.0211480201937
-0.0221019952985
-0.0215194639505
-0.0227658678571
-0.0221344497865
-0.0220427413444
-0.02166401045
-0.021789565519
-0.0240809957219
-0.021310255485
-0.0197991383129
-0.0204303988629
-0.0211446389584
-0.0217354043682
-0.0210872858895
-0.021282405213
-0.0212705118324
-0.0210440291305
-0.0211227904838
-0.0210951648226
-0.024541920608
-0.0221521188499
-0.0195489716612
-0.0208559069078
-0.0201852641416
-0.0207783600713
-0.0205535777546
-0.020177271573
-0.0207960436197
-0.0200765969318
-0.0194829458895
-0.019884090109
-0.0207882364076
-0.0216923827062
-0.0170941949533
-0.0169018948871
-0.0162718523522
-0.0155549152158
-0.0151021665045
-0.0146007743439
-0.0149378930661
-0.0149938375455
-0.0116031897857
-0.0150547034943
-0.0140273463939
-0.0146157045093
-0.0135820844921
-0.0164203822324
-0.0145803263053
-0.0127840838149
-0.0133015504503
-0.012286864673
-0.011768821611
-0.0116530931305
-0.0112579317075
-0.0110838882259
-0.0141689803094
-0.0103195567048
-0.0111583661666
-0.0106248223188
-0.0101005839214
-0.00968834006911
-0.00968503253161
-0.00955240075826
-0.0090726322428
-0.00902326687246
-0.00779662552713
-0.00700115734968
-0.0107701213335
-0.00820283592989
-0.00726975989665
-0.00700583271477
-0.0067297726907
-0.00672143830554
-0.00623846310307
-0.00606031891689
-0.00643714743624
-0.00645433803152
-0.00639070482994
-0.00608432419684
-0.00855987842298
-0.00411799515066
-0.00419716651725
-0.00348864456883
-0.00226269724003
-0.00292793575418
-0.0029623182438
-0.00345758660818
-0.00356925065277
-0.00272645988181
-0.00240405352028
-0.00164656629638
-0.00394092267233
0.000388743366101
-0.00081399616431
-0.00227151742524
-0.00114897456353
-0.0013405042887
-0.00109398212664
-0.00133131828134
-0.000583165617421
-0.00117104330474
-0.00136216687698
-0.00155099338268
5.470444784e-05
0.00166040227836
0.00188541664777
0.000119102135282
0.000149133913947
-0.00122325185454
-0.00138630832186
-0.00171098331915
-0.00256499296748
-0.00301703740559
-0.00249185167649
-0.00353237213617
-0.00367143632862
-0.00381050052108
-0.0037078594449
-0.00326942834569
-0.00330029295344
-0.00479537159574
-0.0044177360363
-0.00485775537723
-0.00701159319504
-0.00727642339642
-0.00866022715025
-0.00901273368597
-0.00909266441093
-0.00917259513588
-0.00925252586084
-0.0100961736694
-0.011580732012
-0.0125995338141
-0.0161422782725
-0.0137546424376
-0.0135883437342
-0.0126557507088
-0.0129903585925
-0.014003884525
-0.013919716269
-0.0138355480131
-0.0150151725908
-0.0160468414307
-0.0178377390118
-0.0181865164878
-0.0202933663168
-0.0201908898775
-0.0201135288019
-0.0206330069859
-0.0200821765481
-0.0202400322875
-0.0246563915346
-0.0222404397275
-0.0216856857289
-0.0221822326484
-0.0217317422344
-0.0230268694069
-0.0253525792448
-0.02487773516
-0.0263938106083
-0.0258892080522
-0.0252357365274
-0.026413802488
-0.0291644203285
-0.0260408465162
-0.0258241467196
-0.0252489671188
-0.0264945161829
-0.0294669378126
-0.0289732966287
-0.0276742036577
-0.0287456176262
-0.0288691490807
-0.028284990889
-0.0284452806221
-0.0279207854925
-0.0273962903628
-0.0288279262161
-0.0277124242912
-0.0285723693682
-0.0281533868047
-0.0277160641596
-0.0279956326439
-0.0280457179795
-0.0272131481105
-0.0268695950062
-0.0262410986867
-0.0287537229521
-0.0244323215141
-0.0250542200568
-0.0243459092783
-0.0234295567691
-0.0223697655942
-0.0220518831144
-0.0215048176734
-0.0205388878043
-0.0193398815027
-0.0182832051265
-0.0184469348694
-0.0209743687778
-0.0170110832588
-0.0160114827706
-0.0168826244171
-0.0148642454089
-0.0137490272933
-0.012580386011
-0.0128010134204
-0.0114643975186
-0.0112663481713
-0.0108513642478
-0.00952712235894
-0.00785274829338
-0.00617837422781
-0.00583809578153
-0.00491892555239
-0.00460089857723
-0.00472845949387
-0.00423959281652
-0.00384019094341
-0.00413725930801
-0.0035787276316
-0.00293640371615
-0.00270787705293
-0.00162566993864
-0.000543462824354
0.000182343623639
-0.000105713563067
0.000529722236314
0.000461576477837
0.000363290491426
0.000568928078372
0.00188159623715
0.00319426439592
0.0045069325547
0.00407371112555
0.00399688890506
0.00392006668457
0.00424687057929
0.00362451500283
0.00467307982759
0.00452325151103
0.00249546665732
0.00307163855418
0.00332714471512
0.00274917967144
0.00295487089869
-0.000397389759583
0.00151571085164
0.00186214598023
0.00169363953327
0.00178848457165
0.000503445012185
0.00072368476352
0.000498291088396
0.000791970242062
-0.000163189885891
-0.000679355842544
-0.00146492626892
-0.00181594886353
-0.00127372414286
-0.000731499422195
-0.00203309571358
-0.0027521827007
-0.00192456156172
-0.00253783095215
-0.00271030321016
-0.00434895719383
-0.00619531390741
-0.00609816452494
-0.00658533712812
-0.00733262945875
-0.00765075929444
-0.00796888913014
-0.00843555389885
-0.00885740705513
-0.00948627269427
-0.0110752030916
-0.0126135552196
-0.0124539207491
-0.0126418622154
-0.0152190355945
-0.0158208709604
-0.0157044769925
-0.0183735649441
-0.0148658475466
-0.016334486731
-0.0163180819502
-0.0178573548373
-0.0185382512731
-0.0195712509165
-0.0202775274306
-0.0208456452803
-0.0217415163489
-0.0216545781691
-0.0218161656697
-0.021961885277
-0.0221076048844
-0.0222533244917
-0.0223990440991
-0.0225447637065
-0.0226904833138
-0.0232872838196
-0.0242627481824
-0.0240759478707
-0.0236176845571
-0.0240505721504
-0.0240092351364
-0.0272938190615
-0.0237640208539
-0.0237743723726
-0.0231249793073
-0.024112823912
-0.0243574488188
-0.024265084889
-0.0232306535744
-0.0224678046685
-0.0235453131586
-0.022964073793
-0.0240321261239
-0.0251001784548
-0.0261682307857
-0.0255722060079
-0.0222612741807
-0.0227186008228
-0.0231578473942
-0.0233001955392
-0.0241385762756
-0.0233291235938
-0.0240761675933
-0.0231620133445
-0.0228327131485
-0.0222853614768
-0.0217380098051
-0.022836333247
-0.0218529412919
-0.0222068219122
-0.0220001369024
-0.0223881221491
-0.02166360175
-0.0211529797454
-0.0237615693048
-0.0209724670594
-0.021544127308
-0.0225975971657
-0.0176743395068
-0.0182539318324
-0.0188765325958
-0.0175567795523
-0.0182635279016
-0.0171976880166
-0.0168820412466
-0.0180865411495
-0.0169529529689
-0.0168240679564
-0.0158070787868
-0.0185780118042
-0.0135100490697
-0.0138089834135
-0.0138258938616
-0.0134548931115
-0.0124280794061
-0.0132441956029
-0.0129055403225
-0.0120137931943
-0.0115627413295
-0.0122672803952
-0.0125464655963
-0.0132107874791
-0.0089545371143
-0.00901783079655
-0.00836004208993
-0.00918782638529
-0.00952920731676
-0.00899849550087
-0.0100167145566
-0.00795620611115
-0.00792189059537
-0.00804336804181
-0.00806986089038
-0.0113072473583
-0.0070394322454
-0.00655353466557
-0.00697076917478
-0.00601746569596
-0.00808164890995
-0.00721697843854
-0.0066169373816
-0.00537156523032
-0.00478643911533
-0.0056183483571
-0.00505553816009
-0.0044448457203
-0.0038341532805
-0.00421466861142
-0.00267507674581
-0.00267059376236
-0.0030855581809
-0.00237244675305
-0.00160253299456
-0.00135836965525
-0.00157578018823
-0.00107595659632
5.3943282795e-05
0.00118384316191
0.00231374304103
0.00344364292014
0.00457354279925
0.00570344267837
0.00427203493681
0.00330064702123
0.00240195251253
0.00180445642173
0.00185547716717
0.0014233704043
0.00114533751598
0.00121327324635
0.00128120897672
0.000466112665214
0.00109451170996
0.00222096601257
0.000660518914958
0.00121890672464
0.000313374841946
-0.000683726403176
-0.00126037216412
-0.00227707284166
-0.00283593918917
-0.00242594395959
-0.00413149407913
-0.00444927462114
-0.00511606957801
-0.00578286453488
-0.00644965949175
-0.00742926374027
-0.00686426242248
-0.00629926110469
-0.00573425978691
-0.00516925846912
-0.00460425715133
-0.00667136454391
-0.00873847193649
-0.0102509937559
-0.0122368019226
-0.0134315450954
-0.0144701466464
-0.0146723911393
-0.0153188644183
-0.0165011336078
-0.0177220542747
-0.0179634018348
-0.0181828889382
-0.0179739175512
-0.016611102455
-0.0152482873587
-0.0169907073704
-0.0184313991567
-0.020087064378
-0.0214760224798
-0.0228438738823
-0.0229310529716
-0.0229151729177
-0.0231339192755
-0.0237326338905
-0.0234372759171
-0.0231419179437
-0.023753618579
-0.0237605762562
-0.025611972232
-0.026338343519
-0.0267662421378
-0.027613714096
-0.0259524341821
-0.0283851345892
-0.0283144928644
-0.0280659709204
-0.0311202338856
-0.0269045158823
-0.0282471738309
-0.0281998136835
-0.0287058796374
-0.0282609489256
-0.0288139935676
-0.0289659159268
-0.0294808040036
-0.0302864265433
-0.0296335584115
-0.0304375496883
-0.0331022501415
-0.0288176754759
-0.0296783795277
-0.0294310940887
-0.0283233891018
-0.0284567051294
-0.028258774375
-0.0266576824904
-0.0268848886141
-0.0260144278934
-0.0259596791285
-0.0254865385768
-0.0239441357028
-0.0224017328288
-0.0214480198842
-0.0215626547386
-0.0211466153587
-0.0207610092971
-0.0209971291404
-0.0194972442073
-0.0185930068698
-0.0187792293293
-0.0172436240994
-0.0170342641023
-0.015224508761
-0.0134147534197
-0.013748722595
-0.013118081199
-0.012487439803
-0.0113330412781
-0.0115279147764
-0.0106124519083
-0.0101961370667
-0.00949617148454
-0.00954374122344
-0.00682480717776
-0.00709378355215
-0.00736275992654
-0.00775627905287
-0.00695846719681
-0.00825797592283
-0.00851850236723
-0.00466460100878
-0.0055588745015
-0.00469584788274
-0.00595521679903
-0.00384028980312
-0.0048266149337
-0.00673186416971
-0.00243407505025
-0.00164975534527
-0.00170961339177
-0.0030149330346
-0.00203693180301
-0.00159563125445
-0.00168255094351
-0.000818227889471
-0.00135910526817
-0.00110890996567
-0.00145498793624
-0.00396265218381
-0.000400180616558
-0.000317095144662
0.000377187399163
-0.00100809464927
-0.00101136315943
0.000113301380144
0.000527045407844
0.000148104202195
-0.000126658742702
-0.000285091481424
-0.000417570416817
-0.00330024404936
1.57918835952e-05
-0.00163132670712
-0.00102630810451
-0.0021093562721
-0.00115959963802
-0.00168015536247
-0.00220626579996
-0.00395815170206
-0.00369471578185
-0.0037283346434
-0.00410567413738
-0.00790249111314
-0.00418739780279
-0.00551787917012
-0.00519167221347
-0.00677733356201
-0.00654228088716
-0.00720101257927
-0.00801592435086
-0.00881286391022
-0.00945047075686
-0.0103038876176
-0.010923933929
-0.0139211667149
-0.00999932414177
-0.0114281565301
-0.0125829330509
-0.0131884628887
-0.0139376944161
-0.0147774033946
-0.0150838529541
-0.0154928725774
-0.0169916625292
-0.0177999631856
-0.0170050519935
-0.0168547786327
-0.0167045052718
-0.0181821906963
-0.0175671534718
-0.0189470213537
-0.0198038642329
-0.0193649532791
-0.0196669052802
-0.021559566723
-0.0208326044829
-0.0215161928512
-0.0211908179595
-0.0210204053987
-0.0208499928378
-0.0215002551664
-0.0220769520834
-0.0225196263863
-0.0229623006892
-0.0230995239299
-0.0216911024339
-0.022633509663
-0.0229859441463
-0.0245348800803
-0.0234774847516
-0.0238088687109
-0.0235341711462
-0.0243776928517
-0.0236791622018
-0.0242383904447
-0.0262378870916
-0.0259525695409
-0.0260310026066
-0.0260156013424
-0.0251708522784
-0.0252394657554
-0.0252993378649
-0.0260279387337
-0.0267565396024
-0.0256558219788
-0.0249855275204
-0.0247968663152
-0.0242160152333
-0.0244430865141
-0.0259813808852
-0.0250643300934
-0.0250082336251
-0.0249281090953
-0.0252491943426
-0.0248090110078
-0.024368827673
-0.0232839905218
-0.0236006734067
-0.0230088965312
-0.0224444674095
-0.0229760332702
-0.0241951847656
-0.0239406457761
-0.0228043386387
-0.0221134703969
-0.0218272671081
-0.0247068990393
-0.0203962300406
-0.0196256124155
-0.018733369723
-0.0199312398799
-0.0197430488112
-0.0199349895161
-0.0194760248053
-0.0189476984266
-0.0181526693633
-0.0173346399342
-0.0159657754415
-0.0192760793334
-0.0163587723911
-0.0153197210662
-0.0150422984842
-0.0151544302892
-0.0142630661924
-0.0150638812396
-0.0138584450741
-0.0139800900891
-0.0134583545751
-0.0133011619904
-0.0134663406644
-0.0134661291782
-0.0134659176919
-0.0125452311317
-0.0121052648159
-0.0119914357269
-0.0116557326786
-0.0114700399884
-0.0112388866438
-0.0104921301259
-0.0102530411831
-0.00972288861312
-0.00941012789609
-0.0123914487601
-0.00831973443763
-0.00743974235536
-0.0073303751004
-0.00612863402305
-0.00805767896955
-0.00639098531675
-0.00593597315117
-0.00559817656148
-0.00501173709069
-0.00391339560234
-0.00191894925172
-0.00258799985064
-0.00325705044955
-0.00105623569361
-0.000929055095565
-0.00144464144855
-0.00140196757613
-0.00128472626859
-0.00144187597134
-0.00162476756404
-0.00135353087491
-0.00267007929977
-0.000971115821214
-0.000127901929568
0.000715311962079
0.000365674529042
0.00180642227927
0.000977218311861
0.00302688978251
0.00552760969014
0.00568374631574
0.00488030724252
0.00396280181098
0.00404135086999
0.00289847319184
0.0022568961459
0.00161531909995
-0.000605487826782
0.000959269931443
0.000564429468013
-0.000705994402781
-0.000147241691691
-0.00164293439178
-0.00318597951164
-0.00276731162045
-0.00352827891865
-0.002159251327
-0.00331460764354
-0.00446996396008
-0.00727294622226
-0.00737790263463
-0.007138824208
-0.00898283308046
-0.00917912953441
-0.00904575315927
-0.0123287512793
-0.011960822538
-0.013044517102
-0.0128157432015
-0.0171712215761
-0.0136630335181
-0.0152616632266
-0.0165823631524
-0.0176162116767
-0.0174758865089
-0.0174842772121
-0.018623984287
-0.0189079153006
-0.0195836954432
-0.0204361689703
-0.0205334461356
-0.0258972306851
-0.0241261845989
-0.0231444700286
-0.0244082880745
-0.0246271985159
-0.0249693957431
-0.0243842754136
-0.0263895548234
-0.0260960171644
-0.024096071007
-0.0235486273741
-0.0254911267684
-0.0252456347586
-0.0250001427487
-0.0260530992871
-0.0268574385348
-0.027151469333
-0.0281686998397
-0.0291661995479
-0.0293258892398
-0.0300059394791
-0.0311929191258
-0.0315965806591
-0.0312445662857
-0.0313209588701
-0.031747339083
-0.0320471997746
-0.0312903111369
-0.0311552876001
-0.0317649891726
-0.0308089042686
-0.0305770561844
-0.031065683068
-0.030537496772
-0.0311555079043
-0.0302778878234
-0.0290478737455
-0.0278178596675
-0.0282961967461
-0.0285575395709
-0.0283581592478
-0.0293740477294
-0.030969148149
-0.0282998525498
-0.0253258680213
-0.0249964515673
-0.0247651910373
-0.0241706036278
-0.0268766566566
-0.0229017932199
-0.0220302064035
-0.0220571178146
-0.0206057227391
-0.0196430005254
-0.0199919204468
-0.0199250816623
-0.0199669224991
-0.0174819099665
-0.0179249637529
-0.0156930090393
-0.0187858399251
-0.0143729622773
-0.0130919992744
-0.0122236833647
-0.015008364791
-0.0119604601682
-0.011532623624
-0.0110810512338
-0.0107293694236
-0.0095542147279
-0.00925686067921
-0.00934638291769
-0.00776270804658
-0.00617903317547
-0.00592111986984
-0.00632232464226
-0.0057858426979
-0.00555102571996
-0.00480822809129
-0.00505074325901
-0.00431156984206
-0.00372768590372
-0.00391378796299
-0.0046709810982
-0.00580931930521
-0.00319606059511
-0.00258929715154
-0.00176259148589
-0.00139357604303
-0.000666289246411
-0.00242498959726
-0.000341053671539
0.000451856193279
0.000124250815557
-4.40339884764e-05
0.00120282907216
-0.0021646863427
0.00120578770147
0.000808666911439
0.0016607827475
0.000984209468591
0.000306896094549
0.00184228715316
0.00266951394737
0.00287549234514
0.00202750513867
0.0015738214115
0.000859390405791
0.00136651361565
0.00187363682551
0.000130549793772
-9.42944431587e-05
0.000167208293471
-0.000203271711899
-0.00101351779873
-0.00152178778522
-0.00130829577114
-0.00181662046854
-0.00310602958756
-0.00295051292609
-0.00350195809164
-0.00405340325719
-0.00376635128099
-0.00520131039358
-0.00526664125125
-0.0064744713335
-0.00632166047232
-0.00643523220003
-0.00811143888306
-0.00832370972085
-0.00887211536325
-0.00980173770662
-0.00995239867066
-0.0101030596347
-0.0110900677084
-0.0111820690866
-0.0129014658529
-0.0131008540806
-0.0141516779349
-0.0164704502259
-0.0151579193223
-0.01401508941
-0.0155522934331
-0.0155778018442
-0.0154830549206
-0.015388307997
-0.0168638036095
-0.0172300744183
-0.0175581112318
-0.0179808597364
-0.0172981220843
-0.0161614104983
-0.0172371013956
-0.018708150152
-0.0209782651635
-0.0204830467987
-0.0206048753016
-0.0207267038045
-0.0206278562921
-0.0210751198025
-0.0216628849851
-0.0221270954562
-0.0216014436016
-0.0206822943095
-0.0204331114746
-0.0218050170862
-0.0227819375331
-0.0233782325274
-0.0266111334054
-0.0241905694214
-0.0260456129509
-0.0248024948725
-0.0250416559475
-0.0255084787776
-0.0249906362185
-0.0257528904297
-0.0261787646287
-0.0260576671072
-0.0262534494426
-0.0261214502607
-0.0249548989791
-0.0237883476974
-0.0253788602485
-0.0254016267901
-0.0258194727244
-0.0255511987091
-0.0248593588657
-0.0232231856327
-0.0239458170328
-0.0239780822795
-0.0236801420629
-0.0240091012023
-0.0237954112323
-0.0250317936944
-0.0243969709846
-0.0236774498954
-0.0234779632281
-0.0227439051252
-0.0214766273055
-0.0226002088414
-0.0224688958905
-0.0226702157905
-0.0220042599185
-0.0220598107876
-0.0242902395276
-0.0193152810506
-0.0203428700898
-0.0208381635965
-0.0196072019025
-0.0193917174713
-0.0202979951659
-0.0196796769411
-0.0192065710736
-0.0195381698079
-0.0190141910252
-0.0193433548434
-0.0199483090051
-0.0158529240236
-0.0158512200891
-0.0154233886697
-0.0155598183894
-0.0141309686269
-0.0141698623038
-0.0137046811047
-0.0142835191551
-0.0138418146196
-0.013839755041
-0.0130196279924
-0.0119753471841
-0.0109310663758
-0.011712158191
-0.010650610553
-0.0103731255531
-0.0110555965862
-0.0117597369673
-0.0116166158286
-0.00891625164148
-0.00959550562868
-0.00783846063312
-0.00818777883792
-0.00997167874156
-0.00614816128729
-0.00610817124052
-0.00496066818593
-0.00460710033504
-0.00423060861771
-0.00353456958903
-0.00325798421059
-0.00261037958562
-0.00278539733821
-0.00254793840055
-0.00287622496037
-0.00159562379604
-0.000315022631707
0.000106007554341
0.000253580604349
0.00197316707346
0.00206690312666
0.000770274938437
0.00212691438998
0.00280763211611
0.00216589766938
0.00294505303688
0.00321838059495
0.000232469536516
0.0048177150228
0.00428872927163
0.00466859405751
0.00442155066046
0.00413164025943
0.00441617012182
0.00366141636578
0.00238488585598
0.000848675523496
0.00193509650982
0.00173858746582
0.00214047533645
0.00118673831713
0.000817749662258
-0.00122199640253
-0.00134577670946
-7.49723077301e-05
0.00103143892027
0.00213785014828
-0.000354064574182
-0.00216438209432
-0.00379578030537
-0.00427979562048
-0.00374060271135
-0.00320140980222
-0.00432670950277
-0.0055309912434
-0.00655791724974
-0.00534951144953
-0.00414110564932
-0.00694108231433
-0.00848077396906
-0.0103524968262
-0.0104529322364
-0.0117055801678
-0.0124071225513
-0.0125401497344
-0.0139344930972
-0.0149629415166
-0.014644849706
-0.0156399927102
-0.0164889290587
-0.0176836232757
-0.0181132469229
-0.0190128798196
-0.0196196401099
-0.020253629904
-0.0202168812015
-0.0201801324989
-0.0208836918508
-0.021221420059
-0.0219025248391
-0.0225236460553
-0.0241630524359
-0.0255890250568
-0.0247608183081
-0.0264926314333
-0.0265379556784
-0.027260885263
-0.0284336706952
-0.0296064561275
-0.0291820731963
-0.0324401780949
-0.0294624449048
-0.0289873637725
-0.0295919399847
-0.0288794103819
-0.0296886699748
-0.0302489743752
-0.0285487111476
-0.0286495644992
-0.0288400555753
-0.0290305466514
-0.0287315978122
-0.0301558446869
-0.0295914036009
-0.0303725714898
-0.0315210449837
-0.0315053198205
-0.0313950299208
-0.0301306135913
-0.0297879960565
-0.0294740944756
-0.0318723246678
-0.0272791954404
-0.0283548298756
-0.0280056519825
-0.02764046653
-0.0284082568068
-0.0262807152794
-0.0253564470081
-0.0255593142785
-0.0250482243457
-0.0246082638501
-0.0232040377591
-0.0218006824135
-0.0203973270679
-0.0192131441787
-0.0196937866454
-0.0190092971236
-0.0192281173784
-0.017282141411
-0.0173464594137
-0.0174433023341
-0.0168678698868
-0.0159049891645
-0.0159469666433
-0.0182225670884
-0.0124361874235
-0.0118910259098
-0.0111954262723
-0.0101956829989
-0.010474997655
-0.00983419327917
-0.00944846870051
-0.00940964027098
-0.00896632891269
-0.00881307081235
-0.00963212627982
-0.00817597084274
-0.00882489590825
-0.00761327142825
-0.00691187070576
-0.006599173014
-0.00681099740581
-0.00578444657535
-0.00540118873665
-0.005609909153
-0.00479775251827
-0.00393628373392
-0.00373482463527
-0.00578819812473
-0.0025273453163
-0.00189371146506
-0.00136852084979
-0.00107732315803
-0.000573255857607
-0.00146471175367
-0.00112554243701
-0.000954847308641
-1.19126174484e-05
-0.000117907671901
-0.000896623977186
-0.000255435688764
0.000385752599659
0.00120267421963
0.000433230531106
0.000902424365681
0.000775203262966
0.00109700358875
0.00143538379008
0.000372497667357
0.00032598456414
-5.93374577869e-05
-0.000566078027393
-0.000571681584496
-0.000577285141599
-0.00226909417657
-0.00274233636992
-0.000218284792388
-0.000272027988384
-0.00131247722348
-0.00180240004916
-0.00438321110384
-0.00289533052921
-0.00395318817474
-0.00222269303922
-0.00217329039085
-0.00212388774249
-0.00354593250291
-0.0038678757293
-0.00424420974226
-0.00494752044909
-0.00576511574702
-0.005460119371
-0.00729869365461
-0.00914517510502
-0.0086413146708
-0.00910810014912
-0.0127954752556
-0.00967720946269
-0.0110970434156
-0.0108769228363
-0.0124877571087
-0.0122183587972
-0.012623993593
-0.0136892186932
-0.01364063977
-0.0141787286211
-0.0150518630215
-0.0156883256082
-0.0158315916111
-0.0159748576141
-0.0153169310812
-0.0158133682983
-0.0167651906602
-0.0169194279646
-0.0169069674777
-0.0178120225061
-0.0190601505916
-0.0175922029851
-0.0187957586507
-0.020726662291
-0.0213485599617
-0.0190585642568
-0.0188294584955
-0.0203069506001
-0.0210396351708
-0.0215860853066
-0.021185430303
-0.0221345101433
-0.0226659123027
-0.0225248029254
-0.022593043896
-0.0228608908862
-0.0233532225419
-0.0238455541977
-0.0238291656426
-0.0239924453935
-0.0243256968887
-0.0236159859207
-0.0245735204937
-0.0251376513788
-0.0246345730802
-0.0246127798836
-0.024590986687
-0.0245691934904
-0.0245474002938
-0.022309976331
-0.0200725523682
-0.0212486559183
-0.0219187027757
-0.0228309459072
-0.0226487644855
-0.0236080255615
-0.0226249552571
-0.0233453616704
-0.0242898924262
-0.0248450448337
-0.0246737022825
-0.0255839901001
-0.0251036003932
-0.0252984408276
-0.0255894720445
-0.0259528896126
-0.0254842015547
-0.0245329146588
-0.0246093469175
-0.0254715470032
-0.0260410192371
-0.0251873910883
-0.0245659865166
-0.023944581945
-0.0236873488276
-0.023341917661
-0.0233885786811
-0.0236421816023
-0.0233704159681
-0.0226087070849
-0.0224836556467
-0.0225361319678
-0.0219387744961
-0.0213039972663
-0.0238098008487
-0.0203781539889
-0.0208200827357
-0.0200755752092
-0.0201929561136
-0.0196432408031
-0.0192873249082
-0.0189314090133
-0.0185754931184
-0.0182195772235
-0.0178636613286
-0.0175077454337
-0.0171518295388
-0.0167959136439
-0.016439997749
-0.0160840818541
-0.0157281659592
-0.0153722500643
-0.0150163341694
-0.0146604182745
-0.0143045023796
-0.0139485864847
-0.0135926705898
-0.0132367546949
-0.0128808388
-0.0125249229051
-0.0121690070102
-0.0118130911153
-0.0114571752204
-0.0111012593255
-0.0107453434306
-0.0103894275357
-0.0100335116408
-0.0096775957459
-0.009321679851
-0.0089657639561
-0.0086098480612
-0.0082539321663
-0.0078980162714
-0.0075421003765
-0.0071861844816
-0.0068302685867
-0.0064743526918
