-0.0760276343423
-0.0758152710473
-0.0752974728379
-0.0730703300416
-0.0738092705609
-0.0740195506554
-0.0743083464016
-0.0750892174326
-0.0736050922467
-0.07483281572
-0.073873716065
-0.0730335951126
-0.0719167855848
-0.0699476204945
-0.0678230964487
-0.065094256473
-0.0611722097654
-0.060157488891
-0.0596804104529
-0.056942505324
-0.0567458873691
-0.0577521557768
-0.0565684737642
-0.0553790861955
-0.0532040033877
-0.0497246749255
-0.0485879478895
-0.0471682813734
-0.0457729616743
-0.0439271440167
-0.0442092712153
-0.0392460626459
-0.0391835676024
0.0
0.0
0.0
0.0
0.0
0.0
0.0
0.0
0.0
0.0
0.0
0.0
0.0
-0.0218272927624
-0.0200666449206
-0.0198622549346
-0.0179286688039
-0.0173513631077
-0.0170591280338
-0.016330566274
-0.0151168962592
-0.0151010253525
-0.0140039369167
-0.0146991252294
-0.0134900179708
-0.0117114292122
-0.00422606519518
-0.00454244192317
-0.00772630183302
-0.00905922764345
-0.00788530777726
-0.00679957579245
-0.0064420063272
-0.00593186489065
-0.00424497743743
-0.00366408263468
-0.00632092701417
-0.00392786940915
-0.00184271964408
-0.00189928644309
-0.00108621083102
-0.00151275092514
0.000517408385337
0.00110181101355
0.0022216589704
0.00328093349709
0.00424274341665
0.00494538211113
0.00768043742533
0.00845665683457
0.0117436079051
0.0128876563115
0.0132628950012
0.0146279207113
0.0158323961993
0.0163796860667
0.0183602718759
0.0187820924871
0.019351829212
0.0211082275478
0.0
0.023663837007
0.0258861959052
0.0255863560872
0.0286500386959
0.0311207247116
0.0321879410338
0.0347817846061
0.0368869707597
0.0393175653886
0.0403264741968
0.0422790494922
0.041189993458
0.0454642063416
0.0481301513151
0.0500335775842
0.0537568809477
0.0515100501677
0.0559286026255
0.058039453201
0.0606095023969
0.0619248390548
0.0646766454068
0.0663530937367
0.0684732568852
0.0716972879018
0.0741188174777
0.0755636291845
0.0786784711417
0.0806015986296
0.0826944081008
0.0836636178018
0.0866090179689
0.0881585521462
0.0894495969015
0.0913572461693
0.0913255157664
0.0924561984614
0.0936273195609
0.0946763427481
0.095106281298
0.0966704084616
0.0976854975487
0.0979989085791
0.097716119611
0.100638915235
0.101019265089
0.100091945747
0.100448770955
0.100015873343
0.0968996882629
0.0985663741714
0.0981740667194
0.0970642369799
0.0968615575852
0.0960379085477
0.0946903349671
0.0937706043408
0.0935204081448
0.091432602621
0.0894962305141
0.0879559818112
0.0862679623011
0.0848208645844
0.0822738136146
0.0808124167741
0.0806969383145
0.0760991049642
0.0732726662099
0.0729575380324
0.0687520372644
0.0653521909002
0.0612052000704
0.059115664362
0.0549766162694
0.0541036808044
0.0511574352922
0.0473401679086
0.0458256623481
0.0421495247187
0.0387905721795
0.0357530062869
0.0341103908538
0.0305505211286
0.0236864269853
0.0219783413331
0.0168242578039
0.0158788411186
0.0128491273312
0.00935441644906
0.00621321048567
0.00291742808762
0.000572292050956
-0.000779767671054
-0.00669745298958
-0.00899017494832
0.0
-0.0169437147354
0.0
0.0
0.0
0.0
0.0
-0.0257752170415
-0.0308053071331
-0.0350732000787
-0.03842538074
-0.0422869597222
-0.0457809480106
-0.0496152851226
-0.0536936512353
-0.056344505773
-0.0580181477988
-0.0597795199597
-0.0593060524186
-0.0633858681888
-0.0661683640637
-0.0658504665146
-0.0674763453254
-0.0700279453188
-0.0727690703994
-0.07538593339
-0.0743266020131
-0.0747606315981
-0.0740829953635
-0.075906914748
-0.0767909941958
-0.0790165770852
-0.0783844392326
-0.0783433451168
-0.0792567008701
-0.0784778117659
-0.0784826682826
-0.0782485140491
-0.0775717713622
-0.0767128307091
-0.0764105744619
-0.0748112052086
-0.0744410174108
-0.0727638465255
-0.0718006660927
-0.0710646798807
-0.0695674002122
-0.0677737926673
-0.067086030878
-0.0676879107827
-0.0642914653321
-0.0631659325543
-0.0611881564045
-0.0594691802813
-0.0583425731899
-0.0565699797804
-0.0541343399284
-0.0525260741766
-0.051837475974
-0.0498299835346
-0.0467666850811
-0.0451937299601
-0.0449112353892
-0.0435648909229
-0.0415758093939
-0.0391007982612
-0.0374608952761
-0.0343846465927
-0.031070664609
-0.0319678780738
-0.0307445995527
-0.0292814552588
-0.027387752439
-0.0269823173104
-0.028183028818
-0.0267529646913
-0.0241427208475
-0.0214200116893
-0.0202400325245
-0.019316185094
-0.0176857633759
-0.0166828505498
-0.0154964991954
-0.0154759196392
-0.012065366127
-0.0106985922263
-0.00980715387162
-0.00959153553679
-0.00860760157983
-0.0066440676009
-0.00384742876115
-0.00187701317461
0.00154353568346
0.000775489087348
0.00131039263383
-0.000318805801237
0.0
0.00132681691967
0.00226308727746
0.00381742041989
0.00459264733459
0.00459250407152
0.00699953028276
0.00807592511923
0.00865743181703
0.00908836588787
0.0102315750842
0.0115743119496
0.0113683469744
0.0134470637463
0.0151472098557
0.0165097981552
0.0169978904589
0.0186918550868
0.0209491763396
0.0233031040876
0.0242507216776
0.0257185803488
0.0275404283553
0.0282710026004
0.0288405186202
0.029745770811
0.032128516238
0.0338721380825
0.0361854623655
0.0383684829823
0.0390541612673
0.0397633818009
0.0408579400865
0.0432368729122
0.0453963195663
0.0465859742508
0.0481173674708
0.0497959758494
0.0605061900326
0.0567525563377
0.0570813025711
0.0581339568371
0.0608134472923
0.0626748554359
0.0645608328212
0.0653171622848
0.0667605548103
0.0689612976449
0.070671922057
0.0732823191404
0.0753454239499
0.0771157957372
0.0789546517599
0.0808244964922
0.0
0.0
0.0
0.0
0.104367295009
0.101741634203
0.100494178862
0.0995858697865
0.0996344039437
0.10069946057
0.103308176644
0.103272653904
0.102462066023
0.104762900927
0.104750944646
0.103792186982
0.104281833592
0.104051236239
0.104099109138
0.104198397022
0.10375448311
0.104396852067
0.104049411614
0.102891882817
0.105827440762
0.103860362931
0.102506429052
0.101062376832
0.0991130958881
0.096648762374
0.0948310967456
0.0927933840885
0.0925410937336
0.091427772297
0.0892279404521
0.0877648734016
0.0853634175421
0.083485310512
0.0809348953751
0.0786506320655
0.0766900423923
0.0742888168817
0.0
0.06920810648
0.0660147414009
0.0639394262811
0.0605182080233
0.0579153430021
0.0560365935373
0.0497170490341
0.0469952921848
0.0441638103059
0.0439854256663
0.0391662420968
0.0363518271624
0.0333203068451
0.030060571477
0.0263392496663
0.0229440517863
0.0194151359631
0.0
0.0
0.0170183770023
0.0119530131932
0.00754072860751
0.00262211782299
-0.00133249320504
-0.00170921474128
-0.0066614841267
-0.0115676215329
-0.0143105477261
-0.0180877900506
-0.0197244776797
-0.0251371744251
-0.0296685471449
-0.031601264585
-0.035729457245
-0.0393396178707
-0.0427165849129
-0.0469988176733
-0.0498279735378
-0.0525774589246
-0.0551981963633
-0.0584716081489
-0.0611228297701
-0.0639172044843
-0.0652490047521
-0.0689442754134
-0.070269778996
-0.0731168375919
-0.075445068366
-0.0763237332332
-0.0758997276225
-0.0783694960757
-0.0789504496153
-0.0800830994153
-0.0812265163997
-0.0832216354845
-0.0824533105095
-0.0826775936212
-0.0817619252354
-0.0814159059129
-0.0829053446691
-0.081491407176
-0.0771106659519
-0.0781363424891
-0.0789704858635
0.0
-0.077590735552
-0.0779891043552
-0.0762312081625
-0.0754725786372
-0.0723090996687
-0.0715746675918
-0.0703200822645
-0.0703030711028
-0.067091934588
-0.064846228713
-0.0652321796404
-0.0606490902759
0.0
-0.0579516405249
-0.0596478745959
-0.0596963550759
-0.0584356196799
-0.0573057830047
-0.0553241348119
-0.0540413201903
-0.0531934481555
-0.0513119659327
-0.0491947131552
-0.0480709665359
-0.0468475662716
-0.0452807575081
-0.0436376444752
-0.0421677957348
-0.0400189212483
-0.0379001530049
0.0
-0.0247691689483
-0.0253444093038
-0.0277778454359
-0.0275500747164
-0.0260983116464
-0.0252648665481
-0.0237810358214
0.0
-0.0212691059997
-0.0197522733295
-0.0190529073337
-0.0163937603604
-0.0143336764564
-0.0117437522769
-0.00720960494265
-0.00966836612419
-0.0114905072233
-0.0104256267955
-0.00883455859077
-0.00727221028051
-0.00587492386306
-0.00471509114535
-0.00351047351178
0.0
0.00147927551122
0.00149042890423
0.00270782529731
0.00697233513774
0.0
0.0146472165731
0.0110293315963
0.0111377683309
0.0110279882843
0.0123235545923
0.0139817931289
0.015660618639
0.0193638843636
0.0214267809259
0.0219617528336
0.0230202237706
0.0246870495534
0.026089622298
0.027451319418
0.028634601048
0.0300014974607
0.0313628752526
0.0331385672994
0.0338644185095
0.0358797189432
0.0375091989512
0.0387564028238
0.0408926173821
0.0423593386883
0.0430789496181
0.0443131502727
0.0459509414733
0.0469500250695
0.0486006936138
0.0504095227883
0.0521768571546
0.0536533900396
0.0548797777334
0.0566634271226
0.0582527370376
0.0613551393399
0.0624383073836
0.0630056158868
0.0657774639386
0.0664168615895
0.0677672326108
0.0694052915471
0.0724004164259
0.0744150406608
0.0739607385072
0.0771579010189
0.0780595371244
0.0791708737388
0.0829757777828
0.0869269876646
0.0863040231042
0.0857238788885
0.0874769763552
0.0880454247387
0.0892549520355
0.0898274431299
0.0920443678786
0.0929277446521
0.0939937553328
0.0943136565876
0.0953661234271
0.0957222478637
0.0967217178428
0.0971951783285
0.0982031402546
0.0983571093217
0.0
0.0992450296122
0.0988359171955
0.0989327689865
0.0989075625426
0.0979568603993
0.101840494128
0.0996584164816
0.0984849751349
0.0972081913937
0.0958836443209
0.0941389160408
0.0922526821598
0.0913054234134
0.0885937243465
0.086651826501
0.0856725837032
0.0831866585008
0.0828457644783
0.0806704864206
0.082325196297
0.0809586970366
0.0783691338127
0.0765873110142
0.073622757228
0.071612717887
0.0
0.0
0.0
0.0614890855453
0.0589243548602
0.0562660557606
0.0537236113686
0.0535301965658
0.0485970525138
0.0434348698328
0.0404374021621
0.0377674130692
0.0336053898054
0.0307259438754
0.0284228849904
0.0247000806714
0.0208273309181
0.0178291385445
0.014105202448
0.0108405629058
0.00748712651949
0.00577155967265
8.43072459067e-05
-0.0041371634362
-0.0079695063055
-0.0108187138519
-0.0146316120401
-0.0153390779536
-0.0188006000779
-0.0222553273088
-0.0256714475838
-0.0286294316766
-0.0294683938267
-0.0341792732019
-0.03687164407
-0.0400807790638
-0.0427893107631
-0.0473596307696
-0.0517594349523
-0.0542989499003
-0.0569624102216
-0.0597821123687
-0.0609949765101
-0.0639854294214
-0.0646189824713
-0.0642086506985
-0.067366746479
-0.0698896500556
-0.0721479598902
-0.0737083223504
-0.0757359954442
-0.07140471495
-0.073384098019
-0.0753592117562
-0.0780546639797
-0.0764265577679
-0.0781820372359
-0.0779420248233
-0.0789002311295
-0.0801424897197
-0.0810237417556
-0.0807723890046
-0.0814087633527
-0.083212781115
-0.0817544552413
-0.0819393207162
-0.0834658436831
-0.0829504519438
-0.0831121904968
-0.0825416873325
0.0
-0.0801185908151
-0.0799473200086
-0.0792010242411
-0.0787740221538
-0.0784474550293
-0.0761233853948
-0.0761271658454
-0.0748946885686
-0.0732205787097
-0.0723886158726
-0.0708750396346
-0.0687956484231
-0.0669726357457
-0.0663180478203
-0.0648277947988
-0.0631580654881
-0.0635531573053
-0.0617968406534
-0.0598951011576
-0.0587824995423
-0.0573106124063
-0.0552871713683
-0.0526287041365
-0.0519166613907
-0.0507032136313
-0.0491386773675
-0.0481131914611
-0.0418382253168
-0.0404986495441
-0.0378804798979
-0.0354351146205
-0.0335969236489
-0.0320469136813
-0.0317311840491
-0.0287756698162
-0.0287578689419
-0.0247927270215
-0.0234071119365
-0.0208238870366
-0.0180116214048
-0.0158939216376
-0.0149132054702
-0.0137008075365
-0.0117968769014
-0.0105366944595
-0.00573945846367
-0.00482833549721
-0.00326220757725
-0.000613717403269
0.00053635828367
0.0023788058583
0.00426131019341
0.00588075424641
0.00491115495965
0.00692094875803
0.00950044877139
0.0143643126353
0.0157081729742
0.0173569994452
0.0194839095036
0.0207868264406
0.0254851186965
0.024403590231
0.0242125871752
0.0289695708075
0.0303289400248
0.0306708870021
0.0314045883172
0.0337963247857
0.0355135945255
0.0373804268553
0.0407995358465
0.0416868678211
0.0421314368871
0.043434077043
0.0444568244989
0.0451772964507
0.0469184914445
0.0456376313159
0.046652472278
0.0480267111112
0.0535220936944
0.0545156664153
0.0568858323677
0.0580451392713
0.0590398589641
0.059509107592
0.060052278119
0.0619435520378
0.0634140367242
0.0649517440281
0.0669275307996
0.0687071578783
0.0698244282426
0.0704247214885
0.0
0.0
0.0
0.0837492938967
0.0835998761333
0.0820598810571
0.0854412303496
0.0838367036212
0.0846595304416
0.0848829292276
0.0856833717627
0.0871260655821
0.0873875408132
0.0869888682061
0.0879811809136
0.0877468226247
0.0877722246115
0.087596954132
0.0885483112491
0.0891580871611
0.0880997767826
0.0885463184663
0.0892836364609
0.0893181802911
0.0871809353634
0.0900829126874
0.0874036869817
0.0879367409947
0.0875264655282
0.0911938529144
0.0906701763801
0.0900676859927
0.0893468671478
0.089046021483
0.0853632845443
0.0854695269259
0.085362070449
0.0826438235898
0.0832820814072
0.0816428756269
0.0807964957413
0.0784219990397
0.0745952786229
0.0731147256499
0.0752828539204
0.0740476780785
0.0742698379626
0.0735944094403
0.0702912329936
0.0682562085301
0.0657060929024
0.062641610376
0.0643586871015
0.0602093163452
0.0568464197099
0.0544315742402
0.0521233938278
0.0515712706967
0.0480814851902
0.0468726562282
0.0412033361223
0.0384402019534
0.0395476503167
0.0365756760482
0.0371993598048
0.0331517065673
0.0289585260131
0.0234361136869
0.0202275220155
0.0172735478153
0.0145001391523
0.0101970665815
0.00810304511193
0.00500175522914
0.00193999773933
-0.00191585065904
-0.00499722948481
-0.00880225257594
-0.0116959136191
-0.0153440099743
-0.0198178958886
-0.0225226873473
-0.0261518623151
-0.0264797335285
-0.0298342212488
-0.0326534187838
-0.034984315688
-0.0378015197193
-0.0409713144138
-0.0459806559552
-0.0475557408682
-0.0479804191771
-0.0478487294007
-0.0513336615524
-0.0532665297141
0.0
0.0
0.0
0.0
0.0
-0.0547241761686
-0.0597594680446
-0.0621756647249
-0.0642998426676
-0.0669273507415
-0.0683129166699
-0.0711488387136
-0.0721284018458
-0.0741364160229
-0.0749960525915
-0.077216677869
-0.0791402210161
-0.0831909338202
-0.0837974389881
-0.0864702641757
-0.0827470584038
-0.083077115448
-0.0823654784082
-0.0814504739987
-0.0807325944573
-0.082878612557
-0.0830487045043
-0.0834531769233
-0.0836806758863
-0.0834607980954
-0.0837829607103
-0.0828288541631
-0.0804172615211
-0.0803580435745
-0.0803311795387
-0.0799691970433
-0.0793795611155
-0.0774231276431
-0.076593596598
-0.0759921476742
-0.0753974696234
-0.0739631820086
-0.0739748457938
-0.0701503829059
-0.0683364833957
-0.067544010883
-0.0659530189645
-0.064439885433
-0.0653530555852
-0.0652180338464
-0.0591977689111
-0.0571265241033
-0.0560636940477
-0.0536035394738
-0.0526086060329
-0.0502499898076
-0.0486236875768
-0.048269272182
-0.0462965964008
-0.0436676359339
-0.0403705865107
-0.0381725605762
-0.0358930666179
-0.0339220597232
-0.0343049441306
-0.0311793381847
-0.0236475557228
-0.026627062603
-0.0212055734613
-0.0188065678762
-0.016679759768
-0.0144697351438
-0.0137643048413
-0.011887491174
-0.00914693950386
-0.00657652473038
-0.0043478060289
-0.0026627255157
7.63080374675e-05
0.00267881275305
0.00455307805618
0.00782681929063
0.00977834273125
0.012037481001
0.0141743341537
0.0175340159292
0.0164652646156
0.0213928666234
0.0234581138691
0.0254863976503
0.0277528871412
0.0271809194566
0.0310013970798
0.0330487017521
0.0341559190182
0.0362808224542
0.037164840403
0.0
0.0434186986653
0.0462022158294
0.0473418723662
0.0486092138631
0.0500001651217
0.04940744662
0.052187085561
0.0537640432521
0.0551683779682
0.0564654688767
0.0575900241603
0.0601455694539
0.0620769026578
0.0643505714078
0.0658932773149
0.0667266419009
0.0661019201998
0.0680525045388
0.0683460532802
0.0700675256785
0.0741031654593
0.074403387242
0.0758954505633
0.0767471434947
0.0779290546813
0.0755899692664
0.0782440533509
0.0790427307273
0.0783437024371
0.0797789020399
0.0798208622647
0.0810123226959
0.0818831905116
0.0820447587886
0.0821563431993
0.0830214948003
0.083622128061
0.0837269388378
0.087779768831
0.0825720339208
0.0817033023045
0.0821589736665
0.0856257195578
0.0862912697456
0.0855830479793
0.0854600713201
0.0833289647263
0.0859348476159
0.0845730551221
0.0843902008659
0.0840125310372
0.0827108716266
0.0822224424597
0.0793268892278
0.0796396249514
0.0782324503295
0.0
0.0817132317252
0.0808095609587
0.0795344412687
0.0764005272869
0.0758198216411
0.0749445521054
0.07365039369
0.0729431939492
0.0725436853948
0.0712738184962
0.0719174944758
0.069306577684
0.0674015442968
0.0661985254298
0.0626276584266
0.0633335544779
0.0606707979343
0.0585976824493
0.0582493832622
0.0552160275238
0.0541408941914
0.0519483731122
0.0501473060143
0.0478168841384
0.0460632651106
0.0438707302545
0.0393256324169
0.03640952895
0.0349802965732
0.0362370900304
0.0344009097061
0.0310382938388
0.0258945513256
0.0252345248587
0.0218654226977
0.0195378657966
0.0169654329084
0.0139861368726
0.0
0.00874043092714
0.00542228793155
0.00293036078343
-0.000767969119553
-0.00329187619421
-0.00703378427109
-0.00918443556994
-0.0115774646282
-0.0112790393798
-0.013426507674
-0.0159699878367
-0.018963854913
-0.0205242711451
-0.0246801607145
-0.0269121413334
-0.0279040791054
-0.03059094252
-0.0318263682988
-0.0344739644822
-0.0374958692805
-0.0395937464837
-0.0410248217687
-0.0425483098402
-0.0464261618971
-0.0480583701206
-0.0498847183902
-0.0512115134215
-0.052377437594
-0.0508788221249
-0.0532127245172
-0.05486583439
-0.0569638130065
-0.0604846100847
-0.061049711864
-0.0631190882981
-0.0634640781183
-0.063582340948
-0.0671719577305
-0.0684439930855
-0.0697307644385
-0.0690430470476
-0.0702788982283
-0.0719448415284
-0.0736197895043
-0.0720466640397
-0.0729756487038
-0.0760100720604
-0.0767044627655
-0.0750809357657
-0.0753043250559
-0.0761249619055
-0.0778482607532
-0.0788429245373
-0.0798519826741
-0.0791733825644
0.0
-0.0794750208557
-0.0786064471642
-0.0781578485365
-0.079846730083
-0.0772361347889
-0.0789134616353
-0.0788274522698
-0.0782603152997
-0.075087723987
-0.0751944365836
-0.074914383954
-0.0764194068161
-0.0762498024282
-0.0744705028612
-0.0697805044233
-0.0685538309961
-0.0672306432433
-0.0679772178497
-0.0666240187478
-0.0636357508965
-0.0620266324466
-0.0608933321996
-0.0593957272119
-0.0567621963617
-0.0530323522075
-0.0514158423681
-0.0489109479021
-0.0452847123159
0.0
-0.0364964253221
-0.0378169281789
-0.0375428971537
-0.0385886301575
-0.0368574030931
-0.0304292146731
-0.0288753941268
-0.0255875050061
-0.0241345182397
-0.0233117617329
0.0
-0.0152057681258
-0.0140835683649
-0.0115899648778
-0.00989091710422
-0.0118567149214
-0.00733024422876
-0.00462729447583
-0.00276664536055
0.00412244965253
0.00704414542455
0.00986524484168
0.0100532696861
0.0125071094151
0.0149058323678
0.0173262191239
0.0199802269156
0.0229769077073
0.0252313970507
0.028424181737
0.0325111468161
0.034048766385
0.037247110416
0.0389232572558
0.0379142589341
0.0400982675756
0.041180253367
0.0491225031575
0.0503030003312
0.0524658177301
0.053872604085
0.0540091859005
0.0565828033455
0.0578506430846
0.0591807966351
0.0
0.0
0.0676500375543
0.0676338202663
0.0712492183747
0.0720229246497
0.0735442415907
0.0745994446593
0.0729803645082
0.0750444655773
0.0738971792967
0.079654997539
0.0801412120464
0.0798278788204
0.0790309481382
0.08014503436
0.0804910699108
0.0815192485123
0.0860718366756
0.0845804580823
0.0840525841038
0.0837989000461
0.084096499837
0.0840631747752
0.0834505160091
0.0795449633903
0.083257808396
0.081270393256
0.0796519697397
0.083218927659
0.0846587767165
0.0803799506781
0.0837145052348
0.0795544163077
0.0784382053731
0.0767283248997
0.0770346013918
0.0750248445657
0.0742526492634
0.0731856769214
0.0748280907747
0.0742550843952
0.0697427242884
0.0696445649263
0.0729756073308
0.0721773892839
0.0694315903067
0.0695628020138
0.0664583813868
0.0642324745601
0.0680481083424
0.0680263539355
0.0659449427421
0.0609943999947
0.0593111324665
0.0606820674829
0.0602254601457
0.0568691292272
0.0556213014927
0.0596838395761
0.0587655506365
0.0
0.053284549652
0.0563001711203
0.0538595351324
0.049255220127
0.0478145299217
0.0472485687354
0.0448959684041
0.0456287428966
0.0441222509087
0.0416854829797
0.0396596365457
0.0342787917112
0.0327043040837
0.030565807112
0.0292617023055
0.0309977499888
0.0295182852574
0.0267559526777
0.022401498648
0.020758542421
0.0194830324809
0.0164223379447
0.0150043652724
0.0164953977207
0.0134148738166
0.010542736671
0.00916679526311
0.00550100875821
0.00622583944412
0.00518805846122
0.00490653895869
0.00136180276579
-0.00146033373706
-0.00650513080296
-0.0090859495084
-0.0112556772993
-0.00770497027921
-0.0106716817512
-0.0146786454203
-0.016494685958
-0.0187993409069
-0.0206519880921
-0.0220256861923
-0.0233195918453
-0.0246508804592
-0.0278114848801
-0.0290918206566
-0.0297893821497
-0.0313699207444
-0.032646231063
-0.0385488187211
-0.0399419786065
-0.0408541059049
-0.0373726406652
-0.0385730306484
-0.0433051494137
-0.0450469499504
-0.0462438871849
-0.0479595343283
-0.0507746309449
-0.0474479094219
-0.0521617799252
-0.0542181417885
-0.0540907122534
0.0
-0.050294428235
-0.0554880741699
-0.058621793264
0.0
0.0
0.0
0.0
0.0
-0.0589431714061
-0.0629239775284
0.0
-0.0671777046304
-0.0687291002538
0.0
0.0
-0.0670608204118
-0.0706647545348
0.0
-0.0704540961596
-0.0660094481797
0.0
0.0
-0.0660960108485
-0.0688436239162
-0.0706286625775
-0.0690366409413
-0.0686837806965
-0.068821717274
-0.0707524410903
-0.0709999258143
0.0
-0.070697778024
-0.0708025559867
-0.0680360011857
-0.0670491780297
-0.0664005111775
-0.0639827154409
-0.0665364266893
-0.0651621862623
-0.0626724305095
-0.0581621164324
-0.0562475358311
-0.0558457281978
-0.0538240291653
-0.0488942563295
-0.0465679037131
-0.0466553234308
-0.0454987201338
-0.0433623964581
-0.0417174287047
-0.0392033782207
-0.0370458546075
-0.0349148512208
-0.0319711690061
-0.0322692571897
-0.0294549658096
-0.0222462762699
-0.0196881991113
-0.0188236103313
-0.0160002500983
-0.0135746034151
-0.0106066599225
-0.00835360534239
-0.00547696783405
-0.00283805738347
0.000407958918751
0.00671712321504
0.0123292972519
0.0132665603075
0.0120792501018
0.0160961952642
0.0178754700191
0.0222376156807
0.0247996343411
0.0275669097419
0.0304535329666
0.0297745539083
0.0317328166563
0.041955223279
0.0429913216176
0.0438392551129
0.0455754082848
0.0476581704339
0.0504109415027
0.052349749521
0.0536159875143
0.0555542686882
0.0579825101865
0.0600725171558
0.0617349396122
0.0623017788821
0.0635428769793
0.0656874905798
0.0693329759879
0.0704022227218
0.0717937952592
0.0730065534862
0.0701765263215
0.0708980618256
0.073266467847
0.077985324511
0.0791684045713
0.076067463294
0.0787958109056
0.0792920750258
0.0783781504591
0.0786168896913
0.0784191193507
0.0791970339709
0.0796801052458
0.0793326521431
0.0800524666894
0.0794858917226
0.0795963411434
0.0792797795703
0.0766996994953
0.0793852215706
0.0771443533983
0.0765127081842
0.0717570232157
0.0714665894589
0.0706148669595
0.0749899414687
0.0736951478859
0.0722843588922
0.0710385510537
0.0
0.0698175775568
0.0694598743472
0.0656197314021
0.0648710111962
0.0665075358572
0.0645848209757
0.0614925127271
0.0605662130002
0.0602684931682
0.0588947937928
0.0576703398122
0.0573584891221
0.0567460248315
0.0547899475825
0.0543963035637
0.0534199607659
0.0526584889245
0.051403285586
0.0495350052019
0.0466659421317
0.0460720144587
0.0446108000697
0.0445161300682
0.0402864857395
0.0390494048102
0.0392627203499
0.0367235488275
0.0397209924612
0.0376342454647
0.0388743034616
0.0
0.0399463302541
0.0360935370876
0.0330370092183
0.029609684645
0.0274398974966
0.0262749729301
0.02512222353
0.0235802781096
0.0219583324775
0.0234538035087
0.0227431781691
0.0206578553815
0.019576601899
0.0132092436696
0.0121114436021
0.0102833212143
0.0147626566993
0.0133315509721
0.0108107443386
0.01002460787
0.00905474975521
0.0075980843435
0.00555262236445
0.00464455201983
0.00389955422438
0.00228147070445
0.00337560455294
0.00228554634026
-0.000197421385198
-0.00352786664305
-0.0028777464942
-0.000693108605175
-0.00193436757916
-0.00340864099466
-0.00965906561523
-0.00997707115193
-0.0119309736704
-0.00842688765663
-0.0110351978838
-0.0106276600244
-0.0133005001845
-0.0140797392041
-0.0154599549447
-0.017097019602
-0.0160855859726
-0.0204143988345
-0.0225009567385
-0.0211572141156
-0.0250021481496
-0.0263750899154
-0.0273774990073
-0.0296965693882
-0.0329113480058
-0.0340704219605
-0.0353082240621
-0.0372755096634
-0.0383465142336
-0.0377268832514
-0.0399349889635
-0.0413741665239
-0.0429727308927
-0.0492129552786
-0.0499854148385
-0.0521487114264
0.0
-0.0485434955314
-0.0538525019609
-0.0556765154939
-0.0571024998899
-0.0586393146642
-0.0604582075506
-0.0591619781601
-0.0603391022622
-0.0624905862312
-0.0632966603219
-0.0622146755619
-0.0685787680208
-0.0705616183935
-0.0720740718622
-0.0720306443892
-0.0685790799708
-0.0704331575106
-0.0706197836159
-0.0712397570334
-0.071127622759
-0.0710248371219
-0.0712599252201
-0.0716172054666
-0.0727034277822
-0.0683156661448
-0.0679875184493
-0.067107087301
-0.0682446152979
-0.0669668014296
-0.0660160771352
-0.0660949201204
-0.0652270164242
-0.0603585562655
-0.0591595166934
-0.0570315923472
-0.0564999608877
-0.0546876059251
-0.0535298817968
-0.0550280524823
-0.0528452282539
-0.0508693561973
-0.0487003486547
-0.0446128685275
-0.0429485809681
-0.0403418975802
-0.0382088713948
-0.0361845706094
-0.0341924515808
-0.030861650714
-0.0215745750686
-0.0200167936817
-0.0208044714946
-0.0197088925766
-0.0175762487313
-0.0112026140586
-0.00941956445855
-0.00730938625624
-0.00504848784312
-0.00252769308125
-0.000246936994214
0.00308077034272
0.00511306771102
0.00763550645925
0.00988889352016
0.0135348765422
0.0162107263122
0.0181703500127
0.0322222200096
0.0
0.0301348404481
0.0320695076805
0.0348919905013
0.0378355082755
0.0406141122918
0.0427367334642
0.046468300567
0.0488513919528
0.0540486097219
0.0515461429411
0.0533883397643
0.0552460928476
0.0609782547185
0.0641771928117
0.0656240566737
0.0677903776776
0.0698073152334
0.0644340745357
0.0647891316805
0.066634561885
0.0704718236051
0.071781134868
0.0749721040852
0.0733147028764
0.0741108312652
0.0741763575428
0.0
0.0735873201771
0.0766799046896
0.0767204000519
0.0766276297144
0.076980827204
0.0760937956712
0.0762036951999
0.0762393142333
0.0700363781649
0.069930118235
0.0689822338817
0.0685678338403
0.0736629370128
0.07409171845
0.0726336775431
0.0717787069866
0.0699747089176
0.069356960332
0.0680094130311
0.0676112544575
0.0663846213674
0.0631961073083
0.062020055324
0.057110476479
0.0618631899331
0.0608003378633
0.0535543627634
0.0526564861107
0.0522931833529
0.050339443138
0.054503948134
0.052581031845
0.0513554067044
0.0503618279979
0.0490962533137
0.0466413092656
0.0480489522592
0.0437178381194
0.0409678221597
0.0401092186702
0.0391005477043
0.0380168126283
0.0418105381013
0.0
0.0
0.0
0.0381382768534
0.0349967787396
0.0321012514806
0.0243661109054
0.0224606515982
0.0218285515273
0.0202903882874
0.0193054808091
0.0234759319568
0.0220741401373
0.021015370218
0.0196814489733
0.0183995727025
0.019404325821
0.0177882226165
0.0168413426478
0.0194786334823
0.0156799576932
0.0138484576835
0.013027576728
0.0146546174772
0.0127331888118
0.0102812992179
0.00920787316901
0.00809164044645
0.0
0.00934005039067
0.00862399738338
0.00801344375889
0.00898439305176
0.00712907728716
0.00689200399293
0.00636254353391
0.00577444816889
0.00589090505294
0.00581432796241
0.00166355082567
0.000952384628822
0.000309453548881
0.0
-6.29235253465e-05
0.00166459261998
0.00109874738286
0.000470030496596
-0.000478312662558
-4.32166990787e-05
0.000745696620258
-0.0048774530682
-0.00633574222976
0.0
-0.0095947473354
-0.00961069845122
-0.00961917221992
-0.0114108082937
-0.0129581136675
-0.0141416312306
-0.0153559419915
-0.0110617719196
-0.0117372893158
-0.0142862561146
-0.0164463263515
-0.017630875921
-0.0197588858454
-0.0197680418525
-0.0211297784702
-0.0230201096336
-0.0253020383496
-0.0296451680295
-0.0276393235154
-0.0295575526727
-0.0324645980669
-0.0343463627675
-0.035596432023
-0.0373324635765
-0.0353931610533
-0.0371712631117
-0.0391056495069
-0.0431681887463
-0.0452078874154
-0.0461887827131
-0.0479210959134
-0.0492054970719
-0.0500350611726
-0.0490696078324
-0.0498777001977
-0.0495367342641
-0.0516869961115
-0.0534888109247
-0.0546071841756
-0.0558529569825
-0.0571653618678
-0.0580226510049
-0.0587675400996
-0.0593891642071
-0.0650887475459
-0.0659888134099
-0.0659378450118
-0.0664402223547
-0.0672232038939
-0.0667456437196
-0.0622437273706
-0.0631996043541
-0.0620507271453
-0.0615374299765
-0.0607027645566
-0.0602908065367
-0.059605766518
-0.0586508981879
-0.0578651297904
-0.0558551713804
-0.0562624887253
-0.0541737814123
-0.0564156589406
-0.0546119852067
-0.0523826560627
-0.0504806701248
-0.0487521168693
-0.0476004813539
-0.0455207177699
-0.0431606257362
-0.0412563485521
-0.0373079910118
-0.0372159227438
-0.0310241077439
-0.0293236451445
-0.0254778130293
-0.0234061485084
-0.0207730255598
-0.0178196254272
-0.0160369796105
-0.0135329191451
-0.0141299777153
-0.0112401531575
-0.00583268118786
0.000349190712332
0.00318710948564
0.0060707042898
0.011025075171
0.00790026547053
0.0085774314881
0.0126295727491
0.0205860601565
0.0226945183664
0.0243712827545
0.0246656602898
0.0
0.0252395668231
0.0323410602221
0.0339481089329
0.0353831438986
0.0391271790437
0.0411621199647
0.0433127041223
0.0464513163642
0.04920308677
0.0509900985309
0.0508369095259
0.0536271495422
0.049927998473
0.0515856888774
0.0573736512055
0.0598406404179
0.0613315363274
0.0627871994535
0.062500955983
0.0647208008071
0.0659763691246
0.0670755970525
0.065647992072
0.0671075787624
0.0687445575529
0.0659537094089
0.0654926671887
0.0681345229554
0.0682225417745
0.0638944435672
0.0650057968838
0.0696399243681
0.0661830904889
0.0648310537294
0.0720991522264
0.0730784524036
0.0
0.0
0.0699772970217
0.0666996102191
0.0655365242017
0.0637459937262
0.0564999965638
0.0
0.0
0.0582705556522
0.0582758925735
0.0576816238514
0.0561545827071
0.0554764840149
0.0552062555378
0.0590226603962
0.0
0.0
0.0576293383167
0.0528925526639
0.0492766890845
0.0464019018999
0.0448294772927
0.0416932358327
0.0444366710961
0.0420616259487
0.0362233105366
0.0328895248612
0.031625459442
0.0282186506106
0.0262458717675
0.0239761488581
0.0252942506324
0.0238206498442
0.0233048042117
0.0209346060678
0.0201230696644
0.0110802756661
0.00917354611484
0.00910696456674
0.00679000140052
0.00573341146719
0.00914941122957
0.00956068361329
0.00800992146541
0.00738343109448
0.00506077107029
0.0047152962538
0.00359050389805
0.00213214866092
0.000109103815153
-2.8945917794e-05
-0.0014077302194
-0.00161545830453
-0.00143948138067
-0.00116595717252
-0.000790431721981
-0.000954458736293
-0.00183671551822
0.0
-0.00525773065346
-0.00517289788143
-0.000171419764185
-0.00131136948409
-0.00053549337678
-0.000652331694549
-0.000273490633524
-0.000629682711193
-0.000412792335235
-0.00065004187183
-0.000547032167091
-0.00323547704633
0.00158326421008
0.00569052191338
0.0043559462724
0.0039868065309
0.00315592610476
-0.000693012774717
-0.00100197311026
-0.00113968707058
0.000419660986241
-0.000658870107434
-0.00181672313914
-0.00314955593901
-0.00252589435909
-0.00295728800527
-5.5648920379e-05
-0.000931760228846
-0.000764341328745
-0.00221276407811
-0.00350719410063
-0.00316014750828
-0.00370428889261
-0.0108292029853
-0.0118889861136
-0.0122086100714
-0.0137965908446
-0.0162759141993
-0.0164772750692
-0.0172791794593
-0.0130487413402
-0.0139967509068
-0.0150554479763
-0.016359222468
-0.018115956383
-0.0195751469794
-0.0192448604372
-0.0212742571436
-0.0248184081268
-0.0260152858809
-0.0283107825707
-0.0280345841706
-0.029448039355
-0.030467621673
-0.0327147826181
-0.0298690120602
-0.0300922857332
-0.0324990206469
-0.033657493458
-0.0351228405148
-0.0364445852956
-0.037120437462
-0.0382399212941
-0.0460914831873
-0.0471676683005
-0.0481116825409
-0.0490005197425
-0.0494247468554
-0.045462116217
-0.0469402297768
-0.0468527923796
-0.0474152256371
-0.0482674826012
-0.0486682508529
-0.0487110969645
-0.0489464758971
-0.0495256048
-0.0501895931398
-0.0515728538083
-0.0516005060121
-0.0531816187371
-0.0512566025582
-0.0513170671039
-0.0522199141188
-0.0489795377811
-0.0453357569248
-0.0440901786655
-0.0433851507876
-0.0433720228945
-0.0420015467113
-0.0414349428849
-0.0401214525966
-0.0428686346106
-0.0410476142155
-0.0394551139744
0.0
-0.0342373563289
-0.0328319956493
-0.030712512212
-0.0282702108099
-0.0262361227637
-0.0237584650408
-0.0282531673979
-0.0259499180801
-0.0172471463817
0.0
-0.0167138532072
-0.0154411253313
-0.0142863397403
-0.0123721666904
-0.00661996112325
0.000809399822024
0.00207912170794
0.00343998717192
0.00665526964158
0.00858812776571
0.010920074972
0.0119769931258
0.0139050050201
0.0166434633429
0.0191046678586
0.0208519674469
0.0232920274809
0.0242603171741
0.0264662698435
0.0291873460661
0.0298504607494
0.0324769073446
0.0325824803385
0.0343421818492
0.0370333497908
0.0418980305136
0.0434748006422
0.0461228951364
0.0472924976177
0.0469585112622
0.0492336961373
0.0507969381954
0.0510724974675
0.049151948285
0.0479501651354
0.0508055837316
0.0517142710585
0.0520340043457
0.0528283549177
0.0524051353732
0.0530413281365
0.0544804366496
0.0
0.0
0.0
0.0589200222569
0.0563816961652
0.0569735000412
0.0577208753217
0.0548691180071
0.0542742548642
0.0563438292392
0.0560214838758
0.0555125806665
0.0579825327879
0.057211722113
0.0563193910068
0.0532324865161
0.0529318167231
0.052924050504
0.0509416356432
0.0490897103742
0.0468436094603
0.0452442958592
0.0453846230391
0.0447801812277
0.0433640317754
0.0408549280599
0.0396503427673
0.0311131583311
0.0301092258434
0.0296677935139
0.0280346055262
0.0269940223091
0.0299804739729
0.0286544634697
0.0283692584056
0.0223871832953
0.0249770021858
0.0228626830435
0.0209095339616
0.0175548762617
0.0173594209969
0.018134194818
0.0154941356229
0.0
0.0115036659391
0.00944807135386
0.00381158524827
0.00256149405364
0.00116490045733
0.000262628938466
0.00134777547997
-0.00108435026644
-0.00113445435497
-0.00175036806917
-0.00312632463178
-0.00490275346018
-0.00509615538044
-0.00634858683658
-0.00773843791588
-0.0084162978633
-0.00789307771981
-0.00494612536525
-0.00599421233714
-0.00672018585937
-0.0068032085011
-0.00824970783855
-0.00696922673305
-0.00661455941744
-0.00674736810475
-0.00612858722894
-0.00547682482543
-0.00452012828166
-0.00424768642967
-0.00397901455811
-0.00659222966133
-0.00435525294188
-0.00391139015749
-0.00357825450476
-0.00245115404815
-0.00127220223167
-0.00246246167029
-0.000462454774242
-0.000399253863928
0.000407964374796
4.19497024546e-05
0.00120752647122
-0.000102281629068
0.00103683843724
0.000757025536066
0.00147821175112
0.0
0.0
0.00322760443341
0.00197026606295
0.00155824584327
0.00174842259504
0.00161702275937
0.00190701055706
0.00155429530238
0.00119108633754
0.000786574155393
-7.64597535665e-05
-0.000592184716461
0.00124454061948
0.00207862327082
-7.70265460059e-06
-0.000229350716661
-0.000750646131044
-0.00015111055299
-0.000476095665517
3.04925399319e-05
-0.00109203944746
-0.00129646115749
-0.00298127377056
-0.00304250915043
-0.0023169067808
-0.0020698257434
-0.00383294097107
-0.00538478374435
-0.00636695439823
-0.00634447250025
-0.00697103769247
0.0
-0.00215244646146
-0.00781179138115
-0.00982678037764
-0.0120537793315
-0.0132482756773
-0.0148661126154
-0.0155291609014
-0.0154295084472
-0.0171571596338
-0.0179869854737
-0.0186901172884
-0.0189870740617
-0.0245453024606
-0.0251679100845
-0.0250000560375
-0.02454674583
0.0
-0.0243901376937
-0.0251974918024
-0.0270809825132
-0.0269677015166
-0.0277575270701
-0.0292316019302
-0.0297101381569
-0.0311272651841
-0.031415569874
-0.0319699315195
-0.0330051159559
-0.0322341093987
-0.0335283518471
-0.0344273261867
-0.0344946092899
-0.0339434056089
-0.0345080872255
-0.0346139611627
0.0
0.0
-0.0269778582415
-0.0289204421718
-0.0274545518223
-0.0278257293204
-0.0277398650721
-0.0268391808437
-0.0260703599761
-0.0251355086403
-0.0233975623937
-0.0225942861206
-0.0211617043391
-0.0199359416419
-0.018832883419
-0.0174664475958
-0.0158296502375
-0.0148192270226
-0.0150628836871
-0.0107455683275
-0.00608290694663
-0.00827893142402
-0.0073780912156
-0.00172896235437
0.000647561949721
0.00229511114237
0.00344577440747
0.00586644237661
0.00586305111978
0.00921788715463
0.0106280000296
0.0132897267396
0.0141724067029
0.0147832071387
0.0290843233767
0.0259910228624
0.0270130051662
0.0267132596504
0.0277543817068
0.0288059145288
0.0
0.0
0.0406975034585
0.0397053892438
0.0417355339248
0.0417138556193
0.0424085507748
0.042281388401
0.0411713139698
0.0402712528866
0.0410578198504
0.0424439685839
0.0417375630003
0.040208516004
0.0425645540106
0.0410954522102
0.0402288642491
0.0399145979698
0.0393098131375
0.0433028090041
0.043561273945
0.0432607274555
0.040690075713
0.040463483476
0.0397025133389
0.0416366921995
0.0370651167916
0.0367502952386
0.0412067500073
0.040591390316
0.0397908604891
0.0404290011303
0.0392352286674
0.0394536840124
0.0359277238847
0.0350243064363
0.0344324094676
0.0
0.0316103807299
0.0334032132874
0.0293985581947
0.0284512277154
0.0273294213527
0.0262735788957
0.0246410576784
0.0239779167554
0.0224520972035
0.023797291443
0.0223676373353
0.0205041746607
0.0167884007421
0.0155528964619
0.0141447191267
0.0120577697245
0.0114516913402
0.00987559732666
0.00848655229429
0.00703002102722
0.0052733250437
0.00374655529733
0.00174852063457
-0.000983232227493
-0.0016585671117
-0.00209169067466
-0.00395463040117
-0.00461762675913
-0.00257615155965
-0.00518008935315
-0.00595310961559
-0.00706236903996
-0.00903383587313
-0.00925874433832
-0.0108117725914
-0.00930456211316
-0.010027921313
-0.0132137257748
-0.0142200954395
-0.0144839802368
-0.0151539813774
-0.0154437770349
-0.00894946468889
-0.010505952105
-0.0117379975134
-0.0118606738921
-0.0128283114977
-0.0133001910138
-0.0125428381429
-0.0129444429869
-0.0130112702973
-0.014009635911
-0.0119628596037
-0.0116632427715
-0.0127685342158
-0.00885478165847
-0.00867619651523
-0.0107082063507
-0.0105057412281
-0.00996305343769
-0.0105947227911
-0.00935285126797
-0.00944536868175
-0.008363939845
-0.00778749999314
-0.00667398284797
-0.00676797103961
-0.00568614327241
-0.00583574519219
-0.00369008552872
-0.00423499745091
-0.00357839956606
-0.00375705983363
-0.00235225006193
-0.00213296455729
-0.00146255955119
-0.000983566018146
-0.00120644845955
-0.00100465028723
-0.00090289752123
-0.00100798883636
0.000795960246213
0.00189389904336
0.00427811401403
0.00564479670191
0.0
0.00862799460068
0.00299015752196
0.00199307905225
0.00630037848124
0.00645368770058
0.00914497129732
0.00767785264138
0.00487860974166
0.00307745376173
0.0
-0.000515121017924
0.00280715754256
0.00199593901423
0.00118665469699
4.33963241409e-06
0.000248905452656
-0.00046424872853
-0.00161476609059
0.000750444187692
-0.00304694056826
-0.00401007248166
-0.00561738064865
-0.00546539816072
-0.000991632389457
-0.00144289249296
-0.00085251578645
-0.00306770801248
-0.00386351188716
-0.00664428348824
-0.00900663779388
-0.0059436656821
-0.00487597461256
-0.00496383139873
-0.00949608169355
-0.0114859931007
-0.013106054861
-0.0136718653774
-0.0130530190877
-0.0111330154993
-0.0129178516318
-0.0154239215377
-0.0160778817164
-0.0135202044995
-0.0132780886321
-0.0157658961551
-0.0170908401361
-0.0182861701288
-0.0152233564377
-0.0127125033766
-0.0141909620766
-0.0141050280488
-0.017741230429
-0.0170572103518
-0.0160208647937
-0.0172768136849
-0.0171574234798
-0.0168564017453
-0.0164353378596
-0.0156674021238
-0.0150030905458
-0.0148522462332
-0.0170262317109
-0.0148878438669
0.0
0.0
0.0
-0.00165783001285
-0.00428346189593
-0.00449471338894
-0.00629656120752
-0.00295137913168
-0.0031165049855
-0.00368338296978
-0.00270098460849
-0.00573990861326
-0.00490486860668
-0.00476203557168
-0.000986457212777
-0.000418752812328
0.0022381774588
0.00659910320666
0.0063309806871
0.00160890317169
0.00652057260867
0.00773767798829
0.00903396822204
0.00905356615281
0.00997310153195
0.0103670760189
0.0089585569564
0.00969009533886
0.0133125569752
0.0137431527092
0.0125126856839
0.013199938363
0.0140718495726
0.0152884286885
0.0161868096929
0.0192812502897
0.019661080225
0.0187610104462
0.0192973475938
0.0203595666367
0.0216502426262
0.0233951472622
0.0
0.0220570629864
0.0224200876032
0.0217705610274
0.0230428313518
0.0217287773362
0.0237470570409
0.0233249669822
0.0225138725105
0.0231672078548
0.0223665791164
0.0243463073538
0.021993398326
0.0230329397294
0.023697705572
0.0243893479897
0.0282315976336
0.0251400242585
0.0262023652336
0.0244131030114
0.0234232832983
0.0225433488541
0.0217512322
0.0236965703142
0.0211379408613
0.0183662849028
0.0176341106733
0.0175682142646
0.0145996760671
0.0131333953277
0.0121547736081
0.0111958955914
0.0108475701657
0.00920870161519
0.00918243639133
0.00786614622411
0.008063126787
0.00742022822332
0.00570517529514
0.00208786221897
0.00119780865017
-0.00124536794043
-0.000755902247328
-0.00261343342922
-0.00395046874608
-0.00390005676101
-0.00237551909648
0.0
-0.00624140883588
-0.00949174880239
-0.00977255141411
-0.0104722796858
-0.00883112045609
-0.0101352034072
-0.0138942868655
-0.014291738682
-0.0151398677498
-0.0156671135813
-0.0162436670867
-0.015434894885
-0.0181669936421
-0.0188521956205
-0.0188453790582
-0.0178691411978
-0.0192349913336
-0.0198588493938
-0.019466188231
-0.0210964247919
-0.0176925198791
-0.0202466169489
-0.0195521987135
-0.0193536005176
-0.0211856642364
-0.0207746904141
-0.0216014331197
-0.0180914583764
-0.019486621146
-0.0194003077004
-0.0181716802071
-0.0186544844846
-0.0181639578795
-0.0180949985419
-0.016845641569
-0.0155068878151
-0.0147807286111
-0.0152539903357
-0.0141499755908
-0.0152325624634
-0.0140560201782
-0.00984957702227
-0.0115508077259
-0.0107496208498
-0.0107174291432
-0.0116209882788
-0.00905558240269
-0.0081686605272
0.0
-0.00614418294111
-0.00292924368341
-0.00356753094329
-0.00316796277454
-0.00123195205635
-0.000850863045917
-0.00129341656912
-0.000661519823549
-0.00162598780249
-0.00117024302298
-0.000793368373064
-0.000100441641505
0.000420337707068
0.000188915189236
0.000925754156949
0.00107519029818
0.00442789340616
0.00415574725633
0.00515411909676
0.00410489315256
0.00613852226068
0.00594905462701
0.00550321561225
0.00568036529806
0.0062438801985
0.00537887443378
0.0
0.0
0.0
0.0
0.0
0.0
0.0
0.0
0.0
0.0142564965859
0.0142407325761
0.0131563285054
0.0119552215008
0.012167951886
0.0118770044366
0.0115137168712
0.0125268466321
0.011571424331
0.0104075757013
0.00986978364124
0.00881120568403
0.00862689207276
0.00963981349765
0.00917406450462
0.00674308140262
0.010133166414
0.0098195606903
0.00688128535785
0.00640635353791
0.00583986882595
0.00505484784404
0.00634465065236
0.00499771245523
0.00465239651903
0.00549246802511
0.00368976192704
0.00315553958828
0.00416270889552
0.00141183800336
0.00173591650541
0.00219809180197
0.00052228788145
0.00119979849017
0.000765049537806
-7.99726522183e-05
-0.000971213508249
-0.00123379250979
-0.00153824655698
-0.00129443134997
-0.000888549895466
0.000630148174959
0.000572342489414
-0.000316665670424
-0.00118880069579
-0.00184278572526
-0.00310443339105
-0.00329505222545
-0.00392962277492
-0.00385059250755
-0.00160105551184
-0.00109687892949
-0.00184647392459
-0.0018206565147
-0.00240852635385
-0.00137014241043
-0.00228790621189
-0.00112638639973
-0.000724642878663
0.000857945566975
0.0
3.59424591689e-06
0.000697604423256
0.000355048917456
0.0
0.000409417973742
0.00096369755076
0.000264225619317
-0.00101474082434
0.00147033705689
0.00329563541696
0.00272123835885
0.00278406187361
0.00293323590337
0.00288551693024
0.00320377977748
0.00344725784316
0.00394703348429
0.00490119635313
0.00500172706488
0.00770175299757
0.00637245867023
0.00611220732874
0.00605688128273
0.00554458982702
0.00596860075221
0.0061773257133
0.0064585321912
0.00620275667308
0.00719230096558
0.0059704918005
0.00593908160325
0.00633573880508
0.00610464772419
0.00496333689937
0.00488291835366
0.00531740276373
0.00456515090771
0.00464800898428
0.00493803771487
0.00159570003048
0.00443056130354
0.00357770880008
0.00324207219692
0.00272485215587
0.00371482913818
0.00279268844403
0.00329200076765
0.00288258048769
0.00241837042941
0.0012920574932
-0.000337426473386
-0.00249550582928
-0.00324702466807
-0.00329809408333
-0.00363330438552
-0.00279585684097
-0.0038373903905
-0.00325480298472
-0.00586648194022
-0.00895170770842
-0.00918784240917
-0.0101937485117
-0.0109611221309
-0.0117911189304
-0.0123334295673
-0.013154499115
-0.0135978098
-0.0143700196611
-0.0152508669298
-0.0146048067073
-0.0163252222389
-0.0174773324001
-0.0175242612773
-0.0168961418347
-0.0199338551239
-0.0205078156959
-0.020721045864
-0.020529755402
-0.0215936920933
-0.0212931790925
-0.0229152169601
-0.0230299379382
-0.0204068440452
-0.0219748912302
-0.0217245195046
-0.0223457059721
-0.0218512905554
-0.0216530408517
-0.0212148727619
-0.0227256266461
-0.0224716902546
-0.0227509747173
-0.0217666111699
-0.0208632266054
-0.0203775592677
0.0
-0.0206324257442
-0.0203735360467
-0.0207316979986
-0.0204645632755
-0.0192771377982
-0.0198850158343
-0.0196428753738
-0.0201424819513
-0.019291267991
-0.0182315021574
-0.0189498871776
-0.0184955686223
-0.0176601769342
-0.0160906712401
-0.0163751891895
-0.0160032942871
-0.0151284174703
-0.0146888241462
-0.00916058323051
-0.0129813783808
-0.0119246568739
-0.0115996437321
-0.011282812851
-0.0113434871461
-0.0096527627468
-0.00960536821049
-0.00732581511903
-0.00675337235123
-0.00675739115164
-0.00596669638752
-0.00478900579232
-0.00301536378615
-0.00178891590104
0.00138924177382
-0.000233842400488
-0.00214118719258
0.00133438215435
0.000905087525797
0.00246632122385
0.00233221185412
0.0034665168993
0.00605077441334
0.00505409351681
0.00603478278479
0.00638888187374
0.00821905031803
0.00999572721564
0.00993522344126
0.0106348577752
0.0102815319666
0.0111055955379
0.0122004251246
0.0121133803558
0.0118240730625
0.0144669822478
0.0165156619809
0.0170571906913
0.0169391476503
0.0
0.0174682932425
0.018937581283
0.0182605608131
0.0188223092806
0.0193840013007
0.0228598129912
0.0236170477497
0.0230152174734
0.0213968150749
0.0208789660784
0.0220589095062
0.0217889007258
0.0207776614916
0.0209546792913
0.0210752634404
0.0219182458308
0.0227801171645
0.0225389790943
0.0232348047097
0.0228521348722
0.0232966487964
0.023536296368
0.0239592452933
0.0
0.020647119749
0.0236521645822
0.0227990482406
0.0221136782376
0.0208502452197
0.0215033096179
0.0215527019251
0.0195974168638
0.0207352618458
0.0188134936883
0.01905282363
0.0
0.0
0.0167276782218
0.0164590371506
0.0160993447825
0.0146564867958
0.0148395726126
0.0133013772997
0.0135558901017
0.0131298547562
0.013347650003
0.0130296454043
0.0135267466334
0.0101148499407
0.0100893264876
0.0087666683734
0.00794733282281
0.0
0.0
0.0
0.0138527528113
0.0111858858633
0.0098864076809
0.00871630252676
0.00730166772035
0.00585854626548
0.00641896774498
0.00569491281581
0.00526800727352
0.00193980974257
-3.63931594343e-05
-0.00161558065544
-0.0017604347474
-0.000949741557581
-0.00144971252094
-0.00315855730915
0.0
0.00048025325359
0.0
0.0
0.0
0.0
0.0
0.00100462117417
-0.000897664263922
-0.00246043997177
-0.00457123942437
-0.00593700304535
-0.00665272248331
-0.00683803098113
-0.00721981022038
-0.00760519909015
-0.00869943006651
-0.0100284018281
-0.010844525134
-0.0107051630879
-0.00974600631102
-0.0105712252926
-0.0106564481153
-0.0116290120397
-0.0128353733849
-0.0137083937419
-0.0124643810747
-0.0124815987113
-0.0111193840395
-0.012785751599
-0.0123107344928
-0.0144998257875
-0.015817668718
-0.0163510644582
-0.0163550763075
-0.0136834770178
0.0
-0.0162770695856
-0.0172092994795
-0.0200529766027
-0.0203943122298
-0.0209447456286
-0.0205237780824
-0.021055504209
-0.0215258728178
-0.0224967309691
-0.0228345826375
-0.0217906585383
-0.0208514163655
-0.0225310311678
-0.0241867787461
-0.0238799891774
-0.0244367716345
-0.0228468400596
-0.0253445903382
-0.025820384024
-0.0253284603313
-0.0248328530233
-0.024881769167
-0.0251743158843
0.0
0.0
-0.0261498126152
-0.021771821016
-0.0222531669166
-0.0214406017286
-0.0230825682844
-0.0256511391696
-0.0250834322165
-0.0248313722223
-0.0246378815014
-0.0260562701339
-0.0254141463536
-0.0245810820995
-0.0245191167171
-0.0240914343949
-0.0227926328642
-0.0240292242461
-0.023824759341
-0.0233651718871
-0.0233603839142
-0.022509070909
-0.021582807629
-0.0228080822327
-0.0218626679961
-0.0226223464347
-0.0211907972189
-0.0216076130644
-0.0207949041312
-0.0202747566913
-0.0208747759929
-0.0209766170765
-0.0202852887625
-0.0202278686165
-0.0186592872696
-0.0172205603088
-0.0159473201554
-0.0161927462705
-0.0171540879859
-0.017702158697
-0.0173126440671
-0.0171264349105
-0.0162633433361
-0.0148160091606
-0.0150823483648
-0.0153265475989
-0.0147394300682
-0.0155457704331
-0.0140297283779
-0.0115998423517
-0.0122056305794
-0.00831318275988
-0.00849198669297
-0.00961533107267
-0.00876006245322
-0.00874734531865
-0.00562057101715
-0.00335672441087
-0.00175217971719
-0.00369925179413
-0.00295168701105
-0.0021660846494
-0.00150445676431
-0.000698669390782
0.00110592372424
0.00252692154288
0.00425673414334
0.00397600103211
0.00469946107079
0.00476260059041
0.00702592820592
0.0086617690719
0.00941019251382
0.010295109966
0.0106655755112
0.0109015641452
0.012711429086
0.0145429160314
0.0155568053602
0.0153610955579
0.017865689813
0.0186823581846
0.0202605189671
0.0220229485023
0.0223537282883
0.0233398940597
0.0219926667412
0.0245426291936
0.0247820875535
0.0251860401546
0.0273507860012
0.0280434074223
0.0283941968579
0.0299287921589
0.0294275424865
0.030354946203
0.0
0.0
0.0337621959847
0.0353395846584
0.0357719278586
0.0349129488068
0.0360592922279
0.0360439857975
0.0379894707817
0.0384630403487
0.0383824115966
0.039789965067
0.039488050346
0.0398260858809
0.0399978638152
0.036137639825
0.0398651696659
0.038337177631
0.0382667646262
0.0381536331966
0.0386040394437
0.0385718885604
0.0393120553793
0.0367261320387
0.03599066252
0.0364083566848
0.0348189101513
0.0347891205441
0.0330972669664
0.0321257401183
0.0306595334544
0.0302245338254
0.0
0.0295750570166
0.0301498094487
0.0282890833314
0.027596146905
0.023949192396
0.0236565029321
0.0205575661515
0.0199900770433
0.0185709127136
0.0176932735442
0.0153626939908
0.0151251611437
0.0133757012049
0.0123619520949
0.00945722311452
0.00816814996873
0.00949571768707
0.0070555080306
0.00533243024434
0.00652229632628
0.00434762309576
0.000577805796359
-0.00143616701181
-0.00341240165023
-0.00487104046001
-0.00534514549769
-0.00583550065786
-0.00754584812129
-0.0101549161947
-0.0111532831328
-0.0126724705484
-0.0132352637643
-0.012804434187
-0.014970479769
-0.0155133816077
-0.0160092516906
-0.0184543165019
-0.0191611634155
-0.0168591696009
-0.0188535517279
-0.0206373933399
-0.0213637631028
-0.0225174093544
-0.0188230010632
0.0
-0.0221696247212
-0.0240928178441
-0.0254556529024
-0.0278342973964
-0.0277401297813
-0.0288219600617
-0.0297946315637
-0.0293629632606
-0.0285269706665
-0.0318604702241
-0.0322020650504
-0.0330691620244
-0.030484153091
0.0
-0.034733291461
-0.0354150507075
-0.0345698708071
-0.0349852227175
-0.03595914131
0.0
-0.0382685404777
-0.0367800933861
-0.0400969857937
-0.0373375555759
-0.0379600833298
-0.0393899063447
-0.0390288677307
-0.0393285180674
-0.0396660418234
-0.0386593883811
-0.0381879986135
-0.0398008175624
-0.0392242574329
-0.0383424472111
-0.0391724413412
-0.0386907814499
-0.0394084127274
-0.0379009001412
-0.0377458393755
-0.0387555973515
-0.0388248223051
-0.0374913669815
-0.0367899622981
-0.0364052815324
-0.0359059890731
-0.0355322419547
-0.0327298415042
-0.0327228178581
-0.0346949754168
-0.0343455264601
-0.0335090859821
-0.0325400419895
-0.0316113892592
-0.0298034470645
-0.0297664009208
-0.0310600805203
-0.0295182904349
-0.0295981514295
-0.0287285370056
-0.0269232339403
-0.0268557019747
-0.0252420932827
-0.0271356743368
-0.0265616106737
-0.0247502464391
-0.0244340985161
-0.0235389220215
-0.0240542043147
-0.0205952783247
-0.0230587487826
-0.0216339064165
-0.0205938787437
-0.0207711680396
-0.020741968991
-0.0198628914979
-0.0189294339395
-0.0164483594597
-0.017174466111
-0.0161513201144
-0.015787048511
-0.0157675983966
-0.0153958159953
-0.0161211938098
-0.0202330591357
-0.0149824227388
-0.0150396257759
-0.0152694340459
-0.0161167671369
-0.0132304311609
-0.0117834666961
-0.0110771548553
-0.00593459101583
-0.00505942551394
-0.00744079125073
-0.0081022020473
-0.00993148259324
-0.0104493641015
-0.00842385545916
-0.00732338012965
-0.00655298739568
-0.00486357697128
-0.00541612497634
-0.00428113364519
-0.00472467588178
-0.00322105186316
0.000333297538337
0.000447181365233
0.00100245277648
0.00305876705963
0.00374093412671
0.00431849180562
0.00488249014071
0.00549903122129
0.00715332077588
0.00906766303441
0.0
0.0105339574366
0.0118128450061
0.0127683440614
0.0136202175728
0.0151276991657
0.0170024302082
0.0181842191374
0.0186182425199
0.0204713412204
0.0212237028176
0.0247099133182
0.0259603181644
0.0269654647458
0.0287610510795
0.0309643969522
0.0298297990265
0.0319500416127
0.0346376009741
0.0344505403232
0.0358442303456
0.0362161249567
0.0389718255849
0.0411716983412
0.0431282069678
0.0436179479176
0.0455979149811
0.0461908233691
0.0457158144621
0.0463453300137
0.0468184015163
0.0475554359479
0.0481197142958
0.0512638837793
0.0504592025049
0.0506728731782
0.0513493251909
0.0523010095675
0.0532588542728
0.0532904275009
0.0552703112443
0.0550305173128
0.0528225915416
0.0525596089334
0.0526299609299
0.0519232145121
0.0519386015234
0.0526949327067
0.0516083247765
0.0523630384862
0.0524910358307
0.0524449748942
0.0521652499946
0.051696271717
0.0500986764202
0.0474980243011
0.046457269717
0.0448853316723
0.0446487199253
0.0426881670207
0.0402390560868
0.0400506380808
0.0390324572609
0.037974427052
0.0363517066344
0.0314903704162
0.0297636250849
0.0281280819438
0.0262210446048
0.0257630220631
0.0248298888143
0.0212510424195
0.0188564977911
0.0172135580737
0.0149499686897
0.0192035294093
0.0127049473214
0.0103829212895
0.00975633076086
0.0124826879962
0.0116115901269
0.00675398432786
0.002362558468
-0.000586199712392
-0.00233187021957
-0.00341630073568
-0.00431519880395
-0.00572281061637
-0.00998990370821
-0.0132392281748
-0.0171823975106
-0.0194477918107
-0.0213901573055
-0.0238769676817
-0.0235342696556
-0.0268888207754
0.0
-0.0304813295027
-0.029321888229
-0.0302118451308
-0.0330406288757
-0.0363468967666
-0.0358649571523
-0.0362012222233
-0.0380150130685
-0.0362457006982
-0.0383992848162
-0.0432141269255
-0.0449235183151
-0.0456028413429
-0.0461182217974
-0.0471578309907
-0.0482033194354
-0.0495815436013
-0.0481553189749
-0.0495767374501
-0.0508943395553
-0.0519610637593
-0.047836990477
-0.0483349657192
-0.0539944424613
-0.054778365238
-0.0554349645046
-0.0551895057206
-0.0553338320029
-0.0514566777835
-0.0500453306241
-0.0525456302653
-0.0521767252762
-0.0506191187657
-0.05033295394
-0.0508144458197
-0.0500514459558
-0.0491583077161
-0.0495601539936
-0.0518799708681
-0.0497591898311
-0.0495666992776
-0.050228770721
-0.0490375915079
-0.0467382429474
-0.0456477883249
-0.0463679595248
-0.0467739244346
-0.0474211098202
-0.0452381173831
-0.0437706195346
-0.0373169351945
-0.0323319519594
0.0
0.0
0.0
-0.0328000451847
-0.0345694515593
0.0
-0.0245329140181
-0.0247159591154
-0.0229489087101
-0.0223478036751
-0.0267439773385
-0.0284622967657
-0.0285487617403
-0.0285869888838
-0.0284886988713
-0.0268804557945
-0.0275316200525
-0.0269337375993
-0.0260471389189
-0.0265985276321
-0.023253193517
-0.0244204515748
-0.0235979327966
-0.0225620222076
-0.0215034659688
-0.0217524070953
-0.0207142371624
-0.0197406393289
-0.0192570783968
-0.0188595398115
-0.0172661435764
-0.0199910203437
-0.0182842289329
-0.0157338039241
-0.0149797291788
-0.0165852316384
-0.0153650979396
-0.0141694417153
-0.0140752976257
-0.0139589689869
-0.0136477334296
-0.0124486344385
-0.0119707675477
0.0
-0.0111068532945
-0.0120183316937
-0.00714430465616
-0.00571574713846
-0.00646647958388
-0.00638919594981
-0.006116217838
-0.00593527197425
-0.00434104441275
-0.00312430704786
-0.00211590580546
-9.95107748997e-05
-0.00165146691693
-0.00124845795985
-0.000533840483745
0.000424367308179
0.0013424827747
0.00251943520518
0.00321776479976
0.00429009813455
0.00780754001382
0.0087344554991
0.00962234409698
0.0132724237737
0.0141824221032
0.0152600136114
0.0157456340893
0.0156467970316
0.0160689972793
0.016842817976
0.0183777117091
0.0193496796091
0.0216012791088
0.0237367185257
0.0259368516287
0.0268657072043
0.0335792515419
0.0361590738415
0.033407790121
0.0356154741043
0.0362620184337
0.0376268742498
0.0377780333175
0.041457551089
0.0417443604575
0.0440023968967
0.0448254235356
0.0450186807358
0.0491745050356
0.0497113428337
0.0503059364424
0.0516573801708
0.0
0.0
0.0585026137611
0.0609024806001
0.0594449722292
0.059923600594
0.0615744660045
0.0618637612547
0.0628042379231
0.0
0.0691220246468
0.0660660205743
0.0657854673671
0.0642056229745
0.0643414184855
0.0649837625098
0.0662552716811
0.0664894376735
0.065307294391
0.0641474597258
0.0645606968352
0.0634490190013
0.062364929609
0.0629837401801
0.0632583434312
0.0616082636414
0.0608952007744
0.0594815774476
0.0582152580052
0.0571444886146
0.0551640497049
0.0521711049501
0.0524304531195
0.0511165729955
0.0496748869423
0.0471960094934
0.0459694259392
0.0436546682684
0.0413856356299
0.0397153541042
0.0386533290935
0.0
0.0399143718347
0.0
0.0273899337703
0.025035934651
0.0226817785597
0.0221570247026
0.0176752673733
0.0153176970212
0.0125447574597
0.00927097646463
0.00822800909479
0.00596483408581
0.00373252061187
-0.00120793195249
-0.00267930237473
-0.00553920662637
-0.0038475260712
-0.00768574690551
-0.0114237871893
-0.0141274662629
-0.0169143909945
-0.0195529064318
-0.0214827122615
-0.023872477539
-0.02666744229
-0.0320308763582
-0.031446820371
-0.0342934111121
-0.0363523625496
-0.0388284276497
-0.0395407683521
-0.0426740372362
-0.0440014467531
-0.0457613161212
-0.0478024323288
-0.0491998073456
-0.050203459495
-0.0540569279677
-0.055247371448
-0.0565804242633
-0.0580862667206
-0.0592077791225
-0.056682416141
-0.0577613591049
-0.0584520043789
-0.057710472161
-0.0587880638292
-0.0593482429148
-0.0595765039104
-0.0626584929072
-0.0602597457571
-0.0629678846957
-0.0640970490755
-0.0650294083719
-0.0648046813961
-0.0661329274474
-0.0665463199211
-0.0660654678754
-0.0649574605711
-0.0655068230936
-0.0639368469275
-0.0655713221244
-0.0647558369482
-0.064164076483
-0.0624189922886
-0.0629981745965
-0.0624203477851
-0.0619166429103
-0.0601672680647
-0.0595399013665
-0.0585906757247
-0.0580470681543
-0.0572385424565
-0.0566846488377
-0.0564984031696
-0.0551118493129
-0.0525541665155
-0.0524836960138
-0.0507100854354
-0.0492599490285
-0.0472321753511
-0.0464734936745
0.0
-0.0425575443615
-0.042175018107
-0.0446116328513
-0.0410853320004
-0.0394886668209
-0.0373994864143
-0.0354678304152
-0.0351356123246
-0.0342033103867
-0.0329868305512
-0.0316262874417
-0.0315089139076
-0.0301467228036
-0.0296552830024
0.0
-0.0280163332059
-0.0262757739749
-0.0229230950498
-0.022239432411
-0.0223107763446
-0.0207784105772
-0.0217518638957
-0.0204270371285
-0.0198514843431
-0.0190858032789
-0.0185367385266
-0.0183429617659
-0.0143432467833
-0.0140887627857
-0.0155647248492
-0.0153349872041
-0.0140068094638
-0.011561615139
-0.00914581183527
-0.00874643072791
-0.00822044910806
-0.00804416732767
-0.00785224974283
-0.00853200182519
-0.0094276701564
-0.00728535366173
-0.00523140638185
-0.00573488482425
-0.00421343508173
-0.00264883316829
-0.00172717350976
-6.93655612044e-05
0.000711695977764
-0.000389129311311
-0.00287551982361
0.000858966003279
0.00169493851536
0.00206095882493
0.00320897073962
0.00495388884378
0.00448827312323
0.00589002070403
0.00735445108246
0.00929634518957
0.0108250388151
0.0121045875796
0.0131250106541
0.011704633732
0.0133969032756
0.0154749524097
0.017909054794
0.0193239345369
0.0203958256989
0.0213982199504
0.0218829043623
0.0253272151416
0.0267602364336
0.0291383488558
0.0296306290351
0.0291122380774
0.0316051784735
0.0339310330346
0.0350706617856
0.0368041649198
0.0374386952584
0.0406085133664
0.0410287113614
0.0436840681786
0.0459236347969
0.0479732515723
0.0497543378523
0.0499345721036
0.0538057329424
0.054566530888
0.0548707349411
0.0555622446286
0.0594538040632
0.0598965371189
0.0600456058695
0.0654263649037
0.063865782618
0.0652123087613
0.0650349546692
0.0621192605411
0.0684372068697
0.0
0.0696548410192
0.0686080242742
0.069032965081
0.070032726872
0.0699358704269
0.0710375345371
0.0721188567797
0.0721996785359
0.0722177204432
0.0
0.0719929678844
0.0728283337518
0.0721087284559
0.0724881925131
0.0709986467684
0.0698078339373
0.0702853847396
0.0695614932089
0.0686446995916
0.0653837782616
0.0665486478814
0.0613177054148
0.0651590553036
0.0637736992742
0.06300120836
0.0606457630825
0.0584204610822
0.0557654575527
0.0533983999136
0.051324932495
0.0495220998989
0.0487147226748
0.0460979203099
0.0387972245354
0.041318115708
0.0378688720559
0.0340545293196
0.0309888566496
0.0287990244578
0.0286962932579
0.0252418919266
0.0219863713905
0.0190512120171
0.0164185379047
0.013749957807
0.0
0.00919890213831
0.00483543547235
0.000478126993754
-0.00335276634255
-0.00526467966918
-0.00818724323263
-0.0106395744067
-0.00997792165223
-0.0139247972919
-0.0181978891001
-0.021217241187
-0.0275751927665
-0.0281728258104
-0.0319071465666
-0.034104302202
-0.0367049014174
-0.0400705575781
-0.0431770819143
-0.044915928681
-0.048019497676
-0.0496109349087
-0.0528145712369
-0.0528143397538
-0.0574299818768
-0.0595969280816
-0.0611774079283
-0.0622472485985
-0.0643320568143
-0.0670509379944
-0.0667501050959
-0.0680651317265
-0.0724374335717
-0.0694156376331
-0.0713062856951
-0.0694815029813
-0.0740271429219
-0.0744622767184
-0.0729347483304
-0.0750758367633
-0.0750656373607
-0.0747976987428
-0.0735780495098
-0.0745015557281
-0.0743068623542
-0.0745211171438
-0.0745495596071
-0.0744019447064
-0.0757421236682
-0.0747373463246
-0.0744571877015
-0.0739941362638
0.0
0.0
0.0
-0.0572843431511
-0.0572997870583
-0.0586107210948
-0.0586672022697
-0.0606819038107
0.0
0.0
-0.0581231794521
-0.0578017608702
-0.0567627357367
-0.0570441773306
-0.0564362610477
-0.0476573016083
-0.046753471241
-0.0446337420487
-0.0477250130373
-0.0454678500893
0.0
-0.0445388232412
-0.042645244046
-0.0414452764693
-0.0391755647405
-0.037386793539
-0.0363482909751
-0.0364934925356
-0.0370070780409
-0.0358407275475
-0.0337405690926
-0.0325557065698
-0.0318814831128
-0.0312922536565
-0.0288993325653
-0.0279502508499
-0.0280669935831
-0.0260728541434
-0.0228916753061
-0.0226235996181
-0.0212079101853
-0.0209190960717
-0.0206197296249
-0.0178522947974
-0.0199536357932
-0.0164021096464
-0.0171382900967
-0.016153369697
-0.0146683540094
0.0
-0.00831796733223
-0.00850990732186
-0.00831216715944
-0.00845128963761
-0.0081169982219
-0.00642342115724
-0.00843992050693
-0.00716366303177
-0.00495027324088
-0.00299532027888
0.0
0.00325285279408
0.00117335182879
0.00250731526776
0.00315604451465
0.00357505653251
0.00436583074694
0.00638731437557
0.00379682886144
0.00858147438988
0.00776994149597
0.00867170207579
0.00892705720446
0.0107505980148
0.0103461755284
0.0119165406161
0.0143293284014
0.0164775320611
0.0174271651836
0.018091072841
0.0177980177041
0.0181592017179
0.020230690821
0.0215625214723
0.0248625314856
0.0253729478723
0.0283943973028
0.0290917729749
0.0300751601818
0.0307913865305
0.0304306372157
0.0314766551174
0.0329174677013
0.0343269787277
0.0368585631997
0.0384479652696
0.040833422861
0.0430003405817
0.044736321684
0.046318947154
0.0470793735098
0.0479507775314
0.0498753932511
0.0491036470497
0.0516229188353
0.0529038292086
0.0572847374207
0.0562879236345
0.0586744915397
0.0611389751013
0.0625315525852
0.0622850685114
0.064031634414
0.0648931558517
0.0666376899363
