0.00780018850682
0.0500539670148
-0.00186873988089
-0.014281731258
0.0066313014832
0.00820864727351
0.00687159891194
0.0324657078402
0.000404781235962
0.00233362851452
0.00953006362517
0.015876466779
-0.0211031864281
0.0202840892881
-0.00334078347399
0.0109416506513
0.068939372453
0.0204871077662
0.0354266048803
0.0101631478929
0.00817598214667
0.00618881640044
-0.00712120289069
0.0188516783292
0.118481169183
-0.0120224092917
0.0728331131991
-0.00873767626151
0.0578147812726
0.0395517244317
0.00352164189114
0.0404121946401
0.018091008943
0.0191330999679
0.021616643934
0.00131758261147
0.0451851690081
0.0637103397593
0.0407094603177
0.0333881389945
0.01214027982
0.00732728511589
0.0703403805569
0.0323111807268
0.0297736883079
0.043151656745
0.0370189333842
0.0154176918879
0.0418250745776
-0.00710721183756
0.0131748229624
0.00759893478038
0.0587961684478
0.00633017369585
0.0665289561118
0.0302265093828
0.0419656632979
0.0236107931627
0.0391764437842
0.0579088034025
0.0265557458838
0.0322032711524
0.05737486027
0.0453054283259
0.0153117230086
0.0265387237373
0.0413337735284
0.0484677737548
0.0158793483684
0.0122414289212
0.0359631294516
0.0322695793349
0.0144191488114
0.0492021224818
0.130159882151
0.0274155734856
0.035206379088
0.040951934142
0.0449693186409
0.0289049010046
0.0175465759908
0.0307373121237
0.0351135940338
-0.0153418455159
0.02773517097
0.0437535278509
0.0157997392137
0.042455508444
0.0819893484301
0.0211590537204
0.0397707246787
0.012400763223
-0.0049760969814
0.0249512397108
0.054878576403
0.0222998447023
0.0618956608696
0.0425795123087
0.00722920573476
0.0131580519513
0.0125971202059
-0.0169057477354
0.0213751161392
0.0408222865091
0.0306739739794
0.0260374488414
0.0440325894418
-0.00962927978013
-0.00815316238713
0.0367864241543
0.0279397095929
0.0274783599588
0.0383859684838
0.00543417862876
0.0261479188609
-0.00286567284529
-0.0005917840301
0.0452549880347
0.0985867572165
0.0314954901452
-0.0196827100612
0.000419283096669
0.0246911557761
0.0135974529951
0.0186604134977
0.0124124819204
-0.0179748855486
-0.0132040673871
0.0237161914381
0.0101028347791
-0.0385943959884
-0.00455252489216
0.0304941062129
-0.0211310182816
-0.0252123293964
0.0668538972094
-0.00670874818492
-0.000303372530522
-0.00634861750898
-0.0161283132138
-0.00687500352425
-0.0479627965119
-0.0344932740428
-0.0189059148127
0.0276273821924
-0.0551133489274
-0.0156026246923
-0.032038224115
-0.0427044265156
0.0180931483373
-0.00960066692332
-0.0442022520213
-0.0506659621745
-0.0192604938912
-0.0435337543884
-0.0307233601489
-0.0129597435957
-0.00381898999958
-0.0594182799197
-0.0392054254754
-0.0263074571277
-0.0227623589084
-0.0324210046712
-0.0536001122361
-0.0820479316588
-0.0408693495095
0.0147850678313
0.00464312380876
-0.0280285750106
-0.0194269583062
-0.0435104929265
-0.0604968335715
-0.0557958649054
-0.055705677655
-0.0234910938936
-0.0344497425362
-0.0724888527885
-0.0322565042179
-0.0245452487763
0.0132641898545
-0.0306394320567
-0.0352847442458
-0.0698082301246
-0.0101008113016
-0.0574381041547
-0.0854110487845
-0.0419682042828
-0.035913206516
-0.0951790264149
-0.065422355824
-0.0356656852331
-0.0206271545993
-0.037692800944
-0.0514153147221
-0.0688313791195
-0.0324015097987
-0.00623182549885
-0.059196674207
-0.0443237182129
-0.0731425559758
-0.0421963061535
-0.0579881474618
-0.0572934456988
-0.0342367322202
-0.0391637786911
-0.0608330487924
-0.0448728577321
-0.0451390052146
-0.0560459051629
-0.0448119892742
-0.0382811384617
-0.0464050558953
-0.0253350318481
-0.0526103805529
-0.0568939252079
-0.044543452629
-0.0416465758135
-0.0747368000024
-0.0510286094459
-0.0163836698428
-0.0681956714977
-0.0504926112794
-0.0167627381508
-0.0494389384955
-0.0754538868718
-0.0409845335032
-0.0626647757436
-0.0478574713249
-0.0585177798403
-0.0676514884479
-0.0515952602003
-0.0709441705155
-0.0558583546388
-0.0732886624029
-0.054781828275
-0.055227141436
-0.014240913377
-0.0560754233224
-0.0690005306945
-0.0505268291137
-0.056068820089
-0.036215232393
-0.0465134771183
-0.0410109345285
-0.0229741074672
-0.0648732116351
-0.0669076204907
-0.0347917740591
-0.0442453058946
-0.0901250853851
-0.0219536898909
-0.0834438845571
-0.0583611428214
-0.0332784010858
-0.0271599619969
-0.0500194958754
-0.0936348464445
-0.037764258418
-0.0880637277263
-0.0289721521159
-0.04895132189
-0.0820063847144
-0.0602247486936
-0.0604770096901
-0.0580458185723
-0.0587578686694
-0.069786857899
-0.0581123916542
-0.0620539827371
-0.0359811192688
-0.0622980670651
-0.0512437743649
-0.0576015863729
-0.0613210753031
-0.085868195068
-0.0561520106891
-0.0613803040702
-0.0625865071207
-0.0637927101711
-0.0644334771497
-0.0645649485551
-0.0423836256531
-0.072544426488
-0.0405478624047
-0.0696880626218
-0.0642902563028
-0.0588924499839
-0.0372465723947
-0.058315061906
-0.0564276066118
-0.0545401513177
-0.0538427348467
-0.0193359872606
-0.0810684759793
-0.0559652402185
0.0113025288591
-0.0286679163182
-0.0496948795198
-0.0645597895487
-0.050831772616
-0.0337321454844
-0.0126515713336
-0.0984868947706
-0.0442061898391
-0.0275993914866
0.0221653770763
-0.0275182484118
-0.0526642285748
-0.040991847194
-0.0518373789887
-0.0127026586792
-0.0170181147035
-0.0155700104999
0.0165229627899
-0.00983188184786
-0.0213555197495
-0.027954872839
-0.0134410897591
0.000991327316885
-0.00546838066263
-0.0020450471267
-0.0115270999174
-0.00999426004868
-0.00473354811241
-0.0102356197476
-0.0317488768602
-0.0381299568563
-0.0199160620572
0.00417986660613
0.00463466512142
0.00109828562361
-0.00619859727106
0.0464145318892
-0.0137759708002
-0.00122326400776
-0.0184178836331
0.0218622187419
0.00349245146842
0.00379983373092
0.0155001923252
0.0248828305562
0.018756145338
0.0241123194952
0.0453054843157
0.0197280468506
0.0339279025869
0.0511674954531
0.0141605283834
0.000902319076351
0.030085022314
0.0757203822773
0.0387275750065
0.0256919600222
-0.0149039051632
0.0132566466884
0.00931684698502
0.0258545985789
-0.0208115207632
0.0376015847628
0.0168890914602
0.0347809351138
0.0248240284149
0.0732016554888
0.0407358647108
0.00415028112653
0.0176170138554
0.0394526791365
0.0341252283185
0.00991855223762
0.0388097568959
-0.0122480378103
0.0216307035798
0.0103176298433
0.0508735531895
-0.0132822401292
0.0185712445761
0.041994634195
0.0337552360999
0.00755152051518
0.0184449348104
0.0364443381242
0.0316350743596
0.0268258105951
0.124898578167
0.033646702924
-0.000915068500525
0.0025389123304
0.0254544466579
0.0193249176895
-0.00297463649229
0.0285874581594
0.0234265956006
0.0150513630538
0.0114203625981
0.0208042659856
0.0901330913601
0.0417455061106
0.0236467298559
0.0311901548065
0.0112132857495
-0.00504664918015
0.00556305622176
0.00537937309378
0.00330757166424
0.0424746953436
0.0462868311675
-0.00720120474073
-0.0193513853287
0.0120270395821
0.0120465332948
0.0453744066492
0.00906690592735
0.0296687438759
-0.00492100892133
0.0207417201751
-0.0189644947829
-0.0151560342947
-0.0128036954989
-0.0111077592448
-0.00941182299077
-0.0354986752507
-0.00671213586658
-0.00496468485621
-0.00837949789348
-0.0229103650875
-0.0345294255165
-0.0452720406602
-0.0287310138861
-0.03537959547
-0.00929015573387
-0.00254880987443
-0.0157339670508
-0.0190344006853
-0.0269544422967
0.0155318070045
0.00148042454007
0.00812539906597
-0.0379298485337
0.0118056489793
-0.0113678294265
-0.0424899221965
-0.00972721788189
0.0115878136296
-0.0352121785972
0.00210495859231
0.0219470938083
-0.0586420384302
-0.062218168492
-0.0586887602226
-0.0324409594159
-0.0282552773341
-0.0387943481054
0.000734714515605
-0.0324988665109
-0.0240235070156
-0.0634811858193
-0.0328382875753
-0.0288760314811
-0.00251122278994
-0.0456926038218
-0.0079216824092
-0.0282681621884
-0.0157764909604
-0.0372719138263
-0.0536691226883
-0.0466564917297
0.00144771573112
-0.0113622579076
-0.0265218959574
-0.0463227620267
-0.0215231379046
-0.0428601936478
-0.0200674687837
-0.0213970771316
-0.0415749753518
-0.0617990800715
-0.0242379922936
-0.0111292718525
0.00197944858865
-0.0397950580434
-0.05353707429
-0.024403239299
-0.0248274680127
-0.0405119960946
-0.0412238149166
-0.0358209377082
-0.0363796646557
-0.0279652810442
-0.0146387742919
-0.0548424183169
-0.0498949007707
-0.0135291708499
-0.0112953069059
-0.00956080054279
-0.0699905559895
-0.0273277514447
-0.0408955935488
-0.0404316424678
-0.0276142467723
-0.032258569449
-0.0470530035402
-0.0112054870721
-0.0294772823421
-0.0626629345959
-0.0304289595253
0.00306586058622
-0.057035265106
-0.00964070825694
-0.0506070097591
-0.0446358624773
-0.0301255822587
-0.0284046284809
-0.0289873391094
-0.0297423305299
-0.0470679258653
-0.0331584285518
-0.0623651651037
0.00885025650281
-0.0731956526519
-0.0418604455184
-0.0638722448149
-0.0611225585454
-0.0405724617863
-0.0471728324722
-0.0149614836459
-0.0500523696594
-0.0575820951907
-0.0272827459489
-0.0616466868701
-0.0367165039951
-0.083002233852
-0.0496817711915
-0.0498813309326
-0.0882532707005
-0.051341086807
-0.0488254518309
-0.0276373106474
-0.105443720062
-0.0808971832098
-0.0663611236036
-0.0707901271257
-0.0973588465416
-0.0884735655332
-0.0632983238359
-0.0961666914307
-0.0650510392299
-0.0690475168463
-0.0861477202382
-0.0856028487104
-0.104378482
-0.0496385458036
-0.0762270227813
-0.0467842273007
-0.110272673851
-0.0688838009869
-0.070942560757
-0.089646390855
-0.0698435213895
-0.112231305098
-0.102101548197
-0.071996800958
-0.0722628772401
-0.0755770308914
-0.0917517989621
-0.0635039148087
-0.0645362497799
-0.108337166601
-0.081497373624
-0.134584723205
-0.0741509969134
-0.0598049383124
-0.0756565509712
-0.0704093135605
-0.0780501262995
-0.0856909390386
-0.0739249388684
-0.104327364978
-0.131195965121
-0.0857958871173
-0.0785938714207
-0.121604099702
-0.100240173308
-0.0718659848062
-0.0866041665806
-0.0608125703406
-0.058176624769
-0.0853459416332
-0.0332248401409
-0.104535452375
-0.105942524638
-0.0588943761535
-0.0725343462564
-0.0780541584214
-0.0984279635747
-0.0729392486342
-0.10092924346
-0.0878046359468
-0.0786564865514
-0.0809776784878
-0.0789248875333
-0.0768720965787
-0.0748193056242
-0.0727665146697
-0.0866362053993
-0.0665851625802
-0.0960850446199
-0.106342113476
-0.073450188735
-0.0860105604775
-0.0385013783633
-0.094969984832
-0.110004672585
-0.107744858101
-0.0549194796262
-0.0901918403499
-0.0718155816913
-0.090144447913
-0.0702478274889
-0.060027696804
-0.0710985118824
-0.0792082564361
-0.0914152029811
-0.0916512467182
-0.101414092611
-0.0486764644941
-0.102371095308
-0.0534018553638
-0.0787870800595
-0.0109677942379
-0.0510502114753
-0.0652961072411
-0.0862336955202
-0.110928075283
-0.0913743127084
-0.0887339308191
-0.0984776139919
-0.0599375541696
-0.0850003269403
-0.0706853691022
-0.146505633925
-0.103648460324
-0.0576051515553
-0.10338687339
-0.0746280452752
-0.055647591934
-0.102493452332
-0.0830970203404
-0.0689072210277
-0.0814850505703
-0.069698970125
-0.0931230230135
-0.103532721959
-0.0952457005988
-0.0888806259918
-0.064342826572
-0.125912743968
-0.0988339549715
-0.119766442161
-0.0825362337848
-0.13070117283
-0.0857453009375
-0.103638080425
-0.0987769145878
-0.100764034325
-0.101291794415
-0.108841562886
-0.124951019935
-0.0963024372432
-0.0730813316733
-0.0920489274867
-0.1110165233
-0.0874214734838
-0.0523129605677
-0.103346608541
-0.0938622378563
-0.101549564806
-0.114330639257
-0.115716389317
-0.0519715167151
-0.11395290819
-0.116143898488
-0.132626565722
-0.0853752002504
-0.094353783779
-0.0845161426931
-0.0822152093935
-0.106743566972
-0.104822734125
-0.100668001171
-0.0967061172222
-0.0594612048076
-0.0938893378485
-0.111870045484
-0.132817762294
-0.108454645647
-0.0885907879401
-0.119982250098
-0.0591585021284
-0.0973599042076
-0.0605162415176
-0.12020409964
-0.0907352182934
-0.0899009669718
-0.148710313749
-0.111018161259
-0.076510301174
-0.110131169524
-0.0851381753635
-0.109833873998
-0.141208257299
-0.137173682001
-0.0563047895781
-0.110160112386
-0.115281596832
-0.105161131139
-0.113572171068
-0.10388132641
-0.127050934642
-0.125111329783
-0.138227878989
-0.139783693705
-0.0990566515779
-0.103534209059
-0.10359260615
-0.0893783541094
-0.0867893799635
-0.0854847813253
-0.111914414128
-0.136002449388
-0.103167361042
-0.114678141242
-0.129944065053
-0.126345259834
-0.127567519161
-0.138193051125
-0.125690003346
-0.0959768955182
-0.0311251010131
-0.106812439429
-0.0962648509006
-0.0857172623722
-0.0885290566804
-0.114593493422
-0.121054842783
-0.0786151221821
-0.0876627277028
-0.13531822187
-0.115408211227
-0.128066121789
-0.102714205453
-0.104190499428
-0.0846680242488
-0.0342176302704
-0.144637117528
-0.0973186609296
-0.0997728326164
-0.152194610487
-0.113325525366
-0.110387781636
-0.119018332669
-0.11023220791
-0.100701676013
-0.0911711441161
-0.122557665984
-0.114491729034
-0.116704638433
-0.118917547833
-0.121322594629
-0.106606887163
-0.0978265157704
-0.114968199062
-0.107904563743
-0.0826883515688
-0.103906296028
-0.134039663986
-0.0910309021351
-0.0854613513511
-0.12313332353
-0.0904228977495
-0.177277482256
-0.152411411568
-0.147652914507
-0.0862929691053
-0.091648822586
-0.136694717438
-0.11015870232
-0.100489295838
-0.131017563959
-0.10168705065
-0.108288199124
-0.121055656977
-0.103923137937
-0.122488142373
-0.134626114137
-0.146036162523
-0.138512361297
-0.108055162267
-0.0998850876567
-0.1550554783
-0.0852488563657
-0.134245943074
-0.121968207056
-0.173579848743
-0.131046938717
-0.125278733553
-0.122180823043
-0.161278658841
-0.139458054567
-0.14797060084
-0.157618527205
-0.157258971842
-0.151804578674
-0.153088200082
-0.0967040048608
-0.112530545184
-0.150615746163
-0.144196758377
-0.184213519143
-0.176139599295
-0.162452907705
-0.147200968715
-0.153995032256
-0.154079441196
-0.189229943721
-0.181446941997
-0.148100777736
-0.18634037745
-0.155916323927
-0.163179194071
-0.165738307571
-0.175779291562
-0.14829989206
-0.196869225483
-0.169418549201
-0.209860819682
-0.205110980693
-0.202314381741
-0.180780951364
-0.196303001071
-0.202892650777
-0.18802963615
-0.165591939644
-0.200480422602
-0.176023058451
-0.229703810381
-0.191406360618
-0.200487613617
-0.199115730851
-0.244342077284
-0.202424623279
-0.22151025092
-0.221418179
-0.189808420448
-0.21343582376
-0.217043302224
-0.248834004089
-0.166903593594
-0.234184420238
-0.25791847608
-0.245675498282
-0.21200620391
-0.230960424595
-0.249914645279
-0.276168018671
-0.201183236085
-0.261352906449
-0.254235399741
-0.241761805881
-0.241182144859
-0.257980388284
-0.245056381417
-0.255396372893
-0.268381424344
-0.290957376718
-0.260598272771
-0.272581154467
-0.279431750185
-0.235809732096
-0.294349965292
-0.261791286758
-0.261651223231
-0.280848162795
-0.271130225198
-0.26762750245
-0.286827662307
-0.261314432616
-0.257979534921
-0.263011087865
-0.290715483975
-0.253630955776
-0.284115548266
-0.2219639628
-0.247437993848
-0.299223370559
-0.284406155213
-0.26364151572
-0.297394674241
-0.299852642597
-0.297622410599
-0.325247780604
-0.280882728888
-0.326544935956
-0.270735828081
-0.275095905073
-0.263366054957
-0.310906755891
-0.3098685318
-0.300515954875
-0.291163377949
-0.294880635762
-0.296221068351
-0.317187449013
-0.27500836919
-0.273856003262
-0.254889423322
-0.332585182912
-0.263314805969
-0.279529045127
-0.282010618053
-0.266841244824
-0.292292336133
-0.271854336958
-0.297024132408
-0.303962144589
-0.246694099673
-0.245812375779
-0.261325804902
-0.268916579634
-0.31944949386
-0.274962825973
-0.310024437053
-0.295458821628
-0.271312090378
-0.322768625264
-0.295804992587
-0.291762896695
-0.249436106357
-0.285132206652
-0.301323400027
-0.296791646577
-0.299467416949
-0.309154772472
-0.291281802392
-0.289973948859
-0.256275988754
-0.316345596216
-0.305504098888
-0.337531980274
-0.2964935893
-0.299402329568
-0.303723323081
-0.316186271189
-0.287278168909
-0.285415405809
-0.284509657362
-0.318197822482
-0.272862918702
-0.292344825567
-0.311826732432
-0.320930687504
-0.28722633146
-0.310606994899
-0.294894379686
-0.290047334167
-0.287557017437
-0.292877014883
-0.296644908896
-0.298146618096
-0.300242145301
-0.290128351112
-0.303284631516
-0.293839935168
-0.329353540474
-0.268958539878
-0.26132478792
-0.275833417036
-0.309785396425
-0.278557035711
-0.32388825899
-0.306609847055
-0.282381242646
-0.314273486581
-0.269608674829
-0.303742993812
-0.232158821168
-0.291930821562
-0.274436263907
-0.305461387966
-0.260265710674
-0.317573772033
-0.289036994218
-0.244091722498
-0.290031818976
-0.280458874555
-0.315723523369
-0.280460793275
-0.275365890088
-0.283175699692
-0.276005474927
-0.261685490544
-0.294022994136
-0.261641432014
-0.248305485798
-0.290583713259
-0.273266317251
-0.284210911232
-0.294611396433
-0.268550551664
-0.279765865538
-0.26614484898
-0.29949563896
-0.271416302852
-0.272973093527
-0.257681356414
-0.274891199706
-0.215925287924
-0.291287644795
-0.239455729541
-0.269869789798
-0.294256960216
-0.253093599051
-0.250917892778
-0.270987206461
-0.253860102328
-0.302197562269
-0.249095578154
-0.276726069972
-0.233893201988
-0.272593667082
-0.260547567553
-0.235833216252
-0.263141099566
-0.244109546796
-0.255918949758
-0.27982147236
-0.257654272853
-0.249410978341
-0.290569973678
-0.275876793
-0.265148516246
-0.260035492332
-0.274382617777
-0.252283205141
-0.244758997101
-0.22699254152
-0.256676068716
-0.265344063
-0.236250333663
-0.249357439211
-0.211362331846
-0.237956281422
-0.244405597805
-0.243094935194
-0.235724613732
-0.228354292271
-0.215240332876
-0.212242580027
-0.213205051332
-0.238331595675
-0.23415383196
-0.232515899895
-0.241732301887
-0.248503523843
-0.266066437075
-0.254819338904
-0.246297490836
-0.260851728295
-0.224405083601
-0.246456740609
-0.260466670685
-0.220609699349
-0.25447419447
-0.235542321754
-0.233243270187
-0.246610565114
-0.26373964455
-0.255635984443
-0.238898896421
-0.215200330014
-0.248436329014
-0.235462088953
-0.270924364019
-0.261825753467
-0.239572905946
-0.261242556198
-0.252708282137
-0.268320177658
-0.245361287952
-0.246113930936
-0.26142692299
-0.185361159274
-0.254340167923
-0.236844129514
-0.248554111089
-0.260264092665
-0.236435528474
-0.241368511072
-0.25027164488
-0.256399006057
-0.264246281051
-0.254039908948
-0.281346231337
-0.305038195478
-0.268207380793
-0.268185890677
-0.250041370501
-0.264782811892
-0.284167582693
-0.25983215063
-0.27042721779
-0.241989314735
-0.259213386168
-0.222306466604
-0.23608302434
-0.258449905364
-0.24454224478
-0.234161785887
-0.268625128883
-0.243210628302
-0.280012451008
-0.248833254065
-0.25792737799
-0.250168523183
-0.271587643689
-0.263288111225
-0.266083926873
-0.279597170749
-0.273561987016
-0.199907570174
-0.258983409055
-0.243407712404
-0.266778913323
-0.262891740682
-0.260988666053
-0.263228607113
-0.25895242125
-0.264795815183
-0.256939082364
-0.23317989649
-0.238481201827
-0.254925802547
-0.236860775109
-0.241610877746
-0.272693809021
-0.234270085635
-0.254647826527
-0.267241628675
-0.240672371815
-0.247840056294
-0.247420601174
-0.247001146053
-0.262157693382
-0.245981143535
-0.215310897151
-0.240809613275
-0.266703224277
-0.234263088083
-0.241955440045
-0.234522755889
-0.245206813224
-0.238509250797
-0.230481344376
-0.182026376973
-0.219751136221
-0.256280833339
-0.21862289257
-0.241005936203
-0.223424943795
-0.245712336881
-0.248531131257
-0.248512045475
-0.250449668344
-0.219305973822
-0.230347619788
-0.221482001578
-0.215258932152
-0.230316292921
-0.209621324744
-0.246112538169
-0.268978678316
-0.227450340919
-0.248960384062
-0.222104958888
-0.223709573243
-0.232079431442
-0.202433162873
-0.220139499033
-0.243460140863
-0.246980940244
-0.214292850316
-0.192800110914
-0.217927297913
-0.21008239107
-0.185114580764
-0.239221139489
-0.20404137075
-0.213874679126
-0.201962188222
-0.221310849032
-0.24572023612
-0.226666511813
-0.223165666181
-0.244569401598
-0.212892943248
-0.233409968459
-0.220614276742
-0.251833779007
-0.230765533455
-0.233435537256
-0.248196487379
-0.203599143369
-0.214425388875
-0.207436073263
-0.233175270164
-0.241381836258
-0.222073938665
-0.247232749196
-0.221315647552
-0.225312067408
-0.231401552674
-0.210943231691
-0.240243008521
-0.238460192988
-0.154608321547
-0.194586115745
-0.251585376186
-0.196857969613
-0.228971726237
-0.208157918985
-0.22820363961
-0.209515544714
-0.250416107004
-0.198136844376
-0.223520281168
-0.240151581771
-0.209191154197
-0.220173006322
-0.22568393312
-0.179020961713
-0.245748000365
-0.232029120623
-0.172379215481
-0.202215644232
-0.213608510051
-0.216691060285
-0.21977361052
-0.222856160754
-0.223519694804
-0.231964122235
-0.180736038649
-0.210738509991
-0.193967271677
-0.2148596076
-0.210102225736
-0.195525247558
-0.18676974351
-0.187229749439
-0.194800890675
-0.244953743872
-0.216392680026
-0.180827285788
-0.21467489446
-0.204195434693
-0.197270338687
-0.189483414925
-0.198300988436
-0.226765281922
-0.184741430677
-0.180844495654
-0.20203561261
-0.0957359168871
-0.19186390929
-0.207880877792
-0.209535321382
-0.174460975501
-0.212612229896
-0.156788368557
-0.177440257966
-0.186150364615
-0.155315014773
-0.182520884837
-0.153542735124
-0.189000539319
-0.175308532424
-0.181554793271
-0.18008247025
-0.148368801898
-0.18339295001
-0.157477904009
-0.135090004003
-0.152631905372
-0.151649752999
-0.183798379068
-0.15843972329
-0.16597964639
-0.163648217591
-0.172754728366
-0.158902246717
-0.159054833705
-0.166598588422
-0.175925379564
-0.13472405688
-0.105432706087
-0.145591287334
-0.12857662216
-0.134097422717
-0.140722701347
-0.112938353481
-0.129286359328
-0.121806723134
-0.133249429277
-0.14362847696
-0.0967624516942
-0.128407195903
-0.0859941000944
-0.135679144489
-0.132660477404
-0.129036524138
-0.129798599518
-0.141262833114
-0.114040549952
-0.103690558929
-0.118414845888
-0.102025249901
-0.12637718864
-0.101095720762
-0.101309412258
-0.016975851487
-0.123762751996
-0.0932512335946
-0.0894658406422
-0.0965736449029
-0.100896149724
-0.105917674224
-0.112874341417
-0.1201385463
-0.052554472406
-0.0993488655435
-0.0616427662597
-0.0967150213686
-0.0836941118272
-0.0914068718462
-0.0991196318652
-0.107267577844
-0.0979737570352
-0.0709460900652
-0.0728357512608
-0.102944672316
-0.0804506929396
-0.0989938061267
-0.0946554979891
-0.0793802471951
-0.0423859439854
-0.071638403163
-0.0729521272529
-0.0713312055396
-0.113088256953
-0.0949172964486
-0.096078180395
-0.0745730756836
-0.0884585070866
-0.10750282013
-0.0701076768673
-0.0754411514746
-0.0539823369793
-0.0893688995069
-0.0598336223568
-0.106229460811
-0.0735876630634
-0.100771092693
-0.0758631966919
-0.083893454913
-0.0522980190371
-0.0611227409573
-0.0777096977002
-0.0837776739038
-0.104496965745
-0.0984767303287
-0.0707011452346
-0.0686059847733
-0.0768388928704
-0.0960244518787
-0.103532563082
-0.0925256157943
-0.0682206341893
-0.0395066795837
-0.101395440606
-0.0743698511312
-0.0752264288645
-0.0811958669967
-0.0922149352868
0.000481982604306
-0.069231506852
-0.0489438896088
-0.0755005173981
-0.0803261424737
-0.0400380995424
-0.0670077148198
-0.052446674347
-0.067679087574
-0.0553448449777
-0.0524223278809
-0.0577160730199
-0.0591604931496
-0.107913469563
-0.0881848802775
-0.071947359338
-0.0626204832442
-0.0573908488946
-0.0757092350877
-0.0755359985641
-0.043723368756
-0.0583393618218
-0.0869473787988
-0.0599272917022
-0.0448858687968
-0.0603105249801
-0.0626546773214
-0.0269567795715
0.00798007632012
-0.048377703136
-0.017125200715
-0.0498821285083
-0.0194841966484
-0.0261786178245
-0.0668646045765
-0.0411895577293
-0.0414807370102
-0.0027982185289
-0.0648237993734
0.00369655751434
-0.00655944718651
-0.013066153568
-0.0295126489246
-0.0502925036691
-0.0352960627369
-0.0725263318351
-0.0518729841617
-0.0312196364883
0.00151242009388
-0.0249936777949
-0.0235011646071
-0.0181590829204
-0.0122992418269
-0.0374259830585
-0.0382592124435
0.00189797574539
-0.00397513679539
-0.0192887007258
0.0020193444882
0.0109410746032
-0.010423918468
0.000868007872087
-0.00948034415688
0.028856703596
0.0190800664462
9.63018732216e-05
0.00439931737954
0.0115684866285
0.0159019872883
0.00971365254183
-0.0100037176088
-0.00333652011703
0.0147915258559
-0.0229419220037
0.0226646146877
0.0340048029956
-0.00872933506132
0.00054048220348
0.00321471355355
0.00779039090138
-0.0208448797073
0.00916296993466
0.0115290523868
0.02430297223
-0.00056689271249
0.0406574757689
0.0401331042158
0.0446200265157
0.00504748125231
0.024357666782
0.0389531691317
0.0321150960662
0.00501359245627
0.0196276540466
0.0445023781325
0.0333796846773
0.0264254454034
0.0395441677554
0.0456693545638
0.0211592905697
0.0311019072106
0.0527966036423
0.0507898472061
0.0629121982618
0.0298641029285
0.020878808813
0.0429717577344
0.0316294725125
0.0886490064372
0.0310084610808
0.0154735022389
0.0636865703205
0.0159111426339
0.0540832813014
0.0382905058417
0.022497730382
0.0388384924021
0.0472191979462
0.0273733586464
0.0238976833422
0.071949604416
0.0548669483331
0.0301251947968
0.0376338435871
0.052398067222
0.0566615429865
0.0305331185405
0.00648553687002
0.0456069023935
0.0327754795672
0.0446444232193
0.026951025184
0.0418622678888
0.0333792049879
0.0569179788948
0.037818142459
0.0490317565087
0.0208280400251
0.0184164536057
0.0614326755857
0.0767179417267
0.0385755238964
0.0472604731302
0.055945422364
0.0621101333266
0.0201584443968
0.0393783402139
0.0498371212171
0.0659180165547
0.0576216340085
0.057286406199
0.0514689213997
0.0395337077484
0.0342123840465
0.00670761222903
0.0695678082681
0.0563318013734
0.0858360590686
0.0818969809984
0.0218182961228
0.032283395523
0.034648118081
0.0370128406391
0.076984422978
0.0670503170056
0.0438027469567
0.0618653577374
0.033630673438
0.0301735398931
0.0727155672565
0.0826980494196
0.124886484255
0.0553020567714
0.0438693723622
0.0324366879529
0.0355535445195
0.0708127516643
0.1341847814
0.0487431100027
0.0537405846166
0.0570566192898
0.0414312165026
0.0501259525038
0.0750995132962
0.062054981251
0.0452669223952
0.00581645698724
0.0562795075281
0.0504070402167
0.0432000939803
0.0569372563309
0.0374972870874
0.0707782607961
0.0658630058712
0.0664691646653
0.0266657769208
0.0156609593091
0.0451505752764
0.0136372932664
0.082923926988
0.0344017859783
0.0180174137058
0.00844244494309
0.0188362324965
0.0212861048773
0.0237359772581
0.0330845167784
0.0302091822499
0.0183304142771
0.0309945386743
0.0722294346701
0.0224082655071
0.0248481757992
0.044169705655
0.0102013610662
0.0128458852488
0.00971455756408
0.0107115782061
0.0134301247693
-0.00308692411788
-0.00891814177962
-0.00319524090977
-0.00281347862753
-0.0163499580951
-0.00270490016201
-0.014041731692
0.02737479408
0.0317015461673
0.00140626191323
-0.0216287036159
-0.00401003903153
-0.015488931445
-0.0289604765213
-0.0195533934618
0.0060039658735
0.00450432907553
-0.0324588628057
-0.0237680471395
-0.00959957224688
0.00456890264574
0.00374180674629
0.0261165492687
-0.0133003591541
0.0187634543568
0.00252210479269
-0.0390328512322
-0.0133076311042
0.00479856058601
-0.0530165507249
-0.0153349759994
-0.0424380764874
0.00933654754175
0.00597879181501
-0.00838260520932
-0.0555640750659
0.009494942686
-0.0314036882737
0.0104856412672
-0.0691609427313
-0.0224178668725
-0.0166658839414
-0.0450778507152
0.0203111503543
-0.0176446189921
-0.0347371043386
-0.0200590640563
-0.0119868602316
0.014610710677
0.00856815203362
0.0457759074603
0.0107422348324
0.0191866495204
0.00456612236475
0.0264724821551
-0.00871492792964
0.0414441234254
-0.0117109050623
0.0168109379814
0.0102495301621
-0.0115947237072
-0.00860142181991
0.00539129912268
0.0253410487885
0.033002873103
0.0260415484688
0.0332357920434
0.0304004526619
0.0442848551755
0.0454331742539
0.0642819801417
0.0392277461237
0.0675693373668
0.0680200045888
0.0799127131728
0.0777037128583
0.0792066016024
0.0690476160339
0.104855742264
0.0548328671736
0.0708861202298
0.0596200096763
0.0860610444344
0.0873320972932
0.0615712404153
0.0798815086931
0.0965250056182
0.090858477821
0.113453728201
0.0818920319917
0.0782063631099
0.0719361445751
0.118925129095
0.0880906417712
0.0949308609418
0.0516187973663
0.126021574359
0.0863729231715
0.123481033471
0.101342204578
0.114602179545
0.118621383332
0.121420525737
0.0872676846313
0.127754478262
0.13108793071
0.127248777723
0.136563675297
0.171557565645
0.143476235843
0.117121083465
0.145552775417
0.124695185375
0.152154750877
0.15249141101
0.154249423765
0.156007436521
0.137564925599
0.120319746352
0.0999707647032
0.176562276391
0.133071371153
0.174043275432
0.148060396236
0.138675718114
0.14044832679
0.13349007932
0.145556179792
0.140932218438
0.118038667463
0.142082081801
0.16487374707
0.136429378262
0.112511625446
0.136092272137
0.105257282854
0.119489561276
0.138475389544
0.138952277079
0.159020518556
0.141932031089
0.136907582642
0.114767722378
0.155829617573
0.110668076112
0.10806285534
0.144943628022
0.133915367686
0.114455418773
0.147968657672
0.130089354371
0.105195262598
0.134275799708
0.122994466908
0.115563354922
0.116161173521
0.110087311286
0.10777363154
0.0964449090346
0.0709327486586
0.103397308219
0.0677764603727
0.0831057200618
0.07095903726
0.109902158177
0.101674545267
0.0394005400181
0.104540360013
0.0678350469711
0.110861367934
0.102130169011
0.0964143636011
0.0450135140214
0.0595405661134
0.0875726000033
0.0345338075025
0.059297159916
0.0543301995364
0.0972197102137
0.0839820268066
0.0681033854997
0.0825777015149
0.0495917607896
0.0694365554462
0.0433995228764
0.045759345944
0.0777387929517
0.0353577797847
0.0162286832042
0.058964566807
0.0314966185457
0.0538653511014
0.0249067213298
0.0212004040503
0.00789483050916
0.0146936548517
0.0833528279918
0.0367706742323
0.0257030718914
0.0487006780657
0.044362192992
0.0310320544579
0.0311697568368
0.0109710215832
0.0271426506697
-0.00201213734312
0.0598126096504
0.0131652276629
0.00442918430704
0.00934517601097
0.0416569897282
0.0307354138013
0.0198138378744
0.0269341803513
-0.000959804111624
0.0392938070779
0.00353547994388
0.0175469052181
0.0127313672211
0.0254726784728
0.00695917485026
0.0177070404998
0.0343156017207
0.000854461334909
0.0377118658299
-0.00220650940881
-0.0143061241455
0.0162894238824
0.045315306431
0.0076887175911
0.0532123277594
-0.00903798442325
0.0326559826894
0.0357625884011
0.0482921704395
0.016614765248
0.0104309479509
0.00545407067595
0.0623122402117
0.0713077715549
-0.00340777814381
-0.00230695249557
-0.0242801645602
0.0279662747959
-0.0111319392138
0.0154190437887
-0.00189798175068
0.0236654577543
0.000614291541019
0.0250875023969
0.000896775764774
0.0443557874533
0.0346086247832
0.0199013881417
0.0584470370494
0.0369722661833
0.0679506220866
0.0320213356651
0.0272299297205
0.0467146524582
0.0156746178704
0.0204165224322
0.00178786447196
0.0411673608951
0.0414280544344
0.0270855112566
0.0299632478581
0.0575671575225
0.00573832888262
0.021920403531
0.0146629954381
-0.0123514049678
0.00415208980716
0.0165667986321
0.0404755609723
0.0126022129836
0.091952589119
0.022211821174
0.00180215450891
0.0305824227075
0.042009085501
0.0660801878553
0.0199663615271
0.0232968661896
0.0115038609834
0.0076776504585
0.0476067585906
0.0103944194459
0.0561030604803
0.0189151761993
0.0336560034972
0.0716158174166
0.0328782410841
0.0281389619756
0.0447692206131
0.039966010256
0.077423610544
0.0706491336015
0.0433771535938
0.0319139377023
0.0654026487036
0.0654821167185
0.0429137804599
0.0555616521326
0.061376813698
0.0361987189993
0.025984153964
0.0364054389657
0.0468267239673
0.0333959228848
0.0246019291174
0.0200614958069
0.0261908237306
0.0627345731471
0.0433167454534
-0.0176658072751
0.027201223546
0.0351888853491
0.0275492903401
0.00113685375821
0.0383916923221
0.0781974135806
0.00990382482655
0.0504995074055
0.0479886300896
0.00166917697414
0.0318485284083
0.0335061244417
0.0334691677357
0.0874031568556
0.00631454028629
0.0254780626909
0.00234269279185
0.0184200483617
0.00919387937465
0.0291772650247
-0.00888761893706
0.0272867625311
0.00110526703859
0.0845328026264
0.060504018471
0.0591619412481
0.028109983225
0.081029040351
0.0136642668634
0.126405244163
0.0565661445535
0.0596619237714
0.0346826491239
0.0124207756262
0.0542664658392
0.0336117962684
0.0482369821586
0.0506386046023
0.0103702944461
0.0135028086683
0.0382342814688
0.0622669075341
0.0252206137767
0.0590225079977
0.0583527585406
-0.00305981477423
0.0708345156848
0.0423140605562
0.0756728536157
0.0361259822845
0.0398420238655
0.0377047791947
0.027483845492
0.049852725723
0.0258013812305
0.0816878537676
0.1089131242
0.0894580520042
0.0726575527113
0.0438624955357
0.0328644964784
0.0531362413433
0.05891230863
0.104889583472
0.0759045542309
0.0275419889041
0.0490483690408
0.0237454066117
0.0738143041937
0.0636458454526
0.0928356645119
0.0450666926676
0.0542900203223
0.080001088607
0.0520935608331
0.0755794725571
0.0560344006651
0.0960289056439
0.075916577005
0.0615541751551
0.161303577103
0.0823655189692
0.106518041168
0.053878790697
0.0667653661939
0.0751233126764
0.0461731278862
0.0717957600996
0.0974183923131
0.0292854943145
0.104565466138
0.0610473483337
0.0591993634342
0.0709388294839
0.0417409800664
0.0283911617922
0.0494380651513
0.0424197287818
0.0859160500081
0.0905991000456
0.0610827077581
0.0905886758122
0.037374434114
0.0599409671753
0.0662751140494
0.0153840174506
0.0481833798814
0.0989230662745
0.0413115823056
0.0309971378466
0.0462960231718
0.0219032354067
0.0296177475665
0.0540639243638
0.0190784794215
-0.00992728976475
0.0270178270778
0.028879328214
0.0741651448135
0.0284970383969
0.0419659089722
-0.00967787811569
0.00470153247981
0.0254962851415
-0.0194603480362
-0.00838040785528
0.0455457317215
0.0492919565229
0.0384767252309
0.027661493939
0.0358977244546
0.032367126497
-0.00428693534019
0.00955769199661
0.0186726941189
0.0224622127162
0.00621079021333
0.0282876138817
0.0149416297109
0.0262195910705
-0.0124789064527
0.0198610309753
0.0309463318291
0.00401589198305
0.00405797638377
0.012106129453
0.0311657128219
-0.0263516577857
0.0306567509634
0.0496794156784
0.000955802775576
0.0341490772597
0.0311291376936
0.0116915176424
-0.0161021532777
0.0259320492424
-0.00278549678691
0.0229968093977
0.0452935767781
0.0567381518482
0.0435400965511
0.028540412128
-0.00865910951715
0.00361932727709
0.020617838795
0.00773436442716
0.0534454888599
0.0208822784384
0.0502668069451
0.0197662813728
0.00960368383333
0.0353244369972
0.0188643272821
0.0697414897977
0.0275754332926
0.0194994669923
0.0439391664353
0.0384531992313
0.0326754582905
0.0314800881176
0.0674008941727
0.015378891019
0.0726611170526
0.0462337744857
0.0198064319187
0.00135703910357
0.020276177731
0.0135163026052
0.00155749098163
0.0200339971592
-0.000604969580747
0.00405875078937
0.0455012987793
0.0196869169641
-0.0026005929156
-0.0315965964894
0.026944432096
0.0179617483696
0.0172685315818
0.0234687070161
0.0272780543269
0.0387544302651
-0.0153623003423
0.0363292926128
-0.00938559103296
0.00449500821723
0.0446505105137
0.0116689743384
0.0431084245043
0.0318992539179
-0.0177381219739
-0.0303664351771
0.0245037381056
0.057973231612
0.0327725832409
0.038476743961
0.0119809739796
0.0173778768369
0.00834979809293
0.0140599646865
0.0160108862913
0.0179618078961
0.0329283766048
0.0383697882816
0.0194788030164
0.0145507008969
0.0616108210611
0.0356860416392
0.00561579488243
-0.00054770857317
0.0530573628637
-0.000979912966898
0.0145231455852
0.0513291659877
0.00397725968264
0.00461833982597
-0.00609126276202
0.00890433054976
0.0256436910698
0.0207766068222
0.0361970188087
0.0460228002862
0.0551203179273
-0.00199181258931
0.027440037951
-0.0157597204658
0.0429609472632
0.00953324316174
0.00910894736643
0.0327827903768
0.0296562108434
0.0265296313101
0.0460263009824
0.00294384190317
0.0508414538461
0.0368151153904
0.0213276232985
0.0145936819454
0.00975525503367
0.00935313800789
0.0104260640791
0.0346745213339
0.0161320442321
-0.00707584639455
0.034446015348
0.0213989163969
0.00194983255897
0.0448360928265
0.0423852078581
0.0384742434549
0.0426597456167
-0.0322429059577
0.0271202825806
0.0257972078277
0.0519096409284
0.0404900235514
0.0665492615232
-0.00708138390395
0.0433413426934
0.0370641941301
0.0307870455667
0.0154351037389
0.0368869902956
0.116084615537
0.0429689749551
0.0837512270894
0.085578510671
0.034095637097
0.0413271380496
0.0531375137285
0.0244087565473
0.0777543720405
0.0520591261725
0.0735754641103
0.0378122708947
0.0949142920903
0.0277732904803
0.0754924662626
0.070862401075
0.0650464755621
0.0601487575562
0.0999386937643
0.0816825126276
0.0871500963064
0.0647836200721
0.0744942683837
0.0759386888843
0.108147666895
0.0389759867405
0.0952649103759
0.0609847580575
0.0999606729971
0.109510525921
0.096067058398
0.0867947952091
0.0911401422174
0.10533141592
0.0780025676019
0.149519507581
0.134982845653
0.120446183726
0.124900363251
0.106652398543
0.124068439536
0.0940844075775
0.0987279686987
0.0881111853937
0.140313463375
0.138154089315
0.109423348773
0.0855880586863
0.12669018451
0.067613433522
0.11822538383
0.147280863311
0.132724574104
0.144789930082
0.155142698842
0.127528396761
0.161413313896
0.0927003717549
0.113764831317
0.156508877976
0.155930580002
0.130049664957
0.150253389314
0.158373229343
0.119147507117
0.122025029834
0.158912421151
0.151508641408
0.135354619639
0.143960846639
0.189805110651
0.146345601833
0.146041866604
0.14496421729
0.120010740839
0.105146899636
0.143532418251
0.169954851158
0.154765425429
0.164053057314
0.138910752399
0.145632494552
0.152354236704
0.124392851673
0.128577027528
0.136147497933
0.123816963343
0.15816191711
0.142369213052
0.173608656059
0.150685914137
0.178207275893
0.155056041781
0.131904807668
0.163020258195
0.164151879708
0.128378931538
0.137031301718
0.164622128497
0.157242934766
0.127076926806
0.141009333232
0.114879399136
0.155029027598
0.171550507202
0.131877112817
0.0894518529673
0.135646359041
0.114706828674
0.0823953339172
0.105843438647
0.129291543376
0.135320733136
0.130949885443
0.137043801141
0.151408590249
0.133555410111
0.14226037715
0.129843439776
0.143977468833
0.0872143308322
0.129886438383
0.117247938515
0.130167755822
0.114555578757
0.14100629201
0.0992222189276
0.0949543539978
0.120419407137
0.146286316858
0.0913308722665
0.12307536286
0.0797214969194
0.132965023768
0.137675196367
0.106688220087
0.0856265521977
0.147041344165
0.129218784281
0.137417128184
0.0947555544823
0.121787187862
0.130486166916
0.0879592781521
0.116115482339
0.140372504799
0.101595458696
0.0986621006815
0.154914455866
0.135320712026
0.144484653199
0.103380266342
0.16281266789
0.135850756318
0.132035364683
0.125505978149
0.156823822134
0.126713814451
0.0969953305819
0.126227340936
0.130556982222
0.13260987336
0.135133407814
0.164317543178
0.150054754264
0.1316774466
0.110729848821
0.121680965047
0.105615505335
0.184018868577
0.19858967636
0.168962950872
0.152605601797
0.157898752175
0.19158483179
0.188892899019
0.1368648933
0.200048268803
0.150153869647
0.122459047606
0.130424975282
0.157331997164
0.141122221718
0.198170334627
0.164832738156
0.15933168401
0.15977339775
0.164455019979
0.150095383837
0.135735747694
0.15762450898
0.147849404354
0.139732327776
0.140858430919
0.139315748025
0.191650807057
0.192998460676
0.113672165655
0.217588270311
0.15645197033
0.148086099363
0.150844969455
0.164867474049
0.183861807801
0.185767804672
0.177055540449
0.160261065367
0.190775779929
0.160976128402
0.1599771293
0.170516711445
0.162677452565
0.188627229552
0.158481568468
0.142636918246
0.159736906373
0.15583516363
0.199683018152
0.157147270329
0.158400840762
0.159654411196
0.112311493647
0.199794490586
0.19309896465
0.162838617929
0.142112545159
0.139950832403
0.177456454814
0.174687939937
0.149660782073
0.158097716207
0.150839292869
0.143580869531
0.147315981757
0.191402595246
0.250744230778
0.199612559277
0.118857952177
0.165311814614
0.178426810644
0.153432636633
0.120157025634
0.173457670132
0.16329883505
0.201329946295
0.167917367607
0.180457262801
0.140547647824
0.178403109343
0.190003026758
0.208702882451
0.165034970612
0.197040107544
0.160374303114
0.206310011623
0.156086345445
0.189171282435
0.181251725012
0.177188474875
0.179636089364
0.21349796212
0.170495438377
0.209230792792
0.259600349872
0.179341625133
0.19535938573
0.196051446069
0.20260502586
0.173785010684
0.214549198407
0.248302629419
0.260804586804
0.202600205664
0.242857766181
0.218438863775
0.235787390941
0.255894586922
0.25046706179
0.250666062239
0.226332686234
0.232653616345
0.237462356189
0.261691525808
0.281230583293
0.263985098069
0.246739612844
0.262745474792
0.265733775102
0.248762970485
0.244910878967
0.280542650053
0.307404571815
0.277840943537
0.256768623657
0.291825288618
0.296938996839
0.257559122265
0.251052330528
0.314210171968
0.28522535533
0.322734110519
0.2880723823
0.311077460189
0.310141367238
0.319499265937
0.314505784753
0.306788627956
0.294643446473
0.398071156848
0.341815587922
0.266847613372
0.342069816427
0.326317830835
0.317990325958
0.3368194028
0.339218740435
0.323089543652
0.327953495072
0.326973614169
0.328939319202
0.312311007088
0.343538462006
0.310660204025
0.329388099127
0.325170626263
0.346538654668
0.340488398584
0.330490675134
0.335753378857
0.337740292298
0.304104161624
0.331109344732
0.354925718837
0.360948081939
0.369779106095
0.355007949277
0.372086382305
0.363897787124
0.364666074113
0.321162948843
0.330889034611
0.332985178139
0.344555641877
0.356126105614
0.420834118322
0.431573426976
0.33919723835
0.300048380427
0.329675875161
0.330734995761
0.321773247889
0.326459753876
0.333788880969
0.362244484874
0.331392502942
0.296583559845
0.333337422999
0.341311393697
0.327331708514
0.369515366584
0.319039576157
0.347158001395
0.375092616445
0.328362213388
0.309242906761
0.3406321847
0.331912541416
0.30101573778
0.334846443538
0.358647167368
0.357333402565
0.329472150193
0.267890731798
0.342448605642
0.332434419531
0.305620775064
0.365837975276
0.320469267483
0.329117070294
0.28991681094
0.3056007051
0.321284599261
0.304974318208
0.33990979084
0.331488026995
0.331063910841
0.34758870323
0.322099274179
0.320180071165
0.358186135986
0.346512654677
0.317212649626
0.345173131087
0.321489864116
0.305217036347
0.326267214968
0.33686266433
0.299088166101
0.308838932205
0.31858969831
0.339027785998
0.349295784954
0.308223210088
0.307385713055
0.30182992682
0.361516320163
0.331497844878
0.341297591379
0.325212020729
0.366106618627
0.342913808129
0.37967783023
0.323996323483
0.349482903618
0.329284394943
0.343336696217
0.315146746654
0.418657207238
0.361231674432
0.385291794766
0.361192544553
0.379424251341
0.361134995189
0.36130901073
0.342443504119
0.380480005269
0.386234985894
0.367148964313
0.34137086075
0.332592460114
0.36675876693
0.355590318125
0.384436494875
0.36182909309
0.365603680412
0.345358375644
0.364071100746
0.410076926379
0.391376544688
0.380296339549
0.378969424069
0.346267747081
0.373932070417
0.372780578809
0.405824240256
0.376183376106
0.410739030067
0.442320349237
0.34085940926
0.390666762086
0.440474114913
0.370782318897
0.369043393918
0.418717137017
0.383547564495
0.382238716292
0.37947078899
0.389944711853
0.381192028877
0.399545188348
0.403350086324
0.400969827541
0.375461205073
0.377416364842
0.378623545066
0.337731817494
0.378606229878
0.385233953425
0.340761343784
0.371411125608
0.369440478258
0.349822584176
0.367327208244
0.369127787946
0.329486670026
0.357261054778
0.366332592695
0.375404130611
0.333070025679
0.338291439779
0.328342761135
0.339929672159
0.340966589734
0.291441026938
0.338001668441
0.307928947315
0.32694643566
0.366559392019
0.295802264168
0.308585436203
0.309373842239
0.3148527388
0.306573848947
0.309451415192
0.325284246697
0.290902043401
0.308093093796
0.291751272419
0.286577208751
0.267157065381
0.269370269722
0.291723947242
0.27855598786
0.30343228327
0.285460691731
0.282089134891
0.257171964083
0.232531196765
0.262540708107
0.271859711489
0.260995717668
0.250131723847
0.266469282922
0.268698762131
0.299068872285
0.221119122837
0.24653280952
0.213706663515
0.260709486579
0.238213753175
0.280439207404
0.199058704776
0.247725205949
0.238487457136
0.225325566895
0.202251548764
0.263425614113
0.265624871835
0.285111032388
0.246398328617
0.246888741514
0.314638606037
0.288474274346
0.253201889092
0.214494724506
0.220310507856
0.261055733461
0.209824893876
0.20682462407
0.233971753205
0.24958898005
0.226479016462
0.241206361112
0.264714063372
0.31061541499
0.248925183512
0.231142562087
0.286801650794
0.23326515654
0.22557735755
0.197499703251
0.193888707093
0.191127948878
0.212224704531
0.237112554918
0.172225428598
0.226925251453
0.193985366656
0.179704114248
0.224829468579
0.195237118052
0.200909039492
0.224339823188
0.191231325191
0.218819263323
0.191480165935
0.221862571637
0.235539964864
0.220558602225
0.18636712834
0.200311329323
0.205239936754
0.210329003828
0.215418070902
0.262516207505
0.19017527703
0.213725123615
0.186959626704
0.246172727496
0.212143664727
0.209578353286
0.230139085113
0.228039670148
0.179685057796
0.198878307935
0.188711342669
0.200484211726
0.202083595139
0.275529446486
0.21599329812
0.197118613592
0.170490772555
0.21291952777
0.184751292218
0.198653398055
0.208897890583
0.14991316841
0.176863385749
0.178176971085
0.177730701571
0.186604112319
0.152231237474
0.229593420753
0.195386359589
0.205101058132
0.152865513959
0.150481426257
0.196961264478
0.190443654145
0.196337879887
0.172203013048
0.149312048741
0.157392365341
0.216585502834
0.178692327273
0.157534610127
0.134095508689
0.175499563921
0.127373821234
0.149986154078
0.158308154708
0.151078935556
0.116379033115
0.136404451376
0.160197435761
0.137676783567
0.115156131372
0.115773435164
0.147357905276
0.151110966676
0.155134498052
0.157397194949
0.109032650727
0.131551636909
0.115854685474
0.158731295481
0.129744328576
0.207297348499
0.113568892263
0.132803080026
0.0935106879566
0.11549287024
0.105199283352
0.109519538495
0.124851030573
0.111620011762
0.110537707653
0.133638921136
0.0639058166518
0.102985273366
0.164331184632
0.0955916227902
0.123047390263
0.103387164253
0.0574720268673
0.0456610544126
0.0782282739376
0.0567368126406
0.0885117353465
0.0936009821144
0.0864596143634
0.074302759107
0.0433216372541
0.118908908326
0.0815008333513
0.0816854126974
0.101172645106
0.0855468815834
0.0860339679948
0.0865210544063
0.10567111934
0.101263343935
0.0780595087918
0.105266859603
0.0950304620781
0.0934008580811
0.0898281927867
0.0666227208581
0.0930427715884
0.148183993831
0.0717072072417
0.0344563875063
0.123999746659
0.111600563277
0.0765449027931
0.109725584808
0.0859626462174
0.108964197205
0.0654941286669
0.0775870774491
0.130683139908
0.0916378654196
0.0857281645239
0.0707153942382
0.0929577337876
0.111235249042
0.0881096752771
0.155189111896
0.0747332160298
0.111685373162
0.0959523376209
0.116672649789
0.106213224205
0.118581404535
0.0875292354874
0.125475947392
0.193970352348
0.144776919309
0.152473909881
0.157561352055
0.110091455944
0.131297354189
0.0962352613918
0.119240542221
0.181721636445
0.140818398729
0.114253264123
0.13806882315
0.118485215504
0.068937607912
0.140581930839
0.13090920844
0.136179564148
0.161634897009
0.121925718495
0.139689352193
0.141104797919
0.160029897058
0.126762016385
0.15459255818
0.155167142148
0.145766582188
0.150439779086
0.154612318429
0.156290435333
0.144565048455
0.112076805463
0.149769752088
0.125537120931
0.145076023074
0.133947670887
0.159849039919
0.175374018737
0.167782649913
0.165029222178
0.173642440264
0.161616210118
0.188519050652
0.240135296113
0.163074160032
0.157341378208
0.157317523104
0.157388545334
0.149281868779
0.171072517342
0.183313743219
0.17594617808
0.158539944815
0.142042792107
0.184929932055
0.143934945235
0.189265221619
0.176254690193
0.154035315843
0.159470582297
0.164905848751
0.215309928389
0.198245519484
0.198467494502
0.17518601386
0.164761474325
0.177540302169
0.193466356893
0.168121446067
0.188489278146
0.20323882639
0.158987560246
0.155198567211
0.163420806353
0.213229247257
0.19357206442
0.233842315501
0.193904455285
0.273141253496
0.160398298212
0.191260499244
0.228557637227
0.213448241777
0.180961501644
0.214498274762
0.189183539614
0.214544098419
0.190609594125
0.21460191302
0.223616438993
0.19524779909
0.217305119114
0.187435384062
0.219490254806
0.21809286857
0.211331110116
0.203159319848
0.221437021479
0.198751469497
0.20469595726
0.211177884266
0.179458688075
0.224895294767
0.214004452938
0.21591713277
0.203169995543
0.216606168711
0.222901540473
0.239455430624
0.209053002592
0.197947461032
0.191227193794
0.287607193385
0.232333991018
0.248715964566
0.202690907915
0.208719225617
0.220300678784
0.194269950821
0.191256645815
0.179266903137
0.234230034807
0.197663036334
0.223368359568
0.203010468397
0.242424363301
0.207816591234
0.236702000673
0.208751181845
0.191681117241
0.192367954028
0.200018748445
0.181747108962
0.157244253296
0.203692959587
0.217167088905
0.202437725848
0.228022320332
0.222647304977
0.2032241035
0.204079312642
0.173726102778
0.184043970106
0.215010941231
0.242463453423
0.210407397289
0.183396217389
0.178813134992
0.226847716416
0.198159275824
0.212969172067
0.167430403653
0.18833590563
0.203531529256
0.206266679758
0.182048613334
0.157830546909
0.201488081135
0.174469100491
0.231919688545
0.170125199877
0.199391774629
0.208962056816
0.18717632856
0.160958552201
0.173372164703
0.16375717863
0.174243609798
0.191477018135
0.223173065753
0.172671200193
0.211696016592
0.146147121909
0.165360626877
0.15372142414
0.18366409138
0.178526188819
0.205733398181
0.190154447221
0.190100489542
0.150256090433
0.156332712624
0.161053610115
0.166193236397
0.150510432214
0.185356151943
0.171569528665
0.156127294485
0.174672062204
0.181313843081
0.165944946476
0.155991538204
0.164839847672
0.171213446899
0.177587046127
0.141436436176
0.210913423796
0.146247708253
0.178714439892
0.144626488205
0.18292682323
0.155943498144
0.141693362853
0.113771290422
0.138883691662
0.157214352803
0.109676139749
0.13162966754
0.127843782746
0.187169776023
0.136054392819
0.097631819599
0.127733195127
0.13680349562
0.133183594204
0.15366544374
0.120907223556
0.144205136917
0.115768910693
0.0808526811013
0.141942372565
0.129492641807
0.0953807419508
0.154736381059
0.149743900023
0.0944887348354
0.140780067783
0.0850790638917
0.113110020409
0.109666964644
0.112387942672
0.121706939849
0.134411968097
0.101370142879
0.0671513380655
0.121092083412
0.153074442175
0.094883022155
0.102324660998
0.0878384797782
0.0733522985584
0.110234539528
0.0819911080247
0.109100898983
0.0928477672175
0.0973709259064
0.111738188201
0.126105450495
0.0755185890174
0.0700315085071
0.0645444279968
0.0761837250726
0.0878230221484
0.107483299099
0.0814736267841
0.0770924148964
0.0783298059604
0.103497426448
0.0394994739409
0.0712708935541
0.0687106902692
0.102164454468
0.071505146674
0.0624418665527
0.12974907665
0.134427131486
0.0606964814702
0.0764260640281
0.05701480443
0.0492070024355
0.101244643477
0.043566558484
0.0603416439344
0.045672450742
0.065090283298
0.035594872215
0.0442529361244
0.035014096145
0.0487940575162
0.043754522089
0.0536813565632
0.039281775648
0.042000022099
0.032410449949
0.015225055398
0.0127806969246
0.057029779518
0.0311201046348
0.0269712220984
0.022822339562
0.0122677480181
0.0185285491786
0.0252350938197
0.0201435346102
0.0644629929431
0.0355753315293
0.0243934586279
0.000223695906572
0.0484699926153
0.00221956007461
0.0209470910202
-0.0167636965773
-0.00328744020195
-0.00298272945924
-0.00732195068722
0.000305478887836
0.0311421176778
-0.0132852487422
0.00824315979242
-0.0347568806349
-0.0378203382632
0.0289816398047
-0.035687004036
-0.0508826038225
0.00409832174963
-0.00237030675104
-0.0200766569721
-0.0161033203259
-0.0330163757123
-0.0663594808676
-0.0318308811501
-0.0337639378717
-0.0213034657636
-0.033928935818
-0.0124295102848
-0.0162912770843
-0.0466026866041
-0.0847796329788
-0.0348522991062
-0.0596269617179
-0.0777729142539
-0.0735703814369
-0.0580838732448
-0.0152762465889
-0.0472311772504
-0.104007414672
-0.0464454395398
-0.0535733843961
-0.110260011279
-0.0803088703416
-0.103166309747
-0.120843924022
-0.062731303059
-0.102996993228
-0.0868653606188
-0.051970989445
-0.0721139918762
-0.0592013338819
-0.0462886758876
0.0177406326524
-0.0821648092615
-0.0999503406318
-0.080037239855
-0.0889327646981
-0.103538390561
-0.0726811822954
-0.0582546827241
-0.116036537694
-0.108718113896
-0.0970701690195
-0.101978233664
-0.0672159067636
-0.138596450116
-0.0626786090052
-0.124241017002
-0.0705186359737
-0.0431277313497
-0.0847921843281
-0.091794535535
-0.0643150316896
-0.0591569017572
-0.0719241340745
-0.10575251701
-0.0723361076705
-0.0835830093837
-0.117694690095
-0.067122742752
-0.0715845935307
-0.141050257747
-0.107137289212
-0.0496972979744
-0.0344138335876
-0.0927905155365
-0.0397149425031
-0.108667331686
-0.0667621183385
-0.0735851931541
-0.130941922202
-0.090182950623
-0.108089945645
-0.119374392646
-0.10230772415
-0.0900695428332
-0.094488666958
-0.0990040414469
-0.0948953170582
-0.109369912374
-0.0483338717125
-0.0787750477857
-0.0619876443752
-0.0797548443017
-0.0878672946429
-0.0998431717269
-0.111713166922
-0.111495118021
-0.0639362797645
-0.0952849408656
-0.0684453987713
-0.124489150104
-0.10470643893
-0.0512552284198
-0.116166219103
-0.10852680678
-0.0849973191117
-0.0825474532164
-0.0671030794933
-0.101415656973
-0.102632254157
-0.127349538835
-0.104188104219
-0.109963242471
-0.11509722864
-0.102923497866
-0.111386663364
-0.0858895875444
-0.15968635287
-0.116690064427
-0.0982319044574
-0.125043754472
-0.101854102046
-0.0635379271252
-0.117036799835
-0.1113291028
-0.110003857072
-0.118612055744
-0.123800988222
-0.109781692864
-0.0781556467073
-0.112451533465
-0.148718965474
-0.142254342553
-0.135789719632
-0.0640671738911
-0.0872667376946
-0.110466301498
-0.132863722537
-0.120573638021
-0.0909165126975
-0.162640014764
-0.15705189046
-0.106158885522
-0.134730765484
-0.126341795728
-0.0704359739645
-0.143048578831
-0.116500013807
-0.152480773185
-0.166120399098
-0.155356585518
-0.143601892605
-0.111576769402
-0.148495997827
-0.137169951123
-0.196968996859
-0.142485677268
-0.172521089029
-0.148355464051
-0.168240701083
-0.176309984572
-0.191853267643
-0.167601815189
-0.163119006806
-0.206015126558
-0.213508667051
-0.19994825384
-0.167008483747
-0.177739963072
-0.215805584177
-0.179168395122
-0.153964734663
-0.176250798304
-0.238435799014
-0.22045454256
-0.20484704239
-0.206984432448
-0.187702498121
-0.20276581361
-0.210219563513
-0.211030048778
-0.242008200483
-0.179553830636
-0.175714339294
-0.166721097254
-0.230089858606
-0.177732598018
-0.222883943805
-0.213969220098
-0.210944763408
-0.245799125047
-0.25499333364
-0.223312755671
-0.215384634039
-0.232581564309
-0.214435428823
-0.250622677368
-0.230106968788
-0.216663354243
-0.169337515966
-0.228385167898
-0.19492572701
-0.230181194523
-0.214173427378
-0.207690192146
-0.243271720492
-0.2318800781
-0.210133813628
-0.221688690642
-0.219402202253
-0.230316734398
-0.251850768016
-0.203551916911
-0.191363060287
-0.229639159294
-0.205522291201
-0.222515827249
-0.240015723071
-0.231027522502
-0.246104040865
-0.222598682001
-0.206622099544
-0.186701021979
-0.19097304137
-0.195916301532
-0.200682855502
-0.237932103228
-0.239269708524
-0.200111328049
-0.207018905313
-0.248575686116
-0.228287891183
-0.20800009625
-0.211731939132
-0.240835296799
-0.233241331104
-0.225647365409
-0.193665283423
-0.172775664904
-0.143015664343
-0.163925355706
-0.205956751465
-0.204385839281
-0.182752505125
-0.168833554703
-0.176710759212
-0.146301026077
-0.154382737217
-0.174922855958
-0.160483893682
-0.154550378692
-0.153763012809
-0.146177211164
-0.175790380895
-0.149227280125
-0.17553404588
-0.138283888358
-0.108072520039
-0.163308035807
-0.111326027157
-0.105427518258
-0.149692089662
-0.115785530532
-0.119161907625
-0.129118966534
-0.156906285848
-0.175627235424
-0.146970065773
-0.112342159083
-0.113641535782
-0.157597702213
-0.105231337256
-0.114498254677
-0.0998992951297
-0.0936295998817
-0.115745557665
-0.0881614262272
-0.0872636849885
-0.0585226278732
-0.0553900701161
-0.121946337986
-0.0610012825302
-0.0660699710157
-0.0593893550875
-0.0439403740164
-0.0557603028828
-0.102654413838
-0.050028283908
-0.0793649668993
-0.0538562356993
-0.0611693421372
-0.059431097154
-0.0744144053429
-0.0389241229749
-0.0776616813313
-0.0560262589453
-0.0783959197339
-0.0588439084596
-0.0503269417176
-0.0595032281796
-0.0523999609187
-0.0770819565038
-0.0557137173606
-0.0795065892771
-0.0348466977231
-0.0411153933075
-0.046270157266
-0.0850938186617
-0.0415193802852
-0.0476300248797
-0.0429877070515
-0.0383453892233
-0.0627077648626
-0.0616269343135
-0.0292704766695
-0.0285966784819
-0.0245822256524
0.00647332433311
-0.00891450719589
-0.0357298085734
-0.0161030220376
-0.00444929987757
-0.0504531073478
-0.0286490714746
-0.00115152676033
-0.0235576277916
-0.012618105633
-0.0226859970091
-0.0327538883851
-0.0243423542295
-0.0219271612224
-0.00961703258484
-0.0345150471618
-0.0217416602717
-0.0329813358984
0.0167633874756
-0.0472984754597
-0.00250612621015
-0.0443284291609
-0.0301096573198
-0.0270360992026
-0.0149702484492
-0.0438708348159
-0.00603366348664
-0.00903897630182
-0.0112906112711
-0.0150375329456
0.0306565697059
-0.0151040913278
0.0117077911673
-0.0276645770319
-0.008473228699
0.00974249945261
-0.00175171227181
0.0679637697553
0.019528555024
0.00607378240242
0.0152209485826
-0.0118464480968
-0.0132309544054
0.00892453522838
-0.0167405867311
-0.00274697173339
0.001328575722
0.00148560141449
0.0283651887775
0.00802429217159
-0.0196751486105
0.0552904409844
-0.00131158961373
0.0160003420583
0.0186631465946
0.000622287992533
-0.0214175506091
0.0051675248004
-0.000487096963529
0.0182823383243
0.00755667378723
0.0106610756781
0.010141090466
0.012805934198
0.0121392359869
0.026215256539
0.00548346861007
0.00683730958801
0.0337579006766
0.0394560024765
0.0379435711492
0.00233081581724
0.00567176433777
0.0264223264701
0.014386177362
-0.0316134250129
0.0180323511834
0.000285331325165
0.0173287833087
-0.025086002379
-0.026224431532
-0.0189429874701
0.0225061096123
0.00969679192773
-0.00311252575684
0.00992876050498
0.0134607143059
0.0274222247328
0.0476916936645
-0.0211820919897
-0.0302824725175
-0.0304579297279
-0.0292692845771
-0.0284506516946
-0.0115466634492
-0.0184807373169
-0.0254148111846
0.0015379042694
0.0916854570089
-0.0204913600608
-0.0182142619338
0.0457895992783
0.00889290368303
0.0614452782825
0.00505975200017
0.00161481834991
-0.0072266865208
-0.0160681913915
-0.0263604264096
0.0602130938496
-0.000122035903192
-0.0397864046443
0.0336123207872
-0.00829793390975
-0.00679947173931
-0.0231637838868
0.029353028469
0.0279423010019
-0.0140258737066
-0.00604160429494
-0.0162160020746
0.0236787998582
-0.0381657544238
0.00559127190325
0.00238586846086
-0.00285230136921
-0.0155832449391
-0.0120917310188
0.0403921227012
0.00040310075035
0.0237279806616
-0.00738345128241
0.0157890656955
-0.0743948651018
-0.0439772785549
-0.00838926262341
-0.0200089090006
-0.0301664316461
-0.0333696763192
-0.0110131668297
0.0122041126277
-0.0148865516561
-0.00254976676702
0.0111681211213
-0.0221504760557
-0.029334976504
-0.0281247765728
0.031622133687
-0.00465558462259
-0.0241397286022
-0.0338380498486
-0.0195438672707
-0.00524968469278
0.0198383485688
-0.0283526599212
-0.0237577976765
-0.0531270795868
-0.0326071747081
0.0704611177813
-0.0282791770287
-0.0228298808411
-0.0297259814629
-0.0258264981781
0.0478281873367
-0.0153729421579
-0.0278828476725
-0.0237134423516
0.0049969896281
-0.0420077164973
-0.0464301557887
-0.00680868928837
-0.0159050574593
-0.0250014256303
-0.0675649332115
-0.00533352602602
-0.0480499188996
-0.0333267575787
0.0118863600456
-0.0685949085426
-0.080666766037
-0.0422970462919
-0.0607718036608
0.00534576120278
-0.0673422103738
-0.0458455294505
-0.0344763619705
-0.0657212747436
-0.0349776514443
-0.0220742930785
-0.0503519822984
-0.0873063982855
-0.090090860358
-0.0251910315786
-0.062342457717
-0.0330888298496
-0.0307510312903
-0.0859756627299
-0.0501136219093
-0.0661829940811
-0.0784858331882
-0.0358158737051
-0.0670297104365
-0.0890171436293
-0.111004576822
-0.111269975756
-0.0628219934504
-0.116774365056
-0.0885691864291
-0.0841179552818
-0.0954285931187
-0.0725987165427
-0.0795310718078
-0.102811247351
-0.084206513221
-0.109991676916
-0.0593663001182
-0.0878291379495
-0.0950106397075
-0.107750164177
-0.148581940942
-0.0510492212409
-0.111728385128
-0.0538134064679
-0.0788700723494
-0.093669110518
-0.128242937516
-0.109494501625
-0.121729291318
-0.100285107404
-0.0966341464455
-0.112403716676
-0.125011012892
-0.0926742765581
-0.0946933396929
-0.0939319381948
-0.125253804804
-0.0954617104259
-0.085060181766
-0.115722621759
-0.0983885836936
-0.139734541651
-0.0930977831991
-0.118431850012
-0.100345493721
-0.0971014431339
-0.0830743009051
-0.0917232137187
-0.119366492093
-0.101218594796
-0.120573242215
-0.132167039084
-0.151600513608
-0.0984997564395
-0.128908269036
-0.145941823413
-0.132242139002
-0.143708081077
-0.106474537415
-0.113361540947
-0.127754325543
-0.0906597977233
-0.082294106606
-0.0906278376352
-0.138266739877
-0.101982411603
-0.125630045463
-0.156576714066
-0.122645755249
-0.109264676889
-0.139366593712
-0.105701977941
-0.204953126868
-0.162204664249
-0.115827964167
-0.119519799814
-0.149053561508
-0.0957342687739
-0.123322907489
-0.0594184117946
-0.149872609484
-0.1332550039
-0.0905333100554
-0.0959714132556
-0.082290086888
-0.0462051252287
-0.100247028998
-0.101126140445
-0.123131743478
-0.0788216554581
-0.119625476766
-0.0600278295871
-0.11994943263
-0.104978379309
-0.0972366394969
-0.0788994271698
-0.0941761979081
-0.0842716348603
-0.0646752094815
-0.0654643333726
-0.0662534572638
-0.0670425811549
-0.0775614361654
-0.104062322526
-0.110655435772
-0.110072500596
-0.088592510955
-0.0860133673279
-0.0801575516154
-0.0811242350801
-0.113442218119
-0.124812767479
-0.116949624776
-0.109568642084
-0.10050376779
-0.102810784689
-0.0996667879752
-0.123369305419
-0.110993767073
-0.0585422140248
-0.0492835151059
-0.0860753492589
-0.0800763390171
-0.0651009426595
-0.0570135557374
-0.0668319759755
-0.0648996571062
-0.0921983389814
-0.0540784519148
-0.0745914391414
-0.0829889665857
-0.0849505857491
-0.0563532737398
-0.0944796015156
-0.105157791866
-0.0610825385372
-0.0563561830964
-0.074338911661
-0.05910919522
-0.0973597701811
-0.0976910396202
-0.0741683669348
-0.0754254005031
-0.0711548803594
-0.0924171906395
-0.0399721480391
-0.0796414043486
-0.0650632777874
-0.104275845155
-0.0555277743281
-0.0830014037282
-0.0844301255137
-0.0732963420345
-0.0856553551847
-0.0788791643453
-0.0740562494267
-0.0777395970957
-0.0657821172648
-0.119981451176
-0.117555449447
-0.110245732407
-0.087206210632
-0.0558736673315
-0.0809245555662
-0.0703566819553
-0.0964160033586
-0.143493504827
-0.0962972991748
-0.0746531625502
-0.066944532068
-0.0914135168949
-0.13143449255
-0.0877383601634
-0.0785955536424
-0.084675846509
-0.0842877189145
-0.0984022122548
-0.094770398455
-0.0767545105568
-0.129064160102
-0.0820606521785
-0.111966137298
-0.134990319988
-0.17164139881
-0.135058018028
-0.140708959317
-0.0953656407254
-0.0976890762068
-0.0841346359605
-0.124124077763
-0.100895312922
-0.0776665480815
-0.0416004201859
-0.125907655307
-0.10994287084
-0.107976487958
-0.1071457011
-0.0631184275734
-0.0969227622202
-0.102572791689
-0.138586819732
-0.142696916194
-0.145740695023
-0.100821114759
-0.119987166054
-0.0762081032026
