-0.160238577115
-0.12679635631
-0.243184094667
-0.377327804293
-0.175760237524
-0.169322268631
-0.0967974351936
-0.263692544013
-0.192667301559
-0.133136963761
-0.185068050377
-0.192505371604
0.035424863709
-0.152510907476
-0.0735071259084
-0.153919659057
-0.256955911276
-0.169626066275
-0.265245143897
-0.218768916222
-0.173632740312
-0.0684305683322
-0.146438215228
0.0149188222958
-0.0525772006274
-0.0802281961477
-0.126208778483
-0.0239000621718
-0.130100206498
-0.13234709477
-0.142903544941
-0.148154337697
-0.184199281727
-0.187996773391
-0.173708802859
-0.159420832327
-0.145132861795
-0.130844891263
-0.174645160814
-0.0834144885537
0.0712339148196
-0.128496162723
-0.190419997454
-0.224804733201
-0.235958694376
-0.15595563054
-0.258139444238
-0.1823828625
-0.0656459003159
-0.086358126505
-0.0284475667426
-0.156027915203
-0.184436382528
-0.140722425145
-0.212726096497
-0.0717058682357
-0.185715293226
-0.12443887383
-0.136309348601
-0.00547695109774
0.0371681671957
-0.0260389896736
-0.120892852355
-0.278233657992
-0.218824976457
-0.193199784612
-0.137639101338
-0.255574173725
-0.215813853257
0.0245091187901
-0.0427762838174
-0.312262444646
-0.188328604872
-0.0782311872183
-0.0987684116582
-0.00293489336187
0.211436016381
-0.186770514428
-0.126214354776
-0.0656581951238
-0.12715273879
-0.194939112695
-0.0610928078544
-0.079338706967
-0.118287235981
-0.216920381899
-0.156232807142
-0.0781971335825
-0.0847515526462
-0.156336907489
-0.141889330398
-0.118533922019
-0.0914812284244
-0.122302111481
-0.153122994537
-0.217309272635
-0.0646326856906
-0.120284585332
-0.122697250222
-0.138527794007
-0.166385426684
-0.104158439254
-0.0509544434349
-0.168847762122
-0.194128744006
-0.081845695022
-0.0949808759757
-0.151955316787
-0.041238207692
-0.0865620653005
-0.0319225039005
0.0104935446299
-0.0347047549815
-0.148701672829
-0.0319136717495
-0.023897609178
-0.0702763584502
0.242408741922
-0.0775253277884
-0.0149550357156
-0.0111438499007
-0.140838598926
-0.184997451215
-0.0647315221257
-0.171808760972
-0.122118472469
-0.122212684562
-0.0419163909822
-0.16208451109
-0.0582427583749
-0.0480475906528
-0.166211571933
-0.191567170961
-0.00479744028376
-0.219799246588
-0.197172507738
-0.126547070154
-0.0751117546455
-0.168662148895
-0.0781919199391
-0.115394006737
-0.117345794275
-0.191984821675
-0.11172589619
-0.14467965771
-0.161597118949
-0.0893469695089
0.00258045082485
0.033250394581
-0.155357416544
-0.156905745557
-0.0889142472224
-0.114655991942
-0.209450725919
-0.162845406457
-0.238146480105
-0.0557308935996
0.0330781367744
-0.175869325242
-0.0904297901353
-0.0264290991042
-0.334854329478
-0.0698112230044
-0.172593348476
-0.0680660691817
-0.102197195026
-0.170958088711
-0.100516381151
-0.162973717134
0.0267945448428
-0.0463476036783
-0.170603790975
-0.0216829401833
-0.297387482588
-0.209305488343
-0.197821989473
-0.155804067786
-0.135117400793
-0.260350381154
-0.109578862663
0.003361403688
-0.137500044271
-0.154192230276
-0.125599126449
-0.0878544594448
-0.192271134058
-0.0536230392561
-0.219076046392
-0.24002976996
-0.213282334583
-0.186534899206
-0.103477454697
-0.0564964788616
0.019504408608
-0.155314553401
-0.134099506598
0.0188082982702
-0.164794746351
-0.114120830465
-0.120650041854
-0.118784973706
-0.105193203339
-0.0955986631553
-0.0499285597769
-0.0606429562042
-0.0365925745397
-0.131815106574
-0.146900318162
-0.0953616275279
-0.103611186508
-0.0469421779708
-0.0912491811523
0.0282483740639
-0.0279463815339
0.0546168798236
-0.0761638870218
0.122103754331
-0.140783357815
-0.0206293093544
-0.0271030186724
-0.0240685282915
-0.119752676305
0.0533529640691
-0.111589120107
-0.0663319788406
0.100718192831
-0.0900486061483
-0.0568357321888
0.0408658310382
-0.0264338631706
-0.179520517383
-0.121538910136
-0.0793170804561
-0.00726703017493
-0.206314915765
-0.011475444272
-0.0335000557307
0.0501176087727
-0.040563157099
0.0928337924128
0.0418467615608
-0.148414822415
-0.105707987071
-0.0426499157597
-0.200009991505
-0.146199338822
-0.0815912804793
-0.187829382111
-0.213731170421
-0.127814258626
-0.277272709792
-0.0554589809472
-0.0656782713508
-0.126120360957
0.00018768548597
-0.137190074165
-0.158707415939
-0.0404280477223
-0.10621867734
-0.114727310569
0.0196318382602
-0.0928486668126
0.021768886564
0.12911133087
-0.046461874099
-0.00171959018332
-0.0508337896225
-0.00978445287387
-0.119988396784
-0.126034230192
-0.0596036967084
-0.0281424098241
-0.137605931963
-0.0871785512085
-0.0241039640182
-0.10248915088
-0.138107360258
-0.162739760547
0.00371154375639
-0.0343557351902
-0.0925190141731
-0.164707689512
-0.0829484192804
-0.136346139478
-0.0869705397386
-0.0577516260363
-0.0285327123341
-0.108893663786
0.0307647865172
-0.145904433337
-0.18659539138
-0.138261448341
-0.0899275053024
0.0384682672274
-0.171503348283
-0.119387042289
0.0607365753106
0.0878794848042
-0.14132681101
-0.017624759045
0.083046939295
-0.0470104419822
-0.127844360731
-0.0418456142027
-0.0825459602459
-0.118516574091
-0.0765787951371
-0.0952344556586
-0.13333882305
-0.142671600019
-0.117063006844
-0.147313288072
-0.143939315503
-0.124036034155
-0.228128792242
-0.107540444746
0.030478226688
-0.0203999031569
-0.156751575388
-0.0328851145199
-0.0843621717747
-0.0897784337365
-0.107500916588
-0.125557142061
-0.124875990809
-0.110447483046
-0.0915574027141
-0.095217360018
-0.0397776815025
-0.0534808719877
0.0156031982169
0.132451855202
-0.105007975499
-0.198020166888
-0.0360796931288
-0.114783276579
-0.13302227208
-0.289116254406
-0.0542234181286
0.0456457039788
-0.161444894403
-0.00503479860885
-0.0407341245266
-0.139508014631
-0.13700906119
-0.229219800882
-0.028483756606
-0.0228374962888
-0.0803970839935
-0.057676413463
-0.0738588699392
-0.112108531061
-0.00866886836814
-0.0757447916472
0.0796513877716
-0.0606693269437
-0.106249451301
-0.0440477653992
-0.0389758869791
-0.114673488936
0.00789794716783
-0.110494493851
-0.111358488711
-0.141606381822
-0.0522317264554
-0.0635060177914
-0.220458344504
-0.112344117751
-0.164450285911
-0.191886067635
-0.101558596929
-0.0482759263079
-0.149580463544
-0.112210550213
-0.0919885520172
-0.0601542402658
0.0398692276618
-0.157922846184
-0.107570427772
-0.158899551714
-0.0483649153521
-0.0741829023211
-0.10000088929
-0.13172093233
-0.0848605383833
-0.0264725807126
0.0509689063454
-0.0617432941953
-0.181408114761
-0.044154586164
-0.197113583112
-0.0901245091213
-0.0399690478171
-0.00746601303115
-0.0292472529099
-0.20351913343
0.0563825507345
-0.0904266489486
-0.0317920799678
-0.216250645921
-0.0529830124114
-0.117735716585
-0.109501806078
-0.191632179312
-0.0537824140395
-0.137708562185
-0.117619333131
-0.026417473833
-0.0944664414662
0.240923611687
-0.102866244967
-0.0926191332892
-0.16934300561
-0.0829455806935
-0.171977638462
-0.155831982073
0.0111375323094
-0.164897991113
-0.21796884985
-0.0898522486918
-0.133657709155
-0.177007650651
0.218360000497
-0.0780836398149
-0.169776156048
-0.0683884007024
-0.104865362673
-0.241906171587
-0.0702838197427
-0.0735384564366
-0.11056773121
-0.156293077844
-0.102164707873
-0.111264410421
-0.0629123623118
-0.0560460137482
-0.050292227405
-0.103821129946
-0.0760167092779
-0.0796415521972
-0.0273438482974
-0.102084908326
-0.0995070997789
-0.0944796467825
0.01357762222
-0.0437208866257
-0.144041949624
-0.0103019416175
-0.00434461927324
0.0101012212102
-0.157690976576
-0.0227774784914
-0.0557293028766
-0.0706068302228
-0.228081619132
-0.04761775321
0.0250424939958
-0.0645641706438
-0.0195052003098
0.0162496637371
-0.0702147248473
0.0277342504663
-0.157957304005
-0.151922284885
-0.118219619616
0.00306923862354
-0.151365379682
-0.057470257046
-0.0473204984544
0.00704989020483
-0.111794074367
-0.0313641412022
-0.101220095836
-0.189813050501
-0.137751473568
-0.262183707262
-0.0492016020835
-0.0638217231213
-0.0784418441592
-0.0809264652149
-0.00191701977489
-0.00654950063381
0.00534184470787
0.0697453040271
-0.158040810144
-0.0470589933745
-0.06285293605
-0.148261466992
-0.0459781617894
-0.134973242903
0.0130293196913
-0.0743640226257
-0.00598200041897
0.019616338657
0.117765600406
-0.0865666927239
0.0691465485019
-0.0492811089414
0.0202685163231
-0.067757300532
-0.0670340639364
-0.0757883325914
-0.0885538217498
0.148303708474
0.0312239697849
0.0459771159534
-0.0185317669079
-0.124375719315
-0.0244455829337
0.00156481655368
0.0928492106326
-0.030231894473
0.0209338534569
-0.0257702783891
0.23098033479
-0.00412253789618
0.165984489282
0.00342899515103
-0.0120400905441
-0.0437246561765
-0.0232736929198
0.109596252278
-0.0587115972108
0.118278039473
0.0260023780226
-0.141247799485
0.145967556704
0.132440065208
-0.0286672606547
0.179913358268
0.0486471877466
0.0368640169664
-0.0512735193242
-0.0379581899329
-0.0501189626934
0.0759325633918
-0.0387576704512
-0.0996882226526
0.0220538475707
-0.0411206304132
-0.0622242675973
0.0264995908414
-0.216755789814
-0.0479073185514
0.0883957464731
-0.0691878731702
-0.0540301103885
-0.00142840273874
0.0543169829825
-0.0817522935084
-0.0542739160827
-0.0445420660505
0.202044672039
0.0281067210408
-0.030526492416
-0.0275269333781
0.0858336998717
0.0801820617631
0.024080241595
-0.27178938267
-0.0247034315161
-0.00222083072146
0.0816280202665
0.0291086516341
0.10116332036
0.141577140054
0.0841994570375
0.0492521825778
0.0222687502033
0.0175393093031
-0.000405496592838
0.0364603864031
-0.0271153200198
-0.023898184238
-0.0206810484562
-0.0174639126744
-0.101795009234
0.0840846137455
0.0305854971606
-0.00159942097292
0.0945875483198
0.0515493833543
0.0949473833713
-0.0399114091489
0.0720205179381
0.0382075666624
0.0439399711553
0.0524964100551
0.0541951473295
-0.0443431210751
0.0795185700483
0.00201505235971
0.096857881366
0.167791500819
0.127406961584
-0.0658395451905
0.000892545854331
0.0425067260167
0.109397264452
0.0827244512858
0.0560516381196
0.0293788249533
0.00270601178712
0.102143708584
0.071869981917
0.0218871950468
0.0754621873947
0.0869119188524
0.0044341067996
0.042133544018
-0.04025655588
-0.0231887905183
0.070056810927
0.113924680928
0.191624053672
0.142494019314
0.0520711369748
0.096168012727
0.272307624978
0.100181977272
0.220518230427
0.105483649109
0.136608483017
0.0436909070811
0.0160619729881
0.180424436753
-0.0547304590277
0.181873520548
0.18376951567
-0.00248812222952
0.102110082107
0.221112747872
0.150947536836
0.00619795807899
0.0684979284119
0.0825973761977
0.100822238634
0.0968443501101
0.0681565431592
-0.0162219696479
0.200341822765
0.102357080332
0.0976674849901
0.157910847231
0.0681758858347
0.0673838962114
0.0316997909548
0.0886966238846
0.00640482969321
-0.0349674833859
0.212405867732
0.076486417429
-0.0225838958026
0.0550672897132
-0.0151865063474
0.00157232823075
-0.0182813617449
0.0725309338413
-0.0795170376144
0.0425049231782
0.102070965867
0.0475268246798
-0.116411398924
-0.162277168486
-0.0126773301839
0.0462840630747
0.145464534362
0.0197568955572
-0.0190646467905
-0.0194152239238
-0.0197658010571
-0.0924584510698
0.0247269044063
-0.0905285400169
0.0245404015239
0.0700606905888
0.0338928671641
0.164669323436
-0.0832891073997
-0.0554048345587
0.0711967810711
0.0317081419803
-0.066336821085
-0.0402884056066
0.0342817078628
0.088085877102
-0.0607227433391
-0.0122740323645
-0.0961166976527
0.00779683690314
0.00788428512148
-0.141627964082
-0.0559724534397
-0.0381589041702
-0.0217183178239
0.0555322399001
0.121958923585
0.0670499117313
-0.0163665144988
0.00417813641198
-0.089513633518
-0.0830605432095
0.0951781043849
-0.140643554454
0.0836701528688
0.0858239637245
0.00613731372089
-0.0400796536389
-0.0605271431351
0.0149429358004
-0.0370184171144
0.128790207525
0.0341649769611
0.029741056612
0.00734166687277
0.0123435904605
0.0180668708618
-0.0430567929456
-0.0730532776347
-0.138899330945
-0.147880374555
0.00122167738354
-0.000965757099493
-0.131789402801
-0.133562559828
0.0349229796817
-0.0536987227053
0.0185737158353
-0.0641029726614
0.056025019672
0.0532959384511
-0.0721671255605
0.00482830742462
0.0466447867791
-0.0275245707059
-0.0366421879225
-0.00636126391589
0.0276736418201
-0.0185839444483
-0.0851615574176
0.00122976087903
0.0554307206418
0.0492520096683
0.0755830832681
0.138289626344
-0.0327111190649
0.0937199549742
-0.00418776956992
-0.0410001517917
-0.0894575369881
0.0454892540105
-0.00945872776379
0.0374599522554
-0.0741885521546
-0.0276259136024
-0.104478742781
-0.0150001968727
-0.0201743098017
0.0382439641099
0.184045632834
-0.0200977088297
0.0237343181755
-0.0186517204576
0.006041130665
0.0610694192832
0.0658197843989
0.0705701495145
0.00696743238678
-0.0466600792427
-0.017710647802
0.00446383675007
0.0372930475981
0.000961854629732
0.0348543847641
-0.197252912385
0.334822236588
-0.0532249294248
0.0727791518655
0.107723260223
0.0273817254802
-0.108612923766
0.021450682645
0.0036613453553
-0.107578766602
-0.0353891232324
-0.04011191538
0.0702650593751
0.0647968376711
-0.0388903357608
0.0178264160365
-0.0517371516009
0.0475123528683
-0.0516266355682
0.0853623457974
0.042120263043
-0.0441516926508
0.0371438200267
-0.0702462099827
-0.0257610897572
-0.0029054872285
-0.000463573386771
-0.0152594302264
-0.0153195752583
-0.0412367461413
0.0933083111582
0.0479716394243
0.0619951561318
0.0629233267259
-0.00502121633033
0.00569430586051
0.0836724288695
0.0243673910855
-0.103125902025
-0.0115358745266
-0.0535879240361
0.0368826512594
0.0275242985729
0.0854660599623
-0.172640275566
0.0900762978889
0.107023659934
0.0418321646271
0.0671756201655
0.120553655576
0.0624589321108
-0.00391695120035
0.0758183610857
-0.128922147776
0.0625222225545
0.0341186880468
0.0510946577416
-0.113356620417
0.00600526769331
0.0800080691731
-0.125344100175
0.00804039616752
0.078762091047
-0.0717795090473
-0.10504372454
-0.0476381209598
-0.10903700636
-0.128073382131
-0.0148280106281
0.0544802366134
0.0327420548073
-0.0635366658303
-0.0345750570573
0.0762217128621
-0.030724816726
0.0784031609741
0.0834341614865
0.0647615196873
-0.0179092102557
-0.0098623906535
0.0758673336018
-0.0667359158203
0.0727322239455
0.0982118711811
-0.0158858008043
-0.0122205764837
0.00392661478062
0.0255722675276
0.0472179202746
0.0989291292412
0.0573225928145
0.0421581031692
-0.00534300789189
0.103016448578
0.0274738476721
0.0441874744472
0.0746066236188
-0.0469224848834
0.0140329245587
0.145135852755
0.0265994466424
-0.0303206476534
-0.0960489198623
0.0314336811185
-0.0190254820457
-0.0991792106482
0.134552786948
-0.106886539827
-0.0532109127912
0.128896408349
-0.0315342688404
0.0150350076681
-0.0451336647161
0.0471585359872
0.0218411649118
0.0410445287916
0.00942874577035
-0.104202761076
0.0995656961695
-0.0665888072857
0.07642137385
0.0339330577292
0.0441623122265
0.000937234836686
0.0139490810544
0.204233929648
-0.0534841695852
-0.0451263382624
-0.0679545902218
-0.0305428125178
0.0420161665035
-0.0320214268283
0.0320210125727
-0.0913334821563
-0.00522680517272
-0.0695762623285
-0.00420638642707
-0.00669819808031
0.00334663640127
-0.0865861419674
-0.0056760157348
-0.0771296567166
0.0344882812005
0.0399524589188
0.109507078905
0.180548159569
0.124508326623
0.0879518543547
0.00550644271325
-0.10545830259
0.255856372906
0.0324867906496
0.0542302344914
-0.0788022649687
0.030459218285
0.0493925608905
0.0869556750011
-0.013077220116
-0.0113012052892
0.0198239849073
0.0958590694722
0.0241304180955
0.0156486779456
0.00472948376977
0.0522338748342
0.0949029714221
-0.0147958181157
0.0381047246929
0.0735884874342
0.0241881266627
0.11887488953
-0.0341591300534
0.0945285634819
0.150131011882
0.0338456562996
0.0296918664576
-0.00352031308588
0.00298979705988
-0.0181484088852
0.0192312065608
0.00494853294724
-0.0104456791411
0.00139791707837
0.158962236526
0.316526555973
-0.00248322938728
-0.0409414544957
0.0332384438478
-0.0138905507921
-0.000741902891436
-0.0544969264422
0.00177981586862
-0.0643483025908
0.0859483816217
0.0228662766158
0.0908623440124
0.00270111022812
0.049928899378
0.070204693746
0.00573176197365
0.0988522837534
0.0408866842316
0.00842267076552
0.0436766794658
0.270093036251
0.0975933731967
0.0486820194389
0.0551663519219
-0.0149198097702
0.0378139963162
-0.00204446307275
0.10654384933
0.0486204864195
0.0335423359474
0.0560375125995
0.175090427804
0.13410461534
0.0453167971458
-0.0343868233229
0.0231216123676
0.11617617192
0.105092132561
0.112526654647
0.137233957403
0.140410710673
0.0809076498247
0.0640509384925
0.104371485524
0.0764526787032
0.00693490684171
0.0318032773218
0.0494202460447
0.191833367072
-0.0736515119925
0.0453511683676
-0.0127908448966
0.109968773085
0.0613284883012
0.0296630524293
0.128765510434
0.115179043266
-0.0122924529527
0.0770664718266
0.120959071762
-0.0193789251024
0.0178072635078
0.0227108005113
0.0995999997687
-0.0782166699985
-0.00308799979001
0.0839404604128
0.178184592564
0.226638338571
0.0935819150036
0.13916921295
0.190601961902
0.0453290897529
0.0213939437768
0.237266061209
-0.0591151410495
0.167470833605
0.0749512075869
0.100419345958
0.187870758708
0.141197421541
0.0223769556132
0.0526187434199
0.143441067061
0.115633244761
0.126894101987
0.175237007971
0.125923219112
0.0287566620491
0.0214219220303
-0.00493363456121
0.0554247304205
0.126461274905
0.081144471873
0.0908840353119
0.053960543534
0.0170370517561
0.128434366531
0.113665444009
0.133276481697
0.162795060237
0.0543952471207
0.0692152302356
0.133366111259
0.0398564273282
0.0902013568086
0.203190171518
0.0278504022907
-0.0103665002628
0.00326720865706
-0.0528104888593
0.207662192442
-0.0442396573845
-0.0288968064917
0.233965289489
0.143941273735
0.0993042071847
-0.0664306875739
0.0367938968306
0.020822014899
0.0519123634952
-0.0459830730917
0.0295501836679
0.15481856567
0.167068370288
0.150125955746
0.0969160784531
0.0996223942244
0.050532295851
0.174743182864
0.0713568319852
0.0420664638039
0.123848983632
0.10494396667
0.0147369336133
0.143674067106
0.167934034438
0.0976380904855
0.0839549517667
0.16095602924
0.064172257639
0.0273158124563
0.0394759531718
0.0584614399219
0.110972210731
0.138018888387
0.222931335024
0.216015836639
-0.0493705425217
0.0165685602629
0.0936328725497
0.040141783245
0.152369617718
0.0377717129756
0.0376073053342
0.0374428976929
0.105983287527
0.0328351204935
0.209528179953
0.14647386995
0.132837132329
0.0480510418176
0.0509716764714
0.00487695997556
0.0493598206743
0.0645059070479
0.122265700548
0.122837166902
0.118909014093
0.0134329329939
0.102924499107
0.0700072171272
0.0739506277747
-0.0282059669093
0.0806823512355
0.083472608034
0.166331499655
0.0804250040813
0.0697722997892
0.0226529890558
0.0997951609405
0.195483101059
0.0783251890497
0.0315414869118
0.0926898304458
0.158995659952
0.127898189494
0.105888328108
0.149513759973
0.136024225002
0.0436969561723
0.150666039402
0.257635122632
0.12286815001
0.115762234554
0.0220668615238
0.0582451141678
0.112443513679
0.168340776164
0.190744051473
0.214808255712
0.24191424648
0.0985693104617
0.0494357869837
0.179095073937
0.121526824572
0.0993405362313
0.0236137891729
-0.00931419275995
0.182171566572
0.0915287007415
0.127256660672
0.19195684122
0.0999139660501
0.103956960044
0.0310873137388
0.112884946124
0.126356262781
0.166835029856
0.0154139443392
0.0657858837163
0.0275986062404
0.0729550173695
0.0440921886088
0.131856762649
0.0407778073071
0.217998356798
0.0993569065432
0.19878163839
0.0267766447846
0.180902500294
0.106976814832
0.0926247794086
0.102024217696
0.145766800075
0.10890974331
0.153616122636
0.0901287747261
0.165614209998
0.0434857098808
0.0545334187376
0.11543964936
0.0779126565846
0.143763637591
0.0224127559897
-0.0266667636388
0.171700118603
0.165480101514
0.130715388548
0.123345495823
0.192844898222
0.195278202949
0.111344690987
0.0918051935192
0.13984758648
0.229813030456
0.259396827067
0.135365660381
0.119909424273
0.218167001755
0.153856738511
0.057075398147
0.143962755245
0.132169134062
0.201673732751
0.194191898363
0.105065979772
0.154932232419
0.229088706329
0.159364124833
0.144626839574
0.141329933148
0.103417002689
0.142371620847
0.147564003824
0.00253688085364
0.126462291923
0.18032872023
0.226031028937
0.256618955386
0.108247538928
0.166498057797
0.227592771077
0.0582892947998
0.212255257986
0.210186683713
0.172463876705
0.112570063705
0.0526762507048
0.101680249423
0.189299860489
0.0695273235881
0.133674701073
0.127416101438
0.100311652161
0.154089828495
0.148275135128
0.0885326889729
0.153357724187
0.119955444018
0.0857746818746
0.120524357146
0.170052402475
0.0558889062428
0.166229687486
0.183170665311
0.0887633027151
0.453952731204
0.0806778955025
0.101528855138
0.146241658964
0.21786371663
0.148664781175
0.250365693832
0.112133797056
0.0451217760998
0.147279908047
0.419857695995
0.201594829478
0.2434725359
0.150571857541
0.0770643545406
0.178423413823
0.2120866973
0.213098295048
0.22945069213
0.163103980362
0.126793001334
0.105548776252
0.204904849661
-0.0288568072326
0.0218193343879
0.0724954760083
0.0701410876588
0.146120614855
0.271198839512
0.122896583886
0.123782462354
0.0728497989197
0.14965918279
0.177681771957
0.196493649275
0.00465672448067
0.0851151219295
0.135811361671
0.156038749313
0.08696121281
0.0871503489161
0.0490300743772
0.119358176757
0.0597505308661
0.205544249022
0.147308583678
0.0489181786623
0.186185402898
0.120768908784
0.166181979497
0.176084159499
0.157692972646
0.201348419616
0.157434048279
0.253069411212
0.116713113805
0.161878716109
0.21212595338
0.171263402803
0.072960302911
0.165473201679
0.16553466438
0.01497284432
0.149223512135
0.160049183664
0.300787239519
0.130504487864
0.0847866865095
0.3376756789
0.291516064096
0.170607778347
0.159088570693
0.194737193554
0.0608445383923
0.184101447008
0.0847088371221
0.104558548451
0.124408259779
0.166531955242
0.085407030173
0.0729199379776
0.0895565022352
0.0963630128631
0.12435381693
0.221623192021
0.20093568567
0.122408037765
0.0980603449354
0.117068229215
0.182101400681
0.0953090271663
0.0127954385246
0.144428949672
0.118254157262
0.193285633183
0.138857460712
0.165492042051
0.109750988771
0.0215259701777
0.236627214025
0.107468977248
0.0619325321674
0.111034529375
0.0877998922975
0.164156494312
0.358102599342
0.1029275705
0.136669259875
0.0993236226431
0.0377857580241
0.162598828266
0.506720972206
0.298768818457
0.322775614208
0.205803765171
0.158821495109
0.0818000252371
0.161070592966
0.10050345899
0.125633338977
0.200073381077
0.0784425007367
0.108704102408
0.0605206600821
0.113888486069
0.162439429061
0.300129442916
0.199192670496
0.156170560556
0.0384052481067
0.133570441604
0.076620588072
0.143535755313
0.0760910955633
-0.0252706411748
0.222783682264
0.120742191785
0.294141942392
0.142920882636
0.137463793621
0.106518567215
0.280952851033
0.149819047498
0.189444352979
0.291756855944
0.223143251806
0.154131026739
0.194497609967
0.212604478862
0.192200047245
0.317697311202
0.249982018014
0.142423673974
0.182696777793
0.225374798255
0.147149068083
0.134084181688
0.236430326825
0.0891022122885
0.0862710260365
0.265286955464
0.263277769051
0.146496798196
0.177268499525
0.0930339588184
0.0921997866835
0.0715378929919
0.182999045912
0.206013845442
0.0649782587301
0.21003417635
0.236920711036
0.214028359787
0.191136008539
0.16824365729
0.079126167917
0.118533038535
-0.00948404141947
-0.0173206629377
0.15092834111
0.0969785978016
0.00786117179905
0.230353560726
0.198143999222
0.138950795734
0.142098823226
0.139492373453
0.180906663196
0.182747408838
0.174438683099
0.172251509315
0.278661528218
-0.022842502529
0.165962661639
0.249876735991
0.15064009754
0.068305097799
0.198530329936
0.291753252679
0.113756887018
0.234815026431
0.0880581312707
0.01552645808
0.158005984872
0.0969323467464
0.0904861837603
0.067131550677
0.0884379753935
0.10974440011
0.210572378721
0.321035085201
0.21893109795
0.147974800273
0.172820030011
0.257216241166
0.151087333434
0.113944412604
0.103341820317
0.0510247030395
0.186282119771
0.431840602237
0.169760012175
0.217662188085
0.102973091239
0.139184481773
0.103764638011
0.075433509184
0.117088515699
0.150291680513
0.0862173134647
0.155853843589
-0.0615091861487
0.204473156854
0.150508961384
0.122631371528
0.0755756783568
0.121034907278
0.191691930567
0.0890523164714
0.161503737396
0.08423894424
0.0579496730315
0.167373937496
0.178668308514
0.175096249395
0.155049869527
0.110769902396
0.175930596933
0.171702981181
0.105434638083
0.260387638775
0.190567724827
0.0597307296522
0.234653022593
0.132309917339
0.0498544494631
0.0960915499609
0.278586708197
0.324351929338
0.241225831872
0.241493519959
0.168652920691
0.172264461721
0.0690438187227
0.084511839352
0.107458292122
0.043383936925
0.070978211263
0.104039802592
0.137101393922
0.359087749214
0.205883864708
0.292842670638
0.217475783056
0.190517942526
0.150331952609
0.13798982289
0.119647076131
0.167215912377
0.0900030251492
0.120594355955
0.142392616777
0.183454542263
0.068935718863
0.386921521879
0.18004278945
0.316536130665
0.168058008082
0.167758406548
0.160924750432
0.174468687385
0.188076447513
0.0646968859355
0.123111699595
0.149725355653
0.133438992879
0.122003375536
0.271912192678
0.139180944318
0.172347675726
0.209045416649
0.0116140386787
0.0721834694618
0.152127866407
0.146486088842
0.202438847073
0.293860046075
0.218911576582
0.26110009313
0.250935348778
0.202107025509
0.0803734667596
0.12711996982
0.210535842348
0.279904682742
0.0774190957546
0.212294305012
0.09322554461
0.0767158301632
0.0730396883021
0.163959621516
0.163597464125
0.205788182548
0.265683793645
0.205397421633
0.249485232147
0.0619325953805
0.24181187113
0.272762989485
0.27069202059
0.252392836179
0.0939137389533
0.189527333306
0.205124550037
0.172975973287
0.253140010567
0.0462273923889
0.236826108989
0.233390097099
0.155553787598
-0.099329213624
-0.031867991318
0.141549742487
0.0944808909866
-0.0399426393534
0.0808800555196
0.0312935163702
0.218698232912
0.153000815713
0.14066523112
0.151268829931
0.194526371726
0.206821255122
0.11688709943
0.153260690029
0.0987696861182
0.170890269244
0.15584244291
0.0926881492534
0.251522416475
0.214065563364
0.0962819893555
0.214144947228
0.111503849594
0.138593807954
0.165683766313
0.219735988085
0.187143061199
0.182633185499
0.173714717424
0.118076132799
0.0827467403106
0.00821774104409
0.135424133537
0.146765639457
0.312787776374
0.164723625981
0.42920800452
0.151338053786
0.230046005691
0.256139499311
0.167173202152
0.270032364316
0.150360469324
0.182440356504
0.226341937888
0.283880604278
0.0863406370159
0.144738284083
0.15982526797
0.278268378502
0.141630219438
0.054125477934
0.171713929168
0.131314880815
0.234010996079
0.135916586046
0.337438519866
0.269214342463
0.190776060523
0.230911355135
0.0892848642008
0.0445496437805
0.119404988518
0.111718941246
0.128247053345
0.186874311937
0.258324850251
0.220961349468
0.103583164967
0.164695974244
0.19904523155
0.146388822601
0.11640641634
0.126506725082
0.210766253108
0.120567182168
0.0904557520149
0.111013013993
0.135957912797
0.125755760472
0.280669722413
0.249244805935
0.215221335578
0.232251172002
0.285980744192
0.307242915962
0.232934256697
0.266369121744
0.257560725905
0.208373897131
0.25993373541
0.255633975748
0.223902183143
0.131985194519
0.21722564553
-0.051054515424
0.0176584045169
0.109846384279
0.0142871830138
0.0351495965172
0.0442772092579
0.06543960607
0.086602002882
0.200343110351
0.102336517898
0.12386937239
-0.0310146110924
0.144329541455
0.223365601248
0.189356398633
0.152919375148
0.118492292188
0.188696566966
0.10285850771
-0.00458407994033
0.115801673069
0.127653860926
0.105494250618
0.0349481043323
0.0777462257902
0.120544347248
0.127850304627
0.0798223748953
0.171515500113
0.0852395507889
0.117633470416
0.116928485756
0.17978822154
0.202968166669
0.0760197040609
0.228587038868
0.12974441984
0.0576898203497
0.0362170639872
0.105223703098
0.0851908282455
0.275543632579
0.355738115981
0.0662509671546
0.281836436832
0.203078208526
0.387901293373
0.258259889136
0.1541555587
0.097601124705
0.0237992262825
-0.00793977193264
0.105910288274
0.067075603505
-0.00549235604472
-0.0119054285481
0.0642410157059
0.131193225487
0.143635522272
0.148430612739
0.0982883869059
0.181795121191
0.177335842061
0.172876562931
0.159303592096
-0.02786453413
0.0328364301586
0.0714169729863
0.0951394029049
0.0350154820926
0.171979990003
0.311877638432
0.203246410304
0.0962197813723
0.0580424945429
0.168185858281
0.0877946938498
0.0587569520058
0.0326215103269
0.156731364564
0.124937413616
0.166723769308
0.157754322118
0.221047482411
0.165201091587
0.133966439788
0.26416566839
0.216505459656
0.0627332105174
0.251810205622
0.274879838305
0.133021947623
0.228300017807
0.166693723822
0.17811233726
0.298014392958
0.0417516411088
0.0239201499389
-0.026414795217
-0.00326194639557
0.165434483013
0.106708486753
0.116338533071
0.0718710780741
0.214263524164
0.0780728259162
0.101339574861
0.101417197511
0.0640852326203
0.121312108109
0.19485482418
0.216482902946
0.107761446569
0.141402842577
0.0790917851289
0.12936170477
0.22769752084
0.052731597501
0.1780212073
0.19683949595
0.158621663987
0.120403832025
0.173048179791
0.0814999682935
0.0347646657343
0.189844148127
0.21255162323
0.125576557794
0.00378426267718
0.14491572841
-0.00831666757459
0.281877170819
0.0417239040492
-0.0497659522898
0.173231336991
-0.0232463520066
0.184820931589
0.106452815379
0.210506711602
0.188951635499
0.216183637663
0.142453506124
0.0860621547365
0.253877085414
0.102279394329
0.139636038516
0.0551878503822
0.181577919449
0.00652606425376
0.0596389766414
0.0715136075762
0.0386488850482
0.183965402267
0.192878193395
0.035169024099
0.124577313495
0.139206916923
0.159127678748
0.174630348089
0.135403015821
0.00883899638196
0.172373411574
-0.0302955004657
0.163879605189
-0.000993676065762
0.102965132785
0.108923267001
0.174459898475
0.0946859958724
0.0418151813399
0.117498387177
0.181850319396
0.0517920356138
0.240198558549
0.0875623631943
0.109794590949
0.171383449598
0.229422401693
0.182492050326
0.0877332459402
0.126368384159
0.136616764487
0.024306321352
0.0307518233359
0.0677389551383
-0.0199755514301
0.0656237910999
0.0314347706722
0.0262585305437
0.124637219687
0.0748439949926
0.0592900153674
0.087293487589
0.0922746386494
0.0097887141002
0.0450189626986
0.083806955958
0.0717695997711
0.117497910101
0.0811156774122
0.102233261873
0.0461768520343
0.116275012382
0.218801495965
0.172024286424
0.210664327361
0.115398017253
0.223598133808
0.0896898786035
0.198826369418
0.069490252886
0.143580387076
0.158484463627
0.255416480703
0.122278807059
0.254999456145
0.203196795442
0.151394134739
0.15313866083
0.146910167479
0.0225081218313
-0.0674249233452
0.070240314568
0.0595911249398
0.0994672935878
0.180343024646
0.235135349835
0.0819945749218
0.112203791212
-0.0065310410788
0.116391585755
0.129371802247
0.0121109035126
0.167051252055
-0.000716972103881
0.0100246828334
-0.00312553116991
-0.00484314501437
0.018398297828
-0.0385148469745
0.114946606882
0.143989005385
0.097076333992
0.11703490622
0.0692766442479
-0.0558805591193
0.0202379633412
0.280103147211
0.0191523410512
-0.0579834963352
0.0135343134039
0.0434126993954
-0.0161031029781
0.126256846797
0.0690472558283
0.121642724987
-0.096949107644
0.0129476280258
0.136684821893
0.136610894159
0.13695142451
-0.0234983946455
0.0631456769742
0.0244987002939
0.0503429585965
0.0553511872497
-0.0773066716855
0.0402751367378
-0.0465258253886
0.0327033553213
-0.0737461245903
0.147874870879
0.0550388434259
0.141929453885
-0.0648327886559
0.0532891408179
0.00071701860969
0.0186687966278
0.0111413750066
0.0149729908492
0.138839452288
0.0512151383062
0.0121470555642
-0.0942127392645
-0.0834044227052
-0.0791936026809
0.00533198582824
0.0499373894272
0.0359701686827
0.0154127835746
0.0720620733493
0.11227831006
0.0122701560513
0.0128665177957
-0.0410266622516
0.0843107673639
0.00128171285381
0.10871180089
0.0541903575692
0.0140186764076
0.0508753198007
0.00617705972152
-0.0643837336119
-0.0092152081265
-0.108308481657
0.0401477658252
-0.0933714760817
-0.0817601426172
-0.0524599613566
0.132267996551
0.0313344534572
-0.0985413189355
0.00734775608775
0.113236831111
-0.00785446177887
-0.0432432785017
4.47471852343e-05
-0.094337845103
0.00608302318322
-0.0137892142676
-0.102668243473
0.0126069987307
-0.0789050941796
-0.100372288855
-0.0211351696776
-0.0143443275897
-0.0449380985254
-0.00376783972111
-0.0369113934249
-0.0801841742715
-0.0568190449279
-0.0750331210557
0.0631291481555
-0.157933134521
-0.0948576914142
-0.0171883605846
0.0520796681201
-0.0660159537944
0.00374817701263
-0.0119264938845
-0.0769713559622
-0.0547946287442
-0.114177650971
-0.0169298143703
0.124027922624
-0.0666072238373
-0.0826497002388
-0.041170838653
-0.0399360019647
-0.0664917105298
-0.0521324196585
-0.0675116161418
-0.0429117250376
-0.000302509749715
0.0100108742011
-0.030432530018
-0.133539125549
0.0372268166264
-0.0089282707618
0.000766331678967
-0.0580951539135
-0.107860114017
0.0381301810548
-0.130836931621
-0.00666650966632
-0.108470195863
-0.063000476587
-0.0907308900131
-0.0986451398589
-0.0585560126566
-0.0625756888723
-0.0298385816816
-0.0135453481373
-0.0409875133179
0.0100210300789
0.164833494987
0.0693092701685
-0.0473653595618
-0.0786054561467
-0.00725898749673
-0.0221411990574
-0.00763431129644
-0.0278988441256
0.100210059197
-0.00498746492444
0.0358478030002
-0.090704550424
-0.0959066747357
0.11772016094
0.00897998238706
-0.0101917986183
0.00524033808475
-0.079757819721
-0.0289767030281
0.0425788946638
-0.0834213374128
-0.0740148516649
0.0560973835822
-0.0354496746459
-0.155849162332
0.00412964553378
-0.0764851084328
-0.108228377853
-0.0513998141982
0.0132557205735
0.0115845691852
0.0105546352691
-0.229523855453
-0.163588625845
-0.0976533962373
-0.0688763692806
-0.106957371598
0.0173206556288
-0.101553387613
-0.0750289319869
-0.0602670387573
-0.0704902490216
-0.0289800025643
-0.117914554504
-0.0365499470459
-0.0716314129377
0.0235908481923
-0.0682332503378
-0.0902389803292
-0.121789180834
-0.0544330457808
-0.0894236834352
-0.0260287616856
0.00471685650899
-0.0719953511855
-0.0513947741438
0.0579760243429
0.290679239739
-0.025689999103
0.0380456489362
0.0232056158809
-0.0707004707478
-0.0313199868008
-0.127026095737
0.050971052717
-0.0109215286118
-0.0455250958374
-0.0339932421679
-0.0398542903398
-0.0173891016133
-0.0702473598166
-0.0983377140326
-0.0323989961846
-0.0888860309183
-0.0172154666911
-0.104178448245
-0.0326002522239
-0.112144288042
-0.0430021305887
-0.0607512697966
-0.0862736914382
-0.0292559570418
-0.0854249907007
-0.157735216743
-0.0320863812627
-0.0776007918492
-0.0788724192083
-0.0649230195806
-0.0463241969982
-0.0283020796326
-0.0172190490203
-0.0288492903119
-0.016260164461
0.0262067811977
-0.00605747159724
0.0520005928336
-0.061604380708
-0.0237655996253
-0.0213898611531
-0.00366325986647
-0.0421231203534
0.0346734521645
-0.0724608012446
-0.102297683098
-0.170406663431
-0.0960801155312
-0.0745752628154
-0.083821360814
-0.048709864133
-0.107115023776
-0.163164461695
-0.066003926049
-0.0184568772547
-0.0725368655263
-0.135245690668
0.034169077635
-0.0864429701524
-0.0179887992382
-0.0950757651614
-0.196277369014
-0.0243983903076
-0.141135866794
-0.0616267301879
0.0490442759447
-0.131530140198
-0.0240815631132
-0.118601336952
-0.0341000911683
-0.163355723756
-0.162253092205
-0.161150460653
-0.171582665536
-0.150256813151
-0.127856192422
-0.157935799138
-0.0999338506291
-0.167342401522
-0.198058609926
-0.187814801444
-0.215457706428
-0.186505437494
-0.213643024075
-0.106250194794
0.00114263448673
0.053556971604
0.0656346534885
-0.0236462922538
-0.0170778126607
0.0295839833206
0.0443809472014
0.0449511063422
0.00488498497734
-0.0763030760281
0.0269870372707
0.0457376781665
-0.0468646003806
0.0529415306789
-0.093385065098
-0.0558618649247
-0.112729574564
0.041792392012
0.0313523813765
-0.0054195759677
0.0629871064062
0.0449111193528
0.00481130513164
-0.087302038511
-0.027774944173
-0.00924219502884
0.0241526517044
0.187484783784
-0.158452188497
-0.203375256082
0.0611817249735
-0.0239065450412
0.0581761595242
0.181109124964
0.0420463520791
0.14037688908
-0.112913040711
-0.144186471523
0.0837869961322
-0.013673065597
-0.0263860771589
-0.083562745362
0.0312121675028
0.0678592441399
-0.0208616760754
-0.000506836882869
-0.081945924717
-0.146422800045
-0.154042933014
-0.0351326296786
-0.0116403478248
-0.119569529523
-0.0351458644665
-0.0859519899379
-0.0249468722067
-0.104431179781
-0.0712233885737
0.0381095006969
-0.0320240309497
0.0521906423392
-0.00404824724707
-0.0805418754656
-0.0316869708012
-0.00158372616171
0.0362736694754
0.0864495390391
-0.123088828728
0.019587631249
0.0131809995203
0.0779421417925
-0.0916628212319
-0.107470600196
-0.0689866866557
-0.0366938167287
-0.107179100735
-0.0968697006388
-0.0353309388045
-0.016320663899
-0.0702473504969
-0.075325176437
-0.0487100155024
0.118289296139
0.0307454098593
-0.0567984764203
-0.12574363375
-0.0238042650487
0.0149200795026
-0.0324072145292
-0.0961540827216
0.017996667674
-0.0497268751721
-0.00338570863395
-0.0188758905022
-0.0383046446601
0.0328804172086
-0.0137692634122
0.0038876731819
-0.0542054654502
-0.0682962627315
-0.156073818861
-0.0508726417386
0.119593684624
0.0127316963101
0.0820791337023
0.00206352813895
-0.0703328736353
0.0296307730181
-0.07605127694
0.026374700568
-0.0159186121244
-0.0592568698926
0.0328626243185
0.0544774000748
-0.133429927336
-0.144137686981
-0.0374274103307
-0.109079310212
-0.0932838142455
-0.102725914492
-0.0615245089382
0.00241521954444
-0.0680205925128
-0.0928541266003
-0.0332079002451
-0.0530508556953
-0.0453469566102
0.0353571115506
0.0542083471145
-0.0389329418563
0.0458003616978
-0.0764227136889
-0.0281452042219
0.116270492125
-0.0230519432802
0.0628115108764
0.0110986487734
0.0734423282278
-0.0724900557684
-0.0357010005297
-0.142352996089
0.0443267024976
-0.04243151936
-0.0787647351265
-0.0255360795212
-0.0506452339111
-0.012488424779
0.0220503535153
0.0214565271358
-0.0690091098255
-0.0562253248152
0.0181303987957
0.0130869341
0.0281123712086
-0.0594899272567
0.0833160605648
-0.0987871995568
0.0342568877918
-0.069666854631
0.103404329716
-0.00279430394823
-0.150596761141
-0.0351805182484
-0.167712873127
0.00339320879482
-0.0349867923599
0.124941378176
-0.0530452152182
-0.145160080621
0.0322334167524
0.0247309361297
-0.0496914432098
0.0580650038417
0.075561551111
-0.117635348811
0.00286064331025
-0.0520866919304
-0.110844509877
0.0395879615644
0.0018525938467
-0.035882773871
-0.110811453023
-0.0395870361967
-0.0426588426158
0.00965343535363
-0.00745503421306
-0.0367231900103
-0.0129567481585
0.0376127984055
-0.0554076246659
0.0576645241326
0.0315143152036
-0.0347844919854
-0.0130759993554
-0.042765800122
0.0176125603035
0.0668205011178
-0.0502971017992
-0.103763660545
0.064112514416
-0.073200326195
-0.0216582825021
-0.0352888994303
-0.00337231975363
-0.0277313927091
-0.0948124003018
-0.00563249089067
0.00455150452015
-0.0201827964205
0.0320905595238
0.00579761886781
0.0261387873486
-0.000126159935331
-0.128689919473
-0.0635261504896
-0.0443654384466
-0.0283109095268
0.00515036971241
-0.00450988873188
-0.0997188772411
-0.0969293824819
-0.0567396639768
-0.0205726686149
0.00871219642116
-0.06095232962
-0.103633865945
0.0585995426018
0.0717722268034
0.153726879836
0.135099506244
0.0296469836504
0.0444697247265
0.0893551544274
0.0533976467166
-0.0123155236319
-0.0463955058783
0.151232484494
0.0670976153837
0.0313701182367
0.0120181841425
0.0665787799009
-0.0546687388247
0.109272521359
-0.0190084698625
-0.177972518452
0.026906402299
0.0207883829391
0.0231117313024
0.0437276412802
0.276051920833
0.211873640092
-0.0647458013239
-0.0361291367249
-0.147954172405
-0.00778048920429
-0.00753301459643
-0.0219279657171
0.0367381817652
0.0820863756382
-0.0361563550532
0.0860365807971
-0.0579910114738
0.00255213980773
0.0574785547328
0.0323203606028
-0.0449481220353
-0.0258328394603
-0.0935370008659
0.0650922776566
-0.00339473085487
-0.0588786075951
0.0745701890245
-0.0621771016529
-0.052227851276
0.0578482501645
0.0165148458019
-0.0248185585606
0.0110119771388
-0.0159564451114
-0.0258898980949
0.0178716047398
-0.0483105827688
-0.146261784262
-0.00393900964211
-0.00694494087797
0.10241162197
0.112929925561
-0.00723035851634
0.0926279389273
0.0233702523776
0.12017227794
0.0523813276308
0.109022330721
0.071955498009
0.0561398789496
-0.00853737643261
-0.109050113086
0.039328296235
-0.0347742606112
0.0802517654102
0.0554235333745
-0.0998882726785
0.00517932543855
0.0417158287601
-0.0337759077994
-0.0449603916044
-0.0951394255307
-0.0860115401517
-0.00171821805359
-0.0140804998641
0.0216493476362
0.146226772931
0.0531568218655
-0.115223928695
0.00807759810079
-0.0369444352742
0.023033904986
-0.0131915121837
-0.0588319377203
0.187384047203
-0.0443130392052
0.0723321301103
-0.0152959214581
0.0545970092667
-0.036022745907
-0.012851648924
-0.0696234237082
-0.126070746647
-0.0760291605831
0.0390644228912
-0.0110832214348
0.0154674305358
-0.155441064071
0.0745533134965
-0.0701916741978
0.0251018552062
-0.0801739245914
-0.0623157926703
-0.112140745835
-0.0545322503254
-0.0564312207807
0.0898623463869
-0.0039898049983
-0.0566926411489
-0.0782414140683
0.0114341240721
0.0532774430944
0.0215618135647
0.046501086471
-0.0290138526046
0.0215211158664
0.109921377241
-0.0365408929779
0.0541538012736
-0.00907532614014
-0.0659551586949
0.0156992808797
0.0589434431745
-0.0770523632082
-0.0178994044485
-0.10043232411
-0.0269423736078
-0.0204858623297
-0.0801959539408
-0.115284968078
-0.0761637946986
-0.0859726492635
-0.0820670084929
0.00599144255664
-0.135239380119
-0.0513724858564
-0.0428686600091
-0.0343648341618
0.0421482070008
0.0503850785687
-0.0554797258059
0.0449710408229
-0.0591150875245
-0.0399416417524
-0.0733975458482
-0.0924934833953
-0.0773485752564
-0.0649507869788
0.00844648892997
0.0389152580452
0.00530459986687
0.128618890996
-0.0619084826717
-0.14220143252
-0.0463391766051
-0.0211869951853
0.0422284289458
-0.0928353751459
0.00626905431722
0.0882619026245
-0.000727600152144
0.0475852127189
-0.0110937337853
0.154073253657
-0.0725465312772
0.0311615378051
-0.0204251392728
8.08463754938e-05
0.0653573488753
0.0830863116127
0.0452943005158
-0.0246049418864
-0.0476183018246
0.0109528109886
0.0259092334492
-0.0326624243663
-0.0631290131076
-0.0163791354275
0.0264362167478
-0.0767218057115
-0.107234492673
0.0301584217832
-0.121604473639
-0.0586269372979
-0.0930333916099
-0.0550140776406
0.000931659278788
0.0408446306729
0.0824783821825
-0.106365092369
0.0164828165723
0.0298387680611
0.0900980970388
-0.0891954985279
0.0263991123338
-0.0236332991549
-0.211595184488
0.0221200757998
0.0307804932385
0.0592468154952
0.0120702815136
-0.00199912323333
-0.049241446515
0.0444876895759
0.0796706136266
-0.0449629869594
-0.000443435389552
0.222116230532
-0.180846436111
0.271853795788
-0.0335223076465
-0.0402302240683
0.0313258186379
-0.00586422642047
0.0452609557424
0.128073100549
-0.0819544758232
-0.0410420937911
-0.0889294245499
-0.00450854125725
0.02397087639
0.0736699380224
-0.00747209703407
0.0836224740282
-0.0698146682623
0.0488707751183
0.138522825714
-0.0188001755573
0.071840251532
-0.0489752267742
0.0100892996728
0.0540978956315
0.0734183006612
0.092738705691
0.125314789783
0.0217993140851
-0.00993083958477
0.114008921
-0.0235611562903
-0.027657529689
0.0529248046113
0.016037994012
0.0769132489554
0.167146296044
0.0992796176372
0.100658698996
0.0965050233293
0.0364394638964
0.0499859303156
-0.015059114138
0.0100385023414
0.00979990042233
0.00507004960163
0.019458626501
-0.120203192114
-0.0849754068719
0.0859510948379
0.0185384358647
0.0192808194749
0.13126642358
-0.00757972371778
0.00431881135687
0.0817110964193
-0.0236193471487
0.0254676802621
0.0253923316169
-0.0352320181755
-0.0278544869617
0.107869323707
-0.0490929471082
-0.0283848923862
0.0640981330881
-0.145932324032
0.0789621095024
-0.0691863557476
0.116281374886
0.0310489825163
-0.0629830618463
0.0463026792005
0.0491874818035
0.0899651898164
0.129272065029
0.144664218362
0.0214860178622
0.0724762886824
-0.142993730169
0.0483864235803
0.0569749600859
-0.0495761484725
0.0870347586289
0.0365922339703
0.0309372709073
-0.0936594570879
0.0556185950851
0.140541092058
-0.0423182938742
-0.0470168943511
0.00796798777342
0.101042145638
-0.162426731777
-0.111848316807
-0.083532684723
-0.0148476657831
-0.0197934505823
0.0249821013556
0.0719570989948
-0.0226644487279
0.0721634924534
-0.0625729612978
0.0892721963829
0.0459935503836
0.0811361358644
0.00291023543865
0.231432894232
0.0399533770613
0.0182970504765
0.103950166975
0.105689093982
-0.16988380824
-0.0159484634814
0.101483622967
0.00193977227636
0.00521472202776
0.00846369674524
-0.0391820629623
0.0881246551606
-0.0728270148849
-0.0722477847595
-0.0549315922908
-0.0376153998222
-0.099363860386
0.0782458263081
0.0749477098306
0.106006000945
0.0666438131899
0.0537301485765
0.0696402281213
0.206862367498
-0.0513614815965
0.174921622699
0.126303652503
-0.0244480256789
-0.154464350792
0.0874156338188
-0.061154387226
-0.113384102024
-0.0251912094491
-0.0662847228965
-0.0588522231669
-0.0571628675977
0.0244152429168
-0.00478872659072
-0.0411468272837
-0.0094019186326
0.131994993632
0.129183349378
0.0351039864866
0.0874606918682
0.120567678636
-0.0178015013306
0.0862555847976
-0.0207376083474
0.231284163344
0.0633713341047
0.015769017545
0.00575500121822
-0.111852294461
0.037439782605
0.0833794982434
0.0958799588743
0.0304688520843
0.0392759427725
0.0450806371245
-0.174377600911
0.0284540539854
0.00201303621306
-0.0410089634011
0.0338202260855
-0.0114418989078
0.0368529996206
-0.0129905411059
-0.0953075660622
0.0180448433588
-0.060146590686
0.0875291690011
-0.0727812439874
-0.0483485280504
-0.110705132679
0.0228541905875
0.0501247394182
0.0535559690749
-0.0498067979625
-0.00445533813481
0.0100907260783
0.103435061787
0.0594261169522
-0.0584162312233
-0.0828035452941
-0.0930114830822
-0.0198866529902
0.011526543565
0.0883536821177
0.0298937123076
-0.182314741899
0.0210863636875
0.00977481830917
-0.105195460776
-0.0109476583583
0.0176427069865
-0.0880325172063
-0.0942396355815
-0.0812956759363
-0.0683517162911
0.0690957092363
0.0143437710556
0.0512938013778
0.0390516401033
0.0375768648272
-0.0130178175986
-0.0916796356873
0.0485345692429
0.0156453511315
0.0354101619584
0.019597210094
0.00378425822953
-0.0120286936349
-0.0644711632484
0.0664163825507
0.0864068183712
-0.0978190061623
-0.167651845386
-0.0598682886544
-0.0160388937705
0.0567048961958
0.0400932783252
-0.104345257839
0.0606978889228
0.0445638615608
0.0586925671957
-0.129173416627
-0.0249156777224
-0.0515384845613
0.0641443263513
0.0219349547447
0.0268749762245
0.00721785593718
-0.0422166675106
-0.038284042075
0.00313670850247
-0.0716125191749
-0.0058761485105
-0.0355442653471
-0.0434960816757
0.0957795421944
0.07680464849
0.0789342504872
-0.0551997572614
-0.0950606833415
-0.0472967583564
-0.0730209692767
-0.00910247534958
0.0209769859167
0.0105559401507
-0.0219490843084
0.0743427089185
0.0558661089827
-0.0968576778307
0.224633003423
0.00106123706782
0.0924788770713
-0.0947896508596
-0.0985897174959
-0.116891598269
-0.0581989832086
0.0344533395208
0.0998516399114
0.132385195908
-0.120933680186
-0.138085219106
-0.0276028898183
-0.0707776320791
-0.0778908250723
-0.0771101691152
0.199867698728
0.0231134607694
0.0363249940738
-0.0438793949324
0.0284659158318
-0.110792406833
0.0118608213918
0.0601358737035
-0.0256623776642
-0.0097550263593
-0.0788461115384
-0.000729470401734
-0.0294318116812
-0.016686952621
-0.0383021612151
-0.0266125353404
0.0318619713513
-0.0708791842638
-0.0943146442851
-0.116176811329
0.0200659113729
-0.0527148482175
0.0794616316946
-0.12928741416
-0.166310758306
-0.0183531626825
0.0297313895921
-0.164951255738
0.0236089322046
0.190027598709
-0.0844022916533
-0.134842357753
-0.119506057949
0.0516059568283
0.0608209979644
-0.103842169101
-0.100419335583
-0.061753089352
-0.023086843121
-0.0666189536503
-0.0497461623759
-0.0583735873826
0.018348031873
-0.0435036314417
-0.0432873969784
-0.143279289874
-0.154014630319
0.0828673186448
-0.1106090827
-0.0126317552651
-0.15511711759
-0.0828104048384
-0.0959993200787
-0.0169266896114
-0.15512062773
-0.120620458173
-0.175637440294
-0.0485589750214
0.0271678942841
-0.159507176124
0.036203028274
0.0388620401671
-0.0511063678635
-0.00944044649191
-0.116078432455
-0.0601052443008
-0.0546529575452
-0.0492006707897
-0.0372122539125
0.163866199477
-0.0339767553678
-0.0592703861476
-0.0429905199139
0.161773864496
-0.0381900305293
0.00385581627187
-0.0439796527876
-0.0633185879679
-0.046741352145
0.011795522105
-0.242110839179
-0.0235133325047
-0.194074341045
-0.143050594413
0.0228015700957
-0.137965219893
-0.0633398795746
0.234552752318
-0.132385364486
-0.139879327767
-0.0891160249002
-0.0391574255759
0.0161973820544
-0.0157637787299
0.044599849069
0.0397256486767
-0.0894202941696
0.0314484161975
-0.0491657820899
0.00480735169753
-0.0555579173298
0.0720859545554
-0.031072877683
-0.0674647924067
0.0189613049904
-0.0384470305135
-0.0725825850605
-0.0812451244579
-0.120863219501
-0.109925621958
-0.156850895727
-0.119655358272
-0.0795637091117
0.084413630949
-0.207780942441
0.00437247944907
0.0504008239284
-0.106391660729
-0.0218846177692
-0.0635154075999
-0.137062292433
-0.0840176158225
-0.00924820826407
-0.0274903582473
0.185796317663
-0.0679737390139
-0.144826495237
-0.022759094766
-0.0718923688973
0.000520633061062
-0.0282438992615
-0.00493266224407
-0.0876698856742
-0.0543819747348
-0.0210940637953
-0.0785381085557
-0.162603308234
-0.0457919675833
0.00212627620522
-0.0242383863337
-0.0851372773101
0.103849420546
-0.0261884246825
0.0562133813673
0.106342147751
-0.0724631249633
-0.154368901941
-0.164899033807
-0.111764526845
-0.146519393233
-0.0478946021805
-0.0760397880552
-0.00339839958491
-0.0563417591583
-0.201007353889
-0.160224097148
-0.0821321757743
-0.122703886297
-0.0449595961398
0.022173713354
0.0370745529092
-0.0338246356664
0.0292105556098
-0.0299503881402
0.0818601752653
-0.0474692751564
0.0250576559055
-0.117382529997
0.017009656526
0.0494751244353
-0.109573706553
-0.139184357271
-0.0303295687942
-0.00731715674421
-0.125447034167
0.253383355962
0.0570131920026
-0.123461793737
-0.15105808785
-0.0710758521822
-0.144677497648
-0.0826602137964
-0.145169846699
-0.0429104191587
-0.0891066092213
-0.135302799284
0.0345466614203
0.0559175565289
0.01501987997
-0.107615256397
-0.0953641812785
-0.104224980564
-0.121168106935
-0.0985295101483
-0.11943583348
-0.0313661068109
-0.00359538558988
-0.163919773685
-0.0223129549255
-0.0793253216847
-0.0498982269356
-0.103121959594
-0.0150071757751
-0.0942261305386
-0.0131441118165
-0.0673918329206
-0.178428079511
-0.0603089426232
-0.208990634022
0.012953932052
-0.0249197231203
-0.084149715347
-0.114361134635
-0.0385457365517
-0.082283610105
-0.0423668547807
-0.0396734257617
-0.00226909930497
-0.162604958037
-0.0544181636232
-0.0851333458387
0.0428038495254
-0.0614295994891
-0.0734378643786
0.00803975425226
-0.0189482653099
-0.0585027085318
0.0649002524893
-0.138316342599
-0.220047313234
-0.30177828387
-0.255004953068
-0.16070002665
-0.252215386548
-0.127372976318
-0.181160678249
-0.0448121856513
-0.0863036271646
-0.0706418789038
-0.0608206314297
-0.14645243493
-0.0973429587454
0.054197603398
-0.0637341611443
-0.0154631610408
-0.00681963771652
-0.029643764903
0.0391058341001
0.0435746439229
-0.0331675113355
0.0290177895556
-0.122346521839
-0.108548974049
-0.138714765015
-0.0898900303443
-0.167156894232
-0.083513898553
0.000129097125918
0.0214369369997
-0.113764572768
0.0561806603461
-0.0413476893898
0.0125620471948
-0.0837261381034
-0.059106678509
-0.140210178622
-0.143528695227
-0.059769723275
-0.119832957559
0.00888705972076
-0.0812853758425
-0.0204314577422
-0.0595245659838
-0.160264868845
0.0641431146865
0.066879800968
0.0404162198863
-0.0660562069558
-0.0541825641413
-0.065965618395
-0.0986405194947
0.124611781997
0.0383456378934
-0.0313290599769
-0.074869251177
0.133072228065
-0.00645744283932
0.0424005909267
-0.141491364781
-0.203276260792
-0.0591438594621
-0.0226185601898
-0.134363122047
-0.00625857916563
-0.0596904414416
-0.131692544446
-0.0882329188621
-0.0980541964507
-0.00497600764342
-0.0096052503229
0.0292364977034
-0.101541814024
-0.0219425855961
0.0216665489279
-0.108712962031
-0.0599908902077
-0.0281949427261
-0.104514698236
-0.0228834010902
0.0515035577782
0.0280048156565
0.0037412711259
-0.0738879926926
0.0326862408847
-0.0379624103966
0.00312314874713
-0.081126156372
-0.0861841836725
-0.0732830597874
0.0781022247756
0.0213089863178
-0.0342776254848
0.00479842192225
-0.0512571969298
-0.0517242859478
0.0280805829476
0.107885451843
-0.0676712581057
-0.131876332702
0.00154893639817
0.0697441446452
0.0630381440852
-0.0776069745064
-0.0621845697247
0.0815419405782
-0.0576944021612
0.00131181817099
0.0454485619549
-0.0661570378504
-0.020117701797
-0.0027748335581
-0.0253181304346
-0.13726011452
0.164381826668
0.0979556335047
-0.0755915724812
-0.118802794194
0.227957150842
-0.0548842630867
-0.130580970115
-0.0537932929595
-0.0252273602445
-0.0264467351042
-0.0357207547107
-0.128426552134
-0.0904535584642
0.00390181686185
-0.0625071236881
0.0182910803762
0.0433275488641
0.0374304963735
-0.199304084699
-0.0253076531675
-0.0127243853516
-0.0109278918978
-0.0380448611809
0.00542123317616
0.0107438480468
-0.119759355742
-0.0200035916521
-0.00196916143423
0.0234808075609
0.0856217710877
-0.0941540611515
-0.0531861716178
-0.11513452522
-0.00507955324981
-0.0161472003368
0.00959094002127
0.0612805997226
0.00926596463571
0.0719927962803
0.133798805713
0.0545997840403
-0.13461522919
-0.00905275930741
0.126940918823
0.121968615719
-0.0999427843903
0.0649465053867
-0.0802669317582
0.0778186446512
0.0414078974448
-0.0419725802341
-0.0606606153416
0.10420484124
-0.0599379959379
0.0285257521225
0.0110230430659
0.0721178146672
-0.04871907503
-0.0238219698987
0.0192044057056
0.0565314592446
0.0470185917772
-0.118945777774
0.0201497191286
0.0466569015441
-0.0794804459212
-0.067095363327
-0.0703721627918
-0.0471876103564
0.13783674842
0.0284854910464
-0.142907412648
0.149846418817
-0.128673692967
0.0250769410363
-0.00638272355045
-0.044902105491
0.0117933779661
-0.065334003074
-0.142461384114
-0.264641249204
-0.0536830485199
-0.0867261389874
-0.206320105827
0.0277450464681
0.0106557897488
0.0182551803483
0.0139844227281
-0.0130342130271
-0.0545004472949
-0.0200252517467
0.166538110125
-0.0325884013158
0.116525607937
-0.131378525523
-0.0328111834496
-0.023311199731
0.0219588707561
-0.063801360192
-0.113221679786
-0.0516390561178
-0.0824952764325
-0.00340702759868
-0.0422972834703
0.0484219916465
0.0094204248422
-0.134590744747
-0.110296470344
-0.20580068462
-0.174154087819
-0.107185210498
0.0109749178844
0.0231783919218
-0.108938901477
-0.212113375195
-0.118295572992
-0.0794361244984
0.0446728643122
-0.080421787888
0.0288944982197
0.133468640601
-0.150649550631
-0.0224554256274
-0.103337673611
-0.0296848809266
-0.0870441146353
-0.0941412446841
-0.101238374733
-0.188292898522
-0.0516522468425
-0.265752803199
-0.0324420899967
0.127083276456
-0.136157151404
-0.236277447674
-0.0995338897847
-0.167947806343
-0.0180655245926
-0.146128479512
0.00785818330839
-0.228350477171
-0.186473606918
-0.194498469427
0.0413965825165
-0.163266781614
-0.0800838741407
0.0523048604698
0.0948101137015
-0.0363495832744
-0.0671490479781
-0.183639431895
-0.0731722011833
0.0599403981882
-0.16037158316
-0.0116323222717
-0.176283365641
-0.0631003246347
-0.0196930167025
-0.0955625300149
-0.185812390416
-0.117446814401
-0.0351647380822
-0.0467875217354
-0.154792859599
-0.0767220796393
0.0606157266262
-0.0191141259606
-0.00353747746768
-0.0595942185749
-0.196157411861
-0.0953584116222
0.0214113568722
-0.0979025543582
-0.104126256397
-0.101491997225
-0.0988577380527
-0.0962234788805
-0.229005830009
-0.0688335723327
-0.222312923117
-0.0737588195514
-0.0512127762449
-0.0854859462023
-0.0980717575896
-0.0668152283263
-0.101185751432
-0.197459954099
-0.209416924573
-0.116353892529
-0.000213508363044
-0.0399220732813
0.0162146473064
-0.212104457139
-0.083258559468
-0.0752997562116
-0.185316941515
-0.0590855386122
-0.0483613267045
-0.108105027472
-0.127560458982
-0.154201964804
-0.136667137783
-0.0762209156519
-0.059500134317
-0.0588050930329
-0.017763986104
-0.161652058527
-0.128123788715
-0.151956842467
-0.162894727406
-0.0661153068389
-0.229192367179
-0.175403903402
-0.207305323683
-0.173370017805
-0.135475929633
0.0473403599018
-0.246142378307
-0.0644585814541
-0.179382590617
-0.0888896210103
-0.20699875718
-0.27926499891
-0.0995553943309
-0.15325767952
-0.120453597997
0.0313964361918
-0.0804693106139
-0.0410984255923
-0.144414322267
-0.114937815227
-0.00256975258745
-0.168902409872
-0.00750553240797
-0.0798044665372
-0.129268353857
-0.112418968167
0.016644921721
-0.231817325972
-0.0311320546206
-0.224340537578
-0.0156633850144
-0.186645844509
-0.211992990956
-0.080774070798
-0.0559746160427
-0.0820840267503
-0.105444373675
-0.202176551196
-0.199221388879
-0.254844224386
0.0348394512214
-0.0920422431814
-0.0865120133922
-0.0588161739591
0.0573305073316
-0.121899912913
-0.0616139523028
-0.299666767217
-0.113314299094
-0.111670415849
-0.00485800877184
-0.155560138403
-0.148425593277
-0.0830807180666
-0.0661030578307
-0.0772045813725
0.0392535503059
-0.0798238836988
-0.157987983261
-0.18646938603
-0.214950788798
-0.172980385059
0.0465383689569
-0.0710013065694
-0.0969901959608
-0.0951483949938
-0.0980814084816
-0.00150888478638
-0.0764984543025
-0.153340830382
-0.0854074309035
-0.202566093993
0.00538238800321
-0.0335681261996
-0.0129043301809
-0.0855270188231
-0.196362103566
-0.0268940739761
0.0332707827084
-0.0707907045827
-0.195904140887
-0.163516548742
-0.0674557596102
0.139439205216
-0.0891098495736
0.146817705681
-0.115141994563
-0.0868429697085
-0.123290840136
-0.0805389860184
0.0214333174317
-0.115546116939
-0.273766584738
-0.236221341304
0.00573888061359
-0.13766752757
-0.146822996573
0.081988391433
-0.145813547755
-0.208520654895
-0.0291955906667
-0.175166815877
-0.0183797837231
-0.00509201151353
-0.218045707983
-0.0445651627575
-0.123241312025
-0.0905987943451
-0.0955125752146
-0.193876764048
-0.103815805486
-0.161796337233
-0.0561934168745
-0.0868819670345
-0.023176198652
-0.0437019832783
-0.0249656980959
0.00437680111219
-0.133738106599
-0.173052496087
-0.103333591698
-0.0551935348777
-0.00401563786455
-0.0936930426356
-0.0649144431861
-0.0082600408478
0.245238914195
-0.0246584397679
-0.0325101771196
-0.0351730084599
0.0649767802004
0.0156697486263
0.0495193729945
-0.251507119786
-0.0645898068857
-0.0604103928324
-0.00497454455327
-0.0732050528436
0.159363286791
0.081161971632
-0.084919682765
-0.0038218100896
-0.0391701233108
-0.031593612328
-0.0634803891203
-0.249873306842
0.00687612388035
-0.0154228400659
0.195395083166
-0.105765861541
0.0868831907133
-0.141570492468
0.0192541753027
0.238586307472
-0.0333189280231
-0.0906769852646
-0.148035042506
0.0856077759893
-0.220513123757
-0.153674581532
-0.154100990021
-0.284525360906
-0.125876757364
-0.0522128106906
-0.13237735215
-0.0475743930915
-0.0271952798591
-0.110478120607
0.0421919826473
-0.125869426677
-0.0944654766142
-0.090536273908
-0.0804774747167
0.0787678983299
-0.1087777157
-0.0305648325248
-0.00345518573109
-0.0219770013198
0.0881665187627
-0.306140034273
-0.245119548921
-0.157406199769
-0.194092225183
-0.128133087122
-0.143967030794
-0.168486524439
-0.0351168347302
-0.0152238356792
-0.0218082960105
-0.167682274126
-0.114885625943
-0.00830766255009
-0.0300450148894
0.00444998877922
0.0285856701907
0.0355384595721
0.0255108612315
-0.0172909207715
0.0155021056237
0.00498424227513
0.00728456265694
0.0269270087931
0.0396832363966
0.0633737729416
-0.0495237388282
-0.0584567836796
-0.067389828531
-0.108266950375
-0.0507269824133
0.0905445879575
0.0154168361989
-0.0311013070411
-0.10117911656
-0.0791692128732
-0.0236780985463
-0.21618353064
-0.113569565225
0.00976186921331
-0.0594164262367
-0.157344360805
-0.0631325286197
0.0599585202745
-0.0288565254015
-0.0362604053509
-0.149878557942
-0.126440550215
0.0284367182124
-0.207980154006
0.00961524864605
0.158508884546
-0.0314071018457
-0.0170469764099
0.0204961864529
-0.0424769350163
0.0181294940731
0.131391163485
0.0153340633456
0.00840507809221
0.253066784317
-0.109296459778
-0.0805694246134
-0.122870385503
-0.0768082009457
-0.0502731738692
0.0538727583334
0.0629097909119
-0.119153771036
-0.0259538694033
-0.0688224602373
-0.0229208654353
0.0389216580745
-0.0053219379247
-0.0495655339239
0.00930017565446
0.129772094576
-0.00263313257943
0.0736475036929
0.00213763871145
0.0672778402831
-0.104876337617
0.0775342839714
-0.0755355180287
-0.114706422631
0.131047524493
-0.0944736520918
-0.102016919367
-0.177589037456
-0.0618178526047
0.0539533322467
0.227234022045
-0.0115647551694
0.146232065966
0.106949769761
-0.016295256455
0.0839142132441
0.0243609063429
0.0275197776997
-0.00546270027347
0.0457470633027
0.040890332855
0.0353903124125
-0.101070330994
-0.0292967744089
-0.107631365742
-0.000753339683052
-0.0504389044134
-0.0438674090195
-0.0372959136256
-0.126651556632
-0.0675296068088
-0.220624474812
-0.178424317003
-0.0475165240198
-0.213908117339
-0.0164575936595
-0.0998384530625
0.136391245036
-0.176367116775
0.0631147291118
0.0699171244009
-0.102147715786
-0.114746767401
0.0139918495614
0.0121738516793
-0.0286201496232
-0.122021664512
-0.0395185982829
0.0529831213878
0.0710607935017
0.0706364574744
0.000186032661802
0.104807588583
-0.0762583163696
-0.0632174473641
0.106480278962
-0.0112648033603
-0.142978489847
0.0372685007256
-0.0101852355593
0.0220363491738
0.066367758235
-0.031049898621
-0.0117756709211
-0.0578190939141
-0.0576922142495
-0.0963983572972
0.0593318275655
-0.0507960216445
-0.131531153883
0.0285923909309
0.120257078512
-0.0843622983226
0.00345080832812
0.0962422409408
0.0896295157695
-0.038422750183
-0.0450088057174
-0.0515948612518
-0.0661037168945
-0.128425643357
-0.052110916216
-0.0896280965393
-0.263031134159
-0.00938913130413
-0.108297474155
0.12744848457
0.076500764683
0.0728797806368
0.0692587965905
0.0656378125443
-0.12686209543
-0.203967340131
-0.0857855839982
-0.14291617481
-0.039466716126
0.0207632509769
-0.000452388089974
0.0301767797905
-0.0189032965533
-0.0679833728971
-0.128717130226
-0.189450887554
-0.250184644883
-0.167110243843
-0.243123846102
-0.228712360218
-0.0140252657771
-0.0121454272019
0.0252462564444
-0.0968872374886
-0.161296337521
-0.191739783041
-0.147077622829
-0.171386879725
-0.0991519092586
-0.106564404688
-0.0107944316193
0.0293768995386
-0.0989136967681
-0.00356872249549
-0.0717002970393
-0.0221680459104
-0.0748450392304
-0.0969523778424
0.020204668379
-0.0816116387814
-0.16642270311
-0.165016379044
-0.0926060860081
-0.127043843805
-0.139204238109
0.0943254229766
-0.013678289712
-0.141130324426
-0.28354374819
-0.187760789604
-0.091977831017
-0.0200682857648
-0.0522992097977
-0.104466153606
-0.196490713856
-0.192460926447
-0.113046234263
-0.176255334868
-0.0330531912639
-0.150047214113
-0.0512302805043
-0.106759216392
-0.227344642693
-0.183213734935
0.25570339235
-0.00385763063462
-0.137019362274
0.117146064799
-0.0970679934157
0.0501603637722
0.0741426282077
0.14591909238
0.00185791995199
-0.423930797575
-0.311572630651
-0.337949114415
-0.275516010299
-0.092420450454
-0.135320368152
-0.211809981369
-0.15146386143
-0.152384814073
-0.166583790898
-0.1416406206
-0.194715437173
-0.126698899884
-0.0462353044229
-0.0911690054517
-0.17399509592
-0.0449860105124
0.0109936104698
-0.0274114274177
0.0350509168203
-0.0376129090605
0.133222386612
0.00586363318049
0.0980945297581
-0.0382162993439
-0.137404175231
-0.0756063844935
0.0356281515819
0.0478877227651
0.0738853672826
-0.00326687063002
0.0103452676077
0.151371294555
-0.0199412631533
0.023835209435
