-0.00569603182473
-0.00571431271671
-0.00152411902807
-0.00317551287245
-0.00570314247003
-0.00391384579222
-0.00281803213595
-0.00355568634444
-0.0046136137352
-0.00390119723848
-0.00672447133549
-0.0036973354652
-0.00531570100496
-0.00301400364953
-0.00403062155374
-0.00270859107394
-0.00426682755192
-0.00454988939692
-0.00381997100363
-0.0055194191785
-0.0042014070092
-0.00641174184093
-0.00605403647347
-0.00016383227568
-0.00372681518132
-0.00209752803664
-0.00184003070694
-0.0067081910022
-0.00323255293442
-0.00232439640794
0.000684071934867
-0.00631974316142
-0.00225535710147
-0.0104965933282
-0.00338446079466
-0.0051720187449
-0.00517490581548
-0.0077353966168
-0.00553448096999
-0.00494371216061
-0.00460720875958
-0.00532530504629
0.0
-0.00506869861512
-0.00290861656241
-0.00676483417278
-0.00196734481058
-0.00375062982989
-0.0048495934077
-0.00138926780229
-0.00226819983291
-0.00480340301859
-0.001880738344
-0.00229507796659
-0.00217334751152
-0.00305020619239
-0.00509927274686
-0.0029883908065
-0.00442280884221
-0.00164146628961
-0.00225880824996
-0.00221045205575
-0.0011003160764
-0.00382708649889
0.000182450816952
-0.00202170019261
-0.000311251124432
-0.00201226259017
0.000527004958019
1.16640734522e-05
-0.00287037859752
0.000305008446851
-0.00377603192263
-0.00172623512418
-0.00293872080538
-0.00343841092051
-0.00250918217067
-0.00202990240008
-0.00173543196615
-0.0020387102805
-0.00170975206596
-0.00450829685239
0.000116824340622
0.00120409242204
-0.00303825251278
-0.00130655527597
-0.00366147979968
5.22796774205e-05
-0.00357269342951
-0.00170699974664
-0.00175058730438
-0.000915210271699
-0.00253819041327
0.0
-0.00282774341855
-0.00280793174771
-0.00288718651082
0.00253805456649
-0.0031071977487
0.00140210635939
-0.00355239042478
-0.000490690604904
0.000245765579155
-0.00269286738647
-0.00209381464963
-0.00233784247309
-0.00334549947187
0.000196922835729
-0.0045777141531
-0.00269601795273
-0.00414699009345
0.00265013578273
-0.00567934374776
-0.00226201079883
0.000267057053833
-0.0016720324601
-0.000331800309222
-0.00109194970957
0.0
-0.00279650958777
0.000586015645968
-0.00396512970269
-0.000643532591595
-0.00128531081735
-0.00313032364601
-0.00400282431081
-0.00394841936467
-0.004211611758
-0.00185713121245
-0.00612130435653
-0.00270541215394
-0.00397946053771
-0.00335926132492
-0.0052844201076
-0.00205624016939
-0.00176758439103
-0.00123090889228
3.62431373637e-05
-0.00162775206564
-0.00134543785885
-0.00260911312867
-0.00328754380876
-0.00313595922801
-0.00161789550995
-0.000336790833579
-0.00491112179511
-0.00232350664607
-0.0015668543754
-0.00134045111899
-0.00370584348588
-0.00394050827736
-0.00287619525339
-0.00299962811066
-0.00285670873261
-0.00287989326827
-0.00278747785858
0.000171631834136
-0.00238577608829
-0.0023920181213
0.0
-0.00184217425286
-0.00381055523834
-0.00423503166379
-0.00179484515661
-0.00390952979879
-0.00580967639365
-0.00441048232346
-0.000136198992733
-0.000128283375162
0.00282710877748
-0.000858966804236
-0.00180074713657
-0.000656357316188
-0.00239981734156
-0.00216830259592
-0.00114449958396
-0.0012078401273
0.000942352651397
-0.00264789328883
-0.00176569227745
0.00350493494467
-0.000312002204397
-0.0015610575059
-0.00227045339152
-0.000292972831686
0.000250870113949
-0.00514655080869
-0.000379465832232
-0.00100028715538
0.0
-0.00406030804511
-0.00154161445055
-0.0017620988745
-0.00248751990459
-0.00206697627683
-0.00341240404397
-0.00131212332828
-0.00100683725057
-0.00259210974507
-0.00342645055135
-0.000546316224898
-0.00362387642262
-0.00215700126273
-0.0048188211184
-0.00384587346542
-0.000220958878162
-0.00127045986187
-0.00302840379667
-0.00242269770495
-0.00279383563855
-0.00392487545919
-0.00526915272598
-0.00283265973033
-0.0033996913239
-0.000327788681259
-0.00299787236954
0.002084608925
-0.00128261442711
0.000985765753159
-0.000462820470131
-0.00253573230032
-0.00241336612331
-0.00218125872165
0.000150171394751
0.00252201171646
0.000836486684522
-0.0021848961206
-0.000543246477908
0.00102759321825
-0.00320255156574
0.00132700328616
-0.000338528415439
-0.000242075485988
0.00113412184599
0.00124095920219
-0.00186161978284
0.00207441318339
-0.00298732072389
0.00155706854058
0.00128167634526
3.45340424979e-05
0.0012875639758
0.00105326312572
0.00276972549401
1.74263343622e-06
-0.00156101454646
-0.00074918512853
-0.000815972962725
-0.00248763545148
-0.00120001851103
0.00331358368863
-0.000194818895451
-0.000824576980896
-7.69115033468e-05
0.00109263796074
-0.000672064583696
0.0021645854466
0.000853680793276
-0.00113093412678
-0.00137647001913
-0.000166321246829
-0.00159903536351
-0.000578615973996
-0.00306022189793
0.000173866343893
-0.0016052613222
-0.000831257529139
0.000993285721307
-0.000252040901937
0.000391968523199
-0.000458192479721
-0.00221350106315
0.00684669868979
0.000289643598311
0.000311211328221
0.00437469493202
-0.000315614678155
-0.00114977193724
4.25899173073e-05
0.000621494187673
-0.000755336105241
-0.00409543093356
-0.00323467504637
-0.00254808256659
0.00064709322922
0.0
0.000635161773266
-0.000787853361696
-0.000541029030387
-0.000601811524555
0.000609999189247
-0.00148444200203
0.00275747688951
0.000774139268372
0.00153080212526
0.00280230757699
-0.00228264233374
0.00155762283286
-0.00211392300002
-0.00150739427172
-0.00172782917757
-0.00186922262803
-0.000364585361498
-0.00270692131149
0.000217476343301
0.000245964020838
-0.00094092039665
0.00238317783521
-0.00148100801172
-0.000479719043453
-0.00426282482424
-0.00258285455641
-0.00200171404182
-0.000877445396616
0.00334637242797
8.38425607836e-05
-0.00118532106311
-0.00205114190271
-0.000409633669101
0.00023094790216
-0.00170578191411
-0.00169814712153
-0.00405470388754
-0.001119556574
-0.00178525670947
-0.00253361281124
-0.0020457471218
-0.00239388205235
3.67564616928e-05
-0.00273502151809
0.0025019723851
-0.00602197461059
0.000194370708795
-0.00229672842426
-0.000502342180243
0.000590792291385
-0.00362426137956
-0.000711053870568
-0.00190677317988
-0.00445331173857
-0.00252126284308
-0.00139303392063
0.000681626525566
-0.00256767566969
-0.000562767658039
0.0
-0.00190415201286
0.00496354595462
-0.00151042473686
0.000543237149104
-0.000695319184025
0.00288883904337
0.0026031206267
-0.00160672514292
0.00232593086752
0.00133126145231
0.000826529061069
0.00059860814782
-0.00132340865382
0.000268355757381
-0.00238724816842
0.00268320596903
0.00292629416897
-0.00123034659825
0.00128069863113
0.000667335893038
0.00219099880384
-0.000266015510664
0.00336525362578
0.00238099789131
0.00189874549819
-0.00303040495852
-0.000268753554396
0.00296706964858
-0.00229830846146
0.0045190299548
-0.00131890400259
0.001321572266
0.000877052864423
-0.00160806931012
-0.000625536877628
0.0
-0.000151977602569
-0.00369956546043
-0.00103615388825
0.000982111772144
-0.00180925329264
-0.000138493705323
-0.000544374947038
-0.000508910667523
0.000666500217856
-0.000213065343262
-0.00105405089781
-0.00197099887252
0.000432673323914
-0.0022491646975
-0.000295990944195
0.000918791055108
-0.0012044244535
0.000186473691827
0.000715231698729
0.00114582483617
-0.000359277971658
0.000741110101524
0.00174542156985
-0.00100014552424
0.000393028571286
0.00214143889817
0.00229583304046
-0.000930511786096
0.000447794922612
0.000414580078716
0.000268580077535
0.00144100559806
0.000653212067173
0.00180199542987
0.00220834113099
0.00513077484908
0.000937759364569
0.00223136872786
0.00442325424686
0.00265523566182
0.00276664240469
0.00467619569251
0.00271823496547
0.00152052806388
0.00116155325856
0.00441943727026
0.00173559890671
0.00200581322772
0.00288042459456
0.000879806390203
0.00259052023005
0.00347104959957
0.00504567553436
-0.000670171375872
0.00420638743769
0.00266048596702
0.00315871352474
0.00540867068731
0.00448981212677
0.00521978790008
0.00659274801549
0.00569886544941
0.00390964936587
0.00395461494406
0.0024219471384
0.00568488904808
0.00717865826513
0.00405557639491
0.00569023282015
0.00852370265573
0.00574643314674
0.00478348587585
0.00408325585787
0.00636694071255
0.0077444605552
0.00357701992995
0.00456474476839
0.00303330323426
0.00360582724778
0.00460073721175
0.00512915143233
0.00412701156227
0.00365752267404
0.00120846607
0.0065924570719
0.0
0.00281549313738
0.00467120614467
0.00361298274943
0.00244402429188
0.00392039673324
0.00363342897972
0.00886183415189
0.0113983008375
0.00605740898845
0.0
0.0102190019238
0.00811377806781
0.00256529241173
0.00509451725226
0.00144514204341
0.00389333356361
0.00496046456456
0.0107318906179
0.00432663682344
0.00445618887785
0.00448331632138
0.00396699562654
0.00625490597724
0.00496342822656
0.00472580540698
0.00354663604849
0.0028200518638
0.00609846500956
0.00424178198569
0.00322983554984
0.00291123212766
0.00558562496611
0.00364002433019
0.00313479350604
0.00330655000569
0.00616300612122
0.00405695395065
0.0030163321088
0.00431018388425
0.00522792849378
0.00189289948001
0.00239350634365
0.00320368340673
0.00199366760922
0.00394852464333
0.00240625320194
0.00244072731255
0.0019574398573
0.00508658092313
0.00425048390255
0.00448671929093
0.00541714519897
0.00255028421142
0.00410066253459
0.00241688994151
0.00341195044768
0.00312076957971
0.00114652539616
0.00145129743666
0.00153002942209
0.00451674888834
0.00419152630979
0.00871397622015
0.000741197898872
0.00384619909314
0.00164993078911
0.0046301379853
0.00161449971116
0.000867834842596
0.00363236481028
0.00120003119803
0.00106793431819
0.00327879619016
0.00122389547644
0.00264698261855
0.00115953381811
0.00254550329081
0.00372083952884
0.00483208356588
0.00242837236409
0.00313561328569
0.0020179134928
0.00271833850127
0.00399931268013
0.00289185782847
0.00560242606801
0.00364462117974
0.00749687938017
0.00643713746478
0.00349684050854
0.00463969505319
0.00378886786216
0.00539725531271
0.00281348690172
0.00301556138686
0.00419392164241
0.00632515267185
0.00187011560774
0.00456401158178
0.00229967784685
0.0048763787701
0.00459325557114
0.00431121348786
0.00394375990058
0.00203219256104
0.0
0.00416626893298
0.00551970915942
0.00451907851013
0.00692813001869
0.00349411530947
0.00371500178839
0.00451290178986
0.00665349552524
0.000726016835257
0.00275512765572
0.00368743708119
0.00614148763619
0.00407062880919
0.00391981506164
0.00260017742937
0.00379339539153
0.00446460401164
0.00702175865419
0.00694654523681
0.00378196481943
0.00541660366035
0.00334376297519
0.00345251212551
0.0017861964167
0.00267031789139
0.0
0.0
0.0
0.00374912639884
0.00384830394474
0.00552525422873
0.00646177190989
0.00684323786679
0.00772467619843
0.00649316499221
0.0043409869077
0.00376464044799
0.00423424702563
0.00211880814482
0.00643250137221
0.00415464713118
0.00454608896556
0.005307184749
0.00488981447912
0.00308975497981
0.00307022704429
0.00329033855147
0.0087230839026
0.00404937712026
0.0018466478742
0.00513723014836
0.0040740816821
0.00329129474025
0.00325814030628
0.00710711079041
0.0051947308252
0.00456271850738
0.00744846682466
0.00950140127261
0.00658965318611
0.00446287124839
0.0032589997136
0.00209589917927
0.00362820248398
0.00420527247813
0.00233961161041
0.00415858618749
0.00293918042921
0.00382250676121
0.00579513744994
0.00456972431009
0.00278125173345
0.00347135354737
0.0042739039108
0.00397462215207
0.0056927461156
0.0032767093277
0.00339725645947
0.000934388168123
0.00243031259142
0.00380128470877
0.00104822156782
0.00531022804608
0.0022753428791
0.00286052770061
0.0017700059787
0.00300610897225
0.00165359248556
0.0012474132511
0.00353232810799
0.00167853813347
0.00171195538799
0.00245670864475
0.00335059389124
0.00187569512715
0.0
0.00319256718919
0.00357649066682
0.00374615103073
0.00271493413326
0.00363536521769
0.00348614691111
0.00269356880203
0.00558047163888
0.00490272975074
0.00320694751597
0.00447011482849
0.00110414168836
0.00547739567163
0.00274111915458
0.00495255239981
0.00406569188744
0.0030439783451
0.00591386460602
0.00346919965856
0.00384412208745
0.00216585239914
0.00256134800168
0.00199728198985
0.00218875063149
0.00103073536494
0.00530828799858
0.00556425947221
0.00576467536774
0.00242971832312
0.00283563244102
0.00459458916976
0.000452723137261
0.00249170833669
0.00469229852704
0.000929172513652
-0.00131495164
0.00360657189692
0.00518921427594
0.00474947951856
0.00455354248267
0.0022651274415
0.00334974231383
0.00536889321968
0.000996908629395
0.00297282892851
0.00286789811243
0.00214393704925
0.000707177995008
0.0037904822832
0.000470547174027
0.00477720367889
0.00437096972381
0.00122283132041
0.00306594428884
0.0017332486346
0.00273413446785
0.0
0.000505689059582
0.00625700144303
0.00391649050826
0.00369749600909
0.00364693535401
0.00341138102222
0.00362774790252
0.00485081933454
0.00277836665078
0.00381811974191
0.00278108612279
0.00357559185388
0.00545612875711
0.00137535781614
0.00426133520287
0.00214534384811
0.00457294978928
0.00656145437497
0.00400143992254
0.00495441471095
0.00214877050538
0.00406790002491
-0.00172883663055
0.00236281920538
0.00992984459729
0.00186425579781
0.00208563938029
0.00448948076366
0.001573773415
0.00327590591064
0.00163727387515
0.0010337647496
0.00219446807753
0.00748948811258
0.00321450116114
0.00370533892305
0.0026816100016
0.00347721508499
0.0
0.00651823098683
0.00393030745106
0.0040925576513
0.00149030144569
-0.000981976546901
0.0008745399458
0.00393844173649
0.00036655468665
0.0021815434627
0.00582907522945
0.00367129825323
4.18911613627e-05
0.00309538623317
0.00103752041033
0.00321687648043
0.00307221433771
0.00187820354316
0.00210489085803
0.00255212410318
0.00289848837167
0.000163609816482
0.0019676725544
0.00331004237281
0.00302407869352
0.00584227494005
0.0025437920892
0.00380921933981
0.00583720365557
0.003785801395
0.00371649517928
0.00286331298452
0.00327639531926
0.00536900940051
0.00214843427796
0.00252905975259
0.00559159035208
0.00524005765602
0.00176660941934
0.0
0.00403551791977
0.00229114866692
0.00334963897934
0.00476318292513
0.00314776299057
0.000786065401605
0.00516193276814
0.00246324634081
0.003973296818
0.00277939027121
0.00223652942775
0.00126190965949
-0.00163980480492
0.00367411377655
0.00336154084613
0.00239664737783
0.00332349156278
0.00472920311655
0.00183724119138
0.00216777980438
0.00200684824856
0.00385212787701
0.0025194328118
0.00120015415682
0.00436641334118
0.00207831343827
0.00155945027976
0.00123784510127
0.000937387847077
0.00286211302606
0.00416922828348
0.00529361046059
0.00183960280041
0.00443132652951
0.00553570976769
0.00428780453155
0.00297517586879
0.00845617472608
0.00503882087027
0.00556050819873
0.00524926716067
0.00480862625906
0.00405550475643
0.00344993042962
0.00520423169626
0.00469388595208
0.0045986848376
0.00189289863455
0.00196991788958
0.00347457665399
0.00175009532097
-0.000924679867921
0.00441927286721
0.00110204960756
0.00309857601595
0.0029973783894
0.0
0.00222720760199
0.00523689020245
0.00473377799279
0.00431194533199
0.00568078094461
0.0043233494535
0.00291730587686
0.00390752533543
0.00125050451692
0.00499346419068
0.00576006617528
0.00451823488084
0.00327963164122
0.00446504452771
0.00631495096778
0.00695569313725
0.004926033066
0.00464546190322
0.00295784621556
0.00490991872645
0.00616721961108
0.00597318481926
0.00746155194152
0.00794437844668
0.00818196048911
0.00428595404634
0.00605346949134
0.00610412894181
0.00232753336886
0.00720569611772
0.00652947455067
0.00785606589662
0.00547890306637
0.00513443912766
0.00756915065658
0.00894742396299
0.00560678120714
0.00693535836155
0.00631580413089
0.00798982662322
0.00432354129853
0.00624598370986
0.00525445689159
0.00328611681458
0.00530801814718
0.00669127378059
0.00208215829366
0.00505096410533
0.00575245300679
0.00843843508286
0.00576921825164
0.00558677717185
0.00836139618386
0.00516093953391
0.00489851768718
0.00407285557409
0.00659311313693
0.00602322513821
0.00342052089176
0.0056508249309
0.00554847480012
0.00576501222831
0.00483458751169
0.00256667159605
0.00466900040702
0.00124529877889
0.00504119664165
0.00142569655696
0.00722231506014
0.00335298937593
0.0011269239709
0.00237892379889
0.0035273629606
0.0038886618255
0.00320213340034
0.00366645340448
0.0012866469529
0.00430368512339
0.00477258678804
0.00440775081641
0.00448918945654
0.0031061059156
0.00401466890721
0.00627373241194
0.00102634548331
0.00239328946299
0.00291324862198
0.00147187361363
0.00195122363271
0.00046844559957
0.00308998102055
0.000847756950528
0.000374030076968
0.00763189572655
0.000467532551362
0.0
0.00100661123582
0.00447864607338
0.00231583946571
0.00110900096722
0.000711173381611
0.00447480025124
0.00298355884105
0.00285326717803
0.00384828892944
0.00118179207835
-0.0014079280689
0.00407118733117
0.00504871786662
0.00344791215824
0.00200672987435
0.00381811626082
0.00384008993982
0.00236259312154
0.00136608524345
0.00375242114454
0.00279745891712
0.00933986072192
0.00379998911235
0.00344065763299
0.00426749409651
0.00444213876703
0.00206432099308
0.00379483427531
0.00405546626326
0.000451991982922
0.00580730006439
0.00360632908556
0.00326260369685
0.00216207212763
0.00471972597899
0.00569461537769
0.0034036330451
0.00346362061406
0.000290562240694
0.00450250144274
0.000784386069139
0.00111503418859
0.00165287125373
0.00186851597764
0.00355015813128
0.00211400677753
0.00345632767928
0.00473671652298
0.00531409067697
0.00263325370128
0.00397164781699
0.00402671723691
0.0028366612097
0.00163325970137
0.00208240908521
0.0026816699903
0.00369489450859
0.000712424989936
0.00301275790111
0.00234746001791
0.00469019878988
0.00235776148039
0.00544759717008
0.00149905535262
0.00141082285237
0.00160918819815
0.00342552845664
0.00138904691961
0.00423360719684
0.00514117034494
0.00249198418289
-0.00422573490248
0.00377115323944
-0.000402831302615
0.00367631849568
0.00104888178945
0.00525716828566
0.0
0.00235229613204
0.00462367054484
0.00437174389007
0.00607862839949
0.00434415291113
0.00121011008718
0.00238315965763
0.00638563424661
0.00380773364178
0.00320646689926
0.00500930719737
0.00415100241898
0.00340540616224
0.00186256563568
0.0039225800697
0.00415237740537
0.00482422952658
0.0
0.0054827722261
0.00215330442951
0.00638116193843
0.00465216277022
0.00453197582427
0.00309501624192
0.00263646686937
0.0030841805484
0.00485270956983
0.00215358995769
0.00327755283115
0.00286348869795
0.00446475461624
0.00321498585189
0.00408279576175
0.00670041755921
0.00389122706071
0.00357188100185
-0.000192310975983
0.00639267652954
0.00493110104815
0.00389872669593
0.00131765199412
0.00354729313674
0.00524548137873
0.00310194292156
0.00132014152438
0.00361316315536
0.00535673716116
0.00282373984099
0.00157698336371
0.00351701250879
0.00485848474312
0.00327436713955
0.00449036938343
0.002209020777
0.00267785937741
0.006126395143
-0.00103695779069
0.00433129095857
0.00529633633323
0.00488920238464
0.00442521466418
0.00320703687769
0.0043586638564
0.00300787058369
0.00321588934615
0.000725997483568
0.00307942768898
0.0068504334676
0.00193794760563
0.0
0.00240967590697
-2.59073518363e-05
0.00270403941448
-0.000849634312964
0.00184884798641
-0.000579825237694
0.00442273109669
9.61948061466e-05
0.0025150708257
8.58117575919e-05
0.00466032772473
0.00237178563987
0.00303106185885
0.00331819486828
0.00530052957822
-0.000636498680979
-0.00186429101444
0.000849563799139
0.00104243375513
0.0
0.00199854002699
0.00126276038805
0.00249670288188
-0.00068714614466
-0.000554044887694
0.0018501035133
0.000377634957974
-0.000164820383899
0.000126938427057
0.00204784066529
0.00393268410967
0.0017185721338
0.0038224626285
0.00272549051881
0.000988575854555
0.0014490215339
-8.24395710123e-05
0.00206636719703
0.00183463454455
0.00263063097859
-7.60602661587e-05
0.0024466020736
0.0021836176032
0.0
-0.000589996188121
0.00303859037921
0.00664150282091
0.00168544319926
0.00279775801139
0.00235880042742
0.00234538721176
0.00186484944615
0.00320201688723
0.00142520994209
0.00258445963518
0.00250207361579
0.00322972574686
0.0013924856432
0.00241889806373
0.00157758181683
0.0031089677226
0.00214324766748
0.000670432331907
0.000632520099328
0.00232176824134
-0.000568914507694
0.00181435032504
0.00523202608369
0.00282006208011
0.00726483637576
7.70142307651e-05
0.00100592509404
0.00174246315532
-0.000251792828243
0.00206927354534
0.00156245405437
0.0038462114158
0.000830211007176
0.00105699485843
-0.000630132644915
0.00333178631229
0.0015152232001
0.00184036578705
0.00276851734681
0.000954436964962
0.00330878641662
0.000670693017173
0.0013870908318
0.00480572546108
0.00113698581591
0.00360356520013
0.0056089723424
0.000142618704438
0.00976052262478
0.00502200981818
0.00135502243271
0.00339736011771
0.00266005640261
0.00201411868164
0.00129090844552
0.00414920323155
0.00218278894941
-8.8891948241e-05
0.000907500261046
0.00291106277897
0.00203873688968
0.00171176625812
0.00115940916166
0.00180021107285
-0.00265854338759
0.00116786467184
-0.000744898345816
0.00164529774401
0.00234893797083
0.000744750208004
0.00109752226379
0.000426792554568
0.00090880870264
-0.00073501434107
0.00119055092468
0.00497779694539
0.000685768570567
0.0013583807989
0.00283502512989
0.000601802773333
-0.00155254381513
0.00113396206332
-0.00241568688016
0.00121939826159
0.00441064884015
0.00130287470616
-0.00139853274966
0.00146871021196
0.000922227603796
0.00303279720228
0.00177440113567
0.00168253182565
0.00327006874513
0.00184870572429
0.0
0.0028498718004
0.000989562910416
0.00516091007524
0.00114958718241
0.000835525915496
0.00223008997286
0.00317995092575
0.00176700385393
0.00180822511534
0.00502436261474
0.00462685706054
0.000491207324949
0.00229018983701
0.00488545979891
0.00145298507294
0.00500658106179
0.00299679883753
0.00324938980526
0.00654692427137
0.00146166783867
0.00284737967483
0.00305131197768
0.0043031149955
0.00218041511479
0.00401431197915
0.00543475219546
0.00421392020095
0.00289294769364
0.00436322136877
0.00451566942097
0.00193013434043
0.00289300948332
0.0038515739223
0.00787725502652
0.00807762174364
0.00407889468934
0.00430402162596
0.0028103228844
0.00357979509123
0.00229649029101
0.00723542849578
0.00273341742923
0.00445162500839
0.00290597183732
0.00646126222063
0.002092958618
0.00339567878648
0.00300545898985
0.0065668854106
0.00456361638765
0.00282789286954
0.0053210137842
0.00369984607289
0.00236797442094
0.00355715901787
0.0
0.00127790181578
0.00591273127843
0.00464380403662
0.00342740042831
0.00451884688686
0.00229110090045
0.00543601540231
0.0
0.00286170392427
0.00681478898543
0.0023323342769
0.00542101537421
0.00287391792898
0.00404625974793
0.00513092436816
0.00188321174564
0.00209005642396
0.00528120098005
0.00371605768191
0.00594889849432
0.0021862668557
0.0026050236615
0.00362789570135
0.00386766511783
0.00124611797666
0.0039740713239
0.00404389533559
0.00429395181573
0.004825420916
0.0041805333201
0.00126987418357
-0.000853893419723
0.00325505927728
0.00231507614769
0.00357507386946
0.00209010629873
0.0040245582449
0.0017819516618
0.00683894427074
0.0
0.00172052691017
0.00305956832922
0.00354539567476
0.00315065715287
0.00723483304272
0.00385360699722
0.00121977769348
0.00309563611908
0.00137974731767
0.00269991582121
0.0103407898814
0.00242442502758
9.25409728256e-05
0.0056944279655
0.00211668134078
0.00364223774971
0.00643218861154
0.00280786879713
0.00345552601195
0.00046554974211
0.00369410714513
0.00351794159629
0.00278196403327
0.00131328857975
0.00351488876341
0.00411307435655
0.00436172579785
0.000318567663863
0.00515248778556
0.00505789076895
0.00088837373481
0.00293113248897
0.00552127762033
0.0034847685756
0.00475376692792
0.00242986590389
0.00496741344669
0.00171563195899
0.00363114305266
0.00279075405765
0.00291637287372
0.00327478520001
0.00237701348712
0.00178364699977
0.00162614880529
0.00565728308763
0.00356051483412
0.00255721976625
0.00290945076975
0.00329219211079
0.00221866285197
0.00344465399108
0.00389726725936
0.00400163496041
0.00421242653376
0.00636370488616
0.0
0.00491083125751
0.00384673977953
0.00322612562028
0.00130096391032
0.00464379669435
0.00490387298739
0.00112427337696
0.00349632998299
0.000844609727028
0.00271205123289
9.90504090512e-05
0.00399338932348
-0.000584093777653
0.00107224186821
0.00120391042876
0.00420918911386
0.00173579687842
0.00495727926569
0.00339828163524
0.000333471770455
0.00152227556834
0.00258071669169
0.0
0.00434664016258
0.000445875417396
0.00421154384251
0.000919109850518
-0.000318823601516
0.00214065572372
0.000870153657257
0.000244372682885
0.00231998967065
0.00416304215926
0.0041454364579
0.00466398893839
0.00280751821028
0.00106446686777
0.00321484754122
0.0
0.00557077219334
0.00419329747214
0.00124932402199
0.00203846285601
0.00285084424637
0.000161228812722
0.00328370250675
-0.00034714704787
0.00260695967212
0.00402473090757
0.00368454860328
0.00411111806983
0.00379163302799
0.00136420537199
0.00397889142558
0.00655459544191
0.00315260309879
0.00318818517169
0.00425926083978
0.00600435902391
0.00320115028109
0.0047584175359
0.0039118509934
0.00439883817356
0.00170615591384
0.00782562188952
0.00187147878897
0.00347323550371
0.00241454115679
0.00217362428851
0.00293571477025
0.00415475203861
0.00203467932283
0.0038233027057
0.00219849318267
0.000350234072958
0.00307000106216
0.0037538863571
0.00237865203231
0.0024405819227
0.00317366320178
0.000920824555007
0.00302050991055
0.00388257148343
0.00227916951945
0.000348281009757
0.00106635419079
0.00477545230227
0.00383164696315
0.00368729780976
0.00576673465051
0.00284918126905
0.00318249787874
0.00384244467291
0.00312679938873
0.0
0.00582533192352
0.00258428728931
0.00356652161322
0.00352812312401
0.00640364266417
0.00163701268513
0.00515325262696
0.00298097020349
0.00479315745306
-0.000510527660449
0.00270360009232
0.0
0.00122192757633
0.00286061030277
0.0012216413736
0.000932153925998
0.00124139552924
0.00379329694634
0.00295340823416
0.00889712144937
0.001222692334
0.00286641913421
0.000838333338165
0.0018817449398
0.00135511080492
0.000900532444309
0.00320893794819
0.00240933482469
0.00125996818182
0.00249938527402
0.00246063457546
0.000554687248378
0.001285133691
0.00478294266274
0.00322745515899
0.0030877879747
0.00130803478153
0.000911362790654
0.00356673849213
0.0
0.0030986238907
0.00117710541347
0.00239899809466
0.00356380299969
0.00179935063982
-0.000183859773152
0.00513724209497
0.00365574748596
0.0014886539887
0.00273582072972
-0.000132627349078
0.00316454947244
0.00294716132785
0.000942340488843
0.00285475192714
0.00229984859556
0.00581584451811
0.00334663925725
0.00206889471527
0.00306503916328
0.00208135431069
0.00353957861476
0.00106601637496
0.00158869637703
0.00553477245694
0.00241000906539
0.00420899159501
0.000285571341267
0.00286462113359
0.00269061444636
0.00246429422072
0.00377650955521
0.0010304037373
0.00524340599276
0.00253123993684
0.00771941508807
0.00656236174104
0.0026336992117
0.00239290525723
0.0046139839742
0.00252483087794
0.00142047188691
0.0028827632716
0.00514311387247
-0.000222325881982
0.00131727785797
0.00316660552916
0.00126890443483
0.00242004476235
0.00201717701848
0.00193536943613
0.00523891179464
0.00228034114849
0.000906391881463
0.00180505471223
0.0025802645045
0.00484032126072
0.00321668980738
0.00297323278068
0.00293351459767
0.00236930432383
0.00392914279885
0.00254771914351
0.0035848099437
0.00100154062167
0.00509267061501
0.00544008391894
0.00285632499494
0.00282885896928
0.004216417301
0.00388264750384
-0.000561079398465
0.00105025252699
0.00448815298789
0.00186224710149
-0.000297224762431
0.00410038481047
0.00145977255735
0.000380969829396
0.000656753991849
0.00364729572309
0.00182500536689
0.0044816250013
0.00305645923646
-0.000355756925659
-0.000835041175962
0.00389262829371
0.00161378965629
0.00104906982735
0.00141101913661
0.00353599798373
0.00232698194766
0.00290476751956
0.0
0.00248620219329
0.0
0.00164981919699
0.0028684832766
0.00207314063208
0.00333299687611
0.0104221478684
-1.74263343633e-06
0.00520918733688
0.00178855621844
-5.68689389799e-05
0.00340046445799
0.00218719610858
0.00361322808444
0.00227641895957
0.00655571954937
0.00362458100357
0.0030902996978
0.00539594043384
0.00400822594508
0.00417110702108
0.00258345138126
0.00187152033144
0.00495439399342
0.00429464193842
0.00042848501016
0.0012092911414
0.00187470592474
0.000304870606675
-0.000683995062559
0.000846660700901
0.00458697732364
0.0010298106115
0.00181770833748
0.00413204998119
0.000178830810889
0.00447474123856
5.77919109648e-05
0.00186084102377
0.00293523565615
0.000807703790536
0.00390692632311
-0.000837903377187
0.00057983360979
-0.00107281462931
-0.000641514356278
0.00185991020056
-0.000977029044312
0.000988314809463
0.000755889409268
0.00246954166508
0.000920952616018
0.00308121606479
0.000989597555905
0.00268678114583
0.00172938350096
0.000581476369767
0.00362539938115
0.0015261062968
0.002633339545
0.00257405893738
0.00368390879598
0.00228714594873
0.00234890633345
0.00248372004873
0.00327679224913
0.00182378674675
0.00215267002207
0.00156415289489
0.00127916407876
0.00632505701494
0.00335514547865
0.00421341580497
0.0112518878177
0.00433977534328
0.00404266723575
0.00313772347397
0.00365146067408
0.00488581832623
0.00345734476968
0.00447133652846
0.00159164668436
0.00386166393664
0.00264382417955
0.00374945981135
0.00551546238351
0.0
0.00786514224374
0.00264865168374
0.00501736597817
0.00229155414568
0.00181788386371
8.11488258743e-05
0.00218791859487
0.00194096470518
0.00175513008773
0.0011981895944
0.0
0.00104286435059
0.00246647696632
0.0048477733424
0.00308779369708
0.00549436784843
0.00495470829481
0.00507263307662
0.00796694782365
0.00362674654054
0.00332999947605
0.00261962774142
0.00469882782385
0.00368858406679
0.00336150719933
0.00162272298505
0.00821358022421
0.0113642580237
0.00741266774491
0.0023662189977
0.00138777112903
0.00326439224021
0.00347639335134
0.00367184882898
0.00250487077379
0.00253358178038
0.00165643766698
0.00148172531997
0.00254087380986
0.00209998628225
0.00222323693988
0.0010014078545
0.003596085345
0.00123904586603
0.00288391800054
0.00278060942605
0.0016206320794
0.0014487489038
0.000542908415445
-0.000450329163111
0.00199792301586
0.00150115423419
0.0019972932046
0.00219145576283
0.0054658909054
0.00224933269135
0.00336312104435
0.0
0.00119279123608
0.00112598895447
-0.000936517073804
0.00130852987966
0.000703240230041
0.00563618367537
0.00211839141261
0.00280159887529
0.0038163984885
0.00302184984572
0.001594825316
0.000877696115
0.00335963683963
0.00352129453133
3.10796578822e-05
0.00249796693336
0.00392963592651
0.00514019584512
0.000951192634266
0.0020408607583
0.00273064523151
0.00460311131235
0.00344387996708
0.0025945981075
-0.000368066539178
0.00444739284889
0.00264570988514
0.001717946169
0.00401911250551
0.00342748971592
0.000727521313426
0.00350048304942
0.00604859988357
0.00295658602298
0.00448296804482
0.00416888975867
0.000827771159786
0.00375252235586
3.37833697737e-05
0.0025412446479
0.00365116727463
0.00417469861161
0.00446763396979
0.0071664163287
0.003336959543
0.00508349562316
0.00347098694448
0.00458334675573
0.0
0.0029434796882
0.00205676135181
0.00394278022027
0.00170747761588
0.00260836846961
0.00377638792262
0.00307431114978
0.00290667646822
0.00155542145982
0.00447031606341
0.00221612426613
0.000362721357858
0.00400120540695
0.00417725277272
0.00331114474866
0.00304844342985
0.0029762245673
0.0
0.00788348600983
0.0021939698833
0.00372092308207
0.00297973212357
0.00599288880999
-0.00135237445
0.00303510880693
0.0025617379122
0.000127716997751
0.00337759697617
0.0009844567976
0.00543054803915
0.00474667717355
0.00130737797587
0.00298643306521
0.00210335499261
0.00363159235949
0.00164355524324
0.00283349804025
0.000620454540245
-0.000276670749814
0.00340564566994
-0.000168929343061
0.00179387362866
0.00186925563728
0.0
0.00516450148591
0.0030555599153
0.00353925469311
0.00245728223034
0.00378840684678
0.0011777351853
0.00434424092353
0.00180497061357
0.00348548934489
0.00447662849612
0.00319925166841
0.00297898127434
0.00400661174188
0.00309521149085
0.00111212386871
0.000807084434544
0.000232030163862
0.00411293928482
0.00172624808557
0.00405493639263
0.00152289234011
0.00110260377728
0.00241223106986
0.00125370867039
0.0025697006693
0.00707487950158
-0.00132800921026
-0.000828296210922
0.00483164905402
0.00313863146656
0.00503204698271
0.00461071331377
0.00393470150602
0.0023579034238
0.00368082588345
0.00346223630493
0.00592912534462
0.003174467602
0.00445896973989
0.00297338579328
0.00106839027666
0.00108816463956
0.00355217827341
0.00386863442008
0.00449908709223
0.00147263518332
0.0030253084608
0.00180235170001
0.00208143020602
0.00304341360997
0.00360421600143
0.0
0.00294382336415
0.00512869453872
0.00428925838884
0.00474656023862
0.00271805536144
0.00796792739359
0.0074129102686
0.00415012333965
0.00305630840751
0.00559078787415
0.00483024816128
0.00214925926896
0.00425409454829
0.00206302568689
0.00526076520924
0.0041480822127
0.003053451176
0.00457542099063
0.00417192010334
0.000970015934447
0.00215229996589
0.00282483888222
0.00244803926791
0.00129247475959
0.00223326715066
-0.000486829317081
0.00544694361913
0.000146838841321
0.00318517419763
0.0016715066674
0.00223718400328
0.00394801502523
0.00213648867278
0.0035073759806
-0.00176487528205
0.00291704057826
3.42151165926e-05
0.00161008035032
0.0021604961158
0.00405035665474
0.000442098724483
0.00194644016951
0.00299524053922
0.00310888181232
0.00307057169293
0.00221973212225
0.00270643999865
0.000247536176115
0.00584814555664
0.00312884636031
0.00250171426212
0.00255121203792
0.00288980635796
0.00239575429195
0.00681327235161
0.0
0.00140236378005
0.00173674463696
0.00174414498128
0.00197487564491
0.00414328029784
0.00121123477231
0.0017764773636
0.000526343523493
2.92865058293e-05
0.000853362601489
0.000775973150498
-0.000162326462273
0.00307996867121
0.00279970983243
0.00171338683966
0.000981184280777
0.000934935223178
0.00307237217302
0.00260872080022
0.00180307949742
0.000645497017093
0.00332054837659
-0.00029311251622
0.00011807264943
0.00356925083873
0.00226270712435
0.00172679471776
0.000287482986547
0.000319038562143
0.00321065734504
0.000408651486156
0.00157376959305
0.000744717860965
0.00148177811231
0.00120639498539
0.00214351244696
0.00261968354481
0.00281231794585
0.00315739021708
0.0
0.000511617392872
0.00120950303258
0.00534930328517
0.00362301048271
-0.000176073366593
0.00136107383995
0.00326005718795
0.000795756224665
0.00174290769045
0.00452125240176
0.00202682583156
0.00210428614481
0.00347240946094
-0.000565479968649
0.00437683293528
0.000140173378239
0.00312348590939
-0.000665175211249
0.00196639142789
0.00187307790007
-0.000344932422358
0.000505614671053
0.00215876534917
-0.000229624905653
0.0048584557912
0.00349121064294
0.00113302405354
0.00122174030169
0.000587486538556
-0.00109569741939
-0.000140102627249
0.000160828332861
-0.00104606919864
0.00292231140407
0.000755833883552
-0.00115028512777
0.000335609216995
-0.000129349133408
0.00225251493767
0.000890491493351
-0.00124150602529
0.00274272719571
-0.000984188652512
0.000812387897692
0.00143913864775
0.000925218758067
-0.00122118305878
0.000661457609985
-0.000413980276462
0.00148078421476
0.00079372482581
0.00102587445779
0.00189031671217
0.00276692695924
0.000659776107853
-0.00085239750625
0.00196596408728
0.00123330819874
0.00137373906794
0.00283792788443
0.00490560683725
0.00310827827655
0.00190035430882
0.00205647623625
-0.00137650159207
0.00661930846004
-0.000492181020059
0.00309433641205
0.000345223990368
-0.000353704836527
-0.00181782669719
0.00255869516955
0.0010976718565
0.00304259022756
0.00401158332256
0.00557860144676
0.00251272813069
0.00245583181262
0.00415219456879
0.00183317992605
0.0047019670149
0.002941418566
0.00375944189035
0.0022391123303
0.00104076591086
0.0090764269858
0.00100694717887
0.00319441296828
0.00403775905063
0.00410926720419
0.00224524056818
0.00177902087502
0.00296341300292
0.00305758404654
0.00203933532497
0.0
-0.000907092165116
-0.000701921312393
0.00214081518891
-0.000344826608739
0.00108561847827
0.0010839620239
0.00190553056911
0.000815118407116
0.00212476613822
0.000207081250131
0.0025794211141
0.00183801470702
0.00252991320378
0.00150406649258
8.60754928713e-05
0.00542326473925
0.00158092446431
0.00469271479747
0.00109591023404
0.00221898920364
0.00436303063242
0.00194046633474
0.00190370261507
0.00217185942781
0.00174618216148
0.00365086755296
0.000676227388501
0.00386302204902
0.00491544801908
0.00103707573662
0.00328394950821
0.00257939818333
0.00229472974741
0.000914419890006
0.00353969919537
0.0040665636723
0.0013945457679
0.000457668953321
0.00215978317569
0.00680712492039
0.00271519317878
-0.000115347051639
0.00134517826278
0.00221728743233
0.000245152680164
0.00829112116036
0.000497249506109
0.00132032818984
0.0028982953487
0.00315991182939
0.000544629642754
-0.00222828243692
0.00269858671752
0.00312337215165
0.00385446056225
-0.000526898669767
0.00279028583515
-0.00129998855762
0.00097590919113
-0.000554479708189
0.000557229908026
0.00338473794888
0.00439778343128
0.00150561819393
0.00292741198479
0.00420957299951
0.00509918948563
0.00148891309122
0.00262110639693
0.0001596330848
0.00217063812157
0.00127530600417
0.00146804444058
0.00165828270873
0.00163528386356
0.00155166141352
0.00306352656871
0.00193194069084
0.0013948820406
0.00184522134747
-0.00318231308537
0.00168929460936
0.00282122999294
6.44393785814e-05
0.00032429167095
0.000605545503502
0.00354294741757
-0.00137817983063
0.0019667982733
-0.00245688654057
0.00160620934025
0.00217542624082
-0.0018923189984
0.00173650457098
0.00120295421799
0.0
0.00109721339125
0.0012820669825
0.00679724674627
-0.000162039912251
0.0008213480949
-0.000685584659408
0.00697835650167
0.00198303614003
0.00141719408873
-0.00116526950764
0.00077447732994
-0.00104907777278
-0.00127367598908
-0.00210034109792
0.00323981942925
0.00234998157481
-0.000118909402175
0.000120155206606
0.000146058362339
0.00306279892914
-0.00134121226189
-0.00229220490841
0.00281850830333
0.00235112860149
0.00233238728543
0.00224191527831
0.00268914749536
0.00238016520768
0.00115078389945
-9.57095005283e-05
0.0043938825115
0.0016144469398
0.000344532935376
0.000380488382443
0.00267128807369
0.000698565630321
0.000742950788247
0.00333451918408
0.00210244389544
0.00205163222567
0.00212538329835
0.00249176291802
0.00535392143409
0.00704334619618
0.0014552209887
-0.000514149680455
0.00157100486715
0.00144116269592
-0.000565594557528
0.00776276286188
-0.000509926239628
0.00362129467909
0.00250086686824
0.00136349047819
0.00156791542893
0.000398704890382
0.00144490257828
-0.000427047215779
0.00186012335074
0.00045025442339
0.00177028596654
0.00163102962113
0.00486557457869
0.00343814047736
0.00386470515425
0.00154036697413
0.00323811499915
-0.000109434390249
0.00255587037018
0.0018440741302
0.00212865069952
0.00191005268978
0.00179323817908
0.0005920269978
-0.000100187149744
0.00495422979709
0.00147361006943
0.0028085150129
-0.00022146591996
0.00224372468919
0.00151666565534
0.00284409514152
0.000714648023222
-0.00423721758697
0.00189860990124
0.00338656797515
0.0024208721063
0.00966176946254
0.00134455557378
-7.86708040781e-05
0.00159510614924
0.00260682063102
0.00317161787039
-0.000495625030961
0.00219497110388
0.0
0.000671045418109
-8.58849700487e-05
0.00163869437185
-0.000518173247415
0.00138041464376
-0.00117260164682
0.00301345817993
0.00125187131608
0.000382537406258
0.000356406863548
0.000126058998761
0.000951196784716
-0.00244463150776
0.00201433327669
-0.000180363981739
0.00126317991319
0.00148310268807
-0.00169392518239
0.000411802101534
-0.00023221859629
0.000315347527405
0.000933211883971
-0.00150979214326
-0.00247077224912
-0.00026682168571
0.00286000737842
0.00313030509797
0.00266865706488
-0.00106656572284
0.000616807424082
0.00144622912323
0.000127322619274
-0.00209415560213
-0.00119600340506
-0.000309910982558
-0.00109324207723
0.00126156464849
-0.000686636068315
0.00196965568762
0.00109108942672
0.00140052027493
0.000362052679127
0.00101266781278
0.00233861847105
0.00124621163879
-0.000605465337357
0.000950266652899
-0.0026436348681
4.91334426296e-05
-0.00385788797028
-1.09933542723e-05
0.00124212497783
-0.00233326240434
0.000182973205579
-0.00301833716641
-0.00129593042086
-0.000656391045789
0.000589698245424
-0.00541546401162
-0.00252013067893
-0.00209507457207
-0.00440924150128
-0.0010620546992
-0.000969007854819
-0.00298232496077
-0.000758998488458
-0.00285218931551
0.000363147003941
-0.000795391735538
0.000378865567493
0.00202477159072
-0.00350089830582
-0.0014838092446
-0.000638045297471
0.00198761893652
-0.000310190288387
-0.00237245949579
-0.00241952917856
0.000604064323583
-0.000985451480882
0.000271816085466
-0.000537344172994
-0.000296839115379
-0.00233483052979
-0.00116597832227
0.00442310386429
0.00341528009145
-0.000865681563611
-0.000633713214816
-0.000858727982821
-0.000742783467074
-0.000229207265766
-0.00156887445421
-0.00109979747615
5.57838104105e-05
0.0
0.00366009709585
-0.00134812782387
0.00308131699851
0.00369292979535
0.000347262213662
0.00215783559293
0.000873841821128
-0.00113329003202
0.000804263085058
-0.000731166017769
-0.00460401414389
-0.000253583882219
-0.00119963706812
-0.000587606619723
-0.00214863244568
0.00041773965479
-0.00197979851852
-0.00317756967563
-0.00148792193572
-0.00311603123818
-0.00353955490199
-0.000871385691321
-0.00300487625934
-0.00309785562179
-0.00210581064991
-0.0051092676272
0.000561256603866
-0.0019808904221
-0.00142157739906
-0.00295355150324
-0.00173859975918
-0.00086837201678
-0.00326927561072
0.00079203910711
-0.00064968864722
-0.00605648423678
-0.00285132146721
-0.0020726220691
0.00136650229831
-0.00264473370519
-0.00134218871512
-0.00158879410063
-0.00225035430162
0.000946648374959
-0.00167114057033
-0.0046319788687
-0.00219665513207
-0.00386679111
-0.00266084753928
-0.00467676625129
-0.00310066608659
-0.000261626641747
-0.00249623642393
0.000244800926069
-0.000574546926403
0.00028266234036
0.00126082991841
-3.33391033235e-05
-0.000462129207532
-0.0025347194205
-0.000724913891887
-0.00271401989607
-0.00222711016099
-0.00246350623556
-0.0014234754579
-0.00145485892726
-5.27885009382e-05
-0.00219560799281
-0.00193601337033
-0.00126769181453
-0.00146465938749
-0.00455245712019
-0.00217184633138
-0.000741080242096
-0.00334260038592
-0.00264266877195
-0.00255424208193
-0.00229418856453
-0.00374567735313
-0.0043682860148
-0.00262565332442
-0.00244366185869
-0.00366202878427
0.000110383045682
-0.0022603281619
-0.00107577700621
-0.00518912398742
-0.00204848589106
-0.00220245779218
-0.00467269051515
-0.00291466641781
-0.00196348582801
-0.00306974244437
-0.00257786383956
-0.000752856672764
0.0
-0.0050615753032
-0.000170761863983
-0.00282746039976
-0.00376853997386
-0.00261640135283
-0.00104208784678
-0.00607372593102
-0.00192539587649
-0.00159502488928
-0.002946661801
0.00059553136058
-0.00210818036449
-0.00171160170351
-0.00147680283433
-0.00546850328536
-0.0038015864655
-0.00258560802017
-0.00366781981855
-0.000156091646472
-0.00410393022973
-0.000124703666814
-0.00106240876944
-0.00266856799884
-0.000503118363291
-0.00185633225584
-0.00173706309943
0.000789004462144
-0.00303533787335
-0.00477889248391
-0.00342086388766
-0.00534869595612
-0.00214459750188
-0.00191209512683
-0.00112512107634
-0.00189107131789
-0.0033289744518
-0.00159727633709
-0.00512988724352
-0.00241353694386
-0.00427948454862
-0.00387630578229
-0.00248588266375
-6.20782981618e-05
-0.00442336090399
-0.00355311459207
-0.00115859630767
-0.0016957444274
-0.00562875037617
-0.0030059142076
-0.00236647290644
-0.00242187908724
-0.00158692851627
-0.00190661815701
-0.00342339398726
-0.00195736869854
-0.00330483422355
-0.00315662523509
-0.00307362931502
-0.0047651655491
-0.00305306623723
-0.00168060471349
-0.000300404088933
-0.00301922139497
-0.00387610421556
-0.00348008191807
-0.000375330886107
-0.00399344981172
-0.00192283972593
-0.0064209621457
-0.00302964351223
-0.00530623778239
0.0
-0.00484444614795
-0.00449176074281
-0.00354229818532
-6.63666823854e-05
-0.00273587008653
0.000106604676543
-0.0036751615212
-0.00810661752976
-0.00629334811303
-0.00356904844438
-0.00558953424407
-0.00448288891537
-0.00219891977034
-0.00671477128299
-0.00415351312365
-0.00455790122834
-0.00795390078008
-0.00506734466938
-0.00578664027989
-0.00599649447211
-0.000697806365105
-0.00556974646799
-0.00312124866181
0.0
-0.00561960594571
-0.00829037168333
-0.00304927393522
-0.00614997309709
-0.00549653566882
-0.00677487299786
-0.000952748683933
-0.00423489933127
-0.00707043792234
-0.00414577440243
-0.0079024577853
-0.00820546413016
-0.00488721932427
-0.00537980008334
-0.000603560222261
-0.00436811890777
-0.00557958996609
-0.00489718092732
-0.00717725458478
-0.00281467878734
-0.00543014660752
-0.00330602241447
-0.00287979634673
-0.00488514642747
-0.00503086565668
-0.00380387198564
-0.00330476632211
-0.00596124477266
-0.00621218593155
-0.00625790399306
-0.00147337329573
-0.00501552437298
-0.00498748579735
-0.00483526692437
-0.00682248223866
-0.00650062807656
-0.0055633862942
-0.00301067940678
-0.00385795852107
-0.0044292927545
-0.00435313869659
-0.0041699645317
-0.00128136878068
-0.00486205363846
-0.00398748219487
-0.00576033523959
-0.00681533656046
-0.00483212530424
-0.0047313567223
-0.00285585368897
-0.00368661245672
-0.00860534035625
-0.00262233038513
-0.0064290763819
0.00118581170234
-0.00577028438437
-0.0061295378249
-0.00343882446094
-0.00226009703351
-0.0051877548679
-0.00404295649523
-0.00435312266641
-0.00504363508726
-0.00314982808845
-0.00447981923791
-0.00357000392008
-0.00546326171273
-0.00384003136457
-0.00532470904537
-0.00671472418826
-0.00541654207651
-0.00724250031091
-0.00892733356358
-0.00543586202758
-0.00901609830372
-0.00429070737408
-0.00842356942065
-0.00682090613942
-0.00430298410779
-0.0075516121603
-0.00572987494029
-0.00125887683383
-0.0045884177028
-0.00302901477695
-0.00636985692505
-0.00236159050552
-0.0083835419475
-0.0071909663226
-0.00447124969861
-0.00186956598896
-0.00415426380104
-0.00928452673147
0.0
-0.00821820536014
-0.00667042515361
0.0
-0.00646982545671
-0.00573007405604
-0.00345059339706
-0.00561841935272
-0.00635511979088
-0.00605190744872
-0.00440273874261
-0.00634276053964
-0.00532613025016
-0.00510862946169
-0.00255646013346
-0.00115399005869
-0.00444445232481
-0.00496792761916
-0.00458243191388
-0.0018792864086
-0.0066453184573
-0.00382379471476
-0.00656112551182
-0.006490161947
-0.00401662187426
-0.00655991385279
-0.00516662646941
-0.00826005947339
-0.00450329061375
-0.00551380102405
-0.00522929916725
-0.0044129783924
-8.87933860941e-05
-0.00318547664056
-0.00500065466501
-0.00049145510803
-0.00145775689707
-0.00539044200972
-0.00235784269464
0.00286736206417
-0.00576558818855
-0.0050229190884
-0.00245256297596
-0.00429097138289
-0.00204574273397
-0.0015144938279
-0.00551050071395
-0.00417534832659
-0.00374338422403
-0.00646062934352
-0.00428485822022
-0.00207422901617
-0.00624393115805
-0.00209833635497
-0.00440180270245
-0.00266643333275
-0.00485184490265
-0.00464497478998
-0.0032399211241
-0.00774787580501
-0.00581789507145
-0.0038680539621
-0.0029419544103
-0.00234796654819
-0.000627920421601
-0.00319371337327
-0.00561120163752
-0.00655336565357
-0.00600545748353
-0.00499111968614
-0.00470563808371
-0.00347685593931
-0.00440121370713
-0.00522502307288
-0.00604842303358
-0.00704522816647
-0.00601356884256
-0.00661428204731
-0.00532164789864
-0.00490181712311
-0.0036002962739
-0.00489269023373
-0.00465357184882
-0.00522357804155
-0.00568561607519
0.0
-0.00665707840892
-0.00391031747616
-0.00267649105356
-0.0036109034397
-0.00587511557512
-0.00586433598989
-0.000906838587933
-0.00654548623866
-0.00537392739478
-0.00130429574001
-0.00497065133328
-0.00772278599178
-0.0064734284344
0.0
-0.00512381261779
-0.00412821512476
-0.00420979672362
-0.00689201480024
-0.00624804189741
-0.00439413772276
-0.00530545899161
-0.00854444946354
-0.00830447716288
-0.00214428672059
-0.00760440038945
-0.00579628676296
-0.00355735651781
-0.00740770657316
-0.00612335134003
-0.00516466658983
-0.00753699913749
-0.00874630316299
-0.0073615143392
-0.00627576872642
-0.00657440479056
-0.00427133431499
-0.00257346815546
-0.00582149139996
-0.000557158877229
-0.00780815170328
-0.00635861905588
-0.00717906364802
0.000138659495829
-0.00337967668213
-0.00444651828453
-0.00471949250717
-0.00680502862838
-0.00453683475566
-0.0032959043548
-0.0082496918355
-0.00391438416992
-0.00675518564092
-0.00554290681001
-0.00552505506259
-0.00558033417542
-0.00148458310964
-0.000742153365516
-0.0058151040639
-0.00493762416721
-0.00343444334067
-0.00441481587788
-0.00433077811208
-0.00622011580877
-0.00486871230464
-0.00834995289919
-0.00435796917536
-0.0053911152108
-0.00619012798963
-0.00581470857334
-0.00460973058648
-0.00533777169028
-0.00660830267234
-0.00177823990676
-0.00375295431133
-0.00495079650881
-0.00401878035489
-0.00670937188777
-0.00339089239324
-0.00392452486932
-0.00306444417203
-0.00345970058261
-0.00430116306396
-0.003358776039
-0.00287298269638
-0.00461437846748
-0.00296064474568
-0.00300138171281
-0.0046060907528
-0.00237203184763
-0.00399075540356
-0.00288686456151
-0.00411790864899
-0.00376235268205
-0.00555201334921
-0.00520561778668
-0.00136040901001
0.0
-0.00484146353605
-0.00593496400536
-0.00481381082317
-0.00568710660852
-0.00479825357063
-0.00662714220837
-0.00352693517929
-0.00313792094122
-0.00281116070024
-0.00400193053864
-0.00546712744483
0.0
0.0
-0.00662702864837
-0.00534847108894
-0.00543305685914
-0.00699310589656
-0.000148091761175
0.0
-0.00360501833689
-0.00577845363212
-0.00461140283699
-0.00432114961218
-0.0026918159892
-0.00362425340407
-0.00504045258831
-0.00343499648247
-0.00340405589592
-0.00455369519678
-0.00281785772568
-0.00356416353169
-0.00109005152282
-0.00533601612622
-0.00440616684232
-0.00579676652589
-0.00207649409487
-0.0027261921272
-0.00394163045038
-0.00412403052128
-0.00426937505254
-0.00186711055891
-0.000973188414808
0.000746219805051
-0.00631583227459
-0.000533851948794
-0.00231525059366
0.000303051656428
-0.00451803358841
-0.00275445022327
-0.000632013164424
-0.000893181476879
0.00148665529392
-0.00580912663539
-0.00153629333933
-0.000297051015052
-0.00108214839769
0.00140075402618
-0.00173569448526
-0.00292543444114
-0.00200960213048
0.00055027082816
-0.00130216124113
-0.00144240793339
0.0001263346176
-0.00170371552905
0.0
-0.00280136392949
-0.000708701437134
-0.0024194704976
-0.00451027636599
-0.000213276450297
-0.000236648220892
-0.00260055375175
0.00117866952182
-0.00221155909007
-0.0016806827793
-0.00269764814356
-0.00439475850766
-0.0038819963576
-0.00058136594881
-0.00162596071024
0.000977697336776
-0.00206886503393
-0.00486773570682
-0.00210664148188
-0.00494189199186
-0.00274258646563
-0.00360234288275
-0.00352841589521
-0.00115130426492
-0.00223703491129
-0.00267848686529
-0.00296506697512
-0.00195667490439
-0.00182101021707
-0.00147043702186
-0.00227121278489
-0.00071649415903
-0.00596194620076
-0.000737967798738
-0.00609359997947
-0.00296434753653
-0.00540613096405
-0.0014726037793
-0.00226519596022
-0.00115096593493
-0.00200873856719
-0.00106805020977
0.0
-0.00319214432045
-0.0013409412268
-0.00731148648597
-0.00260216521532
-0.00184321839482
-0.00349171084585
-0.00240966005795
-0.00422192407607
-0.00305743914691
-0.00415457415626
-0.00445702252694
-0.00240124232751
-0.00445800033402
-0.0021457412767
-0.00246115929429
-0.00207824568371
0.00102271281498
-0.00192356328158
-0.00100227565186
-0.00162611551474
-0.00134865555625
-0.0035968161337
-0.00117971293094
-0.00184214089872
-0.000112045954261
-0.00185987716845
-0.00362574690745
-0.00263981686709
-0.00223869511308
-0.00239479942862
-0.00476519472212
-0.00511011706457
-0.00299064664238
-0.000481634874515
-0.00134466545388
-0.00127257394874
-0.00247815220072
0.00293954732493
-0.000427626661653
-0.004344563291
-0.00185752143197
-0.003150883308
-0.00371747805043
-0.0026547606066
-0.00508096748586
-0.00364981012122
0.000277092428594
-0.00364005302989
-0.000375240509717
-0.00411137489047
-0.000701918883012
-0.00328027429452
-0.00423568503944
-0.00555433221567
-0.00122927435998
-0.000882379358264
-0.000343895443511
-0.00447924180771
-0.0024965551228
-0.000879833820681
-0.000870355566975
-0.00222794044962
-0.00311216073036
-0.00133981898338
-0.00185904688772
-0.00168766334917
-0.000823982267888
-0.0024231242524
0.00194681291385
-0.00131380233309
-0.000718001338677
-0.000160548217451
-0.00143529022522
-0.00101434733873
-0.00106012056794
-0.000657961692273
-0.000951705657986
-0.00260991831768
-0.000408646182795
-0.00162524816157
-0.00433720661785
-0.000169645780365
-0.00205772903111
-0.00374398960106
-0.000991551541792
0.00187249026191
-0.000676148888659
-0.00204482754939
-0.000937616603291
-0.00279555752086
-0.00257960687226
-0.00437786115366
-0.00146558684574
-0.00241556982434
-0.00195648060167
0.0
-0.00265686258742
-0.00385589697874
-0.00221125137467
-0.000123937833766
-0.000216359020616
-0.00160292391172
-0.00272895505392
0.000301061222878
-0.00271090267609
-0.00235631182469
-0.000888822926992
0.00148878026438
0.00138612398351
-6.95567311482e-06
-0.00441912001228
-0.000628153996351
-0.00448015907027
-0.000538452328216
-0.00050571286127
-0.00090527485714
-0.00247306539332
-0.00138997532871
-0.00426604283315
-0.00322361727043
-0.0029290870093
-0.00218779147442
-0.0030232577574
-8.98736987781e-05
-0.00261386940081
-0.0039668394147
-0.00343683527885
-0.00131610240188
-0.00228810341153
-0.00291660141668
-0.00509055136047
-0.00122081673789
-0.00606839525959
-0.00254809292208
-0.00207575293936
-0.00500489194934
-0.00229151675926
-0.00235579847873
0.000703863389691
-0.00207536067874
-0.0016627708697
-4.81893785442e-06
-0.00128728417287
-0.00257764456041
-0.000584747695121
-0.00291167516866
-0.00333403123292
-0.00147412430495
-0.00218035329931
-0.000440158282882
-0.0014003212823
0.000543913852494
-0.000940505914569
0.00264587569972
-0.00305066993757
-0.00224654387643
-0.00233203002407
-0.00332390156395
-0.00187730938158
-0.00199031378508
-0.00516355418618
-0.00350452817622
-0.00159484912749
-0.00132397375766
-0.00271546271192
0.00028418392981
-0.00363703848273
-0.0032212094292
-0.00289041247856
-0.00429361270571
-0.000176537476354
0.00370162718774
-0.00373003322998
-0.00177476677915
-0.00445251462008
-0.00296055928778
-0.00144816343898
0.00285448088333
-0.00328469340548
-0.00389439453353
-0.00131881831163
0.000209896966335
-0.000430751332989
-0.00104644602429
-0.000849671591885
-0.00463106676751
-0.000624609768938
-0.000424325550684
-0.00227381302339
-0.000868683872247
-0.00353463430268
0.0
-0.00473621512174
-0.00147875388601
-0.00202587783008
-0.00147763609167
-0.000553239398796
-0.00252709261609
-0.00311781086805
-0.0016338234256
-0.0045796860175
-0.00303334939876
-0.00427945819274
-0.00295332778284
-0.00415165373411
-0.00483160318227
-0.00312805683226
-0.00218063407207
-0.00220471560342
-0.00327415161927
-0.00469016153822
-0.00309572224715
-0.00548590796207
-0.00476592176902
-0.00425427843243
-0.00491463422839
-0.00386501223239
-0.00485854294502
-0.00471907882752
-0.00345167941302
-0.00230498065079
-0.00472573040077
-0.00166230359173
-0.00400260123565
-0.0050668177561
0.000461450568997
-0.00432894861402
-0.00572206654341
-0.00230408873604
-0.00286400845278
-0.00685817183563
-0.00526663022969
-0.00667778586064
-0.00720925764621
-0.00334802274784
-0.00425287014904
-0.00398088540946
-0.00704541203004
-0.00215951762988
-0.00671129174442
-0.00466985596155
-0.00527285854554
-0.0030320049007
-0.00586717018547
-0.00798259260981
-0.00360593182884
-0.00292526740616
-0.00760198132884
-0.00383430948239
-0.00405269143778
-0.00790806425933
-0.00272639187216
-0.00632538102473
-0.00420607411869
-0.0053842498991
-0.00507231707677
-0.00699965404045
-0.00661604624226
-0.00640291326164
-0.00516760135202
-0.00444456124786
-0.00528756078772
-0.00554323915949
-0.00619477107534
-0.00528596257616
-0.00633141196135
-0.00323780168115
-0.00405950808221
-0.0077031364504
-0.00786638151349
-0.00499836910647
-0.00805916493658
-0.00812533133402
-0.00735419917091
-0.00892448364087
-0.0070969149523
-0.000809646861419
-0.00999024737356
-0.00894872309611
-0.00258894857781
-0.00356689593345
-0.00646537012339
-0.00700724551746
-0.00624618262399
-0.00324939704463
-0.00528146805044
-0.00250690674985
0.0
-0.00402394324103
-0.00615230259963
-0.00560742843587
-0.00368126943749
0.000952192148003
-0.00344966928087
-0.00542906168345
-0.00665085254006
-0.00559889473159
-0.0049753310846
-0.00528354183871
-0.00529242924446
0.0
-0.00522815289301
-0.00652416412541
-0.00549140951334
-0.00445534180359
-0.00439459695123
-0.00490462221318
-0.00737294867564
-0.0048012177997
-0.00421883885418
0.0
-0.00688361035973
-0.00278154697584
-0.00511164210575
-0.00763412852889
-0.00777669375786
-0.00735078279793
-0.00823028308318
-0.00426873154112
-0.00660776553195
-0.00802252871546
-0.00838789945127
-0.00468180783809
-0.00850241572634
-0.00360063056898
-0.006527719552
-0.00896663908723
-0.0066971858845
-0.00538400308059
-0.00846255814865
-0.0100600648833
-0.0113928213612
-0.00682364359761
-0.00879475198949
-0.00804047769713
-0.00585989061623
-0.00998514485472
-0.00752514406028
-0.00883818442322
-0.00635642068143
-0.000717085260002
-0.00898067552424
-0.0102820198844
-0.00914904395707
-0.00928178095721
-0.00665158740016
-0.00812488454712
-0.00621357205641
-0.00518352473723
-0.00907064347651
-0.00876659499584
-0.0077494236572
-0.00901648935308
-0.00806529130223
-0.00810287366769
-0.00866674465493
-0.00954397564515
-0.00723561174349
-0.00848398462905
-0.00775920374564
-0.00823787829154
-0.00965838810101
-0.00841633314195
-0.00819289061291
-0.00784286978889
-0.00901275623281
-0.00679333274599
-0.00900809578894
-0.00736724857965
-0.0103233247066
-0.00762015893433
-0.0124789295849
-0.00792366874801
-0.00795115883709
-0.00758730970231
-0.00659031910184
-0.00617960005314
-0.00654161103328
-0.0087326819073
-0.00877554320193
-0.0100872364812
-0.00686600655297
-0.0115310027639
0.0
-0.00598662030371
0.0
-0.00696396436934
-0.00942324789149
-0.00457445223275
-0.0111999780661
-0.00675037392155
-0.00681796679141
-0.0110109828688
-0.0111958574807
-0.0105179034417
-0.0120027941004
-0.0116890810833
-0.00795079126201
-0.0102812025533
-0.00716322646866
-0.008147693885
-0.010156817066
-0.0107792093867
-0.00552831617039
-0.00705160396753
-0.0078689263889
-0.00847060413553
-0.00545211282632
-0.0085906479954
-0.00918613704708
-0.0117408824978
-0.00993688771749
-0.0107288125676
-0.0103741387377
-0.00979206244963
-0.00766293689566
-0.0100248606727
-0.0117837136317
-0.0077650241753
-0.00819451753923
-0.00981785926834
-0.0114299519052
-0.0114545079217
-0.0103395115827
-0.0125758255988
-0.0100100123826
-0.00756563778924
-0.0106454135338
-0.00971365648723
-0.00915660830166
-0.0122267383087
-0.00874286233333
-0.00801646885001
-0.00924615047496
-0.00826738302116
-0.00708596363537
-0.00472468211493
-0.0107525260117
-0.00654931092166
-0.0092931097339
-0.00900202395362
-0.00838994323275
-0.0111006450493
-0.0117565721827
-0.0111051379418
-0.00996307019188
-0.0115629281707
-0.0102274704644
-0.00691637149237
-0.00845087605017
-0.00799861462905
-0.00964756084834
-0.00963585554406
-0.00747172603657
-0.00813436084515
-0.0135198723194
-0.0100148247297
-0.0100330070755
-0.0102718079003
-0.00858165872862
-0.0106388758232
-0.00976646184017
-0.00927926556896
-0.0107011952546
-0.0119990516089
-0.00496692016804
-0.0113500468891
-0.0115369425503
-0.00650924854619
-0.0102846656501
-0.00863072227398
-0.00660686403309
-0.0121593883042
-0.00914587541708
-0.00547232781975
-0.00708057570711
-0.0110576539737
-0.00667987304717
-0.00867514106535
0.0
-0.00933623591929
-0.00796359646361
-0.0108208041848
-0.00821052671509
-0.00677712083181
-0.010022993921
-0.00906748446392
-0.00849815648022
-0.0094951867955
-0.00501201623188
-0.00821023887779
-0.0100134887535
-0.00763981227892
-0.00890082204938
-0.00683935313052
-0.00923236066495
-0.00931884525341
-0.00970286437984
-0.00763582990382
-0.0107141827699
-0.0116231212763
-0.00931421029456
-0.0123033844166
-0.0101050467864
-0.00879904785259
-0.008516106699
-0.0111383730353
-0.00943113191649
-0.00942829790124
-0.00581508421072
-0.00512576376037
-0.00879185361392
-0.0081304384394
-0.00814582139365
-0.00927611672307
-0.0106834602781
-0.0117774730441
-0.00800775677122
-0.0104013407353
-0.00860370897008
-0.00799185895647
-0.0120377952342
-0.00974433631359
-0.00932816743838
-0.0101482759252
-0.0110437412211
-0.00670352899261
-0.00908422179972
-0.0114790744784
-0.00934293994966
-0.0105524303726
-0.00847974382762
-0.0106179073307
-0.0135953013507
-0.0111136223523
-0.0112464699371
-0.0101096021754
-0.00714098068244
-0.0106745761144
-0.0102740194802
-0.0100619096036
-0.0115793651353
-0.0109543447417
-0.00855089446494
-0.00980663171341
-0.0106820622137
-0.0109220788759
-0.00933087931079
-0.00956017794397
-0.00685940885533
-0.00899415198089
-0.00812016766705
-0.0128793375999
-0.0131152641691
-0.00850448110679
-0.0104317923952
-0.00909876194001
-0.00896509042519
-0.00848889444926
-0.00822628462904
-0.00809437020058
-0.0102554265132
-0.0102306749385
0.0
-0.00974805450697
-0.00879793671288
-0.0121564996303
-0.00945090084075
-0.0104241033385
-0.0106425778388
-0.0046370326739
-0.00844660076614
-0.00785562453583
-0.00914854281805
-0.0124545989835
0.0
-0.00982597769101
-0.0111826647412
-0.00830252231242
-0.00959598934498
-0.00984468807274
-0.00962510454678
-0.00980084158196
-0.00932206858682
-0.00707472440629
-0.00785713573137
-0.0104965377459
-0.0087139114994
-0.00531140997427
-0.00888339288464
-0.0103400285343
-0.00623122267945
-0.0112051075331
-0.00788682311968
-0.00603732370866
-0.00725537231211
-0.00458116698063
-0.00922386157061
-0.00652332816058
-0.00905654223769
-0.0102764276946
-0.00892611378698
-0.00957200998223
-0.00856285725677
-0.00878532068471
-0.00977885245985
-0.00713535522093
-0.00747197133016
-0.0063863910676
-0.00949689283333
-0.00915008996973
-0.00857694294032
-0.00803922048662
-0.00815538359618
-0.00617972706051
-0.00887234742631
-0.0101922156127
-0.00620570796109
-0.0103601978514
-0.00519908799231
-0.00478845985982
-0.00705765595619
-0.00513070357094
-0.00734164995829
-0.0102926292747
-0.00761263425882
-0.00846381522888
-0.00585299887705
-0.00698190770661
-0.00908668410876
-0.00506650806112
-0.00863802051996
-0.00779599473301
-0.00677505290783
-0.00969424282388
-0.00670863010257
-0.008803764151
-0.00991495085787
-0.0093544713575
-0.0104468061388
-0.0055765838521
-0.00806786362687
-0.00873801236707
-0.00888235361089
-0.00400989619791
-0.00898887621941
-0.00841292835169
-0.00633959540318
-0.00728814775614
-0.0113127172552
-0.00681949415903
-0.0054124772525
-0.00763976817282
-0.0103462662556
-0.00478065093384
-0.00584810979017
-0.00371088567358
-0.00676098587135
-0.00682493268848
-0.00589423440868
-0.00549845407299
-0.00699019853957
-0.00611391427639
-0.0088487170124
-0.00545941472212
-0.00604090335551
-0.00685737556165
-0.00808670239666
-0.00627421448352
0.0
-0.00457237738558
0.0
-0.00613397839562
-0.00501028886361
-0.00523800201799
-0.00828724769077
-0.00849330454161
-0.00577886998969
-0.00713003762774
-0.00670294695275
-0.00586118639918
-0.00469901924064
-0.00515224410115
-0.00673059928728
0.000733183322032
-0.00045598015566
-0.00249360401626
-0.00277984863778
-0.00266555126347
-0.00354898261305
-0.00303372875003
-0.00358482161486
-0.00231232559713
-0.00313328269942
-0.00198496289471
-0.00462270605393
-0.00234002494319
-0.00318499742631
-0.00634051401814
-0.0036208371879
-0.00569508940129
-0.00670282706259
-0.00460834699611
-0.00648956759026
-0.00481806172109
-0.00484716008191
-0.00591543623193
-0.00858365560601
-0.00902560708747
-0.00706379930142
-0.00636631529938
-0.00592702102397
-0.00547481431755
-0.00889747323003
-0.00555421493325
-0.00474159357685
-0.00676979198818
-0.00596671638703
-0.00390629549969
-0.00718995833602
-0.00445407525338
-0.00725399935225
-0.00348984471807
-0.00498186857657
-0.00593662201957
-0.00603778202297
-0.00519423085759
-0.004958528011
-0.006477842959
-0.00553435792683
-0.00326911750552
-0.00649788947823
-0.00995401568762
-0.00562302253352
-0.00451875570836
-0.00481123639385
-0.00652596901253
-0.0041073249481
-0.00812193164796
-0.00444411928647
-0.00570481194284
-0.00246347592979
-0.00483845851195
-0.00673376876498
-0.00623517688643
-0.00532946274201
-0.00351576026324
-0.0053632711919
-0.00351898493705
-0.000781592568626
-0.00153850295873
-0.00570420168591
-0.00610000208268
-0.00790912671776
-0.0077594262367
-0.00956758569503
-0.00351424327428
-0.0036622214065
-0.00591075216909
-0.00532566984933
-0.00592569764601
-0.00592913647441
-0.00804262227486
-0.00721670086772
-0.0081830615012
-0.00758976791694
-0.00396728522188
0.0
-0.00616815699015
-0.00753109155917
-0.00437667311666
-0.00551717920981
-0.00568852899393
-0.00631851404626
-0.00744305507031
-0.00379300349046
-0.00699637751044
-0.00740443765573
-0.0105841347117
-0.0134017233256
-0.00560289167202
-0.00663580131235
-0.00950143891926
-0.00799509472326
-0.00577045954389
-0.00616691745016
-0.00789498947002
-0.0059001015394
-0.0065028381904
-0.00796195963258
-0.00619615333033
-0.013016990935
-0.00489577093139
-0.013133462497
-0.00746355760979
-0.00781850849676
-0.00654264538008
-0.00731454894673
-0.00770830337725
-0.00780512391153
-0.00601451964328
-0.0081367716272
-0.00629959348836
-0.0139066310779
-0.00860193076374
-0.00800321072268
-0.00876215456794
-0.0106226142025
-0.00707013255164
-0.00986456565792
-0.00840878561193
-0.0100317954552
-0.00748988376038
-0.00736469996113
-0.00756414597224
-0.00874642902746
0.0
-0.0100767324821
-0.00903443828164
-0.00577794972122
-0.0112266300907
-0.00648775681731
-0.0114391046353
-0.00983473685309
-0.00831443426491
-0.00652784396613
-0.00593981750389
-0.0104488405389
-0.00814899788829
-0.00764157481576
-0.00606857489124
-0.00875975736849
-0.00763348758703
-0.0107553313058
-0.00708720061551
-0.0102971011694
-0.0057319592848
-0.00745060740677
-0.00603859814844
-0.010619054211
-0.00886847317146
-0.00747250805864
-0.00819939234591
-0.00790431116376
-0.009400931757
-0.00842652518859
-0.006863170692
-0.00925886087908
-0.00624406025884
-0.00781644344756
-0.00778399885682
-0.0102604389514
-0.0105469234919
-0.00694330836978
-0.0083318931888
-0.00770805217352
-0.00639827060146
-0.0065652963489
-0.00933904652058
-0.00732829088205
-0.0082691860745
-0.0089508928405
-0.00841111766654
0.0
0.0
-0.00841090258092
-0.00827660555558
-0.00984049997483
-0.00956296792134
-0.0123522207298
-0.00924345318087
-0.00589716022247
-0.00817150028723
-0.0141041234532
-0.012130135523
0.0
0.0
-0.00922847104344
-0.0105039283744
-0.0108040209836
-0.0135535742288
-0.00948538915288
-0.0093550513209
-0.0167066361322
-0.012990123945
-0.00978915015915
-0.0102985317451
-0.0104141466656
-0.00987248453113
-0.00881960318336
-0.00925753134162
-0.00787950906335
-0.00835363196753
-0.00968246212899
-0.00935109724091
-0.0100464298165
-0.0121317504029
-0.0119440301142
-0.00868683619145
-0.0130474074128
-0.0159949457218
-0.0119203944682
-0.01178284903
-0.0119650154739
-0.00926406793663
-0.0113213376236
-0.0120716650462
-0.0120204702514
-0.0108724966279
-0.0107228092879
-0.0119314821826
-0.00836144950135
-0.00970165000475
-0.00964772335302
-0.00835360370561
-0.0114868213623
-0.00881662178924
-0.0104463853833
-0.0105943976703
-0.0111947590646
-0.00716322582541
-0.0104847152693
-0.00955600802577
0.0
-0.010067880179
-0.0173924122307
-0.0142507169801
-0.0083469280452
-0.010992152531
-0.0109615663018
-0.0121206519369
-0.0099644845852
-0.00904536789895
-0.00979720736338
-0.0112262338846
-0.0091856473639
-0.00530621864779
-0.00766374953168
-0.00616494374259
-0.00848891371984
-0.00817929043296
-0.0110927907958
-0.00958814076748
-0.00794325645233
-0.00904518584006
-0.0115867271695
-0.00797170146901
-0.0110617223197
-0.0102433612624
-0.00974733540839
-0.00881171248094
-0.00893821304907
-0.00868385070695
-0.00468438353319
-0.007181264022
-0.0048705461392
-0.00884571725279
-0.0107347443304
-0.00742374882408
-0.0106275138649
-0.0105909995445
-0.006059241907
-0.0104942438161
-0.00959908263153
-0.00755952632507
-0.00831889247251
-0.00709621791662
-0.00884282308515
-0.00954561739818
-0.0073027868284
