-0.0229372768351
-0.0117270802742
-0.0200520843676
-0.0152213364861
-0.0226020274745
-0.0317013202804
-0.0151109237616
-0.0148455343845
-0.0140386206529
-0.0264921364002
-0.0122030388097
-0.01952641153
-0.0219951699932
-0.0134237167802
-0.0165788675592
-0.0115313871227
-0.0180842669126
-0.0157571104776
-0.0265886946673
-0.00185006903164
-0.0147776208981
-0.0183298157508
0.000319706149684
-0.00797651240216
-0.00587267539548
0.00177243279183
-0.00691196046806
-0.00712650222317
-0.00666244021721
-0.000975232312361
0.000748187991025
-0.00529521151069
-0.00836548542849
-0.0141455133373
0.0053043892174
-0.00268773868238
-0.00646870801761
-0.00695108997173
-0.00660593003098
-0.00280488603057
-0.0118428827972
0.00388079415299
-0.00114844790064
0.0049799084759
-0.0128560009875
0.000530515767251
-0.0100891445923
-0.00608135919308
-0.00397449124677
-0.000494962547238
-0.0336774918506
-0.066860021154
-0.0629391536103
-0.0590182860667
-0.055097418523
-0.0511765509793
-0.0230040772979
0.00516839638344
0.0389301633794
0.035134479211
0.02568408637
0.0337488628189
0.0317377643161
0.0232827062275
0.0180354993489
0.0243774342532
0.0309001900144
0.0169919783693
0.0249929889806
0.0330864202724
0.0259669802239
0.0151163045102
0.0218656078378
0.0277683678851
0.0119672234086
0.0159025327846
0.0177910714611
0.0145825780256
0.0127385720525
0.0205019022438
0.0232324405686
0.0347072600089
0.0405188603465
0.0379224437339
0.0505788731798
0.0324653025416
0.0337118540751
0.0261351909476
0.0286853597207
0.0236254060798
0.0150964498218
0.0131933292774
0.0445042157307
0.0333085432874
0.022112870844
0.00763139920374
-0.0123673114706
0.0220943749753
0.0147746950146
0.0148207999092
0.010310509423
0.00443287198473
0.0379251843842
0.0166357482278
0.0271330686354
0.0304633216434
0.0172302775726
0.0430090614443
0.0396206992942
0.0362323371441
0.0234541808533
0.0284868431603
0.00462777677244
0.0316174135683
0.0135568041907
0.00907615642944
0.0131616880667
0.0479474681352
0.0214843274125
0.0259075996766
0.0300753325245
0.0307291167617
0.00513414878539
0.0118014048112
0.00873757801641
0.0128057585913
0.0150061459932
0.0208658164131
0.0155431135503
0.0333049173003
0.0324779448277
0.0200567640559
0.0325011002006
0.019557802651
0.0330413134548
-0.00140190954199
0.0283875447462
0.0219351502132
0.00305331648791
0.0266193957515
0.0137336128951
0.0104925474642
0.0239572110477
0.018684843024
0.0304848366546
0.0260025288665
0.0290850174057
0.0382585283859
0.0215169110666
0.0307593923482
0.0319007549408
0.031618603371
0.0213155545522
0.0374034483493
0.038281051458
0.0549095038919
0.0471926675792
0.0312146193249
0.0347776737194
0.0189326793064
0.0310714997254
0.0515952212285
0.0330313683399
-0.0094945060005
0.0154774758641
0.00672254300609
0.0030533811872
0.0133582552603
0.0197277153877
0.0114977413663
0.0255002062661
0.0297030560407
0.0178686482866
0.027542991359
0.0242231953973
0.0349550445474
0.0279578731541
0.0191790424619
0.035817497637
0.0324636344701
0.0287586698132
0.0396661576637
0.0412832154135
0.0230696195044
0.0104557338413
0.0221568696615
0.0134056624671
0.015587319526
0.0175302912196
0.017166367942
0.0168024446644
0.0164385213868
0.0160745981093
0.0157106748317
0.0153467515541
0.0149828282765
0.0146189049989
0.0142549817213
0.0138910584438
0.0135271351662
0.0131632118886
0.012799288611
0.0124353653334
0.0120714420558
0.0117075187782
0.0113435955007
0.0109796722231
0.0106157489455
0.0102518256679
0.00988790239032
0.0238347508867
0.00924281901956
0.01426325793
0.00948633319764
0.0062233018261
0.0099632699486
0.0137032380711
0.0174432061936
0.0211831743161
0.0214072504933
0.0145866510798
0.0285931986059
0.00150122952042
0.0439934581072
0.0410141299488
0.0334736553807
0.0370275202847
0.054330067462
0.0643072952222
0.043067943356
0.034800911571
0.0299812760758
0.0228672136884
0.0197870673398
0.0202902389331
-0.00238279487775
0.0193409247629
0.0142506551316
0.0169851665084
0.0112759219046
0.00676785747636
0.0415778386113
0.0121391865018
0.0135792050234
0.00292925664846
0.00969837543865
0.023877250785
0.0145815689491
0.0362277727081
0.0305754328811
0.0316004880983
0.0344754879032
0.0447020001811
0.0354280462358
0.0348354842173
0.0303033276652
0.0177081345893
0.0215729079716
0.023778773225
0.0192427490183
0.00601272612255
-0.00449765700254
-0.00155620437583
0.00639350830637
0.0192856505681
0.00739526721964
-0.00197790704957
0.00995597987197
0.00485524304775
0.00289204002187
0.0147277275708
0.0142264840325
0.0089642974754
0.0256198597823
0.0461849358679
0.04668654521
0.0430125294828
0.0392641249979
0.0355294303043
0.0338536209068
0.0247846958504
0.0302200651488
0.0281088764891
0.0193383219686
0.00825508591984
0.00718152282658
0.00610795973332
0.00501374867083
0.0126106324346
0.0114708528589
0.0381042769874
0.0172168847015
0.0113772670949
0.0114937657534
0.0178306715426
0.00162162593758
0.0191886948161
0.00489564141138
0.0304689711203
0.0324523393568
0.0444468470441
0.031276516742
0.0412779365357
0.0298137780565
0.0167049178925
0.0300000163864
0.0112685826415
0.0288567555902
0.00603180567303
0.0201382930928
0.0204843585904
0.00989426191845
0.0129095403173
0.00901840484076
0.00578448668037
0.0101673204561
0.0134487159711
0.01113690536
0.0115395975444
0.00409641317461
0.00958495088804
0.0156988929798
0.0248345275563
0.0182684734741
0.0314451817357
0.0324179070057
0.0352773419632
0.0378223127218
0.0383186956221
0.0241693349798
0.0221700944063
0.0154146496665
0.0221559036887
-0.0182038202377
0.0178753155286
-0.000235076680519
0.00395913470522
0.0222547004133
0.0282347649168
-0.0031792193571
0.0199774071326
0.0179218804552
0.00343347412439
0.00683039994184
0.00364227796282
-0.000135299020727
0.022559946485
0.0173392403871
0.0132817401922
0.0284429591141
0.0405987245217
0.0495497147721
0.0318349299629
0.0296503501113
0.0292294635861
0.0153390776193
0.0209991056754
0.0168797743746
0.000326039201708
0.0189652148321
0.010785543177
0.0162978898469
0.00445308727249
0.0237368507714
0.0131952097594
0.00882011388506
0.00834834610642
-0.00171909873502
0.00955385512253
-0.00835890295256
0.0156942405049
0.0297351663756
0.0263817843052
0.0310909956734
0.0176234618073
0.0355590860497
0.0292374382097
0.0302230904124
0.0312087426151
0.0299884170024
0.0296124320641
0.0261186713736
0.0226249106832
0.0191311499927
0.0130065574899
-3.48765558754e-05
0.00495316613927
0.0221725153486
0.00325635053106
0.00627329020558
0.0152743907843
0.0166529390902
0.0128770949188
0.0278057436351
0.0278865823973
0.0223575940291
0.0296622609052
0.019666342575
0.0354005093438
0.0241077419807
0.0295290050285
0.0352644013541
0.0206303156917
0.0135753395881
0.0156123010043
0.027853940207
0.0611896927959
0.0607933838472
0.0522284409522
0.018612219539
0.0208477979309
0.0342052634829
0.0236180003709
0.0160722336938
-0.000704781991985
0.00301450703152
0.0138686886855
-0.00374548342751
0.0284161984022
0.0249144564392
0.0279350067074
0.0370323790086
0.0197530676899
0.0149982796303
0.0218963535902
0.0228983981864
0.0141927499651
0.0146963971316
0.00532257587559
0.00714731092065
0.0309466745792
0.0255147446122
0.0236362548121
0.0148950401369
0.0325109487344
0.0266907765544
0.0219108657234
0.00111417877462
0.0296391370842
0.00841740121499
0.0078357151465
0.0120709367676
0.0148563433921
0.0141753805011
0.0218077487965
0.0271105684348
0.0334661115932
0.0176855643239
0.00407176751924
0.0317284561102
0.00658496518114
0.0300218068808
0.0158677779057
-0.00475754014256
0.0132113165364
0.0195406326075
0.0251169375987
0.0151610256929
0.01853406247
0.00856260839979
-0.00383508823831
0.0131754987365
0.0190410104582
0.0249065221798
0.0138393773452
0.0263087260997
0.013726103833
0.0234938845307
0.0297834046876
0.0142045314086
0.0211213327511
0.0157338712815
0.00901587649834
0.0131714171946
0.0221525006298
0.00288530629444
-0.00149676749093
-0.000110539000855
0.00127568948922
-0.00926718867163
0.0232601712742
0.0229301075376
0.0150132568394
0.023732454861
0.0165567932278
0.0218988123759
0.0179549176778
0.00828992923727
0.000440726649777
0.0143264784589
0.00665665452559
0.0206347891804
0.0160344011083
0.0321946581886
0.00361185739348
0.023529512945
0.00734351847742
0.00533107771529
0.00473062022679
-0.0174980744231
0.00595292534417
-0.0135146196787
0.0178429798215
-0.00479283932329
0.006170981931
0.0157335410035
0.0370700132556
-0.00435788611589
-0.000292425439039
0.016138137947
0.0110067142993
-0.0087480007645
0.0249528080997
0.00403974056509
0.00735716061744
0.0209555882556
0.0404924657501
-0.00684582253324
0.0222074801531
0.0512607828395
0.00351953136762
0.003842121208
0.00883648767529
0.00571232259757
0.00258815751986
-0.00559395744551
-0.0382019590467
-0.00320881035408
-0.00623337116961
0.00576594281044
0.0395628661214
0.0245449788313
0.0190654465132
0.0386216322744
0.0245631150452
0.010504597816
0.00110119342264
-0.00830221097072
0.00479576215256
0.0254331782854
0.0293772543157
0.00403647299771
0.0505223104192
0.0442562344919
0.0036998896463
0.0193427771597
0.00704100384291
-3.793285299e-05
0.0532488526609
0.00747944047958
-0.00425439352869
-0.00629334273984
-0.00833229195099
-0.00430984888032
-0.00028740580965
-0.00771122656519
0.000712206465822
0.0469289177789
0.0233099158219
0.0217140142087
0.0161656754842
0.0595218534273
0.0412216072339
0.0563385766489
0.0355579124062
0.0372977940625
0.0260422965119
0.0309446306189
0.0157609617418
-0.00697699686296
0.00194483117204
-0.00618706518547
0.0100057519746
-0.0095123745887
-0.029030501152
-0.0135135546958
-0.00214142389736
0.00359814276795
0.0132180682359
-0.0179509793708
0.000343284090733
0.0214808245402
0.00777737969716
0.00334924202636
-0.00107889564445
-0.00713814113401
0.0192431082978
0.0214823152441
0.0208768410763
0.0202713669085
0.0287145498277
0.0662492026622
0.024391697073
0.0103973121431
0.024641419537
0.0126422187343
0.0278226361257
-0.0157831723079
-0.00819165678201
0.00951101028201
-0.00850597627964
0.015148845879
-0.00295323871142
0.0113495912699
0.0110785164752
0.0082065752216
-0.00936990214477
-0.000540548550786
0.0127943828368
-0.000744575019408
0.0158535107927
0.0214019430198
0.0328371298261
0.0265273482669
0.0307942261538
0.0231321327539
0.0255779771225
0.0194628031386
0.0133218349148
0.0131061649716
-0.00118094769529
0.00145709818856
-0.000835262082578
0.00894329218345
0.015333032877
0.0111168870235
-0.00399034996546
0.00971642882621
-0.025416773013
0.0131708447257
0.0083414300094
0.0141877319506
0.00633818977694
0.00106467343172
-0.0048494523407
0.0110257454396
0.0095857548875
0.0313473496116
0.0276547515201
0.0430427476835
0.0257991562692
0.0204682654977
0.0163488761222
0.0123321348784
0.0130117004686
0.00209258876824
-0.00135285821812
-0.0163521028101
0.0159284608925
0.0209236213777
0.00587246679641
-0.00410899168331
0.0533732135392
0.0202423091997
0.00526737394089
0.00770945381292
-0.000420628902643
-0.00282335128285
0.00754028210363
0.00503214601662
0.00871121093111
0.0101467995838
0.0115823882365
0.0183248160318
0.0327413731284
0.0235851846935
0.016870797411
0.0213284577311
0.0315178005179
0.0167617695038
0.00200573848976
0.00712035841717
0.0230169471079
0.00710356526167
0.0129851687161
-0.000424245031658
0.012037896219
0.00340294576597
-7.94445313239e-05
0.0120734631449
0.00910138935784
-0.000298299499407
0.0106072127901
0.00450656932808
0.0126177249668
0.00955487534743
0.0645380749655
0.0169553211216
0.0273856538783
0.0348775427159
0.0423694315536
0.0256762899892
0.0200945287937
0.0145127675981
0.0200355377229
0.00474697030176
0.0140692147212
0.0150919838183
0.00192757536547
0.0138523139034
0.0114846513381
-0.00408788929933
-0.0112002704632
-0.00349221136005
0.0194929489503
0.00123170397688
0.0050795407728
0.00662222249317
0.0305625111058
0.0113296544788
0.0257465045328
0.00681064886779
0.0346367163639
0.0121338038819
0.033717852647
0.027319835517
0.0385585742828
0.023931553275
0.0124686580726
0.0111840363688
0.0186703107637
0.0213283905625
0.0100555505635
0.00790444524566
0.00613071270076
-0.000464386670483
-0.0137372891303
0.0112112860143
0.000580610058393
-0.0185395938671
-0.00027097659252
0.00464478231726
0.00956054122704
0.0126091973275
0.00822382164098
0.0414679571419
0.0258297254754
0.024640749194
0.0204863778595
0.0200851197398
0.0223092124242
-0.00487110584591
0.0174743720892
0.0119664953306
0.0156464001203
0.0154021037873
0.0121513430677
0.00288677902923
-0.0066308024696
0.0159781644197
0.00566817504562
-0.00135688753856
0.0203781873629
-0.00974488559306
0.00502119557266
0.0128616079695
0.00409060526884
0.0123579899883
0.029160801392
0.0302396544023
0.00128660296189
0.0191187513816
0.0118840039874
0.00823746460939
0.0298639168284
0.0208516419716
0.0118393671148
0.0107873650767
0.0219410143732
0.0188979207206
0.0151432223236
0.0151018699269
0.0183711908285
0.00762666521834
0.0108980376829
0.00908079223674
0.0052408295968
0.00620977996349
0.00474975916851
-0.00427796035283
0.0194578677778
-0.00337716088485
0.00883717964584
0.0239993858196
0.0173493948816
0.0165078416471
0.00560624905923
0.00762496456985
0.0155639160615
-0.0172268441845
0.00753540850373
0.00399724645309
0.0176768060894
0.00367095661046
0.00868620600695
0.0209533777291
0.0210300312992
0.0184852861708
0.0176360676008
0.00338850351803
0.00951917508102
0.015649846644
0.00532025597272
-0.00268132040881
0.0207006683783
0.0068391304988
0.0163532086566
0.0174013853205
0.0156130918596
0.0191115558845
0.0167006845115
0.0173510300203
-0.00555919165022
-0.00577322783881
0.00360178658249
-0.00593124545883
0.0051006829313
0.00688441596487
0.0124860510299
0.021975520259
0.0188126611624
0.0156498020658
0.0113227978467
0.0095585565296
0.0196754452669
0.00491318009243
0.024202707599
0.00322890676369
0.0107913427378
0.0316953286208
0.0125595109449
0.0338889969851
0.0362949009947
0.0343902632873
0.0125885337228
0.00611299378173
-0.0139407303073
-0.0128847006367
-0.00690236906594
-0.00526373513768
0.000534381321978
-0.00981441814811
-0.0159917166291
0.0165086460134
0.00447531512585
0.00103831302325
0.0081081051943
0.026859641212
0.0234702816372
0.0104874917592
0.0178765855786
0.00589907137585
0.0161916999814
0.00441162127803
0.0243294496272
0.0214077403656
0.00717490552066
0.0127426725676
0.00484600846794
0.00378732514487
-0.00899170315621
-0.00747348250353
-0.00595526185084
-0.00443704119816
-0.0022451736199
-0.0140179660445
0.00989859525324
-0.00171952709667
-0.00858385341353
0.0057590298402
0.00403457529295
0.0165842692145
0.00717940306411
-0.00738968766234
0.00613987450253
0.0247465300386
0.019285170045
0.0138238100515
0.0209040551291
0.0128885851333
0.00430144848015
-0.004285688173
0.0192085569896
0.0303642797337
0.0273282867256
0.0242922937174
0.0212563007093
0.0182203077011
0.015184314693
0.00792117465515
0.0006580346173
-0.00660510542055
-0.0138682454584
-0.0211313854962
-0.0283945255341
-0.0233751882225
-0.018355850911
-0.0133365135994
-0.00831717628786
2.7355618845e-05
0.00837188752555
0.00786149730769
0.00735110708983
0.00684071687197
0.0063303266541
0.00581993643624
0.00530954621838
0.0212125110815
-0.00234846603808
0.0345150632235
0.0316411488096
-0.0177147055094
-0.0327481867789
-0.039621394482
0.00285503769124
-0.0189122095089
-0.0131434965649
-0.00737478362087
-0.00160607067686
-0.0171978864639
-0.0174490454494
-0.0177002044349
-0.0179513634204
-0.00511868744171
-0.011772837121
0.015955874448
0.0330020835649
0.0182683893515
0.0035346951381
0.0179905666438
0.0450723510587
0.0162441327833
-0.00453430438023
-0.00238998113741
-0.0131099289434
-0.0149467535458
0.0323588986118
0.00956730159158
-0.00757644096663
-0.0146316264342
-0.0125138552293
-0.0166217320368
-0.0322350288311
-0.00625187827461
0.00650183068359
-0.0136239957326
-0.0358029531983
0.0293220807842
0.00418232736297
0.00457707326594
0.0147518859321
0.0249266985982
0.0185289553542
0.0448464920479
0.0450184733346
0.0078718105221
0.00578522083083
0.00369863113956
0.00161204144829
-0.00338973833263
-0.012512602452
0.0120936409104
-0.00054351162315
-0.0131806641567
-0.0181298355401
-0.0165461830016
-0.00492613171357
0.00770312091398
-0.00373719165291
-0.0151775042198
-0.00532171137699
-0.00601893606926
-0.00307240295968
0.0289204063748
0.0094480110666
0.013206333637
0.0237307138208
0.0276867947205
0.0352345023243
0.0134098577686
0.0124979192128
-0.00652294198844
0.000612213052303
-0.0209013726036
-0.0130623197439
0.00192533277988
-0.0121710817692
0.01493048227
-0.0111206868188
0.00335029586052
0.00157803515907
0.00978429478164
0.00233444447077
-0.00193968312107
-0.0218004392806
-0.00191506829694
0.00289888462002
0.00823538720952
0.0116333601214
0.0240246878116
0.0212038914571
0.017549255168
0.0270755321947
0.0271399270185
0.0367128770243
-0.00246384566888
0.0126625465732
-0.00510357223651
0.00411508188818
0.0052355205625
-0.00377181235798
-0.00754488461327
-0.0136903103887
-0.0125859381159
-0.0135675383951
-0.00080911545577
-0.0115923323693
-0.0165341679581
-0.0107286629309
-0.00885907395949
-0.0041121103185
-0.0020612418827
-0.0026045869011
-0.000562243760278
0.00756112157305
0.003855446658
0.0189889585653
0.00972091902041
0.0146957443355
0.0176921532617
0.00577807780078
0.016404465963
0.00516790612824
0.00712707810916
0.0153349163058
-0.0109191628634
-0.013775916673
-0.00686345896907
-0.0160949295936
0.000769921278623
0.00424499952371
-0.00990219358362
-0.030904020843
-0.0348475819718
-0.0164670252655
-0.0120575189255
0.00779353752083
0.00897531151492
0.0139060203782
0.00582980478448
0.0143071890689
-0.0121708035636
-0.0265751075653
-0.0212312502688
-0.0158873929722
0.0123490384062
0.0244979097288
-0.00269439682814
-0.00140861286451
0.00101736034809
-0.00441666454977
0.00112288543143
-0.0127486873858
-0.0100693910475
-0.00319801183186
-0.00870197039154
-0.00733747548091
-0.0217506074093
-0.0191557617338
-0.00146168146627
-0.0219632360852
-0.00566039143842
0.00813059861005
0.0163593290379
0.0111752498132
0.00866845501877
0.00770503562333
-0.00259542268731
0.0120212451561
-0.00368701022408
0.00383967550469
0.0148001829243
0.00322292987994
-0.00792244044814
0.00964801427013
-0.00502513597639
0.00645826939296
0.0019825259009
-0.00371366819135
0.019354976878
-0.00804284554155
-0.0128142830199
-0.0307802962779
0.011644043688
-0.00397933751745
-0.00991676568083
0.0135005586058
0.00101229385329
0.011534817377
0.0132879978405
0.00161553705976
-0.0145357274116
0.00125658665995
-0.00433782449804
0.00867829062028
0.0216944057386
-0.0023461431729
0.0264467817728
0.0260740089608
0.0145121744977
0.0160392980801
-0.00195320122605
-0.00270458830468
-0.01668382089
-0.0131442286405
-0.0148903512382
-0.00549008011802
-0.00564056734066
-0.0201813037797
0.00455435822495
0.0144202055756
0.0122951789105
0.0168625932822
0.00679284460926
-0.00632873746327
-0.0194503195358
-0.00945830666368
-0.00944119120121
-0.000417984001786
-0.00280607940828
-0.00093939019814
0.00711579817586
0.00658881579865
0.0059229413274
0.00746372374771
0.00569907729986
-0.0131846364667
-0.00267515224987
-0.000363409957683
0.0102963922508
-0.0182583858618
-0.00767565027372
0.00952133745605
-0.00667496710945
0.000398764502071
0.00280618221049
-0.00770004235689
-0.0160435202493
-0.00662656185052
-0.0131677738822
-0.0197089859138
-0.0228962556995
-0.0272028385361
-0.00740212484366
-0.00671062188379
-0.00832155090638
-0.00562139956355
0.0153827708927
-0.0041078583383
-0.0010383919795
-0.00568985420634
0.00389330589573
0.00120706028361
-0.00277873801376
0.00548668359351
0.00444784980745
-0.0216513561886
0.0161546481585
0.0068802839141
0.0121676479188
0.0142227290299
0.0050311810769
-0.00497090556314
-0.00557705732607
-0.00111940990569
-0.0245537343871
-0.0202875512193
-0.00455866915056
-0.0146103159289
-0.0158142855044
-0.00893190404517
-0.00973575575181
-0.00199153432247
0.00385745346169
0.0127370732024
-0.0075521280755
0.0169863274883
0.00370233277283
-0.0210507812447
0.00480684079995
0.00975751431471
0.0162284646999
0.0113313046883
0.00381060392819
0.00262374547981
0.0102742702077
-0.0032132859767
-0.00362775406477
-0.00923503781888
0.0141772476044
-0.0209939127107
-0.0127347315539
-0.0102446580331
-0.00895664021147
-0.0226733341477
-0.0208689923875
-0.000974909396841
-0.00713713528221
-0.0105759450003
-0.00272281977675
-0.0209109757104
0.0122838737333
0.000912692687199
0.00339674616776
0.00623599182609
-0.00202240213062
0.00799274692649
0.0142035264806
0.0134104142639
0.00497388308147
0.021969929724
0.00523313126741
-0.0253103176182
-0.016608786981
-0.0138239997958
-0.0168396465799
-0.00471927408927
-0.0236541804944
-0.00278072703166
0.000105991649157
-0.0231463956167
-0.00371490820629
-0.00312012886495
-0.0151647614103
-0.0128838634638
-0.00404876440256
-0.0188725272511
0.0158987301546
0.0035186522796
0.0069226361588
0.0045871515335
0.00367757340767
0.0114430468744
0.0103951227607
0.0130865573243
0.00505547366621
-0.00297560999189
-0.0010231329514
-0.0192731004761
-0.0135875752878
-0.0161406818997
-0.0258902150494
-0.0153831874837
-0.00789598815174
-0.010037032131
-0.0231866681689
-0.0189051397879
-0.0133469891969
-0.00163936213907
-0.00737851916833
0.00442704438765
-0.00300986918626
-0.00973716191424
0.00503994857366
0.0260493095856
0.0255882845411
0.0138568714414
0.011692389966
0.00746353274229
0.00323467551858
-0.00494354861011
-0.00444715035582
-0.00794798297362
-0.00660342892575
-0.00662300837061
-0.0235015515113
-0.0267697123647
-0.01570803685
-0.0149459760772
-5.48661950603e-05
-0.0167268556996
-0.00341947637257
-0.0135703281289
-0.0274465593826
-0.0192911426689
-0.00124363453321
0.0199423591986
-0.0016870394266
0.0104390348042
0.0302049692479
0.0228553491205
0.0168576882499
0.0223746873445
-0.00499611714966
-0.0114714106409
-0.0199022706948
-0.014275858896
-0.0100146250433
-0.0113567098831
-0.0182690134864
-0.012849701228
-0.0217769949259
-0.0123701321786
-0.00826387364379
-0.0151234404631
-0.0202497087645
-0.0175340979429
-0.0203558066809
-0.0109870675151
-0.0181177850658
-0.00677880808242
0.000422486006152
0.0055639007684
0.00526643131031
0.00904215272393
0.023014701255
0.00431752668154
0.00402012668116
0.0107849706914
0.0182050837046
-0.00944506808873
-0.00251732599392
-0.0146514166234
-0.00967360725365
-0.00135967077869
-0.00357047845032
-0.020105913988
-0.0136068646747
-0.0238972266611
-0.0116514374944
-0.00877393905238
-0.0175881424143
-0.00681607198324
-0.00713884157236
-0.0113216048226
-0.028981794574
-0.0159308362356
-0.00254000836642
-0.000251445445566
0.0239840436711
0.0206104155681
0.0177694382822
0.0149284609963
0.0116357360697
-0.00298817428357
0.0021200267962
-0.00312487159674
-0.0171818970086
-0.0200815871029
-0.0111948483373
-0.0206044138543
-0.00104718522451
-0.0151745407909
-0.0261633225619
-0.0286082935669
-0.0193615895419
-0.013155980636
-0.00922659832214
-0.0153486000064
0.00152846771703
-0.00149516705997
-0.00508492479315
-0.0153601193207
0.000851960727239
0.0533769652605
0.00652685692603
0.0259209541582
0.00190982276795
0.00685158504225
0.00853667338404
-0.0192165834419
-0.0137552017694
-0.0230098714303
-0.0105854455075
-0.0193637463451
-0.020139466346
-0.0179642314529
-0.0252070319733
-0.0113084046998
-0.0315894583001
-0.018877832576
-0.0117503195751
-0.0173549939159
0.00578387284344
-0.00340584219295
-0.00140219036036
0.0124675488216
-0.0195927504035
0.00603310590911
0.00346827632866
0.00599378237294
0.00662006352589
0.000961494620815
-0.011726438521
0.0164494622375
-0.000532584823612
-0.0093959605617
-0.00933739748379
-0.0114285904512
-0.016174044975
-0.000382163486142
-0.0192379708908
-0.0203536248695
-0.0255345823805
-0.0329926655624
-0.0292068555832
-0.0150914773109
-0.00860814140638
-0.0181105222961
0.00313298848285
0.0056448807041
-0.00261763870385
0.00609225833145
-0.0123511961544
0.00779801903955
-0.00391043442117
0.00462264869548
0.00402769845257
-0.00370677916524
-0.0124987230727
-0.00109719274382
-0.0118175098041
-0.0042929548162
-0.0168542307373
-0.0135177940545
-0.0197268227263
-0.00685293989754
-0.0113805067816
-0.0285270355808
-0.0121544086094
-0.0114785653756
-0.00746327533023
-0.00946020640132
-0.0100235316027
-0.0138801917965
-0.00174800777472
-0.0135022179091
-0.0135862720175
-0.013670326126
-0.0198648465426
0.00763506340877
-0.0142978486746
-0.0183022127635
0.00340676387062
0.000803642115384
-0.0059637023677
0.00338820004705
-0.0186249078098
-0.00828079567729
-0.00411372355769
-0.00899471513756
-0.0088025411518
-0.0148836100518
-0.0183753514548
-0.0168265373322
-0.0161839675952
-0.0285794899415
-0.00176953354564
0.00878128312841
-0.00215809949236
0.0016594806079
0.01064922736
-0.00111196767863
-0.00937226644471
-0.0182202406234
-3.56088510094e-05
-0.0163981038133
-0.0292698506023
-0.0289321124053
-0.00718125302065
0.017975526256
-0.0107120926591
-0.00404875682855
-0.027038645988
-0.0267603649645
-0.0137876644427
-0.00471411974216
-0.00590409506924
-0.00617400860787
-0.0119940254743
-0.00506403585983
-0.00430575290822
-0.00609247567897
0.00135570513958
-0.00301067983321
0.0109826333594
-0.00214377933048
-0.0191839493136
-0.0273131172245
-0.0148241256706
-0.0229526379351
-0.0145025076011
-0.0254667749705
-0.0151112401737
0.00693686495952
-0.00211967599543
-0.00320055136432
-0.0180424767202
-0.0140840023975
-0.00580486906341
-0.00897265978213
-0.0251059277302
-0.00331574479509
-0.022908389181
-0.00637665035637
-0.0101160413413
-0.00431528980201
0.00148546173728
-0.014132068579
-0.0205647892434
-0.0411545601817
-0.0278189578252
-0.0284654583011
-0.0348885890268
-0.0342825249278
-0.0435533195282
-0.0188607693395
-0.0359029372117
-0.0361098956805
-0.0255166807286
-0.0240285925985
-0.0210089736354
-0.00543091830447
-0.0161168209419
-0.00230873322905
-0.00626564207949
-0.0212685044214
-0.0171700517737
-0.00529891043652
-0.00136684521458
0.00725039077551
0.0017694755291
-0.00407856841163
-0.0102331551918
-0.0163877419719
-0.0225423287521
0.00285901119569
-0.0165285239169
-0.00567926835182
-0.0317134188414
0.020486295556
-0.0272852532367
-0.00258155874072
-0.00780217522286
-0.0177721991558
-0.0284427709597
-0.0139177504227
0.00756035406811
-0.0256122825716
-0.00666504764206
-0.00131331785372
0.00112421864206
-0.000513325844434
0.000663131570636
0.00454226811842
8.69511455046e-05
0.00836316091286
0.00312273223301
0.00210820822987
-0.00696764587795
-0.0209989210215
-0.0149220870122
-0.0070941156212
-0.0247328463167
-0.0161059542813
-0.0208265582195
-0.0101852731604
-0.00962712729854
-0.0256052937835
-0.0229870861622
-0.0155471197285
-0.0247179080237
-0.0144331344076
-0.0196342496293
-0.010352143989
0.00795151620162
0.000310845357314
-0.00316357738187
-0.00663800012106
0.00225017566008
0.00539651724524
0.0085428588304
-0.0232447225007
-0.00937590228739
-0.0199555369022
-0.0433494140934
-0.0270022568467
-0.0245384092797
-0.0362068762459
-0.0183111567291
-0.0385962006272
-0.0307024895014
-0.0364623901807
-0.0130747173304
-0.0191659256424
-0.00814120983395
-0.0226736515652
0.000682311419105
0.0134381198952
0.0143212683741
0.0207625517311
0.0104155403187
0.0199922912956
0.0106702228125
0.0170711397187
0.00832430892313
0.0078967563125
0.0117116825514
-0.00703132513664
-0.0241464389165
-0.00770158546114
-0.0113595548666
-0.00471865211306
-0.0162323434985
-0.0186979684611
-0.0211635934237
-0.0181245800422
-0.028136592614
-0.0183552661691
-0.0174224768842
-0.0251337613133
-0.011919579454
0.00129460240529
-0.0113458967178
-0.000209372899261
0.00981746498839
0.0101679004172
0.00164677930405
0.0108884225374
-0.00465888604995
-0.0202061946373
-0.0254316382552
-0.00898588262309
-0.0204785966586
-0.0161637121458
-0.0259338412898
-0.0208274151086
-0.0290897234009
-0.0286210743924
-0.0218138154727
-0.020539923713
-0.0193205205479
-0.0110736401937
-0.0069849086742
-0.00289617715471
0.00119255436479
0.00528128588428
0.00937001740378
0.0134587489233
0.0175474804428
0.0216362119623
0.0257249434818
0.0298136750013
0.0339024065207
0.0379911380402
0.0420798695597
0.0461686010792
0.0502573325987
0.0543460641182
0.0584347956377
0.0625235271572
0.0666122586767
0.0707009901962
0.0747897217157
0.0749812846472
0.0488967301315
0.0244970715141
0.0264045208953
0.029979871955
0.0194345661841
0.0153882020878
0.0343779338059
0.0229369137597
0.0340095059764
0.0305193241517
0.0406312175956
0.0414390821803
0.0326181823962
0.0334128196928
0.0358048283236
0.0369656434042
0.025270428516
0.0212746510938
0.00965647454035
0.00734448588827
-0.0216538682771
-0.00772895087518
-0.0154101533514
-0.00801619355075
-0.00258465406765
0.00534247671896
-0.012906449247
-0.0157355934939
-0.0153005915644
-0.00352846100678
-0.0162617227772
-0.00772661820519
0.00245812461473
-0.00597135971833
0.00509359295733
0.0101081328925
0.0079235611024
0.00970674879843
0.00690828695403
0.00206087570401
0.0104308898033
-0.0095966929859
0.0137003622079
-0.0244713066037
-0.0142759734561
0.00164930856292
-0.00481891319433
-0.00293175732384
-0.0308820253382
-0.0276075314506
-0.0169965075472
-0.0308373839595
-0.0374450313005
-0.0120996388778
-0.0112613693247
-0.00735929209018
0.00903289494069
-0.0153563981071
-0.00524993197263
0.00018648361375
-0.00430111502542
-0.00878871366458
-0.0198818908706
-0.0030642110489
-0.0158385444506
-0.0229156488198
-0.0190708189754
-0.0072157778838
-0.00976477414198
-0.0143992628126
-0.00193204665572
-0.0325047894146
-0.00899804270146
-0.0181614259314
-0.0176879786101
-0.0176296200206
-0.0275634727611
-0.0100977727867
-0.0144933980055
-0.016785453669
-0.0140023576382
-0.0350385672325
-0.00644935512704
-0.00694712394216
-0.0135720719742
-0.0126913891151
-0.00998027239399
-0.0148787860682
-0.00969063096371
-0.0207327571494
0.00119577389637
-0.0156837382512
-0.0106458259527
-0.0171036417194
-0.0167416926547
-0.011498394934
-0.00750695550457
-0.00728827023704
-0.00676610256945
-0.027321398377
-0.0281172292555
-0.0172953530572
-0.0302878271065
-0.0163158708024
-0.0169666716112
-0.0184765964821
-0.00432849151057
-0.0144417558628
-0.0188534790075
-0.0314917608021
-0.0301019023196
-0.0312497021481
-0.0225962130753
-0.0245211032024
-0.00763418342727
-0.0327535800873
-0.00518369172062
-0.013125874392
-0.0143707125869
-0.0101089762971
-0.0325497658721
-0.00559899592809
-0.0221026879329
-0.0139035778017
-0.0127402749463
-0.0190031226448
-0.0270337094344
-0.0232340371228
-0.0341593363236
-0.017359800978
-0.0207869467547
-0.0119330074072
-0.0126294738415
-0.0239819306845
-0.0251599516914
-0.0239537371505
-0.0262169481422
-0.0294170261244
-0.0365038736637
-0.0107921802858
-0.0181891464191
-0.0156835362482
-0.0239057425183
-0.00677768801787
-0.0155466915941
-0.0128435888729
-0.00304272276471
-0.0162512967433
-0.00249632934739
-0.00263190769516
-0.0204943725418
-0.0111000370021
-0.0185379741245
-0.0279437413314
-0.0142976972021
-0.00956573878386
-0.0120175116298
-0.0144692844758
-0.0169210573218
-0.027047655359
-0.0261958956433
-0.0210984956747
-0.0191549641729
-0.0122488198563
-0.0392376030061
-0.0304126521978
-0.0215877013895
-0.0108986502349
-0.0226260195479
-0.00291172065743
-0.0156107511295
-0.0179525147624
-0.00734947069393
-0.00724663649493
-0.0152793869484
-0.0146078830209
-0.0216539375594
-0.0177035703532
-0.0243072750577
-0.000217784465837
-0.0124123724472
-0.0300476076399
-0.0197403298423
-0.0214773998252
-0.026100839773
-0.0245272738893
-0.0342729987623
-0.038528980388
-0.0301570899069
-0.0236492772135
-0.0209853944256
-0.0277831958516
-0.032288336368
-0.0291244533013
-0.0114874624245
-0.00273970767429
-0.00116901341393
-0.0133100303107
-0.0103817817606
-0.0188398049291
-0.016339901765
-0.0111787881369
0.000897892128829
-0.00681513265455
-0.0162425323312
-0.0161424823166
-0.0113780148352
-0.0134558244038
-0.0163061914831
-0.0244973167029
-0.0375398612332
-0.0232282116018
-0.0287505523868
0.000846578435469
0.0445043447236
0.00930231927315
-0.0199266106871
-0.010581229013
-0.0132994013183
0.00422324529817
0.000577114712819
-0.000472088248075
-0.0200738955904
-0.0157839330576
-0.00249830802472
-0.00275172301291
-0.0124461236097
-0.0138148753594
-0.0146378960941
-0.00850955547812
-0.0238481727031
-0.00990796953886
-0.0173544806687
-0.0248469502637
-0.0313788186339
-0.0187378994386
-0.0307322484471
-0.0327169484697
-0.0284694375699
-0.0107078921877
-0.021269504485
-0.0353236355458
-0.0223770595432
-0.0262110432144
-0.0209594199365
-0.014079052919
-0.0192547592283
0.00188009348371
-0.000337382464143
0.00592043091443
-0.00717204083679
-0.0107822654083
-0.0067939006396
-0.0028055358709
-0.007191317201
-0.0287631127998
-0.0279984919753
-0.0228692163531
-0.0150565669785
-0.0271925531188
-0.0468996225038
-0.022148074506
-0.0306736244295
-0.0182628429743
-0.00900025038229
-0.0162214984761
-0.0217622020179
-0.0236014446947
-0.0231039545116
-0.0184187822695
-0.0221968442572
-0.00657585902315
-0.010632888668
-0.00707201862638
-0.0149128761823
-0.00894050608053
-0.00442553917577
-0.0196289026676
-0.0185448775187
-0.0146842618306
-0.00508018407584
-0.0162703210248
-0.0274904139304
-0.0193804477502
-0.028182999036
-0.0251652749384
-0.00859814486997
-0.0350103184233
-0.0217539928916
-0.0141211517461
-0.0283383812022
-0.0291406303737
-0.0303463432274
-0.0265641652979
-0.0305359654904
-0.0247672072827
-0.0234076449858
-0.00233407753021
-0.0194244791769
-0.00469191732418
0.00626399844707
-0.00397893666542
-0.00281087246611
0.0034238100563
-0.0126905451875
-0.0197605034932
-0.0205192961385
-0.0252033772741
-0.0303643240151
-0.0268012701337
-0.0184825316297
-0.01900635447
-0.0189607955263
-0.0326133377713
-0.00746951337986
-0.0145051570111
-0.0229977303547
-0.0159225952033
-0.0149504030127
-0.023007339932
-0.0158411484913
-0.0241339414006
-0.0140426596081
-0.00224595537049
-0.0149969808979
-0.0231871508332
-0.00304965638023
0.0113906566324
-0.0306380763676
-0.0210665748631
-0.0169013082853
-0.0159900919696
-0.0128532256252
-0.0283186982729
-0.0215059702895
-0.0309819959401
-0.0127779953726
-0.0286479121665
-0.0251177759217
-0.0203304098346
-0.0190858977242
-0.0215517262632
-0.0192155984154
-0.00397211215671
-0.0142136347453
-0.00837509919261
-0.00180585286137
-0.00398328132742
-0.0103952907884
-0.0168073002493
-0.0126918313935
0.00418022459602
-0.00834374079668
-0.00230413982949
-0.00190079237216
-0.00464238086029
-0.0222600646112
-0.0220981662766
-0.0160476743841
0.00557926463415
-0.0210099186704
-0.0248576734123
-0.0164752964572
-0.0148686161522
-0.016095235868
-0.021036830873
-0.0174866230979
-0.022316213087
-0.0171425705695
-0.0251782451724
-0.0140630723609
-0.0180732468559
-0.0126978808293
-0.00951628406774
-0.00562964811822
-0.0249188909941
-0.00391817248981
-0.01471358401
0.0282603758094
0.00298115876615
0.00413418239792
-0.0137343048733
-0.00109856640021
0.00933122029002
-0.00296434262458
-0.0122787494911
-0.0087586386287
-0.000822468729832
-0.0139427873568
-0.0160809247543
-0.00376766052411
-0.0184193258073
-0.0166646255
-0.00516805080683
-0.0223135463832
-0.00578953376798
-0.010446317882
0.016082271599
0.000368822259478
0.0122226557135
-0.0126455296996
0.00245408669195
0.00033024372999
0.00173978986143
0.00476745632957
0.00498566130901
0.000620225989214
0.00217087322034
0.00733776587947
-0.00568231619686
0.00556691248339
-0.0100596113761
-0.00607215357239
-0.0244893140685
-0.020277927158
-0.0160665402474
-0.0140468814409
-0.0056535111709
-0.00483305394366
-0.00187584568745
-0.0166147371652
0.00435174484481
0.0105201151245
-0.00309441109001
0.00781313900222
0.00391989632179
0.00254913133515
-0.00707393517465
-0.00690118915033
-0.00509494175066
-0.00665100892333
0.00217252909414
0.00965639341256
-0.0100577710529
-0.00141045765173
-0.00234253626355
-0.000561111111692
0.00195947238161
-0.0175993882421
0.0130513201721
-0.0181396915993
0.0106955972156
0.0195921352317
0.0221108233921
0.0175205004143
0.0129301774365
0.00245739147316
-0.00801539449017
0.00804082673575
-0.0156275936532
-0.0170305150335
-0.0088076913342
-0.00756231677456
-0.0262334862392
0.0057972147178
-0.00630292262811
0.0014474162763
-0.00244033974156
0.00200576773932
0.0111518989793
-0.000374196052002
-0.00108273131442
-0.0127145795479
-0.0092760801809
-0.0127700215918
-0.00697402963952
-0.010728737898
0.00840927847265
0.0081834260629
0.0101427485848
0.00399326828644
-0.00881738320102
0.0100113910791
0.0202311693102
-0.00157936113615
-0.00940535569944
0.0110658461912
0.00761461574833
0.00405504982418
-0.0214576583302
-0.0106907160651
0.06726481717
0.017379748928
0.0208120131225
0.0201032482445
0.0123520619892
0.0357969968425
-0.00746071824782
0.0128325684314
-0.013849954822
-0.0210462761682
0.0146012481519
-0.00568555916539
0.0071320432702
0.0211839100609
0.0258382293119
0.00747105941994
0.00264488603143
-0.00694118201972
-0.00350997602068
-0.00321739989758
0.000671555122664
-0.0191226199937
-0.0206052197974
0.0164019328986
0.00531526022833
0.0225975241843
0.0109010672068
0.0188704397404
0.0273014851507
0.00286794328211
0.0387587141309
-0.0190865213417
0.0120783226577
-0.0180939001932
0.000651715467688
0.00208382082771
0.020385510392
0.0112820816635
0.0139585629837
0.0136287125039
0.0102788497055
0.00164261793636
-0.0117057376058
-0.0259306393943
-0.0266745896304
-0.043999264524
-0.0613239394175
-0.0240360236399
0.0132518921377
0.00742085394108
0.0146463795375
-0.0054431186107
0.0395976826585
0.0275648864701
0.0286967057066
0.00218308832482
0.000967457669366
-0.046652370669
-0.0241570769837
-0.0110726362832
0.00201180441732
-0.00735427056165
0.00392857997522
0.00183252304062
0.00504919473295
-0.000475423173314
-0.013197325114
-0.00974971405892
-0.00689723635419
-0.00356392340912
-0.00125841318979
0.0494963321064
0.00494345280557
0.0180961326408
0.0103744547826
0.016371880982
-0.00764699582218
-0.0265333844701
0.00787814099147
0.0430748150529
-0.00934691979194
-0.00241995849566
-0.0068940488964
-0.00714435629168
0.010370398419
0.0384627342917
-0.0105302509968
0.00636637769865
0.00916439612029
0.0118127591597
-0.00709210229689
-0.00414180948693
0.00221686300913
-0.0236756026524
-0.0219049702341
-0.0129277860851
-0.00219484996024
-0.0193558584214
0.00337925195646
0.0245807444433
-0.0291773525419
-0.000271887286831
0.0198860720853
0.00831651984424
-0.0347198497517
0.00797366575097
0.00190237399506
0.00168713552138
0.0161323567513
0.0125385741566
0.0313931933099
0.0229657950816
0.0255272976757
0.000795837516062
-0.00926659113167
-0.00903862063711
-0.0201190539234
-0.0657074948958
-0.0436733195865
-0.00955124445375
-0.00701780194315
0.00249891560962
-0.0157840937729
-0.0320981597627
0.0179509690332
0.0129195188115
0.00444678846174
0.00127093513546
0.019063455537
-0.0246164876943
0.0286786991868
0.0140573998673
0.0344172867997
0.048733932312
0.0333789924959
0.025283914407
0.00742540831933
-0.00944941636285
-0.0228213594602
0.0151089614495
-0.0166711374445
0.031750804704
-0.031694160698
0.0160965569816
-0.00304881002604
0.00344064062686
-0.00489149179725
-0.0270287454448
0.0035314199829
-0.0221318243084
-0.0257412267838
-0.0332867566008
-0.0079971696573
-0.0292227746472
-0.0627617016895
-0.0341299951256
-0.00549828856168
0.0143924764609
0.00517026677266
0.00699746724744
0.0161446041386
0.0123328737129
0.00523001262974
0.00940164052288
-0.0106027949498
-0.00575707673762
-0.00787968872462
-0.00657073006811
-0.0195411496394
-0.0087480027323
4.98999484277e-05
-0.0048720414995
0.0184876644618
-0.00769332732096
-0.0199012612701
-0.0197989637735
-0.008377714588
-0.0316987634539
-0.0741031409446
0.00264480420371
0.0272494112336
0.0305323515355
0.0104932769156
0.00789392093896
0.0326067671164
0.0133148303962
0.00595941646235
0.00917121912836
-0.0241009225628
-0.0302758871861
-0.0458697660052
-0.0331722237203
0.00768314427975
0.0230045041867
0.0157231217342
-0.00805064296172
0.003081520781
-0.00322216467484
-0.0156129725442
0.0104445158878
-0.0258022750118
-0.0234575860342
-0.00868000813148
0.0108109994386
0.0156483322608
0.0111945406403
0.0164473891332
0.0372238162217
0.0136480815145
0.0336275796051
0.00450750763298
-0.0350548239797
0.00725403809013
-0.0402389276734
-0.0417473803827
-0.0168698828955
0.0127658052299
-0.000253681459399
-0.0127441237749
-0.00021665867638
-0.00660356654071
-0.0161738569469
-0.0268746264791
-0.0385113734036
-0.0594328638583
-0.0675852480239
-0.0588198719698
-0.0297322984942
-0.00585921200139
0.00385684071535
0.0133453602368
-0.0121353100984
-0.0195538019615
0.0367751860459
0.0173336141176
-0.0021079578108
-0.0215495297391
-0.0409911016675
-0.0183870721621
0.00421695734325
-0.0138542010041
0.000511720980819
-0.00401065017949
-0.0378633004449
-0.0113348693526
-0.0678994614253
-0.042031547904
-0.0595077186659
-0.0769838894277
-0.0603810011501
-0.0437781128725
-0.0271752245948
-0.0105723363172
0.0119026172423
0.000807723704102
-0.00386539425362
0.0164157758456
0.0122556963853
0.00378889331742
0.00150175987963
0.0236393888555
0.00503422526225
-0.013570938331
-0.00270954153855
0.0152643788581
0.0218601819597
0.0124400069797
-0.00870073987412
0.0106013435554
0.00252170951502
0.0022382480508
-0.00650781410805
-0.0183107875999
-0.00543406582204
-0.0256458736258
-0.0330650522328
0.0119054700002
-0.0142132239747
0.032613208002
0.0168736658826
0.0088682418529
-4.28739748843e-05
0.00332714639284
-0.0110590866682
-0.0396965159281
-0.0338822621214
-0.047396564484
-0.00372513962442
0.00098806977004
0.0403141589707
0.0083810884146
0.0127682772349
0.0122592938839
0.0242128903781
-0.0319236908889
0.0253130568918
0.00070343205542
-0.0228107771202
-0.0220621930914
-0.00181335864084
6.01674822251e-05
0.0181628656679
-0.00370058436972
0.00651864100419
-0.00374183041256
0.0245443261138
-0.00147520795389
0.00871723839476
0.00446973753064
-0.0162964498599
-0.0333624623399
-0.0213181211212
-0.0189063267415
0.024449224712
0.0226656518129
-0.00808899084507
-0.012563867356
-0.00696646327726
-0.0112699222313
-0.0313308106283
-0.0306091537436
-0.0621273805826
-0.076792046433
-0.0386849345142
0.00933947814978
0.0216662527305
0.010547426301
0.00250000059184
0.000399497045878
0.0171407152816
-0.00626660069193
-0.00785329487554
-0.013454547909
-0.00408365488426
0.0089097171522
-0.00423933156668
-0.00940450976085
0.013304474885
-0.00161208541527
-0.0215181031173
0.00158453116131
-0.0261625685371
-0.0213933387761
-0.0068305447794
-0.0481288579748
-0.0359885103802
-0.0238481627856
-0.011707815191
0.000432532403581
0.0216482663984
0.0156780072092
0.00187876034469
-0.0127099211379
0.00395968905977
0.00492871122675
-0.0337925832851
0.0020520875664
-0.0301615300033
-0.0112003018823
-0.0284952152599
0.0163200176191
-0.0196178883763
0.0262277598304
-0.010492935148
0.0218538086759
0.0325649618568
0.0225096998645
0.0138616661883
0.030114082197
-0.0252201694623
-0.00757257945448
0.00581978028948
-0.00885057672436
0.00237506907758
0.0106704258556
0.0255795000165
0.0263025818476
-0.00251524191745
0.00918766255696
-0.0299191571327
-0.0330184228539
-0.0475168175708
-0.0728670228004
-0.0366990840373
0.0031216048586
-0.00214017538387
-0.0071430811169
0.0338176581316
0.0387179788865
0.0283564870197
0.0179545112149
0.0144603530334
0.0205667781894
0.00930677161518
0.0209537846982
0.000856105371811
-0.0085486473492
0.00915355586449
0.0232351324989
0.0268592758209
-0.00123694577997
0.00175709385801
0.0069303323404
-0.00478267273348
0.0187745085207
-0.0493167323492
-0.0168479076437
-0.025175076779
0.0066795589867
0.0190741738402
-0.00952989106241
-0.0166604282404
0.00150959211968
-0.00805027142988
-0.017280038802
-0.00323398379319
0.00486987159255
0.00268014818493
-0.0224860902563
0.00871149695311
0.0193445471075
0.0292839173238
-0.0272804722944
0.0126389258203
0.0117472228704
-0.00278214492571
-0.0119882502445
-0.0322725102611
-0.0303139409012
-0.0371601968996
-0.0566920902237
0.0113864991155
-0.0116726905818
0.0188275365732
0.00897360265052
-0.0262571088369
0.000984734113928
-0.000809684354807
-0.0248854102527
-0.0154381609951
-0.0228390014606
-0.0685181932054
-0.0622464594389
-0.0300179957663
0.0022104679062
0.0111052788447
0.011966200306
0.0106702373153
0.00165423932259
0.00828114702047
0.0517538355742
-0.00284130765036
0.0048644344564
0.0181773615946
-0.0098121003331
-0.000730064648813
0.0038514530856
0.00599898198749
-0.0288013730956
0.0233204907359
0.020541645811
-0.0209960437953
-0.00919665864867
-0.0109834255167
-0.0247778155123
-0.0173954409137
-0.0286557083575
-0.0165322492242
0.0193209078878
-0.010144242253
0.0541763998095
0.0372523173469
0.0184898443978
0.0100494606821
0.00856522782517
-0.00257924835717
-0.035071559571
-0.0413775007631
-0.0351783622924
-0.00622147146923
0.00183869994346
0.00763857486589
-0.0159083868686
-0.00453806939516
-0.0192633386222
-0.00613709868196
-0.0237591361847
-0.0203098213454
-0.0117472901878
-0.0419424175677
-0.0429076155966
-0.00162044399516
0.0116077609601
0.0164020909667
0.0159362088616
0.0394084914564
0.0177795493584
0.0315073402508
-0.0130079213546
-0.0102995923886
-0.00215428614985
-0.0427552263146
-0.0535348727529
-0.0220758630467
0.00213037913524
0.00174014668644
0.000938510170984
-0.00321503849323
-0.014971316285
0.00766389766045
-0.0106876659642
-0.00257209498292
-0.0229075285981
-0.0468296476622
-0.0444845331557
-0.0307639580467
-0.00153385805753
0.00479952502739
0.00674999880774
0.00741007534579
0.0241149400111
0.0287384962353
0.0263150803993
-0.00217986388691
-0.00251235006128
-0.00856790446654
-0.0230102867432
-0.0319202461999
-0.0135380681098
-0.00619204331042
-0.00206292216906
-0.0113258814616
0.00260042875839
-0.000702569342946
-0.00869075854698
-0.00769043209894
-0.000898053382055
-0.00837241484819
-0.00410235211295
-0.0159427019691
-0.0277830518252
-0.00794070415393
-0.016050849249
0.0137043701665
0.034970465039
0.00764992810376
0.00695288801923
0.0326654682894
0.0161286517147
0.0319969615994
-0.00877496789657
-0.017571802238
-0.00745735171956
-0.00709184969193
0.00293904743355
0.0072954203443
0.0123227346129
0.0214634507541
0.0170028878291
-0.000544907697258
-0.020897736286
0.00697856263643
-0.0117917595165
-0.0224881146445
-0.0150781274315
0.00219596197813
0.00527752437882
0.0141432615488
-0.00736978433475
0.011883761445
0.0262876794655
0.0357230774369
0.0133039424337
-0.0296316849779
-0.0234647739414
-0.00873282396507
0.00501804032961
0.0187689046243
0.0208545451812
0.0268424635105
0.0199721062185
-0.012263829633
0.00170385827532
-0.03367292577
-0.023644535472
-0.0307461854868
-0.0232106074977
-0.0311004467579
0.0015261529328
-0.00407209793232
0.00540106033739
0.0207756857522
0.0198130005324
-0.010298911079
0.016729676309
0.0104111774464
0.0106302943727
-0.0181579806771
0.00828319653504
-0.00547524303979
0.0129993172222
0.00391236524746
0.00468605251447
0.0269219298757
0.0219205704602
-0.0160072035015
-0.0270589232891
-0.0376160182724
-0.032560134797
-0.040563024704
-0.0360270895883
-0.0341330774356
-0.0140123081692
-0.0055085996155
-0.0194516232402
0.000203401266009
-0.0352606323172
-0.0188547813407
-0.0358163002434
-0.0708514489865
-0.0674080591503
-0.0639646693141
-0.0605212794779
-0.0570778896417
-0.00943846218862
-0.0040907981196
-0.00957306192723
-0.0112594010117
0.0139300191644
0.0179772924772
-0.00122263599699
0.00959159460094
0.000601954860132
-0.0181535180355
0.00308785377487
0.00164310082807
0.000198347881275
-0.0143381052723
0.0107841756541
-0.00804820956353
0.00944641036241
0.0164102205831
0.0143147764713
0.0185217367656
-0.0167604212424
-0.0196097389152
0.0126806441441
-0.038751017021
-0.00421531608527
0.00246432749074
-0.00813292181959
0.0134001232041
0.0107963665671
0.00793176555162
0.0201335045275
0.00848689131012
-0.00634876293806
0.00606851457714
-0.0109026711109
-0.0107139881839
0.00696370019097
-0.0226552468733
-0.0237890850369
-0.0378680336249
-0.0359002248744
-0.0272026683012
-0.0151793844409
-0.0202877918714
-0.0583610141682
-0.0570412439143
-0.0464541409488
-0.0358670379832
-0.0189266699139
-0.00112059853277
-0.0166638615666
0.0059404157805
-0.00201698062956
0.0445949400938
0.0171818305141
0.0250897066688
-0.000449851196611
0.0341343462972
0.0128245841984
-0.0163695934357
0.00784633908226
-0.0087658600077
-0.0133332216256
-0.0102941095178
-0.00324501468823
0.00380408014135
-0.00642742029989
0.0195924241324
-0.0246156533937
-0.0163563475364
-0.00704955097773
-0.0374767506794
-0.00722628747664
-0.0106103415792
-0.0191760171598
0.00580517663483
0.0116515173882
0.0177984676593
-0.0114867612563
0.00845444113355
0.0200631853302
0.000776787965113
-0.0151120453144
-0.0151061358404
-0.0108854539984
-0.004124039386
0.0026373752264
0.0093987898388
0.0161602044512
0.00269795345646
-0.000607723427897
-0.0157754446711
-0.0033434085533
-0.0253315574742
-0.0376218212941
0.00874733497628
0.0176419932547
0.0120400191933
-0.00654485828001
-0.0212098647124
-0.0178219625849
-0.0337415080571
-0.0228067065749
-0.0153743638232
0.00850961911096
-0.0280904134588
-0.0646904460285
-0.0388033628005
-0.0129162795725
0.0156483849629
-0.0264119004915
0.00203182144499
0.0112185486783
-0.00997831286437
-0.0222077738738
-0.0191371239156
-0.00787219975147
-0.0359350406049
-0.0407153659037
-0.0271127150059
-0.00164090916088
-0.0198299324692
-0.00961246699736
-0.0250215610752
0.00380486034719
0.00942275141027
-0.00248469519707
0.00634515279254
-0.0226892619709
-0.02969629492
-0.0131426109098
-0.0204473501764
0.0077649444294
-0.0133712926339
0.002626411094
-0.00456800659112
0.00241243998566
0.0113718261895
0.0130196448606
0.0165934437293
0.00543550190974
-0.0295192336315
-0.0440421801399
-0.0178320943781
-0.0100246379462
-0.00346002037045
-0.0119295080229
-0.0103373300138
-0.00168743377311
-0.0165261402037
-0.0026982964944
-0.0242826315648
-0.0043552860489
0.015572059467
-0.0351563129881
-0.00489363969131
0.00709293227366
0.00872067307093
0.0162840289613
0.00282352078948
0.00921231520298
0.00861343856302
0.0143830838858
0.0129915544719
-0.00501201852303
0.00730226239701
-0.001825184964
-0.0179090414278
-0.0148406591247
-0.0255381993626
-0.00819727483804
-0.021585029351
-0.00849881092913
-0.00511697523141
-0.0315281820934
-0.0374550313931
-0.0370497940276
-0.0313876571078
-0.00458101423471
-0.0103795162846
-0.00251697394236
-0.00665576000749
0.00470878574629
-0.00181084546423
0.015594428616
0.0047084671278
-0.0054156962817
-0.00350850136672
-0.0386308541813
-0.0496135774908
-0.0528508825152
-0.0445021600818
-0.0225950865196
-0.032786279052
-0.0264585130725
-0.010256585174
1.76742402269e-05
-0.0244378028358
-0.0426849666729
-0.0553804498763
-0.0686051547249
-0.0537613447429
-0.0389175347609
-0.0240737247789
-0.00922991479693
0.00309261161061
-0.0109831587014
0.019037666376
-0.0054688774806
0.00479675617668
0.0090196239515
0.00901757108236
0.00841112864366
0.00534082656752
0.00691272018677
-0.00644181640131
-0.00814170690803
-0.00656701181808
-0.0264211616855
-0.0127795235712
-0.00159006142078
-0.0194315708594
-0.0114661740649
-0.0122696154694
-0.0169531773587
-0.00308572064207
0.00815217677681
-0.0139314495792
-0.000174358539949
-0.00685456065407
-0.0151511719619
0.00675396148705
0.0268072372849
0.00717764847464
0.029480136536
0.025369731181
0.00658892388215
0.002763194992
0.00988283366897
0.00467286342026
-0.0107197087426
-0.00952051586615
-0.028558274408
-0.00832908609848
-0.00956821122335
-0.0109890125566
-0.00205311470975
-0.00721122170036
-0.0228795996156
0.0184380402689
-0.0124937631812
-0.0302548207064
0.00477506937563
-0.0192790135579
-0.0125041203143
0.00151810335442
-0.00891749719575
-0.000363785286678
0.0141362818053
0.00319945054959
0.00879919187359
-0.00344930492324
-0.0113904965623
-0.00711663743558
-0.00284277830885
0.00143108081787
0.00589452834117
-0.00118799797333
-0.0100330072116
-0.0148962965579
0.00487293814686
-0.0390583010939
-0.0251994105835
-0.0162047147758
-0.0162231149838
-0.0348423319787
-0.0213474418727
-0.00876610293394
-0.0148150539741
-0.0187039812051
-0.00560667767986
0.00267109203515
-0.0116508112939
-0.0131010066218
-0.0135263034659
-0.0286758454249
-0.0649057396572
-0.0178552772333
0.00101356371672
0.00262065114054
-0.00153218219953
0.00548300325951
0.00786778915776
0.010252575056
0.0109550921276
-0.0109350351325
-0.0341334259176
-0.0334884776124
-0.0579523748994
-0.0336511983087
-0.00935002171801
-0.0167236727513
-0.00990976741272
-0.0186545923679
-0.00351979519294
0.000916302876201
-0.000885997751425
0.00433263666164
0.0303121241557
-0.0109291060855
0.000789754280796
-0.00469112190223
0.0288027454158
0.00704950164844
0.00564815382489
0.0168320895377
-0.0218311308626
-0.0188669119508
0.0181309894106
0.00709418342914
0.00483525053779
0.00818048307396
-0.0142453329909
-0.0279431440938
-0.0109536532743
-0.00748422349973
0.000559511622955
-0.00243879902633
0.00514963776664
-0.0129008459049
-0.00977552528342
0.00125958849621
-0.00221506933872
-0.00502391589898
-0.0283521948815
-0.00035834158167
-0.00394641644782
0.00988801223996
-0.0214876888701
0.00532022326093
-0.00921972838235
-0.00443240770266
0.0104880599501
0.0469411722839
0.0125106422972
0.00506414457031
-0.011044701217
-0.0164948421725
-0.00127604560993
-0.0102611661887
-0.0159159930288
-0.00549353157816
-0.000506895835988
0.0042696473182
-0.00558908158622
0.00336117528371
0.0161555510546
0.00665407883869
-0.0165582449959
-0.0120367484241
-0.00731814222757
0.00413970290622
-0.0113832212365
0.0100173318091
0.0190605143866
0.0213980221373
0.0377827136774
0.011695341842
-0.00512112735248
0.00149772743539
-0.0040558205295
-0.00290101237626
0.00555973204427
-0.0288767491625
-0.000396595237707
-0.0137634500121
-0.0159254231
-0.00386793168936
0.00492240057142
0.00980867819844
0.00692126191231
0.00715156545149
-0.0388251021506
-0.0253362488437
-0.00575643950128
-0.00228960921545
-0.00592825490832
-0.00461491988837
0.00691147340807
0.0226164309566
0.0249909725729
0.0199641647703
-0.000346965366224
-0.00584050882585
0.0113612423833
0.0057711765921
0.000181110800895
-0.00778518685256
-0.00447417158461
0.00414055361512
-0.010304708388
0.0104890242722
-0.00446913946896
0.0142280580452
-0.00354198493004
0.0054909560005
0.00613502837918
0.0101451925176
-0.00936275988063
-0.0200798916944
-0.01150571175
-0.0132713395608
-0.0151198303334
-0.00173622068628
-0.0104438086656
-0.0125176367246
-0.0086769210451
-0.0165268489924
-0.0192565480147
-0.000425246449765
-0.0126420265117
0.00618382222377
-0.00318886055291
0.013255741528
-0.0177252215887
-0.00980095578038
-0.00154104746912
0.00942532723473
0.0210143233541
0.0203586886459
-0.012201855383
-0.0282222345363
-0.00384164669342
-0.0120936127699
-0.00159700221845
0.00946603509529
0.00478287645127
0.0109706304013
0.021034701761
0.0313267122549
-0.00929190044247
0.0271542537391
0.0270403133628
0.0288560622361
0.0108633910642
-0.00539229481169
-0.00318067443147
0.0178947146231
-0.0233500619024
0.00846053656244
-0.00887098119458
0.0164024583171
0.0141356865412
-0.0143346878017
0.0106327602533
-0.00461765148192
0.00637439056559
-0.016233129738
-0.0175336591783
-0.012233347783
-0.0259441662395
0.0101125147986
-0.0235422588492
-0.0134720717241
-0.0237956027779
-0.0215346435132
-0.0265268735965
0.002290245033
0.0124645473172
0.0220256955995
0.00103515970733
0.00964798393414
0.0347328158053
0.00272194541931
-0.00507675415452
-0.0120652579399
-0.0264422029403
-0.0325147252418
-0.0332304506311
-0.01628630504
-0.00172508177174
0.00887545123853
0.00894888690699
-0.00421940084122
0.02365822567
-0.00949266267212
-0.0167649089732
-0.0116993052109
-0.000357758808784
0.0105159247679
-0.0264132383519
-0.0192017244818
-0.0119902106117
0.0218182330322
-0.00219135247189
0.0313537926901
0.0155312843583
0.00191377971183
0.00378711157756
0.0133022797021
-0.00652499606507
0.0159157122047
0.00216246887175
0.0150053693249
0.00234356351937
-0.00263294274952
-0.00658943158954
0.00484623773303
0.00224585349374
0.00899934651923
0.000845957714533
-0.0090889084899
-0.00682933126613
0.000758638790314
-0.0103687462335
0.0207288730073
-0.00206702061954
-0.0044264082222
-0.00901392814302
0.0177963702909
0.0228250587017
0.0114735048051
0.0179511700937
0.041234684604
0.0453966748264
0.00306279515876
-0.0170192144051
-0.0159901543961
-0.00960080850115
-0.0032114626062
0.00149742954513
-0.0168928841473
-0.00115570060106
-0.0011012209249
0.0231786698199
-0.0172738036159
-0.00115380962518
-0.00993721863735
-0.00620885256832
-0.00248048649929
0.00842821788648
0.00676232641324
0.00509643493999
-0.013900734402
0.000562523598228
-0.0037747655266
0.0050210468996
-0.000207388889163
0.00243004034656
-0.00578010984385
-0.00948499986548
0.0093477132893
-0.00414885459485
0.0455095593762
0.00138881993002
-0.0045955942439
-0.00207408863642
-0.0234226208307
-0.0203476889481
-0.00574260507817
-0.0235032834367
-0.0129226062731
-0.0384366609454
-0.0260079681178
-0.00815337365572
0.00274773732566
0.00560353659838
-0.00312056010461
-0.00294506056069
0.00262721247171
-0.00573276314731
0.005529684891
0.0128778578504
0.029508910326
0.00680206575789
0.0301092997051
0.00866585537277
0.00316721364847
0.000669650986022
-0.0152924335909
-0.0084141723384
-0.00233063342531
-0.0354672394348
-0.0374960575772
-0.0521101718181
-0.0467113860669
-0.0686040874968
-0.0352190790117
-0.00183407052653
-0.00424701125779
-0.0098097276549
-0.0139079610377
0.0132352470045
-0.0034907177777
0.0116629556812
0.0266277114578
0.00111201412435
0.0338942360188
0.0177141915764
0.00586120525597
0.0301547455048
0.0370658693528
-0.00174264274274
0.00315033436106
-0.0141003566735
0.0131068571316
0.00596105384401
-0.00347941494872
0.00356010105246
-0.00969189055832
-0.00491796356156
-0.00397972441147
0.0182167218343
0.0175873527222
-0.000208473967538
-0.0289355638028
-0.0167955139054
0.0117269784793
0.00431644045324
0.00225326968194
0.00792534720786
-0.00938718268938
0.0114631727175
-0.00822011428093
0.00862592187992
0.0207875067051
0.00342832597762
-0.00642631517323
0.0128811659911
0.000341456038176
-0.0219848953214
0.01488612156
0.0180184996033
0.0187959849109
-0.0188331095629
-0.00545014178969
0.000841523383868
0.00330983279189
0.0145205521656
0.000323300622909
0.00990361507452
-0.00257188475379
0.0117614656118
0.0450720622774
0.00712763780517
0.0412146512194
0.00284604541925
-0.00332218595815
0.00953370249786
0.00431447239947
-0.00137993102919
0.0128624170537
0.0160222208126
-0.0125937230296
-0.00256570360193
-0.0210575469238
-0.0197220679481
-0.0272443458421
-0.0342372865113
-0.00464842882908
0.0108711655503
-0.0119915214359
0.00353688692895
0.001036618208
-0.00146365051294
0.00639916345653
0.0171501094041
0.00106315717314
-0.00492183468351
0.00171716825835
-0.0108533912918
-0.0139618496129
0.0313844867822
0.0170601626675
0.015654884202
0.00483287281352
-0.00411914094012
0.0122532664936
-0.00893872632335
0.0141696577641
0.011186282511
-0.0209712316574
-0.00879236509588
0.00090063276411
0.0105936306241
0.00985319598287
0.021640363189
0.0173497766591
0.0205524764402
0.0108183252089
0.00608565712657
0.00687392877366
0.0123628974148
0.00631569767171
0.0177671536028
0.00239293913686
0.0164892693638
0.0190001889928
0.0134301686833
0.0265306569926
0.00543562464235
0.00155553830973
0.0236461475549
-0.00038696966039
0.0161111223492
0.00674072368569
-0.0040759099323
-0.0134154984597
0.01785301989
0.025032938291
-0.00233230758916
-0.000144209044336
0.0243722345022
0.0103665341164
0.0199324031193
0.0262751309604
-0.00668620647471
-0.0145616725476
-0.00076922814519
0.00987129615876
0.00292206506978
0.00967117239303
-0.00253592957262
-0.00194709186613
0.0155851867412
0.0142264560205
0.0293875434385
-0.005343053218
0.0280700780949
0.0135016743175
0.0326987221976
0.0154864928278
0.0101402705671
0.0165910607925
0.0166435412739
-0.00172499076337
0.00594139070156
-0.000460621111989
0.0151946144549
-0.0104464719507
0.000905324961366
0.00132949133956
0.00724753210774
0.00874767928085
-0.00262774661994
0.00689638852821
0.00291458325047
-0.00466436646081
0.0132258342494
0.0186888990036
0.0222810636258
0.0341541776289
0.0152380879187
0.00744953314083
0.00280671053539
0.00507963180443
0.0144431809388
0.00796517361035
0.0180930403654
0.0195613926109
-0.00807435864107
0.00102423184319
0.0214688842663
-0.00923937330113
-0.00371249989962
0.0144605096347
0.0235181621383
-0.0145196018585
-0.0106092661847
0.00664564831185
-0.0107224841476
-0.00915249653444
0.00244675872059
-0.000988538134866
0.0121891989793
0.00665384638415
0.00644722437775
-0.00616154769195
0.0239610512933
0.0288767133761
0.0337923754589
0.028334787141
0.0243411078568
0.018100761153
0.0107656557876
-0.0123897303147
0.0141076992002
0.0157950520734
0.00186908914894
0.00565494288245
-0.00149198100981
-0.00981905113298
0.00237586580686
-0.00388849044985
0.00380767634851
-0.00188626207515
0.00447419319275
-0.00126460101322
0.00551877476472
0.0134646234658
-0.00713674980821
-0.00144219070141
-0.00753804938811
-0.00316768372868
0.0111254054485
0.0102599529669
0.0101205176888
0.00668536535304
0.0093557673564
0.0329258925434
0.0408618873969
0.0287043094432
0.00702283223699
0.0136194007344
0.00720327896762
-0.00490982952912
0.000697822955172
0.00158005476184
-0.00200900314945
-0.000332698841691
-0.0109672812205
-0.00926444931933
0.000742092216926
-0.00904590178278
0.0125595660415
0.0098822215789
0.00812719663427
0.00217834847375
0.00292075686403
0.00290290497673
-0.00400071801055
0.00287956011733
0.0051750321402
0.00859423755989
0.00317975397885
0.000498045283001
-0.00245731194222
-0.00207122093789
0.0255527878516
-0.0055560340814
0.0196556292914
0.00757480050277
0.0113366385691
-0.00947738132906
-0.00145772942879
-0.00453319172702
-0.00568292794744
-0.000584117779247
-0.00901605644501
-0.00304638041209
-0.0113527189809
0.00859587589481
0.0253091119511
-0.0197698508832
0.000125673889701
-0.000821785369131
-0.0142154353302
-0.0162046464123
-0.000925233822442
-0.0107761082013
-0.00433477846609
-0.0237319273748
-0.0333734128292
-0.0161957532879
0.0212443228914
0.0118144480442
0.00891318191973
-0.00996506360775
-0.00366384389883
-0.00691036490812
-0.00539761384428
0.0218247138511
-0.0243463985055
0.0270765443764
0.0233149172402
0.0158842933739
0.00845366950752
0.00132427613558
0.00205575375148
0.00278723136738
0.00246249647243
-0.015746009204
-0.0339545148805
-0.00513305656968
0.00710455647972
0.018670332845
-0.00798583840871
-0.00477969239187
0.00466573909481
0.00400040573224
-0.000832910261201
0.0201064984815
0.0163283456545
-0.0394535615331
-0.0116356038401
-0.0228104134503
-0.0317793027348
-0.0180525302283
0.00468066926465
0.000249647063698
0.0149868841778
-0.0185105242883
0.0105576447582
-0.00514586008318
-0.0174932294575
-0.0133222747817
-0.023172747544
-0.0046797835781
0.0409107796904
0.00832665814969
-0.0120264279068
0.00599404153316
0.0303546368036
0.0122050980785
0.00883795585201
0.00524392549127
0.0075110215597
0.0133951959844
0.00525149769767
-0.00931828463367
0.000614860516812
0.0531830188872
-0.00709537453377
-0.0193303848635
-0.00140392288307
-0.00501454350562
0.000624864388296
-0.00430678547886
0.0123607278823
-0.000738544961064
-0.0148432788155
0.00361824809558
-0.000476360707255
0.00740493947753
0.0141829560796
0.00990651513396
0.0236014340529
0.0296118853394
-0.00553384922994
0.00669684784324
0.0108896386458
0.0150824294483
-0.0139908354944
-0.0302671618477
-0.0249765744751
-0.00493930747792
-0.0173196254037
-0.0163279290705
0.00982470279897
-0.0214957442188
0.00520138053988
0.000379801921429
-0.000176782800623
-0.0211354989591
-0.0207819263981
-0.010711093784
-0.0345611583324
-0.0579779787271
-0.0583924334884
-0.00952349740602
0.0209087134513
-0.00224307151739
0.0221866768111
0.00360192773277
-0.00903603546422
-0.00490430403603
-0.00524775823078
0.00385176541024
-0.00744257199284
-0.0187854669672
-0.02698544549
-0.0117147664402
0.00355591260966
-0.0111518625999
-0.0113994375695
-0.0121588880091
0.0244665668994
0.00286879822061
0.0594439673853
-0.0115197463223
-0.00334506366133
-0.00829725408168
-0.00132320806274
-0.00291981531377
0.00237003211526
0.020962665928
0.00566868879596
0.00794822583475
0.00216671456989
0.00786476893381
0.015954667145
0.00137483344915
0.00632297261304
0.03099654374
0.0129966477414
0.00586074938834
0.0153190506987
0.018826960828
0.0148198422771
0.0170496443365
-0.0056059489729
-0.000627365866993
-0.00122592344151
-0.0186588458736
0.00370693295087
0.0119420316173
0.00395448804424
-0.00542931981914
0.0079358385269
0.00120647352972
0.0110165381077
0.00798932119605
0.00123761036455
0.0101253557911
0.00115151246684
0.0143004505686
0.0198665691078
-0.0174465881104
-0.0107447979592
0.00173645721774
0.00859005632762
0.0142247816361
0.00377238377417
0.00350583810623
0.0115398714852
-0.0250326006594
-0.0239974679579
0.003029452324
-0.0184633047065
-0.00866498650087
0.00102066168891
0.00817838627073
-0.000474024980091
0.00203193914633
4.56635437589e-05
-0.0220015659723
0.0245978372721
-0.0106325297208
0.0110700127914
-0.00107549389407
-0.0287172121863
-0.0109689551345
-0.00928807361629
-0.00131756987443
0.0238253117319
0.0234378484051
0.0222563577713
0.0122926741793
0.00414670281484
-0.00320499953966
-0.0119700153708
0.0118601052983
0.0155751234889
0.0187758615115
0.00196013467408
0.0130622520603
0.00507716310776
0.0205491244571
-0.00278405027155
0.013228892229
-0.00411592647966
-0.00655721439067
-0.00403882117137
-0.0218513627579
-0.0380477634724
-0.000454879468397
-0.0203448148059
-0.00984627935744
0.0608779596195
0.0165549535869
0.00625068380323
0.022750239528
0.00310844138757
0.00635036078452
0.00983933768318
0.000708633683566
-0.012661132323
0.00106777177894
0.0063014378749
0.00377169266493
-0.00765984627714
0.0222777659747
-0.0059147524199
-0.011543099121
-0.0248003661199
-0.00206263692351
