0.0138732206435
0.0135536982153
0.0132341757871
0.0129146533589
0.0125951309307
0.0122756085025
0.0119560860743
0.0116365636461
0.0113170412179
0.0109975187897
0.0106779963615
0.0103584739333
0.0100389515051
0.00971942907691
0.00939990664871
0.00908038422051
0.00876086179231
0.00844133936411
0.00812181693591
0.00780229450771
0.00748277207951
0.00716324965131
0.00684372722311
0.00652420479491
0.00620468236671
0.00588515993851
0.00556563751031
0.00524611508211
0.00492659265391
0.00460707022571
0.00428754779751
0.00396802536931
0.00364850294111
0.00332898051291
0.00300945808471
0.00268993565651
0.00271369423554
0.00289561489354
0.003083399047
0.00293026282128
0.00293879154196
0.00304456290821
0.00273600597802
0.00289119823462
0.00296216937453
0.00337474623724
0.00319252098208
0.00298448111701
0.00297519090342
0.00290856027314
0.00271186665254
0.00278382773324
0.00290155453829
0.00319267328066
0.00328618461094
0.00334131669817
0.00346924750831
0.00334344887833
0.00332928511007
0.00300184315553
0.0031480497957
0.00321300514156
0.00301699686459
0.00300648826233
0.00274910365621
0.00288259336465
0.00265970438769
0.00265505928089
0.00256284248858
0.00268338681742
0.00265696301318
0.00244404959344
0.00262985386532
0.00262033520385
0.00270927757662
0.00277545131115
0.00301791065609
0.00291739359098
0.0030879680045
0.00291769818815
0.00300184315553
0.00316267045971
0.00330971474209
0.00028594059053
-0.00273783356103
-0.00277552746044
-0.00271643561004
-0.00253283966763
-0.00265505928089
-0.00259505363899
-0.00240186288581
0.00122954453928
0.000732898858471
0.000236253177662
0.000276536152999
0.000166576575709
0.00028308499209
0.000480616254896
0.000321844981592
0.000290928369141
0.000631620300442
0.000422362046706
0.000487088944695
0.000790543872329
0.000733584202098
0.000662460763601
0.000802956206885
0.000795417427002
0.000882532216766
0.000793742142583
0.000691549793051
0.000605272645495
0.000711272459615
0.000848950379104
0.000717288253663
0.000545723899345
0.000536509835043
0.000520137737316
0.000426778705627
0.000403248574476
0.000293745892936
0.00035344693767
0.000473305922888
0.000447567462276
0.000112282130689
1.31357528272e-05
5.74546406273e-05
-0.000465272172608
-0.000987998985844
-0.00106193994814
-0.00122459483532
-0.00142639045846
-0.00136105436614
-0.00115864954866
-0.00110717262744
-0.00103026184277
-0.00095091428076
-0.000846513601767
-0.000753535316538
-0.000991578002556
-0.000958986105686
-0.000973759068286
-0.000882456067475
-0.000972007634576
-0.000860677370033
-0.0008462090046
-0.000830750698375
-0.000553795724271
-0.000796178919919
-0.000729167543177
-0.000718506642331
-0.000840726255594
-0.000860753519325
-0.000843315331514
-0.000689265314298
-0.000764424665258
-0.000877125617052
-0.000667715064732
-0.000552348887727
-0.000806306775722
-0.000744701998694
-0.000715689118537
-0.000796407367794
-0.000983734625506
-0.000886187382771
-0.000786203362699
-0.000754220660163
-0.000886187382771
-0.000697946333558
-0.000708987980862
-0.000662232315726
-0.000620730951721
-0.000523031410403
-0.000371037424064
-0.000380023040491
-0.000411320399402
-0.000559659219736
-0.000332962778188
-0.000277449944501
-4.61845454479e-05
0.000178455865222
0.000109388457603
-0.00017967425389
0.000252929872556
0.000256280441393
7.75580536501e-05
0.000242878166045
0.000183253270603
-8.59344757428e-05
0.000225363828942
0.000191020498361
0.000521051528817
0.000690864449425
0.000454953943576
0.00071104401174
0.000614258261922
0.000187593780232
0.000261737807302
0.000335881834372
0.000410025861442
-0.00123875860358
-0.000926165760941
-0.00076579535251
-0.000793209097541
-0.000783842734655
-0.000690026807216
-0.000727339960175
-0.000194218768615
-0.000330602150144
-0.000541307240423
-0.000543058674134
-0.000487545840446
-0.000199168472579
3.40768080593e-05
-5.28095338304e-05
0.000281942752714
0.0008092765981
0.000348801830873
0.000597581567028
0.000993024839099
0.00105478191471
0.00103955205636
0.000883598306851
0.000914050771239
0.000944503235626
0.000974955700014
0.0010054081644
0.00103586062879
0.00106631309318
0.00109676555756
0.00112721802195
0.00115767048634
0.00118812295073
0.00121857541511
0.0012490278795
0.00127948034389
0.00130993280828
0.00134038527266
0.00137083773705
0.00140129020144
0.00143174266583
0.00146219513021
0.0014926475946
0.00152310005899
0.00122977298716
0.00148258863578
0.00146606423947
0.00138435604942
0.00120609055742
0.00124728732426
0.0012884840911
0.00132968085794
0.00137087762478
0.00117372710843
0.0012995257384
0.00138755431967
0.00124302296392
0.00141184594374
0.00133120384377
0.00170433537336
0.000377281665988
0.000431804558883
0.000751707733536
0.000887862667189
0.000778131537774
0.00100558947224
0.00110207062489
0.00109140972404
0.00099477627281
0.00130820675766
0.000863723341703
0.00120502446734
0.00129389069081
0.00125642523927
0.00115050157444
0.00151350524823
0.0011656552835
0.00146362746213
0.00180294870618
0.00172687556372
0.00197458920979
0.00166587998103
0.00177203209373
0.00217821241594
0.00211873981908
0.00215110326807
0.00189585084212
0.00208127436754
0.00216298255759
0.00213023836213
0.0024730624736
0.0025173813614
0.00288746691932
0.0027334169021
0.00292051571194
0.0022062353553
0.00149195499866
0.00166466159236
0.00171141725749
0.00174263846711
0.00183942421693
0.0019126036863
0.00183317997501
0.00162255103402
0.00203093968569
0.00177713409628
0.00179952198805
0.00189493705062
0.00177827633565
0.00203208192506
0.00210944960548
0.00231764176914
0.00205172844234
0.00178680505633
0.00173784106173
0.00147840042473
0.00174614133453
0.00176624474756
0.00186356354241
0.00171952715706
0.00157549077171
0.00161668753855
0.00177568725973
0.0017362419266
0.00170296468611
0.00164935558471
0.0013789494497
0.0010881353045
0.000994014779892
0.000657282611762
0.000595677834734
0.00137978709191
-0.000364107838515
-0.000248360915051
-0.000584560038139
-0.000556917845232
-0.000571386210665
-0.000610755394502
-0.000701906096729
-0.000815749287899
2.76041182603e-05
-0.000638626035283
-0.000475057356598
-0.000425864914126
-0.000238385357831
-8.28885040727e-05
-0.000348344935122
7.66442621489e-05
0.000108322367518
-0.000108779263269
-0.000110226099812
6.59072120119e-05
-5.14388465789e-05
-6.59072120118e-05
0.000193228827822
-0.000154963808717
-0.000503156445255
-0.000172135474007
2.35682057974e-05
-7.19991553521e-05
-4.68698890737e-05
5.36471760397e-05
0.000257498830061
0.000166881172876
0.000142361100931
0.000103068066387
0.00012446601737
0.000221175617895
0.000139315129261
0.000189269064651
7.92333380686e-05
0.000421143658038
0.000673578560197
0.000567959492537
0.000653170550008
0.000816282332942
0.000278896781044
0.000486099003903
0.000574965227378
0.000983201580463
-0.000631848748317
-0.000263057728359
-0.000180816493267
-5.66169984181e-05
-7.755805365e-05
2.98885970129e-05
0.000333571972522
0.000771811146558
0.000894183058405
0.000496150710414
0.000489830319198
0.00062979271744
0.000742722117109
0.00108303330195
0.000712186251116
0.000901493390413
0.000841716196387
0.000890451743109
0.000886263532062
0.00120510061663
0.000750337046284
0.000722009509752
0.000973987516161
0.00167600783683
0.00011190138423
0.000199701517621
0.000220337975686
0.000229475890696
-0.000107865471768
0.000344918216993
0.000229475890696
0.000194523365782
0.00026480916207
0.000609765453709
0.000670075692777
-0.000116292660055
-0.000902661012888
-0.00168902936572
-0.00137498968653
-0.00141489191541
-0.00130820675766
-0.00116535068634
-0.00115811650362
-0.00125825282227
-0.00108851605096
-0.000944898486712
-0.000838670224717
-0.000751936181411
-0.000521508424567
-0.000378119308197
-0.000389998597711
-0.000265494505695
-0.000218891139143
-0.000108093919643
3.16019560764e-06
-0.000126141301788
-0.000399364960596
-0.000254681306266
-0.000156981764948
-0.00042776864642
-0.000375834829445
-0.000197721636036
-0.000367229959477
-0.000452288718364
-0.000277221496625
-7.41313355211e-05
-0.000188736019609
-0.000157971705741
-3.38483601841e-05
4.08540950252e-05
0.000144188683934
-0.000530151369183
-0.0012044914223
-0.000919388473975
-0.000754982153081
-0.000411929593735
-0.000621873191097
-0.000357330551549
-0.000301208523527
-0.000422285897414
-0.000305472883865
-0.000256280441393
-0.000301284672819
1.58009780387e-05
-3.01931941799e-05
-0.000232750310242
-2.08268312943e-05
0.000214246032346
0.000371037424064
0.000431195364549
0.000237776163497
0.000254300559808
0.000201529100623
0.000379261547574
0.000253843664057
0.00135008886813
0.000760312603504
0.000594154848899
0.000646697860209
0.000994547824934
0.00105165979375
0.00101305210283
0.00154160433688
0.00166923054986
0.00159239591448
0.00156064165982
0.00151243915814
0.00121496194991
0.000917484741681
0.00110679188098
0.0011767730801
0.00143674676214
0.00166382395015
0.00194047432708
0.00201426299079
0.00137993939049
0.00176967146568
0.00190034365033
0.00199834778882
0.00169687274277
0.00171065576458
0.00215612912133
0.00191374592568
0.0020686335851
0.00207754305224
0.00180013118238
0.0019569225741
0.00183348457217
0.00155317902923
0.00144055422673
0.00143507147772
0.0013517260779
0.00126838067808
-0.000449775791737
-0.000467442427423
-0.00016056078166
-0.000173430011966
0.000132233245128
0.000225820724692
0.000325423998305
0.000544429361385
0.000408731323482
0.000384820445872
0.000455410839326
0.000428910885796
0.000421981300247
0.000383830505079
0.000700763857353
0.000450384986071
0.000573137644376
0.000537575925127
0.000507496954885
0.000636036959363
0.000557831636733
0.000639844423951
0.000128463855187
-0.000382916713578
-0.000217139705432
-6.84201386397e-05
0.000153707345403
-0.000175866789303
3.59043910614e-05
7.88145169639e-06
0.000243030464628
-2.18929213789e-05
0.000184319360687
0.000211123911384
0.000388856358335
0.000446349073608
0.000416803148408
0.00057854424409
0.000457086123745
0.00077188729585
0.000889461802316
0.00085877363774
0.00114296279456
0.000879257797221
0.00101198601275
0.000884816695519
0.000895744118885
0.000906671542252
0.000844762168057
0.000574051435877
0.000644489530748
0.000861362713659
0.00104533940253
0.00137978709191
0.00141237898878
0.00123967239509
0.0013189438078
0.00114341969031
0.000439419488058
-0.000264580714194
0.000346821949287
0.000217215854724
0.000790010827287
0.000747671821073
0.00106864108581
0.00094002493204
0.000887786517897
0.000869053792126
0.000959823747895
0.00135305869051
0.00144489473636
0.00166763141474
0.00127416802425
0.00145197662049
0.00131726852338
0.0017797231722
0.00175512695096
0.00152683137428
0.00123068677866
0.00183424606509
0.00171865144021
0.00149728544908
0.00117273716764
0.00130264785937
0.00135085036104
0.00113397717813
0.000471782937053
0.000387257223208
0.000660937777766
5.58555055006e-05
-5.95106715047e-05
-0.000323748713886
-0.000731528171221
-0.000703885978315
-0.000528476084763
-0.000353066191211
-0.00243095191526
-0.00217988770035
-0.00202134487493
-0.0016476803003
-0.00162993751532
-0.00146690188168
-0.00119740953816
-0.00103346011302
-0.00102858655835
-0.000830141504041
-0.000690940598717
-0.000780187568651
-0.00053681443221
-0.000347354994329
-0.000435535874179
-0.000348192636539
-0.000543820167051
-5.44086689572e-05
-4.52707539469e-05
-7.23799018109e-05
-8.85997009541e-05
-0.000131700200086
-0.000483091106879
-0.000834482013671
-0.000604663451161
-0.000634742421404
-0.000364488584974
-0.00060763327354
-0.000593012609523
-0.000496150710414
-0.000696194899848
-0.000486251302486
-0.000559126174693
-0.000535976790001
-0.000292070608517
-0.00147596364739
-0.00128460047722
-0.00108798300591
-0.00104069429574
-0.00111006630052
-0.00103292706798
-0.000588443652018
-0.000618751070136
-0.000361518762595
-0.000237700014206
-0.000286435560927
-5.52463111665e-05
-0.000407893681273
-0.00016794726296
-0.000225820724692
-0.000179750403182
-0.000148529193563
-0.000206935700338
-6.65164063459e-05
1.24504092016e-05
-0.000132918588754
6.03483137138e-05
4.08540950252e-05
-0.000187365332357
-0.00041558475974
-0.000706322755651
-0.000486555899653
-0.000345755859203
-0.00021310379297
-9.05795825397e-05
-0.000160941528119
0.00025787957652
-5.25049366634e-05
0.000526762725698
0.000416117804782
0.000214931375972
0.000521203827401
0.000578696542674
0.000732670410597
0.000668400408358
0.00118080899256
0.000804859939179
0.000752621525037
0.00149241189441
0.00123000143503
0.00103292706798
0.00151061157514
0.001278280086
0.000584864635306
0.000695814153389
0.000602531270992
0.000487012795404
0.00115491823337
0.00107914968807
0.00123457039254
0.00129107316702
0.00103749602548
0.00085184405219
0.000870652927253
0.000333115076772
-0.00020442277371
-0.000338217079319
-0.00015705791424
-0.000173353862675
-8.3116951948e-05
-1.32880514109e-05
4.22247822769e-05
4.56515004057e-05
0.00025049309522
0.000263895370568
0.000226810665485
-0.00030265536007
-0.000832121385626
-0.000398451169095
-4.19963344015e-05
-4.99158607438e-05
-0.000115632699526
-1.20696627428e-05
0.000377433964572
0.000245314943381
0.000297629506815
0.000316286083294
0.00046165508125
0.000336008749858
0.000365706973642
0.000242878166045
0.000388475611876
0.000237700014206
0.000322378026635
0.000448938149527
0.000700002364435
0.000792219156748
0.00062156859393
0.000974139814745
0.000775009416812
0.00131696392621
0.000242954315337
0.000320550443633
0.000469955354051
0.000434317485511
0.000515797227686
0.000608470915749
0.000816358482233
0.000843772227264
0.000687818477755
0.000952741863762
0.000988988926637
0.000489259199511
-1.04705276159e-05
0.000265722953571
0.000430205423756
0.000654845834426
0.00082054669328
0.000917180144514
0.000927155701733
0.00129510907948
0.00107579911923
0.00116253316254
0.0015949849904
0.00142996947518
0.00139768217547
0.00159490884111
0.0017095135252
0.00169763423569
0.00201159776558
0.00191039535684
0.00223364910033
0.00198791533585
0.0019846409163
0.00175763987759
0.00194542403105
0.00155386437286
0.00116230471467
0.00117745842372
0.00172946463964
0.00158066892355
0.00167943455496
0.00193324014437
0.00151403829327
0.00163344038274
0.0019763406435
0.00130668377183
0.00168651643909
0.0010470527616
0.000407589084106
9.30163598758e-05
0.000287882397471
0.000723608644879
0.000742493669234
0.000789630080828
0.000946802219006
0.0013641764871
0.00115408059116
0.00111197003282
0.00163694325016
0.00015633449597
-0.00132427425822
-0.0010770175079
-0.00110229907276
-0.000945964576796
-0.00107381923765
-0.000921825251311
-0.000784147331822
-0.000536052939292
-0.000468356218924
-0.000352456996877
-0.00018530930148
-0.00025917411448
-0.000221480215062
-0.000230694279364
-0.000199320771162
-5.90157011082e-06
-0.000101849677719
0.000266408297196
7.1085363851e-05
0.000376900919529
0.000164139798373
0.000425560316959
0.000152108210276
2.23498171295e-05
-0.000107408576017
0.000124694465245
4.07779457334e-05
0.000139924323595
5.34187281644e-05
0.000227191411944
-6.31658375088e-05
0.000234577893244
0.000172744668341
0.000447719760859
0.000633676331319
0.000355160296734
7.66442621489e-05
-5.09819508283e-05
0.000129491870625
0.000305625182449
0.000579458035591
8.05278760283e-05
0.000379794592616
0.000184700107146
0.000642814246329
0.000440409428851
0.000647916248877
1.21458120345e-05
-0.000623624624808
-0.000304482943073
-0.00034171994674
-0.000111977533522
0.0002691496717
0.000471478339886
0.000299990134859
0.000625985252852
0.000670989484278
0.000921292206268
0.000615781247757
0.00102972879772
0.000859687429241
0.000623700774099
0.000943832396627
0.000762216335797
0.000910022111089
0.000960128345062
0.00135397248201
0.000862504953036
0.00103909516061
0.00101107222124
0.00143453843268
0.00158188731222
0.00101107222124
0.000553871873562
0.00073624942731
0.00105310663029
0.000973987516161
0.00104998450933
0.00115697426424
0.00133508745765
0.00158462868673
0.00123837785713
0.00150314894455
0.00146073378904
4.25293794437e-05
0.000555242560814
0.000868063851333
0.00073929539898
0.00100025902182
0.00100124896261
0.00132313201885
0.00122406179028
0.00119146989341
0.000967286378487
0.00187742271351
0.00103437390452
0.000191325095527
-0.000651723713464
-0.000668628856233
-0.000265570654987
-0.000280191319004
-2.24259664211e-05
-1.1688916284e-05
6.85724372231e-05
0.000196274799492
0.000144417131809
0.00013794444201
-0.000198749651474
-0.000535443744958
-0.000353979982712
-0.000507040059134
-0.00025308217114
-1.00897811572e-05
-0.000247904019301
9.99459454252e-05
0.000259783308814
0.000421219807329
0.00014837689498
0.000321540384425
0.000650809921963
0.000501861907295
0.000501252712961
0.000755743645998
0.000935151377367
0.000975434352705
0.000766099949677
0.000492419395118
0.000657739507513
0.000958072314185
0.000722390256211
0.000643956485706
0.00125931891236
4.71744862407e-05
7.1085363851e-05
0.000374844888652
0.000498892084917
0.00019315267853
0.000427083302794
0.000128045034082
0.000236024729787
0.000136193008299
-6.63641077624e-05
0.000292070608517
0.000900275001745
-0.000373854947859
-0.000157819407157
-0.000121953090742
-0.000117688730404
8.45637884912e-05
1.63720977264e-06
0.000497749845541
0.000211200060676
0.000459218303914
0.000515568779811
0.000638092990241
-0.00017247814582
-0.00098304928188
-0.0010262259303
-0.00086616011904
-0.00052333600757
-0.000599104552863
-0.000377281665988
2.32636086304e-05
-8.13655182377e-05
-4.09302443171e-05
-0.000272271792661
-0.000156448719906
0.000435307426303
0.000642890395621
0.000752012330703
0.000739447697563
0.000826486338037
0.00106605200989
0.00115507053195
0.00144687461794
0.00112247863508
0.00129130161489
0.00140895227065
0.00140194653581
0.0014251720698
0.00155485431365
0.00205157614375
0.00150048371934
0.00184719144469
0.00135854143951
0.00188039253589
0.0018563293597
0.00174781661895
0.00129244385427
0.00134003716162
0.00165681821531
0.000646012516585
-0.000364793182141
-0.00029047147339
-0.000162083767495
-0.000257346531478
-5.28856831221e-05
0.000265570654987
-1.92276961676e-05
0.000489525722031
0.000242268971711
-0.000104743350806
-0.00013969587572
-0.000437934576869
-0.000736173278018
-6.68971528046e-05
-0.000591337325105
-0.000395938242468
-0.000246000287007
-7.30652454366e-05
-0.000103448812846
-9.09603289985e-05
4.18821104686e-07
-4.9839711452e-05
-3.33153151417e-05
-0.000703771754376
-0.00137422819361
-0.00125079019168
-0.00128878868827
-0.00115682196566
-0.00130752141404
-0.00122231035657
-0.00060504419762
-0.000850244917063
-0.000526991173574
-0.000417183894866
-0.000216530511098
7.11615131428e-05
4.61083961563e-05
0.000685762446878
0.000450994180405
0.000536129088584
0.000475438103057
0.000721704912585
0.000700002364435
0.000769374369222
0.00083227368421
0.000717821298706
0.000993710182725
0.000291804085996
-0.000410102010733
-0.00011190138423
-0.000146473162686
-1.48110372459e-05
0.000231531921574
0.000210819314217
0.000164292096956
0.000418402283535
0.000338445527194
0.000484728316651
0.000772420340892
0.000698174781433
0.000733355754223
0.000811484927561
0.000872023614505
0.000908118378795
0.000739980742606
0.000901645688996
0.001460200744
0.00122337644665
0.00134354002904
0.00188039253589
0.00144649387149
0.00148548230886
8.40307434489e-05
-3.01170448881e-05
-0.000153631196111
0.000503994087464
0.00148913747487
0.0010114529677
0.0013752942837
0.00111448295944
0.0014407826746
0.00145624098083
0.00181079208323
0.00162529240852
0.00231253976659
0.00248319032941
0.00248791158549
0.00190750168376
0.00245204526908
0.00245600503225
0.00260198322454
0.00264957653188
0.00235571641501
0.00243978523311
0.00261416711122
0.00193761872864
0.00126107034607
-0.000287577800304
-0.000204651221585
-6.14905530902e-05
-2.00653383768e-05
0.000166043530667
0.000362204106221
0.0006689334534
0.000751555434952
0.000670837185694
0.000742265221358
0.00102409375013
0.000896772134324
0.000846513601767
0.000943680098044
0.00103071873852
0.00121796984694
0.00101000613116
0.00111090394273
0.00131810616559
0.00158912149494
0.00162909987311
0.00153353251196
0.000824620680389
0.000115708848818
-4.18821104686e-07
0.000369362139646
0.000949924339968
0.000803032356177
0.000446349073608
0.000587149114058
0.00045426859995
0.000703505231856
0.000930277822695
0.000944213143086
0.000898142821576
0.00101076762408
0.00126091804748
0.00120053165913
0.00150985008222
0.00121652301039
0.0012856665673
0.00165834120114
0.00162765303657
0.00145068208253
0.00145997229613
0.00139638763751
0.00178436827899
0.000162464513954
0.000625147610643
0.000774171774603
0.000996756154395
0.000860068175699
0.000813769406314
0.00118629174157
0.000994090929184
0.00113093120646
0.00124827726505
0.000942157112209
0.00112575305462
0.00126525855711
0.00137171526698
0.00145791626525
0.00136874544461
0.0014084953749
0.00129899269336
0.00148753833974
0.00161874356943
0.00148951822133
0.00174606518524
0.00160001084366
0.00223958874509
0.00035519837138
0.000446120625732
0.000656901865304
0.00113199729655
0.000961955928064
0.00132198977947
0.000882532216766
0.00145410880066
0.00136014057464
0.00162255103402
0.00160937720654
0.00131940070355
0.00174400915436
0.00137293365565
0.00135876988739
0.00160313296462
0.00115468978549
0.00155462586577
0.00138092933129
0.00116923430021
0.00157313014367
0.00114288664527
0.00137887330041
0.000151384792005
-0.0010761037164
-0.00118157048548
-0.000844533720182
-0.00116595988067
-0.00126175568969
-0.00107260084898
-0.00126129879394
-0.00121743680189
-0.00112864672771
-0.00121530462173
-0.0012469065778
-0.000760921797838
-0.000731832768388
-0.000893269266904
-0.000831131444833
-0.00104594859687
-0.000758180423334
-0.000756962034666
-0.000660100135557
-0.000626975193645
-0.000474828908723
-0.00027265253912
-0.000282551947048
-0.000806497148949
-0.00133044235085
-0.001306988369
-0.000858545189864
-0.000710967862448
-0.000291461414183
-0.000473610520055
-0.000417107745575
-0.000400659498556
-0.000247675571425
-0.000181044941142
-0.000247142526383
-0.000229475890696
-3.78081233552e-05
0.00025963101023
0.000248893960093
0.00018401476352
0.00031392545525
0.000494475425995
0.000494627724579
0.000305168286698
0.000571386210665
0.000707693442902
0.000171069383922
0.00122093966931
3.33914644335e-05
0.000232445713075
0.000427616347837
0.00049249554441
0.000377433964572
0.000675634591075
0.000598647657113
0.00051336045035
0.00102485524305
0.0010077978017
0.000917484741681
6.78490189515e-05
-0.000781786703778
-0.00054549545147
-0.000313163962332
-0.000160332333785
0.00042647410846
0.000205488863794
0.000428758587213
0.00031872286063
0.000353979982712
0.000458913706747
0.000537804373002
0.000873622749631
0.000535215297083
0.00093134391278
0.000539479657421
0.000752849972912
0.00115042542515
0.000939948782748
0.00092875483686
0.00113161655009
0.0013245027061
0.00148692914541
0.00116679752288
0.000942994754418
-0.000719191985957
-8.25077576139e-05
2.53196395077e-05
7.87002930263e-05
0.000181197239725
0.000703429082564
0.000683554117417
0.00107732210507
0.00101388974504
0.00114128751014
0.00132876706644
0.00047136411595
-0.00038603883454
-0.000473686669347
-0.000189954408277
-0.000143655638891
-0.000110606846271
0.000200006114788
9.74330187975e-05
5.94345222129e-05
0.000287882397471
0.000554481067896
0.000424646525458
0.000710510966697
0.00061197378317
0.00052683887499
0.000727796855925
0.000728786796718
0.000768003681971
0.000902864077664
0.000989293523804
0.00131863921063
0.00136752705594
0.00114791249852
0.00120235924213
0.00185214114865
0.00032565244618
0.000342252991782
0.00072886294601
0.000542830226258
0.00059940915003
0.00103285091869
0.00111410221299
0.00114296279456
0.00121446697952
0.0011915460427
0.00118294117273
0.00126891372312
0.00109559793509
0.00121111641068
0.00127302578487
0.00154571639864
0.00125307467043
0.0017390594504
0.00151198226239
0.00164295904421
0.0015147236369
0.00151129691877
0.00146454125363
0.00154259427768
0.00116123862458
0.000459751348956
0.00043469823197
0.00039258767363
0.000321388085842
0.000619664861637
0.000641900454828
0.000551130499059
0.000696347198431
0.000405380754645
0.000741122981982
0.000956701626933
0.000941928664334
0.000944136993794
0.000930125524112
0.00102653052747
0.00120175004779
0.00133699118995
0.00132198977947
0.0011961150002
0.00109658787588
0.00144207721256
0.00135503857209
0.000688161149567
2.12837270448e-05
0.000146777759853
0.000787650199243
0.000985486059216
0.00108341404841
0.000948096756965
0.00113603320901
0.00119855177754
0.00168529805042
0.00204913936642
0.00215445383691
0.00187216841238
0.00150855554426
0.00207754305224
0.00259391139961
0.00252804226225
0.00266518713669
0.0026623696129
0.00283271557855
0.002787939795
0.00275496715167
0.00311545789883
0.00300991498046
0.00177488769217
0.00053986040388
0.000706931949985
0.000504374833923
0.000618370323677
0.000699926215144
0.000588215204143
0.000729167543177
0.000774704819645
0.000836766492423
0.000813236361272
0.000936978960369
0.00103429775523
0.0010262259303
0.00103193712718
0.000977109637123
0.00097695733854
0.000861286564367
0.00118339806848
0.00101602192521
0.0011693865988
0.000973226023244
0.00129061627127
0.00134635755283
0.000689303388944
3.22492250573e-05
0.000531255533912
0.000720105777458
0.000588367502726
0.000919388473975
0.000757190482542
0.00108486088495
0.00130866365341
0.00111867117049
0.0010742761334
0.00104945146429
0.00110024304189
0.00142045081371
0.00165666591672
0.00119390667074
0.00168842017138
0.0013346305619
0.00151434289044
0.00145532718933
0.00117837221523
0.00148670069753
0.00145959154967
0.00159216746661
0.00213358893097
0.000632077196192
0.000709825623072
0.000923043639979
0.000926546507399
0.00118910926536
0.00096698178132
0.00109262811271
0.00104678623908
0.00130950129562
0.00135625696076
0.00141291203382
0.00129442373586
0.00162529240852
0.00175322321867
0.0019145074186
0.00174339996003
0.00170646755353
0.00197664524067
0.00238137872633
0.00195539958827
0.00220044800913
0.00175284247221
0.00215498688195
0.00246156393055
0.000541840285465
0.00084704664681
0.000630858807524
0.000827400129538
0.00120296843646
0.0011490547379
0.00142448672617
0.00146652113522
0.00118827162315
0.00162468321419
0.00188478381172
0.00214488440925
0.00240498500678
0.00230088892495
0.0017289315946
0.0019633952639
0.00188793131578
0.00181155357615
0.00194725161405
0.00191275598489
0.00164981248047
0.00141915627575
0.0011083910161
0.00075700010931
0.00040560920252
-0.00123609337837
-0.0016005438887
-0.00167501789604
-0.00168430810963
-0.00164547197084
-0.00157175945642
-0.00135176415255
-0.00143073096809
-0.00144436169132
-0.00142936028084
-0.00135374403413
-0.00139379856159
-0.000856489158987
-0.00130036338061
-0.00124705887639
-0.00133325987465
-0.000857250651905
-0.000864180237454
-0.00107876894161
-0.000762368634381
-0.00101754491104
-0.000612354529628
-0.000790848469496
-0.000718125895873
-0.000663069957936
-0.000527904965075
-0.000316819128337
-0.000512827405308
-0.000192162737738
-0.000106190187349
5.73023420438e-05
-0.000334028868273
-7.68727100242e-05
-2.01414876686e-05
-0.000268768925241
-0.0018471152954
-0.00162932832098
-0.00135777994659
-0.000983963073381
-0.000997898393772
-0.00137605577661
-0.00101708801529
-0.000913601127801
-0.000561867549196
-0.000509857582929
-0.000376520173071
-0.000312554767998
-0.000250949990971
4.03210499831e-05
-7.95760098815e-06
0.000317732919838
0.000415356311864
0.000188583721025
0.000220718722145
0.000269835015325
0.000607861721415
0.000439724085225
0.000883369858976
0.000660404732724
0.000804555342012
0.00103559229319
0.000817348423026
0.00116504608917
0.0010742761334
0.00168666873767
0.00156193619778
0.00172908389318
0.00187140691947
0.00142098385875
0.00165742740964
0.00102759661756
-0.00120776584184
-0.000959366852145
-0.00114699870702
-0.000409492816399
-0.000726654616549
-0.00095091428076
-0.000514426540435
-0.000572604599334
-0.000355350669963
0.000436068919221
-0.000105200246556
0.000218053496933
0.000263666922693
0.000465310247254
0.000733888799265
0.00100558947224
0.00125962350953
0.000995461616435
0.00117692537868
0.00132610184123
0.0018424701886
0.00193430623445
0.00215117941736
0.00171217875041
0.00127317808346
0.000834177416503
0.000698631677184
0.00116725441863
0.00119207908774
0.00130379009874
0.00125406461123
0.00151023082868
0.00160709272779
0.00134673829929
0.00178383523395
0.000834367789733
-0.000115099654484
0.000165586634916
3.73512276046e-05
0.00031087948358
-0.000138325188469
0.000383830505079
0.000141828055889
7.61112171066e-05
0.00107869279232
0.000223764693815
0.000353523086961
0.000350400965999
0.000320931190091
0.000752164629286
0.000721552614001
0.000647230905251
0.000850473364939
0.00117273716764
0.000939568036289
0.00111737663253
0.000976043547039
0.00118987075828
0.00123510343758
0.00131049123642
0.00138207157066
0.00111516830307
0.00129114931631
0.00118469260644
0.00133539205482
0.00115156766453
0.00127036055966
0.00138397530296
0.001456545578
0.00134590065708
0.00141527266187
0.0011684728073
-0.000657891806096
-0.000342633738241
-0.00018530930148
7.99186816942e-05
-0.000311564827206
-0.000241507478793
-0.000362965599139
-9.23310162499e-05
0.0002174443026
6.91054822655e-05
8.87139248928e-06
0.000331820538812
0.000623320027641
0.000344232873368
0.000639235229617
0.000755743645998
0.00055767933815
0.000560953757695
0.000566055760243
0.000911773544799
0.000940938723541
0.00127355882992
0.000782091300945
0.00140902841994
0.00116207626679
0.0013531348398
0.00152439459695
0.00163770474308
0.00156482987087
0.00171773764871
0.00206231319389
0.00254205373193
0.00198966676956
0.00236797645098
0.00246986420335
0.00226372807057
0.00282966960688
0.0024103154572
0.00300481297791
0.00284132044852
0.00266290265794
0.00277103465223
0.00255172469198
0.00276753178481
0.00271674020721
0.00269222013527
0.00291175854339
0.00108444206385
-0.000742874415692
-0.00090050344962
-0.000853823933776
-0.000990283464596
-0.00103528769602
-0.000493790082369
-0.000781253658735
-0.000484423719484
-0.000308061959785
-0.000553948022854
-0.000336008749858
-0.000472849027138
-0.00044558758069
-0.000649439234712
9.03511346644e-05
-0.000384668147288
-0.000370885125481
-0.000487850437613
-0.000188507571733
-0.00030349300228
-0.000300980075652
-0.00043820109939
-7.29129468531e-05
-5.97771940258e-06
0.000273414032038
-6.42319275933e-05
0.000316438381878
0.000442237011853
0.000104743350806
0.000480387807021
0.000757875826167
0.000932105405697
0.000822374276282
0.00108851605096
0.00150878399214
0.00147794352898
0.00151731271282
0.00130264785937
0.00143842204656
0.00167082968499
0.00144459013919
0.00155965171903
0.00195250591518
0.00178825189287
0.00189866836591
0.00175741142971
0.00182465125433
0.00164189295412
0.000457466870204
0.000187136884482
0.000131624050794
0.000148300745688
0.000240898284459
0.00024135518021
0.000522269917485
0.000550521304725
0.00081925215532
0.000424951122625
0.000823211918491
0.000697413288516
0.0007354117851
0.000586387621141
0.000415965506198
0.000694215018262
0.000781177509444
0.000825039501493
0.00112278323225
0.000867454656999
0.0010022389034
0.00147413606439
0.00111752893111
0.00177073755577
0.00116611217925
0.00154784857881
0.00172299194984
0.00181528489144
0.00166824060907
0.00186143136225
0.00243536857418
0.00248661704753
0.00253512414638
0.00278634065987
0.00281154607544
0.00256051993518
0.00230949379492
0.00309390764926
0.00243407403622
0.00228504987227
0.00170852358441
0.00173784106173
0.00236119916402
0.00262368577269
0.0024915667515
0.00252271181182
0.00249209979654
0.000436563889615
-0.00161897201731
-0.00155850947965
-0.00132556879618
-0.00116611217925
-0.000892050878236
-0.000945050785295
-0.00117783917018
-0.0011712141818
-0.00128003151971
-0.00100360959065
-0.000416726999116
-0.00104183653511
-0.000901036494662
-0.000907585333753
-0.000760541051379
-6.89151090361e-06
-0.00044079017531
-0.000502318803046
-0.000305625182449
-0.000376824770238
-0.000316133784711
-0.000138477487052
-1.71716652902e-05
8.41830420324e-05
-0.000104971798681
-0.000103753410013
0.000352533146168
0.00022833365132
2.94317012624e-05
4.46615596128e-05
7.89287409015e-05
0.00011319592219
0.000332125135979
1.31357528272e-05
-1.44302907871e-05
0.000147386954187
0.000240669836584
0.000372331962024
-1.00897811572e-05
3.8188869814e-05
0.000586996815475
0.000120353955615
0.000279886721837
0.000515873376978
0.000636417705822
0.00040994971215
0.00064197660412
0.000442389310437
-0.00109795856313
-0.00120974572343
-0.00105912242434
-0.000655074282301
-0.000835167357296
-0.000695814153389
-0.000607861721415
-0.000795188979126
-0.000981221698878
-0.000415280162573
1.36687978696e-05
-0.000238994552165
-0.00017837971593
1.54202315799e-05
4.87736213675e-05
0.000148986089314
0.000497902144124
0.00035519837138
0.000307605064034
0.000783690436072
0.00118446415857
0.00144184876469
0.00126586775145
0.00139638763751
0.00201890809759
0.00241199074162
0.00192075166052
0.00180401479626
0.00247763143111
0.00290680883943
0.00290513355501
0.00308347519629
0.00341289703241
0.00348699029329
0.00326737573587
0.00397914316588
0.00383765778181
0.00399711439874
0.00271354193696
0.00350298164456
0.00346650613381
0.00298052135384
0.0027888535865
0.00287977584085
0.00237779970962
0.00275359646442
0.00285342818591
0.00200281521394
0.00115220224196
0.000301589269986
-2.53957887995e-05
-3.45337038098e-05
0.000205869610253
0.000218662691267
0.000748585612574
0.000338369377903
0.000380632234825
0.000369362139646
0.000206783401754
0.000705028217691
0.000703885978315
0.000746301133821
0.00123784481208
0.0010465577912
0.000451755673322
0.000928907135444
0.000455182391451
0.000642814246329
0.000571919255708
0.000410482757192
0.000550902051184
0.00109765396597
0.000582960903012
0.000817119975151
0.00110999015123
0.00140910456924
0.000936750512494
0.000972692978201
0.0011296366685
0.00129739355823
0.00136615636869
0.00149423947741
0.00140255573014
0.000543249047361
-0.000316057635419
-8.25839069056e-05
6.1566702382e-05
0.000436830412139
0.000317580621254
0.000445206834231
0.000254681306266
0.000250569244512
0.000750641643451
0.000617380382884
0.000608927811499
0.000924262028647
0.000919160026099
0.00096873321503
0.000881466126682
0.00105143134587
0.00110427895435
0.000927993343943
0.00117502164639
0.00132336046672
0.00147116624201
0.00126480166136
0.00148159869498
0.00141009451003
0.00137125837123
0.00140148964006
0.0016365625037
0.0015645252737
0.00155706264311
0.00184109950135
0.00153627388646
0.00178551051837
0.00183409376651
0.00227575965867
0.00220372242867
0.00220433162301
0.00237581982803
0.00195014528714
0.00184658225035
0.00206086635735
0.00267539114179
0.00280956619386
0.00258134676647
0.0021721204726
0.0027389758004
0.00217562334002
0.0025349718478
0.00261660388856
0.00252933680021
0.00257624476393
0.0020649784191
0.0021471435049
0.00244618177361
0.00234711154504
0.00280050442814
0.00236957558611
0.00214386908536
0.0018932617662
0.00186508652825
0.00144306715335
0.00102104777846
0.00054290637555
0.000920759161226
0.000991425703973
0.001534065557
0.00124896260868
0.00100680786091
0.000753154570079
0.00114494267615
0.00107998733028
0.000897305179366
0.00119969401692
0.00152066328165
0.00134041790807
0.00102043858413
0.00154030979893
0.00156810429041
0.00145898235533
0.00112179329145
0.00119565810445
0.00143430998481
0.00158630397114
0.00129838349903
0.000302731509364
-0.000692920480303
-0.000587758308392
-0.000569787075539
-0.000387409521791
-0.000598266910654
-0.000668248109775
-0.000493180888036
-0.000641215111203
-0.000486708198237
-0.000532321623996
-0.000547475333055
-0.000733736500682
-0.000747291074614
-0.000347735740788
-0.00063413322707
-0.000550064408975
-0.000365859272225
-0.000792980649665
-0.00039647128751
-0.000440637876726
-0.000521203827401
-0.000211047762092
0.000161322274578
-0.000154164241153
-0.000289329234014
-0.000355959864297
0.000116774938903
0.000217368153308
0.000106799381683
0.00013185249867
2.93174773258e-06
-3.95595570655e-05
-0.00010839851681
-2.79087154273e-05
-0.00020008226408
1.87708004169e-05
0.000267245939406
9.21787176664e-05
0.000466528635922
-1.19173641593e-05
-0.000110911443438
0.000380556085533
0.000238004611373
2.17406227954e-05
0.000623396176932
0.00064372803783
0.000619207965886
0.000960965987272
0.000655759625927
0.00122413793957
0.00129686051319
0.00160122923233
0.00120708049822
0.00120083625629
0.00127317808346
0.00112445851666
0.0017482735147
0.00134346387974
0.00146332286496
0.00105341122746
0.0015220339689
0.00132534034831
0.00154495490572
0.00105371582463
0.000953884103139
0.00104556785041
0.000722618704086
0.000866769313374
0.000959519150728
0.00063588466078
0.000733584202098
0.000563542833615
0.000393501465132
0.000131624050794
0.000408579024898
0.00034476591841
0.000461502782666
0.000323367967427
0.000131091005752
-0.000110226099812
-5.17434437459e-05
-4.28339766109e-05
-0.00022224170798
-0.000161626871745
6.94100794325e-05
0.000549759811808
9.49200921696e-05
0.000135507664674
3.30868672664e-05
0.000227724456986
-0.000270748806826
-0.000239908343666
-3.65897346871e-05
5.47894154159e-05
5.14007719321e-06
0.000278972930336
0.000185004704313
0.000160408483077
-0.000138020591302
-7.1694558185e-05
-4.9839711452e-05
-0.000231684220157
-6.54503162614e-05
6.4612674052e-05
3.36960616005e-05
0.000327327730598
0.000185080853605
5.89014771706e-05
-0.000203508982209
0.000530417891702
-3.48383009768e-05
-0.000229780487863
-0.000178684313097
0.000291537563475
-0.000132918588754
-1.54963808716e-05
0.000222774753022
8.05278760283e-05
0.000325957043347
7.64158142736e-05
1.31357528272e-05
0.000129644169209
-5.39517732067e-05
0.000117231834653
-4.72506355325e-05
-0.000178532014514
-1.37449471613e-05
9.36255542099e-05
4.70983369489e-05
6.43461515315e-06
-2.95839998459e-05
-6.05767615892e-05
-0.000300980075652
-0.000235872431204
0.000124237569494
-0.000228714397779
-0.000124846763828
-0.0004104066079
-0.000331896688104
3.05739406388e-05
-0.000250188498053
-0.00019703629241
0.0002174443026
-0.000114566609442
0.000173353862675
0.000114262012275
0.000511152120889
0.000145940117644
-0.000116698789611
-6.13001798611e-06
0.000107484725309
-0.000119973209156
-7.72915311287e-06
-0.000235339386161
-4.64129933232e-05
-0.000478560224019
-0.00030524443599
-0.000855194621027
-0.000629640418856
-0.00090050344962
-0.000632305644067
-0.00105188824162
-0.000878724752179
-0.00142821804147
-0.00153284716833
-0.00164387283571
-0.00158653241902
-0.00124987640018
-0.000913220381343
-0.000645327172957
-6.87247358067e-05
-0.000227115262652
-0.00070281988823
-0.00119169834128
-0.000615552799882
-0.000688503821381
-0.000826410188745
-0.000857174502613
-0.000691625942343
-0.00080706826864
-0.000575574421712
-0.000396318988926
0.000104971798681
-0.000319103607089
-0.000387333372499
-0.000566893402452
-0.000391140837087
-0.000384211251538
-0.00073015748397
-0.000277297645917
-0.000678071368411
-0.000667943512608
-0.000824201859284
-0.000541002643256
-0.000760769499254
-0.000832578281377
-0.00100246735128
-0.000896391387865
-0.0010631583368
-0.000899056613077
-0.000895629894948
-0.000685610148294
-0.000880476185889
-0.0011074772246
-0.000753154570079
-0.00110519274585
-0.00116253316254
-0.00103109948498
-0.00115423288974
-0.00149812309129
-0.00128916943473
-0.00154868622102
-0.00118263657556
-0.00143423383551
-0.00157076951563
-0.000484499868776
-0.000828923115373
-0.00129488063161
-0.00145136742616
-0.00121218250076
-0.00143362464118
-0.00146918636043
-0.00132701563273
-0.00142829419076
-0.00150802249922
-0.00164509122438
-0.00158516173177
-0.000470564548385
-0.00139920516131
-0.000952513415887
-0.000698250930725
-0.00111326457078
-0.00123571263191
-0.00110679188098
-0.00121606611464
-0.00134597680637
-0.00145319500916
-0.0012838389843
-0.00156528676662
-0.000310803334288
-0.000211733105718
-0.000461578931958
9.10364782902e-05
-0.000579686483466
-0.000759627259878
-0.000654465087968
-0.000775999357605
-0.000711805504657
-0.000876516422718
-0.00092441432723
-0.0013558762143
0.000572300002166
-0.000127207391873
-0.000100326691884
-0.000307681213326
-0.000482824584357
-0.000626822895061
-0.000836081148797
-0.000999802126065
-0.00107404768552
-0.00121583766677
-0.00156094625699
-0.00151167766523
-0.000424913047981
0.000661851569268
2.52434902159e-05
-0.000149442985064
-7.94617859438e-05
-0.000375377933694
-0.000302807658654
-0.000517929407855
-0.000487469691154
-0.000369209841062
-0.000400202602806
-0.000734041097849
-0.000683097221666
-0.00100734090595
-0.000911697395508
-0.000745539640904
-0.00104632934333
-0.00125048559451
-0.00120129315204
-0.00151495208477
-0.00150581416976
-0.00129975418628
-0.0014703285998
-0.00119009920616
-8.44876391994e-05
-0.000608927811499
-0.00072627387009
-0.000675786889658
-0.000786888706325
-0.000653246699299
-0.000870729076545
-0.000876821019885
-0.00120327303363
-0.00139783447406
-0.00128429588005
-0.00166268171077
-0.000459827498248
-0.00111889961837
-0.00108288100337
-0.00130348550157
-0.00114844554357
-0.00134681444858
-0.00152462304482
-0.00156003246549
-0.00164143605837
-0.00188488534411
-0.00200779030099
-0.00189440400557
-0.00146172372984
-0.0010290434541
-0.00117806761806
-0.00118652018944
-0.00117540239285
-0.00113862228493
-0.00133424981544
-0.00114578031836
-0.00127416802425
-0.00145586023437
-0.00185214114865
-0.00150154980942
-3.19446278902e-05
-0.000429976975881
-0.000466224038755
-0.000822145828407
-0.000595220938984
-0.000506354715509
-0.000830522250499
-0.000543515569884
-0.00080272775901
-0.000795874322752
-0.000638854483158
-0.000915124113636
5.12865479954e-05
-0.000602759718867
0.00020312823575
-0.000278135288126
-8.53252814088e-05
-0.000205412714503
-0.000680965041497
-0.000476199595975
-0.000992491794057
-0.000681041190789
-0.000982363938254
-0.00114334354102
-0.000295801923813
-0.000638397587408
-0.00106567126343
-0.0010077978017
-0.00108493703424
-0.001683622766
-0.0016846127068
-0.00188298161181
-0.00196750732566
-0.00214737195278
-0.00198479321488
-0.00229715760965
-0.00109529333792
0.000106570933808
-0.0009865521493
-0.000936217467452
-0.00103543999461
-0.00106727039856
-0.00132442655681
-0.000939796484164
-0.00159818326066
-0.00150284434738
-0.0016744087017
-0.00183980496339
-0.00136303424773
-0.00168042449575
-0.00134087480383
-0.00191306058205
-0.00220760604255
-0.00215140786524
-0.0024481616552
-0.00251578222628
-0.00257868154126
-0.00309070937901
-0.00265117566701
-0.00262741708798
-0.00125543529848
-0.00229807140116
-0.00182297596991
-0.0022339536975
-0.0018507704614
-0.00210868811257
-0.00243826224727
-0.00234893912805
-0.00235762014731
-0.00216732306722
-0.00244176511469
-0.00229175100994
-0.00177759099203
-0.00126343097411
-0.00118316962061
-0.00134826128513
-0.000848721931228
-0.00141938472362
-0.0015063472148
-0.00143027407234
-0.00177538266257
-0.00198525011064
-0.0022034939808
-0.00209383900067
-0.000805392984221
-0.00171575776712
-0.00144481858707
-0.00142844648934
-0.00161470765697
-0.00172200200905
-0.00180896450023
-0.00185313108944
-0.00190278042767
-0.00208919389388
-0.00211843522191
-0.00178124615803
-0.000260087905981
-0.000739828444022
-0.00105957932009
-0.000955635536849
-0.00133341217323
-0.00131117658004
-0.00143826974798
-0.00198601160355
-0.00193674301179
-0.00133089924661
-0.00158554247823
-0.00151091617231
-0.000316895277628
-0.000480463956313
-0.000446958267942
-0.000625147610643
-0.000661013927058
-0.00101091992266
-0.00119672419454
-0.000972997575369
-0.00113009356425
-0.00121774139906
-0.00153216182471
-0.00129145391348
0.000235567834037
-0.000662613062185
-0.000842401540013
-0.00137940634545
-0.0014888328777
-0.00191686804664
-0.00185686240474
-0.00157267324792
-0.00120570981096
-0.00138526984092
-0.0019043034135
-0.00157427238305
-0.000711615131429
0.000151042120191
-0.000741579877732
-0.000696651795598
-0.000902559480497
-0.000791762260997
-0.000630021165315
-0.000500871966503
-0.000628041283729
0.000124161420203
-0.000533463863373
-0.000997593796605
0.000465005650087
-0.000148757641439
0.000191248946237
0.000775694760438
-0.000403400873059
-0.00058242785797
-0.000671979425071
-0.000677766771244
-0.000687666179172
-0.000986171402842
-0.00113001741496
-0.00112620995037
0.00012667434683
-0.000444445341314
-0.000373702649276
-0.000472468280679
-0.000747367223906
-0.000915352561512
-0.000811713375437
-0.000976576592081
-0.00103528769602
-0.00125383616335
-0.0012432514118
-0.00118720553307
0.000374235694318
-0.000168251860127
-0.000428225542171
-0.000426550257752
-0.000483281480108
-0.000667334318274
-0.000979394115876
-0.000891060937443
-0.00101206216204
-0.00117776302089
-0.00136318654631
-0.00114052601722
-0.000605272645493
-7.00192737665e-05
-0.000383982803662
-0.000208991731215
-0.000509400687179
-0.000345908157786
-0.000596972372694
-0.000826334039453
-0.000802194713967
-0.00125947121094
-0.00102310380934
-0.00113039816142
0.000127283541164
-9.22548669582e-05
-0.000121039299241
-0.000135812261841
-0.000341034603114
-0.000682183430165
-0.00062415766985
-0.00112095564924
-0.000756885885375
-0.000743940505777
-0.000648449293919
-0.000645098725082
0.000970141976929
0.00258538267894
0.00198722999222
0.00232479980256
0.00190133359112
0.00152226241678
0.00139456005451
0.00136798395169
0.00118994690757
0.000989750419554
0.000731985066972
0.000354284579879
0.000192238887029
-9.83468102984e-05
-0.000404086216685
-0.000929516329778
-0.000974520561204
-0.00139052414205
-0.00162986136603
-0.00178010391865
-0.00189463245345
-0.00188663677782
-0.00206277008964
-0.00180241566114
-0.00146092416228
-0.00111943266341
-0.00183866272401
-0.00155180834198
-0.00157990743064
-0.00192806199253
-0.00185061816282
-0.00161478380626
-0.00174560828949
-0.0020834065477
-0.00204906321712
-0.00201205466133
-0.000199777666913
-0.00101449893937
-0.000753078420787
-0.00115819265291
-0.00102477909376
-0.00127767089167
-0.00116139092316
-0.001056685647
-0.00167471329887
-0.0019633952639
-0.0023724692592
-0.00254319597131
-0.00104130349007
-0.00180576622997
-0.00209779876385
-0.00211714068395
-0.00190476030925
-0.00210884041115
-0.00195212516872
-0.00198106189959
-0.00234756844079
-0.00247131103989
-0.00243178955747
-0.00215384464258
-0.00130782601121
-0.000461807379833
-0.000590195085728
-0.000258336472271
-0.00104480635749
-0.00115537512912
-0.00109498874076
-0.00111242692857
-0.00115994408662
-0.00107473302915
-0.00120205464496
-0.00110123298268
0.000564761222283
-0.00035390383342
-0.000554404918605
-0.000593774102441
-0.000767013741178
-0.00111402606369
-0.000950761982177
-0.00112537230817
-0.0010964355773
-0.00113938377785
-0.000989902718138
-0.00139775832476
0.000502851848088
-0.000422590494581
-0.00013923897997
-9.12649261654e-05
-0.000377433964572
-0.000355883715006
-0.00043774420364
-0.000165205888457
-0.000361823359762
-0.000517091765646
-0.000557298591691
-0.000497064501915
0.00137795950891
0.00142623815988
0.000537956671586
0.000513436599642
0.000164596694123
0.000423351987498
-0.000660252434141
-0.000244248853296
-0.000427616347837
-0.000779426075733
-0.000657663358221
-0.000448709701652
0.000843391480806
0.000746605730988
4.26816780272e-05
9.37778527932e-05
-0.000595677834734
-0.000770821205765
-0.00118484490502
-0.00133059464944
-0.00158310570089
-0.00170319313398
-0.0018729299053
-0.00177835248494
-0.00036201373299
0.00105432501896
0.000782928943154
0.000907280736586
-0.000337303287818
-0.000260087905981
-0.000306082078199
-0.000521736872443
-0.000325119401138
-0.000436297367096
-0.000760693349962
-0.00024310661392
-0.000846818198935
-0.000916951696639
-0.000694443466138
-0.000875602631217
-0.000883065261809
-0.000529808697369
-0.00106117845522
-0.00107046866881
-0.00111737663253
-0.00109978614614
-0.00158531403035
-0.00164082686404
-0.000510695225139
-0.00094916284705
-0.000741732176316
-0.000766632994719
-0.00127759474238
-0.00120426297442
-0.00134765209079
-0.00137399974574
-0.00176715853906
-0.00190323732342
-0.00172961693822
-0.00174477064728
0.000144645579684
-0.00051899549794
-0.000507192357718
-0.00120989802201
-0.00110785797106
-0.00132206592876
-0.00142204994883
-0.00155949942045
-0.0015146474876
-0.00189646003645
-0.00177515421469
-0.00191801028602
-0.000825648695827
-0.00075886576696
-0.000999878275357
-0.00116504608917
-0.00111935651412
-0.00137750261316
-0.00136592792081
-0.00181741707161
-0.00184498311523
-0.00158706546406
-0.0017806369637
-0.00174842581328
-0.00105432501896
-0.000360224224636
-0.000220261826394
-0.000452593315531
-0.000857022204029
-0.00107534222348
-0.000670532588527
-0.0011296366685
-0.00100330499349
-0.0015433557706
-0.00123533188546
-0.00140834307632
0.00177363122885
0.000676700681159
0.000654921983718
0.000465081799379
0.000162388364662
9.4158599252e-05
-2.69949239263e-05
-2.44819972984e-05
-0.000370275931147
-0.000393958360882
-0.000772496490184
-0.00114608491552
0.00041726004416
0.00198060500384
0.00145311885987
0.00147931421623
0.000917408592389
0.000676015337533
7.77865015253e-05
-0.000197417038869
-0.000287273203137
-0.00069802248285
-0.000610146200168
-0.000875145735466
4.6603366553e-05
0.000968352468572
-3.74273768964e-05
1.80093074995e-05
-0.000610222349459
-0.000424798824042
0.00028696860597
-0.000284607977925
-0.000688351522797
-0.00103064258923
-0.00112765678692
-0.00128307749138
-9.70522723387e-05
-0.000690940598717
-0.000653246699299
-0.000177313625846
-0.000757799676876
-0.000789173185078
-0.000337455586402
-0.000653627445758
-0.000719801180291
-0.00132214207805
-0.00131300416304
-0.00140643934402
0.000319408204256
-0.000132537842295
-0.000254605156975
-0.00080143322105
-0.00101640267167
-0.000672207872946
-0.000741503728441
-0.000813693257022
-0.00133851417578
-0.0015387106638
-0.00134399692479
-0.00142265914317
-0.000240974433751
-0.000568264089704
-0.00062111169818
-0.000724141689921
-0.00101130066912
-0.000611288439544
-0.00094436544167
-0.000917332443097
-0.00138496524375
-0.001494391776
-0.00174378070649
-0.00176571170251
-0.00103193712718
-0.000298162551857
-3.37722108923e-05
-0.000576488213213
-0.000754982153081
-0.000519909289441
-0.000637559945198
-0.000856260711112
-0.000776760850522
-0.00118553024865
-0.00111608209457
-0.00117616388576
0.000105200246556
-0.000291080667724
2.53957887995e-05
0.000107484725309
-0.000414670968239
-0.000827704726705
-0.000254529007683
3.15638814314e-05
-0.00102059088271
-0.000992111047598
-0.000835928850214
-0.000548846020307
0.000264428415611
-0.000179445806015
-0.000377433964572
-0.000642205051995
-0.00042213359883
-0.000485337510985
-0.000995842362894
-0.00094611687538
-0.00108942984246
-0.000909489066047
-0.000454877794284
-0.000687894627047
1.37957133553e-05
0.000715486053758
0.00141717639416
0.000898675866618
0.000949848190676
0.000421829001663
0.000226658366901
-0.000405913799687
-0.000346669650704
-0.000494856172454
-0.00119200293845
-0.00101838255325
-0.000684391759625
-0.000350400965999
-0.000623548475516
-0.000517548661396
-0.000991501853264
-0.00060024679224
-0.000774400222478
-0.000145178624726
-0.000692006688802
-0.00108120571895
-0.00111425451157
-0.00126084189819
0.00016794726296
0.00159673642411
0.000313849305958
0.000341034603114
0.00015012832869
0.000348725681581
0.000100326691884
-0.00025178763318
-0.000179826552474
-0.000411472697985
-0.00049249554441
-0.000517320213521
-0.000508715343553
-0.000673807008073
-0.000861515012243
-0.000908499125254
-0.000968961662906
-0.001087221513
-0.00118012364894
-0.00130828290696
-0.0013679078024
-0.00125741518006
-0.00147862887261
-0.000897381328658
0.000163949425141
0.00122528017894
0.00143964043523
0.000849635722729
0.000845066765224
0.000339892363738
3.87980641479e-05
0.000336922541359
0.000420153717245
-0.000287120904553
-0.000428530139338
-0.000531407832495
0.000204841594815
0.000941091022124
0.000691854390218
0.000454040152075
3.38483601841e-05
-0.000247599422133
0.000117917178279
5.51701618747e-05
-0.000582580156553
6.23281952994e-05
-0.000460284393998
-0.00086966298646
0.00176456946314
0.000917789338848
0.00099957367819
0.000249503154427
0.000251406886721
9.38540020849e-05
0.000103144215679
-0.000257955725812
-8.6772117952e-05
-0.000338445527194
-0.000660252434141
-0.000597962313487
-0.000512776639113
-0.000427590964739
-0.000342405290365
-0.000257219615992
-0.000172033941618
-8.68482672438e-05
-0.000105961739474
-0.000316895277628
-0.000450156538195
-0.000784604227573
-0.00117791531947
-0.00014826267104
0.00088138997739
0.000357939745883
-0.000296944163189
-0.000631696449733
-0.000838898672592
-0.000774704819645
-0.00133622969703
-0.00133843802649
-0.0013715629684
-0.0017122548997
-0.00146842486751
-0.00121909304899
-0.000969761230469
-0.000720429411948
-0.000471097593427
-0.00105699024417
-0.00113786079201
-0.00109681632376
-0.000720258076042
-0.000698783975768
-0.0011712141818
-0.00127317808346
-0.00141626260266
-0.0015654390652
-0.000816168109002
-6.68971528046e-05
0.00107435228269
1.38972457449e-05
-0.000122790732951
-0.000810494986768
-0.00109057208183
-0.000905910049334
-0.00103521154673
-0.000687437731296
-0.00142037466441
-0.00162514010994
4.2757827319e-05
-0.000511837464515
-0.000125075211704
-0.000693301226761
-0.000979470265167
-0.000896086790698
-0.0010346023524
-0.00151205841168
-0.00139608304035
-0.00159445194536
-0.00156292613858
-0.00172367729347
0.000652865952841
0.00038169832491
-0.00011753643182
-0.000532093176121
-0.000971855335992
-0.000991578002556
-0.000717821298706
-0.00138367070579
-0.00141245513807
-0.00154571639864
-0.00150025527146
-0.00104442561103
0.00135648540863
0.000375758680153
0.000520213886608
0.000285141022967
0.000357863596591
-6.3089688217e-05
-0.000570929314915
9.65953765881e-05
9.43108978355e-05
0.000434850530553
0.000146244714811
-4.68698890737e-05
0.00263244294124
0.00159909705216
0.00123426579537
0.00134635755283
0.00144139186894
0.00145852545958
0.00154015750034
0.0013226751231
0.000978937220125
0.0011056496416
0.000965001899734
0.000828694667497
0.00219892502329
0.00185495867245
0.00150467193038
0.00190917696817
0.00103932360848
0.000751631584244
0.000566969551744
0.000251102289554
0.000197569337452
0.000186451540856
-0.000162769111121
-0.000348954129456
0.00123472269112
0.000545114705011
0.000693529674637
0.000237928462081
5.67312223554e-06
-0.000351162458917
-0.00060329276391
-0.00108501318354
-0.0011001668926
-0.000298086402565
-0.000787802497826
-0.000591641922272
0.000746072685944
0.00208378729416
0.00242364158326
0.00243445478268
0.0021157699967
0.00223913184934
0.0020824927562
0.00134582450779
0.00107397153623
0.001272797337
0.00133447826332
0.00118994690757
0.000444369192022
0.000110073801228
0.000367306108769
0.000638778333866
0.000268540477365
-9.37778527933e-05
-0.000209981672008
-5.98152686716e-05
-0.000244020405421
-0.000539251209546
-0.000198483128953
-0.000464320306461
0.00140286032731
0.000346441202828
0.000195056410824
0.000472392131387
-0.000159113945117
0.000235567834037
-0.000308061959785
-0.000467442427423
-0.000518462452897
-0.000532321623996
8.38784448653e-05
-0.00045167952403
0.00124736347355
0.000561258354862
0.000743331311443
0.000174039206301
5.06773536613e-05
-0.000156448719906
-0.000257727277937
0.000159342392992
-0.000191781991279
-0.000500110473585
-0.000337912482152
-0.000124313718786
0.000740589936942
0.00160549359267
0.000814987794982
0.000840802404886
0.000581666365052
0.00131376565596
0.00112027030562
0.00071759285083
0.000471859086345
0.000636798452281
0.000422057449539
-0.00016360675333
0.00256291863787
0.00157602381676
0.00243574932064
0.00168392736317
0.00118804317528
0.00150581416976
0.00134315928258
0.0013743043429
0.000923272087854
0.000835091208005
0.000211656956426
0.000347278845038
0.00187155921805
0.000726883064424
0.000635503914321
0.000353142340503
-7.77865015252e-05
-0.000284760276509
-0.000164520544831
-0.000781482106611
-0.000725131630714
-0.000857707547655
-0.000869815285044
-0.00067022799136
-0.000157667108574
0.000354893774213
0.000867454656999
6.1566702382e-05
-0.000310955632872
-0.000675710740366
-0.000695281108347
-0.00097307372466
-0.000792904500374
-0.000797245010004
-0.00143880279302
-0.000973530620411
-0.000508258447803
-4.29862751943e-05
0.000743978580423
0.00153094343604
0.000721248016834
0.000444064594855
-0.000299990134859
-0.000110682995562
1.9684591918e-05
-0.000362432554096
-0.000548389124556
-0.000655607327344
0.000697260989933
8.38784448653e-05
0.000390683941337
-6.1566702382e-05
0.000852453246524
8.27362054892e-05
-0.000572756897917
-0.000895401447073
-0.000834329715087
-0.000832959027836
-0.000964545003984
-0.000813769406314
0.00110168987843
0.000597276969861
-6.96385273077e-05
-0.000277449944501
6.05006122973e-05
-0.000651266817714
-0.00044817665661
-0.000162388364662
-0.000922510594937
-0.000788335542869
-0.00118857622032
-0.000609765453709
0.000213332240845
-0.00053422535629
-0.000122638434368
-0.000806535223597
-0.00044863355236
-0.000719420433832
-0.000832806729252
-0.000738381607479
-0.00103566844248
-0.0012229195509
-0.00133021390298
-0.00147504985589
0.0003282415221
-7.19991553521e-05
0.000117917178279
-0.000808667403766
-0.000160180035202
-0.000591185026521
-0.000451907971906
-0.000916647099472
-0.000788944737202
-0.000750337046284
-0.00127470106929
-0.00117959060389
0.000639920573243
0.000317885218421
0.000493713933078
0.000277145347334
0.000830141504041
-3.31249419128e-06
-0.000647230905251
-0.000617304233592
-0.000207011849629
-7.96140845273e-05
-0.000760084155628
-0.000761607141463
0.00122733620982
0.000729167543177
0.000993786332017
0.000780187568651
-1.38210964531e-05
0.000272880986995
0.000425941063418
-0.000405533053228
0.000205641162378
-8.72290137026e-05
-0.000279658273961
-0.000736934770936
0.0023364506442
0.000826790935204
0.000859458981365
0.000692615883136
0.000989293523804
-2.12075777531e-05
-5.60839533758e-05
2.76802675521e-05
-8.6467520785e-05
-0.000573061495084
-0.00076884132418
-0.000905072407125
-0.000168632606586
0.000567807193953
-7.70250086077e-05
2.85559844082e-06
0.000429291632255
-0.000152565106026
0.000178684313097
-0.00106879338439
-0.000968504767155
-0.00128886483756
-0.00118773857811
-0.00173083532689
-0.00123000143503
-0.00101358514787
-0.0017205551725
-0.00164966018188
-0.00188709367357
-0.00166732681757
-0.00139966205706
-0.00169809113144
-0.00207350713978
-0.00226761168445
-0.00236835719744
-0.00244039442744
-0.00142201187419
-0.000403629320935
-0.00126571545287
-0.00150132136155
-0.00172360114417
-0.00184437392089
-0.00177332663169
-0.00183455066226
-0.00191869562964
-0.00222572957399
-0.00212650704684
-0.00193324014437
0.00056506581945
-0.000939415737706
-0.00075147928566
-0.000873470451048
-0.000839888613385
-0.000583646246638
-0.000876897169177
-0.00103033799206
-0.000822069679115
-0.00120928882768
-0.000975205904829
-0.00149332568591
0.00012058240349
-0.000728177602384
-0.000835928850214
-0.000778588433524
-0.000809581195267
-0.000404086216685
-0.000607861721415
-0.000718049746581
-0.00104907071783
-0.00119200293845
-0.000953351058096
-0.000915885606554
-0.000102382722761
-2.5548087383e-05
-1.92276961676e-05
-0.000261306294649
-0.000308671154119
-0.0005729091965
-0.000633828629903
-0.000553948022854
0.000189269064651
-0.000547856079514
-0.000624919162768
-0.000876973318468
0.000772191893017
0.000351771653251
-0.000122562285076
0.000187213033774
0.000351695503959
0.000179065059556
-0.000452288718364
-0.000285597918718
-0.000614562859089
-0.000784528078281
-0.000975967397747
-0.000616238143508
-8.42211166785e-05
0.000447795910151
-0.000130253363543
-0.000323139519552
5.67692970015e-05
0.00024310661392
-0.000433936739052
-0.000642890395621
-0.000910250558964
-0.000422285897414
-0.000610983842377
-0.00088268451535
-0.000453126360574
-2.35682057974e-05
-0.000303340703696
-0.00038520119233
-0.000182491777685
-5.40279224984e-05
0.000388094865417
-0.000192391185613
0.000595677834734
-0.00027569851079
0.00020008226408
-0.000212037702885
0.00129046397268
0.000695509556222
0.000648982338961
-0.000168328009419
0.000306462824658
-0.000195284858699
-0.00019269578278
4.99158607439e-05
-7.34459918954e-05
4.61083961563e-05
-0.000410102010733
-0.000527600367908
0.00108143416682
0.000311564827206
0.000349030278748
-0.000492038648659
-0.000296715715314
-0.000670304140652
-0.000539022761671
-0.000583646246638
-0.000901112643954
-0.000972997575369
-0.00105226898808
-0.00102272306288
-0.0003743879929
0.00027394707708
0.000367077660893
-4.54992018222e-05
-0.000318418263463
4.54992018222e-05
-0.000324510206804
-0.000434545933386
-0.00060633873558
-6.5107644448e-06
-0.000805316834929
-0.00128208755059
4.54230525304e-05
-0.000430433871631
-0.000265875252154
-0.000109845353353
-0.000480997001355
-0.000921672952727
-0.000831664489876
-0.000576335914629
-0.000914210322135
-0.00107229625181
-0.00105660949771
-0.00109331345634
-6.73921232008e-06
-0.000514578839018
-0.000696880243474
-0.000572756897917
-0.000755895944582
-0.000987694388677
-0.00040994971215
-0.000696575646307
-0.00066413604802
-0.00123152442087
-0.00136668941373
-0.000726197720798
0.000303759524801
0.0013337167704
0.00112917977275
0.0010447302082
0.00092220599777
0.00100589406941
0.000793513694708
0.000348192636539
0.000427083302794
0.000854966173152
0.000999040633148
-5.46371168325e-05
-0.000317580621254
-0.000501557310128
-8.86758502459e-05
-0.000305472883865
-0.000406675292605
-0.000530874787453
-0.000734269545724
-0.000829836906874
-0.000296868013897
-0.00131605013471
-0.00135899833526
-0.00104625319403
-0.00054473395855
-4.32147230696e-05
0.000129568019917
-0.000386191133123
-0.00027958212467
0.000881009230931
-0.00022703911336
-0.000410711205068
-0.000885806636312
-0.000809200448809
-0.000973759068286
-0.000696347198431
-0.000188126825274
0.000320093547882
9.85752581737e-05
-0.000485946705319
-0.000619893309512
-0.00061372521688
-0.000947487562631
-0.00108052037532
-0.000191705841987
-0.000806839820764
-0.000610374648043
-0.00042952008013
0.000300599329193
-0.000853671635192
-0.000714318431285
-0.000913753426385
0.00011624189386
-0.00092959247907
-0.00104389256599
-0.00112575305462
-0.00120182619708
-0.000894944551322
-0.00112788523479
-0.00111684358749
0.00102988109631
0.000138553636344
-0.000245543391256
0.00015576337628
0.000295421177354
-0.000351390906792
-0.000175790640011
-0.000228866696362
-7.45882312716e-05
0.000223155499481
-0.000315296142501
-0.000189421363235
0.00110740107531
0.000415051714697
0.000213256091553
0.000398146571928
0.000141218861555
-0.000112282130689
-0.00042213359883
-0.000447262865109
-0.000642128902704
-0.00065195216134
-0.000658805597597
-0.000175790640011
0.0007797306729
-0.000209981672008
-3.78081233552e-05
-0.00024181207596
-0.00032999295581
0.000259859458106
-0.000357025954382
-0.000563162087156
-0.000708759532987
-0.000915581009387
-0.000697108691349
-0.000561410653446
-0.000213827211242
0.000133756230963
0.000649134637545
-0.000323444116719
-0.000430510020923
-0.000486479750361
-0.000502851848088
-0.000626442148603
-0.000800976325299
-0.000571310061374
-0.000897990522992
-0.00106338678468
-0.000649401160066
-0.000235415535453
-0.000103601111429
-0.000356036013589
-0.000674873098157
-0.000803641550511
-0.000642357350579
-0.00106399597901
-0.000673730858781
-0.0007649577103
-0.00115171996311
-0.0013309753959
-0.000726426168675
-0.00012187694145
-3.73512276046e-05
-0.00060199822595
-0.000951066579344
-0.00103757217477
-0.000964316556109
0.000399212662013
-0.000703733679731
-0.00117821991664
-0.000333419673939
-0.00106011236513
0.000254757455558
-0.00137788335962
-0.00160747347425
-0.00161836282297
-0.00192798584324
-0.00171286409404
-0.00146149528196
-0.00206909048086
-0.00192326458715
-0.00206056176018
-0.00182754492742
-0.00192143700415
-0.0012607657489
-0.000600094493656
-0.000617608830759
-0.00135062191317
-0.00167501789604
-0.00103353626231
-0.000929897076236
-0.0011813420376
-0.00176403641809
-0.00199994692394
-0.00145220506837
-0.00230911304846
-0.000385125043039
-0.00120296843646
-0.00108227180903
-0.000840040911968
-0.00158508558248
-0.00161874356943
-0.0015811258193
-0.000534758401332
-0.00138648822958
-0.00135564776643
-0.00180972599315
-0.00151182996381
0.000541002643256
-0.000428910885796
-0.000239299149332
-0.000312859365165
0.000457543019495
-0.000648220846044
-0.00014967143294
-0.000105428694431
-0.000391750031421
-0.000189192915359
-0.000154544987612
-0.000308975751286
-0.000248970109385
-5.53224604583e-05
-0.000187974526691
-0.000287882397471
-6.45365247604e-05
-0.00027394707708
0.000375987128028
-1.93038454592e-05
-0.000175562192136
-0.000749270956199
-0.000622482385431
-0.000557983935317
0.00102706357251
0.000310194139954
0.000493257037327
0.000288263143929
5.96629700882e-05
-0.000249427005136
-0.000366849213018
-0.000763891620216
-0.000811104181103
-0.00069543340693
-0.000962869719565
-0.000897381328658
0.00137917789758
0.000102458872053
-0.000285826366593
-0.000286283262344
-0.000204651221585
-0.000159875438035
-0.000676624531867
-0.00101632652238
-0.000797397308587
-0.000823288067783
-0.000403629320935
-0.00116139092316
-0.000908270677377
-0.000655150431593
0.000254605156975
-0.000905910049334
-0.000901264942538
-0.000479397866228
-0.000823288067783
0.000267169790114
-0.000695204959055
-0.000906671542252
-0.000537347477252
0.000316590680461
0.00139364626301
-7.58066199397e-05
0.000136726053342
0.000212646897219
-8.25077576139e-05
-0.000349030278748
2.47865944654e-05
0.000271129553285
-0.0004611981855
-0.000659567090515
-0.000291385264891
-0.000637559945198
-0.000103753410013
0.000430053125173
1.91515468757e-05
-0.000123019180826
-0.000444978386356
-0.000106799381683
-0.000635427765029
-0.000799377190173
-0.000847655841144
-0.000995080869977
-0.000925861163774
-0.00137255290919
0.00179297314896
0.000927688746776
0.000766176098969
0.000646926308084
0.000269835015325
0.00055592790444
-0.000309508796328
0.000455106242159
-0.000115861147402
0.000723304047712
-0.000106723232391
-0.000409188219232
-0.000552425037019
-0.000398831915554
-0.000492190947243
0.000338521676486
-0.000433022947551
-0.000752849972912
-0.000828999264664
-0.00076191173863
-0.00100360959065
-0.00104678623908
-0.00103665838327
-0.00100840699603
-9.00846121415e-05
0.000828237771747
0.000864332536038
0.000882227619599
0.0008092765981
0.000780416016526
0.00109521718863
0.000771811146558
0.000649134637545
0.000340806155239
0.00011190138423
0.000349487174498
0.00039342531584
-0.000300599329193
-0.000252320678222
0.000189497512526
-0.000436982710722
-0.000517777109272
-0.000419849120078
-0.000613572918296
-0.000828694667497
-0.00103665838327
-0.000695661854806
-0.0010281296626
0.000238156909955
0.00150444348251
0.00123380889962
0.00122901149424
0.000826562487328
0.000617151935009
0.000326490088389
0.000323291818136
0.00015492573407
-0.00010101203551
-0.000199168472579
-0.000439191040183
0.000573632614774
0.00158645626973
0.00166587998103
0.00125627294069
9.79660638396e-05
0.000221175617895
-0.000142056503764
-0.000344842067701
0.000797016562128
0.000773410281685
4.40523652789e-05
-0.000338521676486
0.00164661421021
0.000380708384117
0.000335171107649
0.000972236082451
-8.75336108696e-05
-0.000170460189588
0.000961803629481
0.000646012516583
0.000978784921542
0.000342709887532
-0.000246381033465
-0.000626289850019
0.00104153193795
0.000710663265281
0.00158424794027
0.000480463956313
0.000618598771552
0.000143503340308
-0.000136573754758
-0.000277297645917
0.000127055093289
-1.30596035356e-05
0.00102043858413
0.000192391185613
0.000900313076392
0.00160823496717
0.00116314235687
0.00174690282745
0.00120601440813
0.00128597116447
0.00093873039408
0.00145525104004
0.00107290544615
0.00093438988445
0.000510009881513
0.000297324909648
0.00121454312881
0.00213176134797
0.00217158742755
0.0016171444343
0.0012699798132
0.00103018569347
0.00121302014297
0.00151670351848
0.0013724767599
0.000947335264048
0.000620045608095
0.000243944256129
0.000366620765143
0.000912991933467
0.000142132653056
3.31630165582e-05
0.000144417131809
-0.000107484725309
-0.000126369749663
-0.000472315982095
0.000149747582231
-0.00022787675557
-0.000681421937248
-0.00056765489537
0.000952970311638
0.000220109527811
0.000410939652943
0.000107332426725
-0.000160332333785
-0.000487469691154
-0.000550902051184
-0.000866540865498
-0.00100795010028
-0.00150832709639
-0.00158493328389
-0.00143004562447
-0.0004233519875
0.00058334164947
0.000206478804587
-4.61845454479e-05
0.00033479036119
0.000143122593849
-0.000154316539737
-0.000399364960596
-0.000291613712766
-0.000633980928486
-0.000586539919724
-0.000693605823928
-0.000409675574699
-0.000125745325471
0.000158184923758
0.000442115172986
0.000726045422215
0.000393044569381
-0.000146473162686
0.000260544801731
-9.59861822541e-05
-0.000286359411636
-0.000337227138526
-0.000381469877034
-8.9170820642e-05
0.00020312823575
0.000323520266011
0.000524402097654
0.000217520451891
-0.000152945852485
3.88742134396e-05
0.000147996148521
-8.76097601613e-05
0.000589966637853
-0.000560877608404
-0.00141595800549
0.000255214351309
-0.00112994126567
-0.000930277822695
-0.00089182243036
-0.00141062755507
-0.00106826033935
-0.00164105531191
-0.00209345825422
-0.00215133171595
-0.00237048937761
-0.00191831488318
-0.00248197194074
-0.00147634439385
-0.000470716846969
-0.000749270956199
-0.00144931139528
-0.00133379291969
-0.00102546443739
-0.0018507704614
-0.00141199824232
-0.00147390761652
-0.00205340372675
-0.00240148213935
-0.00193225020358
-0.000274023226372
-0.00187620432485
-0.00148502541311
-0.00172839854955
-0.00143179705818
-0.00171552931925
-0.00214935183436
-0.00248372337445
-0.00251981813874
-0.00231878400851
-0.00268186383159
-0.00234261873683
-0.00137019228115
-0.00149302108875
-0.00176875767418
-0.00210899270973
-0.00188366695544
-0.00172954078893
-0.00186226900445
-0.00200299289561
-0.00188732212144
-0.00146080993834
-0.00183569290163
-0.00208287350266
-0.000961879778771
0.000159113945117
-0.000330145254393
-0.000229323592113
-0.000171297831797
-0.000190030557568
-0.00083661419384
0.000386419580998
0.000393577614423
-0.000285293321551
-0.000480387807021
-0.000622177788264
-0.00112072720137
-0.00104975606146
-0.00104579629828
-0.00118362651636
-0.00119025150474
-0.00134810898654
-0.00127607175654
-0.00164661421021
-0.00178809959429
-0.00136455723356
-0.00208949849104
-0.00219230003491
0.00043035772234
-0.000457086123745
6.13382545067e-05
-0.000498130591999
-0.00090788993092
-0.00102104777846
-0.00100018287252
-0.00178634816058
-0.00184315553223
-0.00131962915143
-0.00182251907416
-0.00168339431813
-0.000371951215565
-0.000944441590961
-0.000212037702885
-0.00109750166738
-0.00124698272709
-0.00138892500692
-0.00186249745233
-0.00233606989774
-0.00280964234315
-0.00328321478856
-0.00375678723397
-0.00423035967938
-0.00470393212479
-0.0051775045702
-0.00565107701561
-0.00612464946102
-0.00659822190643
-0.00707179435184
-0.00754536679725
-0.00801893924266
-0.00849251168807
-0.00896608413348
-0.00943965657889
-0.0099132290243
-0.0103868014697
-0.0108603739151
-0.0113339463605
-0.0118075188059
-0.0122810912513
-0.0127546636968
-0.0132282361422
-0.0137018085876
-0.014175381033
-0.0146489534784
-0.0151225259238
-0.0155960983692
-0.0160696708146
-0.01654324326
-0.0170168157054
-0.0174903881509
-0.0179639605963
-0.0184375330417
-0.0189111054871
-0.0193846779325
-0.0198582503779
-0.0203318228233
-0.0208053952687
-0.0212789677141
-0.0217525401595
-0.022226112605
-0.0226996850504
-0.0231732574958
-0.0236468299412
-0.0241204023866
-0.024593974832
-0.0250675472774
-0.0255411197228
-0.0260146921682
-0.0264882646136
-0.0269618370591
-0.0274354095045
