0.0699298910911
0.265221938829
-0.0121867641742
0.133770173589
0.075763230693
0.170541266439
0.186046245471
0.356270121667
0.175819495109
-0.00402234667376
0.095797576307
0.202872761117
0.0571832914433
0.177981093346
0.111355538539
0.271967914596
0.071563369176
-0.00903953850437
-0.0411391112339
0.0653352802818
0.00512493284421
0.0772629622825
0.0210797751141
-0.00470767530475
0.176247229756
-0.0648954753511
0.19352520691
0.134788639296
0.164815178078
0.123562890567
0.0823106030555
0.0410583155443
-0.000193971966929
0.108173433631
0.163372716132
0.20016565451
0.225365933661
0.250566212813
0.275766491964
0.112032461475
0.0999509736647
0.17681903054
0.1347182736
0.152425364009
0.193836909979
0.152194102938
0.025370347122
0.109097520229
-0.106595912959
0.0639891291048
-0.012017473712
0.176794959009
-0.0256375781072
-0.0117319246211
-0.0499168399333
0.0055812220833
-0.0755316396545
0.449531898533
0.248081993704
0.0221486674784
0.0280285859625
0.0339085044465
-0.114979299689
-0.0192606837277
0.240497343929
0.0525609012202
-0.00487689246204
0.0885799359012
0.022180010083
0.260909608869
-0.00833795641851
-0.121228761887
-0.0305573287839
-0.0070559967901
0.0274190184462
-0.00062122962015
-0.0286614776865
0.0351018860661
0.0824868874321
-0.0393016692875
0.0137809159908
-0.0112918557445
-0.0729574100519
0.169665398037
0.0651632446677
0.039764944984
0.00843293722823
-0.0108259596647
-0.169082921574
-0.0786996584776
0.0116836046188
-0.108961192788
-0.053633276718
0.0238771555285
0.101387587775
0.122101351803
-0.0745755216326
-0.0600507286144
0.0640427155025
-0.161160130127
-0.059982950915
-0.0306778964921
-0.0920666882358
-0.0763312796393
0.0458884740877
-0.118782670719
-0.160710669826
-0.116124181739
-0.209329780542
0.0979623933983
-0.122551404772
-0.0446799718357
-0.0696686680234
-0.10970315576
0.139192819217
-0.0225577152862
0.121583555108
-0.167203185174
0.0134632846852
0.019753987433
-0.013348893667
0.00340741211238
-0.0894938943653
-0.0211586552568
0.0518875910153
0.0870688451837
0.112716296465
0.0757593897226
-0.29672609947
0.0462498172021
-0.0754521866116
-0.0211214308582
-0.0358062766842
-0.0802725263262
-0.224703812173
0.0628138559905
0.00953641420182
0.141398033528
-0.136967917995
0.0893489596455
-0.0901163581954
0.0820584358751
-0.130527744454
0.0177782512542
-0.0202849248618
-0.0642727238368
-0.0739300069622
0.0968110616346
0.0350422684114
-0.0379658332472
0.0242624193965
-0.15109781379
-0.0869959155216
-0.0723772128603
-0.238148905538
-0.0408340580541
-0.0331344986658
0.0176939699417
-0.052134325534
0.0390283213976
0.0613937878658
-0.307677252492
-0.0761625777832
0.10761596378
0.190906359559
-0.00445864683868
-0.00521593063835
-0.0882572021427
0.021055172031
0.187613794402
0.0624396769634
0.0907494286489
-0.0886161567968
0.0823306146177
-0.208422186776
-0.162668313933
-0.126856302928
-0.118990147238
-0.187989319058
-0.038929247326
-0.0273964953863
-0.036569500049
-0.0457425047116
-0.109982207223
0.0508880904138
-0.0346559489187
-0.0267787621717
0.0741662738738
-0.221641185051
-0.202953522974
-0.184265860897
-0.13993839699
-0.115223359262
0.0790564422895
0.0305111711424
0.0438812310472
-0.00258257742005
0.067818389256
-0.0545926970565
-0.372815201407
-0.0859352712563
-0.0608400671829
-0.0127784585306
-0.0438089696978
-0.0113679580141
-0.173098052785
0.176974232393
-0.0637692096208
-0.166928631992
0.0544635212878
0.0832339313826
-0.146401269191
-0.134287255524
0.076897072892
0.0379532409388
-0.196563173394
0.0755000933275
0.09205446323
-0.0917891581537
-0.0618587608388
-0.0534087875214
-0.00259852017368
0.0238964641684
0.0205197386716
-0.0881070013575
-0.134204790123
-0.111060693656
-0.173333014206
-0.0935218300581
-0.0209148894686
-0.106732566393
0.017418438937
-0.0801692578914
0.135675294923
-0.0738744675093
-0.0598239355954
-0.122841108132
-0.0228099036343
-0.22413083396
-0.075395964284
-0.0496761899386
-0.196624263155
-0.0884347851386
0.167638031428
-0.149024750659
-0.0127542375433
-0.00121143916581
-0.259298446847
-0.0444173691338
-0.0220074709153
-0.0236265939544
0.0251629644025
-0.0596235158431
-0.119945853757
-0.180657684208
0.0667856985424
-0.116493907665
0.157354534073
-0.129874747671
-0.206670826165
-0.0704807797244
-0.108614556602
-0.0953708951141
-0.0554667016734
-0.0112089079758
-0.176278166805
0.0435844252098
-0.133979078359
-0.163919683514
0.0653928101623
-0.0821157047902
-0.061988708134
0.00314796219647
-0.123264185218
0.0575632494535
-0.139300353108
-0.057889172728
0.0352517540848
0.0130505135289
-0.0552971333449
-0.178212885405
-0.115999700206
-0.0802040432092
0.00281370339254
-0.0722582253696
-0.0074073043911
0.0574436165874
-0.122263482235
0.0445007886803
0.0829545076858
0.0838532613173
0.134952635221
-0.101959202197
-0.0384372628191
-0.0193243529897
-0.0311013655857
0.00938708564956
0.139659417591
-0.0882037302265
-0.101428364512
-0.00681810980775
0.0282197696671
-0.0661252712045
0.0393811163708
0.000943799729115
0.0954914941251
-0.113587846833
0.0751139699999
-0.00472416790634
-0.0209860098441
-0.0389329225022
-0.0568798351603
-0.0933298296901
-0.29039468287
-0.0643609930342
-0.0284190109318
-0.0376474510376
-0.0169632554617
-0.0770973912165
0.132300617802
0.0319553880079
0.00746139739031
-0.00438267830628
-0.16766204501
0.0236753803861
-0.0944160357558
-0.040488282829
-0.0602428702186
0.00693872537098
-0.00441754533263
0.179526757426
-0.201261006394
-0.185087835931
-0.0978694845962
-0.100640594699
-0.115139823592
-0.0270718850472
-0.144499237764
0.0764428315476
-0.0280501976043
-0.0576701076208
-0.109623073126
-0.147205512042
-0.131561080837
-0.189452852803
-0.0770791151245
-0.0940141376723
0.0662648725061
0.109728808966
0.0465525039922
-0.0950969875937
0.0322349333889
-0.091778774591
-0.0490367528882
-0.0610262838769
-0.102563043719
-0.0652997618319
-0.026636142629
-0.0994258763197
-0.120188917653
-0.145647443578
-0.0219667890545
-0.00156736578071
-0.0439573622793
0.0344640717583
0.024942442402
-0.00444371534597
-0.215183031617
0.0895518951152
-0.111010864515
-0.0133878060273
-0.00429341090879
-0.182461997364
-0.194242372293
0.0370296416205
-0.0985235164197
-0.0767786992166
-0.245790600875
-0.0541032081396
-0.00637449815475
-0.0762591405143
-0.0987408148716
-0.121222489229
-0.151439830502
0.0702199375106
-0.0244506167837
-0.0850946130144
-0.0907299029118
-0.0487103164545
-0.0398283264784
-0.159677509231
0.0791711698036
-0.115780490997
-0.113452878542
-0.236002162857
-0.0710791105026
-0.00467182172664
-0.0906307808986
-0.059305262838
0.0326541720902
0.0674913364081
-0.0784014577658
-0.158190810012
-0.197793541287
-0.085724737817
-0.141494728643
-0.0586631016361
-0.0655306765219
-0.0597707641877
-0.210878810764
-0.112567281806
-0.0602275369504
-0.016726739599
0.0391324625587
-0.143291611151
0.0715355551339
-0.0683289655303
-0.000362205082154
-0.0178063107861
-0.0671268707332
-0.0691894006342
-0.0200664363787
-0.0979908757335
0.00362202019161
-0.0283229077493
-0.085327996231
0.088956785087
-0.0115116156341
-0.049862065296
-0.154040886003
0.0240982327084
0.00911050616732
-0.14294199597
-0.00731615879414
-0.195273731731
0.0148648141981
-0.0460157294176
-0.135624962077
-0.0248324009322
-0.124324070207
-0.0797854561003
-0.0343392259903
-0.194295149767
-0.141541206543
-0.278490837833
0.057470404588
0.0506371372842
-0.143470101314
-0.0368931527131
0.0771007141214
-0.0841666826808
-0.0968630397324
0.0394120548241
-0.137321670324
-0.0416259286946
-0.124117846626
0.0732200189246
-0.0367809769057
-0.214570393051
-0.199416964989
-0.0112782115236
-0.189178616773
-0.117181679189
-0.0392574056447
-0.156899464621
-0.113895327595
-0.14956839445
0.135683086206
0.0625559824985
0.0404006562859
-0.20034485008
0.0720283035136
-0.135715327013
-0.0948082378154
-0.0404678727711
-0.0392490252074
-0.105180853178
-0.0441364068431
0.0169080394917
0.000831697534417
0.193112064648
-0.0694848439376
-0.103171598731
-0.073525433826
-0.0477931029866
-0.0754290916076
-0.150780388593
0.04497018166
0.0830308097002
-0.00830682132672
0.0114270917447
0.0563274414496
-0.0256944255768
-0.0572300529954
-0.168494416637
-0.0155460165133
0.102726424439
-0.139762348475
-0.0223979401152
-0.0371093814164
-0.0471768005992
-0.0915204031485
-0.0268952273186
-0.186753723506
-0.126981486978
0.0972608276241
-0.0273215687448
0.147310304413
-0.0999185472699
-0.187506038048
-0.0085516419371
-0.159028612742
-0.0541099195145
-0.0309621788681
0.0275725649519
-0.0847862274538
0.0536857708314
-0.0235136416533
0.0231995965293
-0.174092487721
0.0192776978343
-0.100088368676
0.0545539887644
-0.168141081385
0.00431389083899
-0.0421562275164
-0.0970291810447
-0.140385755939
-0.172370844546
-0.0569513468453
0.057503160311
-0.161028237645
0.152922833085
-0.107983040885
-0.109148721966
0.00597404195085
-0.0323167402493
-0.0642420445807
-0.1536715592
-0.0749662077752
-0.0187088694257
-0.0124947389198
-0.0944491834627
0.151490539904
-0.0900661836029
-0.0989811069921
0.0241599788082
-0.0857544479793
0.0387057498668
-0.141837540556
-0.202489951126
-0.065133387315
0.0718922216625
-0.102380117056
-0.00118627407733
0.0766524265548
-0.116777997112
-0.00598276755497
0.0140756503511
-0.10159475253
-0.149364462546
-0.122133452516
-0.0257763837789
-0.0762860757905
-0.116061057116
0.0104839561826
-0.0634686950971
0.0414984636534
-0.0901613974468
-0.0364876052605
-0.132619950733
-0.0286707368752
-0.025918669053
-0.0631054353915
-0.10029220173
0.0171567350131
-0.0348195454826
-0.110833062724
0.0230066479652
0.0410487543305
-0.0841460032997
-0.0921530536323
-0.00859155473065
0.117286975166
0.0136949031251
-0.0437454178657
0.0291290948669
-0.0193717184292
-0.122328670936
0.0307878698362
0.0493864069472
-0.0699658475474
-0.189318102042
0.0108239899917
-0.0669010932266
-0.035748729664
0.00163180382239
-0.0656144817708
0.0121138449401
-0.015020026145
-0.0421538972302
-0.0692877683153
-0.0964216394005
-0.0313334196216
-0.135210393727
-0.0652615420011
0.0983534581607
0.108634758172
0.00893413291342
-0.37860976903
-0.0695937136138
-0.0833502034413
-0.0715770149804
-0.0963134200597
-0.209919247576
-0.0526225510155
0.104674145545
-0.0918425340285
-0.14881011233
0.0387330681613
-0.101310482111
0.0244705621964
-0.0913640115387
-0.0771199528459
0.0666828358806
-0.178179384773
-0.0890385636052
0.0230202385855
-0.0946338431348
-0.230751577795
-0.0378463474877
-0.0840332207201
-0.204526621273
-0.166792313911
-0.142573687678
-0.089196028785
-0.10228974495
-0.106400759087
0.0545288799278
-0.198869618553
0.13721115179
-0.0728630055926
-0.133536378334
-0.0199940104675
-0.0102480840894
-0.132922730524
-0.0687644144244
-0.198971789334
-0.0544349042604
-0.0285450769929
-0.0132764623275
-0.0886024586513
-0.11472967603
-0.19141829343
-0.0561857019403
-0.196950070934
0.0162447099436
-0.185068157184
-0.0290901846368
-0.0729944411543
-0.0250531493951
-0.1201099801
-0.0197550933312
0.134830127627
0.0325258596292
-0.0697784083687
-0.136100834834
-0.0939182900507
-0.0349470142917
0.0240242614672
0.0829955372262
-0.03068520395
-0.0838802413483
-0.0500363715041
0.0528386146108
0.00734376145216
-0.0298020185913
-0.197481913253
-0.0174054459302
0.0189942928879
-0.151201613329
-0.0901365203547
-0.125281073898
-0.209556444186
-0.0664324044506
-0.0388317634693
-0.0423630730818
-0.097748566474
0.0366847361831
0.0012574559283
-0.0545296557799
-0.0831126616531
-0.146473094378
-0.0105085351941
-0.105094440572
-0.162449504137
0.00946783503465
-0.247345064706
0.0153999121306
-0.126929416231
-0.0726764212181
-0.0131571836049
-0.157139149676
0.0392779059442
0.00270693643104
-0.0343102717134
0.0269102365566
-0.0308117490089
0.044699232909
0.029691489251
-0.220757378509
-0.0665332276354
-0.0556331976237
-0.116318530758
0.0751157121212
-0.119285517485
-0.0690389524509
0.135889531921
-0.116482632772
0.0621066023815
-0.108476624806
-0.0501577407817
-0.0616858499846
-0.119054816667
0.0567165674266
-0.0949929886787
-0.138949126404
-0.0849749904483
-0.0603117672769
-0.0820763574569
-0.0696913716582
-0.0457702905215
-0.146597654384
-0.247425018247
-0.0437168001092
-0.187709848456
-0.0365994721692
-0.082509955136
0.0895882625336
0.0950220934158
-0.218334670396
-0.19732896655
-0.0591728213341
-0.168152890994
-0.164111214932
-0.0827764414274
-0.108535753706
-0.134295065985
-0.273408200318
-0.0516506999888
-0.113948592104
-0.132266411655
-0.154213558353
-0.143290556093
0.0282082113321
-0.0494041520918
-0.230621268392
-0.0112043042546
-0.0984525195496
-0.0500071843334
0.124367377062
-0.0921597573884
0.0858870610237
0.21042289175
-0.0671501258211
-0.0065383727345
0.0540733803521
-0.110585123353
-0.156716581113
0.0625603963923
-0.0986483291407
-0.0787354442154
0.166177171394
-0.0699458517388
-0.17235321583
-0.0223820758299
-0.101842121759
-0.0326524237505
0.0866530443775
-0.193562702942
-0.102643152463
-0.0927358939599
0.00591428462801
0.184391806742
-0.103727660404
-0.0341346649386
-0.0594269406061
-0.0544883334687
-0.151874621517
-0.110928838693
-0.158296746535
-0.162151957135
-0.0183638032096
-0.134993722919
-0.159470428642
-0.111577040637
0.0184476064478
-0.0659480916099
0.0184570541663
0.124779858934
-0.0613736149709
-0.0764755886258
0.0963391543042
-0.0599043729244
-0.216147900153
-0.1528014774
0.0324187957612
-0.0189124989519
-0.115283816088
-0.0816532178047
-0.0924764003633
-0.0136970475012
0.0129690734981
0.0242247068679
-0.0116899630302
-0.0156203172166
-0.0156763470079
-0.00361209422493
-0.114565789843
-0.14176903803
0.278991578755
-0.0645527128271
0.167439896325
-0.0507167702132
-0.135603550777
-0.130013054268
-0.0635786625158
-0.0827905715274
0.0333062482257
-0.15316598371
-0.18688813942
-0.270101636985
-0.0321091092115
-0.072727361657
0.104428203661
-0.00857872161952
0.0314536783257
-0.0385974943945
0.017659136118
-0.138567536791
-0.02004252201
0.0580719326656
-0.0274755820445
-0.0948278303384
-0.0239974608332
-0.0389099501478
-0.13039778969
-0.150597477112
-0.280266244918
-0.0265049830937
-0.124006533218
-0.0913896477136
-0.106882098059
0.0181891534221
-0.0317406250134
-0.109680370792
-0.120268317909
-0.0600793698618
0.0945549768357
-0.167926189609
0.0226429103751
-0.082294427909
-0.187231766193
-0.0711492557901
0.0032106711555
-0.064135349155
0.0935703225499
-0.177031966228
-0.0886041921288
-0.0547352080745
-0.182214816636
-0.123380655616
-0.0668024447566
-0.111312429939
-0.10812716407
-0.0854180438155
0.0529873813216
0.0800584114456
0.0170413807924
-0.0699295333649
-0.06715548789
-0.158914374618
-0.0376465814557
-0.224713501451
0.00594366791283
-0.243179107208
0.000456922768507
-0.0692293826053
-0.105427870004
0.0177993133866
-0.0397851767752
0.0770359386696
-0.0892812834413
0.0981835752904
0.0915474007893
0.131486477228
0.0965676546286
-0.106035759277
0.224698022379
-0.0801920995333
-0.016895546614
0.100069282617
-0.0903519816956
-0.0614345508515
-0.148509609721
0.0302338210315
0.343310878188
-0.00917842044826
0.00671736523814
-0.135756826056
-0.143457762102
-0.00734892832555
-0.116885478731
-0.37920506922
-0.100141811601
-0.016663127202
0.0722584051232
0.112513617003
-0.0961907859897
-0.122939308467
-0.152015968883
0.0188855092885
-0.0548324099564
-0.0467508728785
-0.173176022556
-0.0658507719612
-0.135974489148
-0.082847086907
0.159479974992
0.256520884958
-0.0215682950787
-0.0110220430936
0.107191060948
-0.0707187791309
-0.305119904106
0.0604829968809
0.0143027190369
-0.113059415914
-0.0525706608212
0.0378915501535
-0.0047023845214
0.0232252288201
0.148515232652
0.143420079033
-0.171046532357
-0.0824502460283
0.027584323797
-0.0374793303047
0.0120900598805
-0.0221370810251
-0.0904825748491
-0.042112534658
-0.140838581669
-0.197789720642
0.0223293826562
0.0610777193082
-0.0506463532062
-0.00044648814655
0.0497533769131
-0.0218225155547
-0.0758453523105
-0.0318719022616
-0.00374829820568
-0.128335471613
0.182888684879
0.129622401304
-0.212335927761
-0.140190934947
-0.0798070933441
-0.177177524178
0.0320613557046
-0.0288353646397
-0.0669294460282
-0.0564201142911
-0.124641145355
-0.0514811735699
-0.126857855714
-0.103805807526
0.00679851502454
-0.145485387126
-0.0424396636433
0.102355008017
-0.00494955141575
-0.0460592915511
-0.157780597285
-0.0884392483834
-0.0361331440674
-0.11146742892
-0.0697615283012
-0.162189253642
0.0928057443761
-0.0473141039145
0.0726973324627
-0.0862008047112
0.0992261938053
0.0299369504794
-0.0359023995279
0.00894655125397
-0.154794361413
-0.0939607876025
-0.0189295073363
-0.0184242792118
-0.00466420055138
0.144168776211
-0.0500970981316
-0.123372249946
-0.0275330056067
-0.0797578679806
0.0768991404285
-0.00514485653087
-0.0837101956498
-0.122194474121
-0.105792908899
-0.0563322587308
-0.0540994894848
-0.0245021386972
-0.138456892084
-0.0563259578356
0.103595548804
-0.149799214466
0.127079552537
-0.0741944146051
0.0498511086772
0.118381932486
0.155861435014
-0.0937882887621
0.10313966521
0.0199424446694
0.0778138995947
0.0167781526708
-0.0797686896147
0.0239913431228
0.0751133590098
-0.0702267180397
0.0764529823391
-0.0488825829522
0.0625694424381
-0.0380508669944
0.0646114112566
0.0741902811756
0.0837691510945
-0.0496828435121
-0.0721000522962
-0.0318047670006
-0.036815140065
-0.16608303691
-0.0748626689914
-0.140074567452
-0.373724520334
-0.0177388597717
-0.0208454234133
0.0198880065312
0.223949665204
-0.0035818528925
-0.231113370989
-0.0867026540931
0.0442263427727
-0.0194310471227
-0.0419210441285
-0.0173680104033
0.0186153922086
-0.0629254344013
-0.0310139874015
-0.139231046331
-0.0660902813713
-0.188934776569
-0.0564213108293
0.0909924017096
-0.0881402369599
-0.0300279650709
-0.0786193775291
0.3467709208
-0.0729415382131
-0.119976050384
-0.0714372317973
-0.0228984132107
-0.0142671624642
-0.22238231991
0.00842656397863
-0.062409631587
0.0666089011585
-0.055636832229
0.100793659001
-0.104421353669
-0.154037815802
-0.149760443082
-0.174377331846
0.0258520777958
0.193662421993
0.0162703163686
-0.0989406013862
0.0260823402411
0.00382824064143
-0.229078548211
-0.0666178348703
-0.163291973251
-0.161208665174
-0.0629676792272
-0.10210732361
0.152070076068
-0.141587817797
-0.0694733950913
-0.292719667363
0.0332323048346
-0.175614131732
-0.281131666434
-0.0621819756718
-0.0462360879609
-0.0879654517597
0.0161198972088
-0.124940687562
0.0907889880126
-0.198180772996
-0.113780293349
0.0440002998129
-0.155046543417
0.000892526874723
-0.0744379014132
-0.217414006989
-0.0469464550256
-0.172189800563
0.030336960182
-0.0605333262401
-0.215276741611
-0.0347623190618
-0.0919635225294
0.00641382217619
-0.0866850954544
-0.0247832950842
-0.095439632466
-0.102829946673
-0.0363416472857
0.135026915371
0.0133519936658
-0.113659858689
0.00934912215533
0.0803435946402
-0.0604509806664
-0.0272194315173
-0.133510302786
-0.197908653241
-0.0866922974975
-0.0961067245492
-0.150747916203
0.121472214136
0.0711621717162
-0.170098101591
0.0364875400926
0.00143529576245
-0.104824545483
-0.211084386729
-0.0729480104996
-0.017534022364
-0.0179375575844
-0.0861761186838
0.166154605928
0.0415196859078
-0.0844906763223
-0.0647197422078
-0.099312448507
-0.0707105016774
-0.0970919518756
0.00305356586093
0.0635166805942
0.0851856886432
-0.103067612361
-0.101435414512
0.0294631203909
0.069103642338
-0.064779884036
-0.0322060937808
0.207327439045
0.158911466556
-0.231947286187
-0.101140476505
0.00309338110095
0.0680909612434
-0.0468083513919
0.0199060005471
-0.0987185086901
-0.35166932679
-0.107494877624
0.129546703118
-0.0356491428234
0.00110213394584
-0.00712342233552
0.0952238555017
-0.265121741733
0.144035532586
-0.0885065342238
-0.0562452963427
-0.0605305308436
-0.00987841206378
-0.0414383643667
-0.144084323389
-0.140304844462
-0.075838524879
-0.151819453593
-0.0156750349532
-0.0859658482407
-0.029179743428
0.229689437342
-0.0162246206007
-0.0862356718483
0.235037331301
0.00152256453065
0.0565598063756
0.15847881194
0.000462426379167
-0.0920908374801
-0.0337249927319
0.0688223384829
-0.0644442398256
-0.00499584911099
0.0798729840056
0.0357480970126
0.0973884772
-0.276870936419
-0.115817259371
-0.00424772455686
-0.162370534298
-0.185158331452
-0.102739470642
-0.0606265654644
0.000610298386174
-0.0838283368246
-0.0556139991924
-0.0202958998772
-0.0191456190101
-0.0704492468963
-0.00126222687865
0.0716241121479
-0.00920265426859
-0.0179135563508
0.0466487660761
-0.0588299735542
-0.372935693749
-0.0621160608999
0.0204965709335
-0.0242214751605
-0.0636852913647
0.0333905219515
-0.0268977572082
-0.0948164290214
0.0195911344164
0.034536561975
0.0494819895336
-0.195668873041
-0.0328202543522
-0.159571013781
0.008063052583
0.117292529166
-0.107198237882
0.0255546241649
-0.0209241577154
-0.044635896226
-0.0277386584849
-0.0345322951136
-0.0439047713006
-0.0332814569558
-0.09688647118
0.128785242868
-0.186314917302
-0.0435591805798
-0.246064302217
-0.247225762431
-0.0331464211015
0.180932920228
-0.0468999636641
-0.0640229104282
-0.0885898216743
0.0947102974403
0.0609317537259
0.011050356426
0.112040584876
0.0667904060475
-0.141570407207
-0.12728704002
-0.022147013171
0.0223567778666
-0.133224248759
0.0710324237412
0.012840180984
-0.0250344774753
-0.188272696691
-0.0408826610244
0.0337575918492
0.0838372504583
-0.0226090396217
-0.115276499899
-0.00232159571238
0.0352239706046
0.259499351706
-0.152992474085
-0.0995972119933
0.0700868382084
-0.109118957834
0.0467898165468
-0.0127964353065
-0.0574178932914
-0.0969050855495
-0.0667649741849
-0.0821882311557
-0.0255476003392
0.00768668950415
-0.0258242726725
-0.0327373002318
0.0400669701957
-0.161528465064
-0.0507458842662
-0.0979720026703
-0.0736039369968
-0.0225421109225
0.0148923804719
-0.100971893055
-0.0567123972937
-0.17168994931
0.00126762432675
0.0120916876934
0.0897205463215
-0.011609181305
-0.0519064465013
-0.0532940491064
-0.00614413166127
0.0548963387575
-0.0763117435112
-0.0667178644389
0.0552942198637
0.0959686066481
-0.126550132956
-0.104283621847
0.0396790286286
0.0198247721504
0.0388210260247
-0.121255043802
0.0255479517542
-0.0115192739176
-0.0861665868149
-0.0175597363336
0.0147162603406
0.160144194632
0.0161603374745
-0.127823519683
-0.0144938807754
0.0269735312839
0.0155272795199
0.00989075029275
-0.0256188767243
-0.11457418121
0.0451267653004
-0.0244229881861
0.0828812371842
-0.0315635886548
-0.194237167334
-0.0897857476009
-0.178498887068
-0.133511446031
0.0887387233323
0.230373243554
-0.000277160871615
-0.0421864470044
0.102241859407
-0.0914225541999
-0.00274135305683
0.104434991958
0.0604257289476
0.0341886942849
-0.119898138125
0.0860649895865
0.0413852935667
-0.0347414692413
-0.13201802942
0.0351242473718
-0.0794676289988
-0.025748150324
0.215315840426
-0.0551287914769
-0.176485214638
0.0507586328963
-0.0404932518152
-0.059075089234
-0.00673835240403
0.0788335623222
0.0133208975206
-0.0278022404522
-0.0056609764746
0.0842412029609
-0.13152681649
-0.200050474988
-0.0679001987865
-0.0704258721718
0.0166420903191
-0.0612930812051
-0.00135980668091
-0.0588606726664
-0.0610296286739
0.0795591648172
0.00653177430174
0.0251064625565
-0.0837316130631
-0.0173316411025
-0.0724328139004
-0.0723940538978
-0.000380163704781
-0.288361379405
0.147347934127
-0.124922746897
0.0200275832719
0.0386244858071
0.0667995224015
0.0252742307322
0.0235943648027
0.085095726446
0.0350702989218
0.123572877996
-0.154756628455
-0.0198925506888
0.0488815712494
0.118471994482
-0.0494129515882
0.232925631322
0.113696411028
-0.00675991000061
-0.0351478972842
-0.0303090486902
-0.0619948050083
0.024477325794
0.0254870998829
-0.137558395887
-0.0259643076374
-0.0937698161892
-0.0629322506562
-0.0816579125982
-0.0967643292499
-0.0804337332549
-0.0956638656274
0.0702553625884
0.0767277557938
0.0832001489993
0.0238071472106
0.0228325540338
-0.0480959703868
-0.107037288709
0.188564523668
-0.0414658837024
-0.0480401593118
-0.0570335167458
0.167729809111
0.119052829886
0.114840433161
0.0697087990041
-0.206117436931
0.150576875192
-0.0191783359775
0.102442895416
0.00896494306237
-0.0713678219262
0.0312517481428
0.102856840121
0.115576480661
-0.00095796172247
-0.2801380129
-0.113221900649
0.0174038328579
-0.183873637098
0.103412110842
0.00497433397673
-0.0610900173582
0.00907633134159
0.0743909125505
-0.0223496920735
0.167251530496
-0.0166509313864
-0.114444075767
-0.0309874495958
0.0347376886607
0.0124577300808
-0.170493185551
-0.210213108286
0.0793183338419
-0.113747527399
-0.070561700961
-0.013421519877
-0.143361445492
0.00475725518282
-0.0678305546129
0.0418671305229
0.0358674259003
-0.0220370906038
-0.0847535188621
0.0691021325464
-0.196988543007
0.257083402509
0.0645533576033
0.0228592871652
0.149441901157
-0.0952935337587
-0.117369597326
0.0450207890502
-0.0488412827585
0.123556043604
-0.00789187282336
-0.207610515671
0.000237410705891
0.0584306578783
0.0231451059786
0.0335631572193
-0.0018560067795
0.193675945846
-0.0802790124653
-0.181933293192
-0.00325611679822
-0.0185686580755
-0.085835092191
-0.151689240938
0.0460905164118
0.0315216277995
0.0478223066261
0.1440789895
0.229509615427
0.14408337102
-0.0140072176171
0.0391177774836
0.0479475617658
-0.07734393457
-0.0468569172771
0.0433472500243
-0.0566111207978
-0.0447049125451
-0.142656867541
-0.064480901587
-0.0472786584116
-0.0495359061254
-0.0427113423342
-0.035886778543
-0.0533260113551
0.0122320861497
-0.101418078439
-0.0204457435465
-0.0804581577735
0.0657820709162
-0.0175292841243
0.0256541417618
-0.0848511179193
-0.0907435225727
-0.173755654629
-0.0507005385974
0.0558231874727
0.0154419954544
-0.0348388474596
0.0900981396645
0.123891670969
-0.031212806469
-0.0556889091751
0.0701246560267
0.0124794175893
0.0488461948043
-0.0284848771659
0.127932273652
-0.0338023848765
-0.231590713913
0.0416229570485
-0.0297702486987
0.0508189540518
0.0276306529764
-0.0107007808236
0.204508844647
-0.00185658883202
0.0805865476883
-0.106813908836
0.226536690589
-0.0458260153159
-0.0802721135517
0.0219554554321
0.107632000589
-0.090839226748
-0.039085251855
-0.00694121646959
0.0836505028136
0.122795995279
-0.059485354065
0.0779765889029
-0.0183721392744
-0.174671112625
-0.102907205096
-0.0347143322736
-0.125708231164
0.0316220937319
-0.000960287042945
-0.0200664372653
0.0175863490768
0.0982953224982
0.0671260660864
0.0043490396063
0.10814259738
0.0232157984081
0.108167802131
0.0392475379783
0.0379417934131
-0.129948388109
0.165168679227
0.164655622662
0.151441383967
0.115112943681
0.0454420381191
-0.0415782569272
-0.00359724640142
-0.135254006779
0.0261323446077
-0.0166221126859
-0.137353792746
0.0230569407325
-0.0175310024156
0.167339132701
-0.0664923421775
-0.0157094423368
-0.125580183483
0.00381368062109
-0.134435637004
-0.0856085340251
-0.0513319049177
-0.0525563973866
-0.108681830521
0.0198622959854
0.128083996192
-0.043150968313
0.0283836926352
0.000304879785624
0.205747823655
0.04489210968
-0.115963604295
0.155525888034
0.0439301228849
-0.079728094814
-0.00731647034453
-0.0289494061349
-0.0100334491419
0.00597451341289
-0.165482382875
0.0361188231175
-0.166045479756
0.00687813393323
-0.0603953321696
-0.0375523105151
0.127462026528
0.0918801888168
0.0562983511056
0.155847339723
0.0736328837575
0.110813886556
-0.0172429849317
-0.0518610616783
0.0617978521316
-0.0269840843541
-0.0104070488438
-0.116048796313
-0.0427880984501
0.0338140342312
-0.124423792745
0.135904183267
-0.0396944347567
-0.0373128883498
-0.0286321274144
-0.180309046699
0.0142645236123
0.00266401493677
0.0166954510969
0.0430957599143
-0.0309594162891
0.00082949513322
0.253314917716
-0.12666755482
0.120898989505
-0.0080183243098
-0.0525172846096
-0.0128221992668
-0.134792391607
-0.100690467569
0.00559999666681
-0.0637197384772
-0.0379230367239
0.103982123781
0.00662241957049
0.0036299065692
0.0469143621061
0.0198445027676
-0.129809648473
0.0847627838376
-0.202252760613
-0.0569044020684
0.0798656646051
-0.100569457215
-0.0157230555218
0.0174913067973
0.0232991338718
0.00602836544266
-0.0319347478492
0.127068614839
0.00595597116095
0.208763854894
0.143588697565
-0.182731399044
-0.110417827592
0.0374630846625
-0.124551803694
-0.0561831224088
-0.0828458086996
-0.127095001241
-0.00820490471722
-0.0664339382168
-0.0392512874915
-0.109718482618
-0.0269745637499
0.0890344268076
-0.0577973273712
-0.0310383903596
0.0285437449546
0.155540561725
0.0183527661792
-0.0864580236124
-0.0916816105294
-0.00252838047176
0.0409559484456
0.0884968589892
-0.103832458196
-0.111426250579
-0.119020042962
-0.00573738888574
-0.0589456308615
0.053566193223
0.0741125214237
0.0153047955017
-0.071714438553
-0.0643282738026
-0.0577483559883
-0.219140609476
-0.015286449594
-0.0457820132457
0.00908483551007
-0.01802257588
0.0494586684762
0.0853429342021
-0.0609738833343
0.19810821301
-0.0519318699113
-0.00415799194048
-0.0204029179163
-0.016222362408
0.0273882398225
0.0936384297137
-0.30433174102
0.0612330185463
-0.0471309852958
0.0297716466737
-0.0426048264428
0.0199816154693
-0.0244230883356
0.203168468051
-0.04403704313
-0.0712244151008
0.0617385716222
0.0746700893211
0.0288500736778
-0.0316531876575
-0.0377075469796
-0.0639096759285
-0.0402424916835
0.00926855870889
0.0511857111205
-0.218295810186
0.0718267164625
-0.166650642253
0.0899373312038
-0.0153820757614
0.053487914562
0.0896032747352
-0.11778193613
0.0136341980082
0.080544696325
-0.242247327582
-0.117732667902
-0.0764262884609
0.0155900256621
0.0352151605816
-0.137055748386
-0.0499016379142
-0.117381417192
-0.0526205501838
0.0777833237515
-0.126392112446
-0.0130162821813
-0.0143716263143
0.0440564826292
0.0959783569032
0.10254624802
0.103308744042
0.0725257020692
-0.197264876023
-0.043072235209
-0.0367717037802
0.0611337017999
-0.00404645574918
-0.169156750199
-0.136917745869
0.0737119892464
-0.227516848996
0.0471904065583
0.133747927341
0.11874637177
0.0872679034537
0.164007846898
-0.0437121378422
-0.0337814805847
-0.0205214871965
-0.0367555969562
0.0427900690751
-0.0572499311051
-0.00494011226476
0.0297403246336
-0.0900830151555
0.111019079846
0.0835630151851
0.0561069505242
0.0341050640538
0.165948561645
-0.0263616431891
0.072334717131
0.141508208105
0.0696470881714
-0.113575375021
0.154941492361
0.0746595912477
-0.0181916327737
0.0192052212547
0.036749775201
0.16199241034
0.0612857225134
-0.118292261668
0.00299936327926
0.0396175855465
0.0337031759951
0.00226362165134
-0.0258516514197
-0.0569995388841
0.0227700565636
-0.0277256456455
-0.108833363937
0.0444238566301
0.0509011554535
-0.0327676343543
0.0393608646653
-0.0528527961146
-0.00137498222408
0.0673094798245
-0.087636717379
-0.0300639953953
0.017213538258
0.112830694783
0.111602490492
-0.1272313771
-0.0410907086607
-0.0932808591183
-0.0664831381512
-0.029057528876
0.0564793773836
-0.057359500017
0.14114511346
-0.00956940070534
0.0431347428602
0.0577065576214
0.198565749903
-0.0406497425014
0.140324427541
0.157172906526
0.0641942876554
0.0754769243739
-0.0731522671416
0.0879879939085
-0.0857314974147
0.106587625382
0.163581672908
-0.165642670714
-0.0150491165097
0.0272998410095
-0.0253433343015
-0.0358852005509
-0.0866110370197
0.160245769251
0.150558594323
-0.05715069089
-0.00109990460716
0.128005657934
0.0596512157284
0.222807207785
0.0414841207157
-0.00921141788708
0.0151695179961
0.00121430973001
-0.0347721393712
0.0674744318356
0.0634959854794
0.0594867003617
-0.139719067782
-0.124854441345
0.0787409814207
0.169540904109
0.106494227806
0.116844620597
0.151427805812
0.0859656915848
0.237681246022
-0.0713212941864
-0.0840256056492
0.309663521307
0.267848124392
-0.0169063935494
-0.0961727612739
0.121522003991
0.339216769256
-0.0585999455227
0.0663130060477
0.05201049336
0.123262355657
0.0824664023586
0.00398314224027
0.0882728266457
0.012983381273
-0.021804535371
0.0949667599312
-0.0122209161435
0.0563523952388
0.0023209496256
0.00346302690077
-0.0175204352503
0.00855260643907
-0.00988847045033
-0.00167714886368
0.0570060658142
0.115689280492
0.0230279460165
-0.0306299854624
-0.0438901638858
-0.044742614612
-0.040730964288
0.154268939963
0.11523308609
-0.111264079108
-0.149649658861
0.0502372662411
-0.0262725067432
-0.0807746898857
-0.162242683523
-0.048668891223
0.119398171384
0.0753704450959
-0.133467382577
0.133090613291
-0.113219583708
0.123956994504
0.00210357336162
0.033127001915
0.000543745334886
0.145484676122
-0.00693558332468
0.0709222338911
-0.197146361333
0.111531752039
0.0817147816494
-0.0111284675614
-0.195093418849
-0.0895854185237
0.0313835491949
-0.0990591957464
0.0314565195301
0.297125677093
-0.107855760276
-0.0523932327297
-0.0195566861952
-0.0719617771627
-0.0465670163613
0.0507530923595
-0.187898130151
0.0354213974817
-0.063099016618
-0.133605110139
0.0981765647399
-0.0822364818782
-0.0818800413125
0.15834899528
0.0052913737422
0.0277488769948
0.116643520622
-0.0446973967296
0.0993954917348
0.0648476088851
-0.00234183021842
-0.0102554383449
0.112500767567
0.0121877944457
0.0369417442032
0.0816007879128
-0.149537442719
-0.0244533714731
0.0897153611285
-0.00652799294297
-0.0206387795784
0.0785685512008
-0.0989753895947
-0.0401142076386
-0.0711275199083
0.0203352702945
-0.0390355937103
0.0263563509698
-0.003759166503
-0.0338746839758
0.0541628148699
-0.000580639214146
-0.0347945771986
-0.0267924944224
-0.0437917083013
-0.0521533383907
0.0306152730776
0.0186256393059
0.0817074535466
-0.0427976406493
-0.0768780637626
-0.0471761395758
0.0565122334176
-0.101026171449
0.16241366342
0.125838207486
0.0303788392304
0.0116693834299
0.0285238345906
0.0746008364059
0.138009762082
0.0618033024102
0.0868679574445
-0.0207760965782
0.00248757322601
0.0673142036379
-0.0597681986338
-0.00028895166476
0.0885401023119
0.00856900791618
0.176644142656
-0.1059173138
-0.0546017208973
0.0250963397532
0.0189244230491
0.0186705630797
-0.0716129377945
0.00208557800159
0.166758854402
0.0975486895444
-0.177273794389
0.0235831344297
-0.0185813906921
-0.114699441601
0.030280700971
0.0694462691152
-0.0144942817927
-0.165336944877
-0.1354157616
0.155563714264
0.0662975328171
0.0407542046738
-0.0348551636068
-8.42208600688e-05
0.00771126049869
0.0103741844767
-0.0165788437612
-0.0180145296263
0.125594871218
0.250296296199
-0.0414415079986
-0.0150475088483
-0.0102251462543
0.00106785673284
0.0869773991186
0.0703921328303
0.100495112278
0.129264639018
-0.0409796142905
0.113590114986
0.0920830245564
0.00218333367639
0.127590040362
0.163485842117
0.128137132174
0.185884424279
-0.122063607238
0.0166813254939
-0.0370948966669
0.0699884901744
-0.188419494095
-0.0199442322373
-0.0112059284332
-0.0710470828838
0.0503508655472
0.0647814364832
-0.00344320348586
0.0898682667293
0.0893589389774
-0.156933502957
-0.044582023783
0.085464157935
0.42202271995
-0.252089711416
-0.170083407765
-0.0880771041132
0.0505849073351
-0.0441346318234
-0.102280714109
0.0554763678357
-0.0159010909608
0.0328218297153
-0.0894797259647
0.0570671659729
0.176313232059
-0.0713756414047
0.124219171967
0.0801865362342
0.0272590283537
0.0829174248901
-0.0956754653979
0.0207717904634
0.0821374951604
0.0327029550401
0.0618621884705
-0.00856466072886
0.0672457642084
0.125687619711
0.127408169844
0.0604500127217
-0.00457262561855
-0.0373853527034
0.15775432349
0.0711795775513
0.0172085681625
-0.0996712952431
0.0257006350052
0.0114485104152
-0.0302355705863
0.0673257461355
0.104095896304
0.0979042805864
-0.0697565244367
0.0942394025285
0.00616979538169
0.0973465164892
0.0434561244342
0.123554667253
0.0691969891466
0.143603352378
-0.0259950279423
0.106765078359
0.104028648916
0.0151912522831
0.075240694983
0.215081247039
0.0455732574187
0.114070087597
0.01807716683
-0.0597566071017
-0.105901852447
-0.0146531353502
0.319607471127
0.227690269337
0.0232745541077
0.0574859782749
-0.10677478517
0.04519206195
-0.0668191949679
-0.0400462705798
-0.0422821685716
0.130424967129
-0.00308682241257
0.147983108722
0.189034538999
-0.0407096559319
-0.069087313127
-0.0128881981835
0.160354582543
0.215451957376
0.13297297502
0.0154794242948
0.0572802429206
0.0258753283231
-0.13353011309
0.132509091105
0.0192411754199
-0.0114556935372
0.178242802603
0.0646317299064
0.0559257532979
-0.0448753374249
0.0981390631775
0.076753992066
0.162190351265
0.306590192001
0.130648078184
0.242999069814
0.0409053050253
0.112627018512
0.0656039045346
0.0185807905572
-0.0185488166696
0.036976128437
0.188127759067
0.115304507221
-0.00499037384731
0.168335996891
0.276863974571
0.0704006761596
-0.0615936023781
-0.0061738366557
0.0492459290667
-0.0438028537469
-0.11968404079
-0.0703736692954
0.0511807306213
-0.110424510316
0.0200651501802
-0.124927796611
0.0591371381085
-0.013724664554
-0.132778402354
-0.0129405098475
-0.0679948984789
0.0446354460416
0.117173103115
0.0794495242838
0.0311322499055
0.0905259835856
-0.196356092081
-0.0078245114733
-0.113055201489
-0.0685314100512
-0.0652763920273
0.0342259473692
0.0607347548605
-0.00242662010927
0.00221170299493
0.0675756392136
-0.0209868592755
0.0232550879716
-0.0566761777494
0.0524116438664
-0.0293024754895
-0.0273108160308
0.0189659319608
-0.00082269151314
-0.0260651958967
-0.120486623403
0.130708691634
-0.0540414704777
-0.0769308102795
-0.0485345776511
0.0472848313135
-0.00316458885186
-0.0769164528149
0.0425997362702
-0.140806351422
0.0659650709995
0.107656130562
0.0677111217992
0.00426456096587
0.0164706113484
0.0795544418782
-0.00995483116156
-0.0927423225066
0.227025764726
0.0809266323055
0.0666140422938
0.0936963885453
0.252413983452
0.270006973055
-0.111922147802
0.0199385837641
-0.0197921111026
0.0671450958565
-0.00815180505947
0.00751018032527
0.0491142722463
-0.0367286104746
0.031167839566
-0.0657708917492
-0.130779201049
0.157556156957
-0.115027420063
0.00733681741221
-0.131696738018
0.0851519579736
0.0503497930315
0.0216658042469
0.169221770685
0.0676841871448
0.0548980725372
0.134294496747
0.00862199308023
-0.0696454539204
-0.147912900921
0.10240127124
0.100625210155
0.184692771217
-0.0290410591592
0.0589395685043
-0.0770037540047
-0.0403253042606
0.0442210386359
-0.0832284526698
0.0537347791397
0.0560588661156
-0.0274004226327
0.168116040362
-0.216846132117
-0.135752496622
-0.0088910311464
-0.00242374660719
0.00928242435619
-0.0933524707635
-0.0396195884401
0.0665128882052
0.158697705855
-0.0676278135998
-0.173515811125
0.184715145202
0.0301322217331
0.0376533812027
-0.0400044256346
0.0794450351711
0.00213313065539
-0.0638089387622
-0.0216905935307
0.035480349068
-0.0889266521288
0.115430180377
0.108360763511
0.195389362506
0.0207092276283
0.0966484281123
0.0828513713334
-0.111876008725
0.02560873191
-0.156007659613
-0.0754089388462
0.0928921216101
-0.19760825217
0.0532671701543
0.066734147218
0.114517779528
-0.0440586379118
0.0349025822082
0.149800761295
0.136932043329
-0.0777894639941
-0.0350563337999
0.0690832655482
-0.102457469271
0.0794935167899
-0.133367941722
-0.109804168652
-0.0862403955828
-0.0611516724897
0.0265141422931
-0.0322534450616
-0.0910210324163
0.0289337968947
-0.0720604599548
0.0296472685814
0.0372896719147
-0.0631997562691
0.128837943881
-0.0478232926589
-0.0949776669445
-0.170268443003
0.113599643002
-0.00953160275539
-0.00144578923636
-0.117467375444
0.100884226643
0.0210444055146
0.0631395232594
0.0259802867943
0.0119465207881
-0.124102850475
-0.00127101834978
-0.0561166764617
0.132168627007
0.00613735334515
0.1655243247
-0.0605997659074
0.131747379616
-0.0908092614292
0.09560508383
0.0208341110137
-0.0279404928771
-0.0767150967678
-0.0598291341652
0.11899644876
-0.056572533186
0.0527892930474
-0.0345635531297
0.163290803226
-0.044489851886
-0.0709953275568
0.148459571226
-0.0329548026017
-0.00205859786989
0.0636520306377
0.0639993635654
0.00380901967821
0.000761360506375
0.081149657972
0.0478660685102
0.0441561232933
-0.0897004754284
0.0649704641633
0.0192512333426
-0.0830259997241
0.0702154570922
0.0544835777326
-0.163025708837
-0.0429586708735
0.0582594602123
-0.146779108592
-0.100884132988
0.0709863224883
-0.0517026591311
0.199824809614
0.127846424306
0.135490556312
-0.190018133771
-0.146859629095
-0.108116142902
0.0574991014261
-0.0425996588775
0.00134647613939
-0.0878702646248
-0.0557197993392
-0.0256557588122
-0.0485158949749
0.0265581142639
0.0694900336034
0.209176325009
0.0685169479069
0.0830858817606
0.0839788608862
-0.0704000476591
0.00677163580748
0.0639010571317
-0.181540910747
0.0396242000266
0.125162255752
0.0124367806835
-0.0247382875157
0.0645112989854
0.0629523492339
-0.0485659943721
0.115725052573
-0.0849298633075
0.0148359629529
0.0172000471781
0.0171450981029
-0.104300954265
0.0937241497781
0.112593014697
0.185810871408
0.120194673167
-0.200401862915
0.0119746193638
0.0865536534697
0.00265917270642
-0.127183406192
0.0223146059562
-0.0767588000086
-0.0188358808785
0.0178848268784
0.0482627809553
-0.123796416168
0.131548058434
-0.10219896305
0.0478634189621
0.0434666860746
-0.0591481448479
0.091698287307
0.0883083548121
-0.0738487142497
0.0837876492578
0.0206564897711
0.0484489086498
-0.084731283533
-0.0108833774692
0.0629645285945
-0.0481689312155
-0.0165239382404
0.035417007728
0.051296318755
0.146911210562
0.152662178435
-0.0480097361229
0.110565247886
-0.0109306644378
-0.0471082040172
0.0073791463819
-0.0557918109634
0.125863672929
0.0844594759672
0.00986276143942
0.0849212250102
-0.0697465533709
0.00650635325226
0.0292529850379
0.129173468517
0.0164843810337
0.00604224333616
0.0835012182812
0.0806830262572
0.00956998359572
-0.0373170936491
0.0484607240619
-0.00772349451259
0.0288975944474
0.190244574362
0.0520817366554
0.0210916530456
-0.0504464373821
0.0571610008374
-0.0620236666024
-0.0538604126461
-0.0503188814574
0.0494799707739
-0.0701715397719
0.0627193034253
0.0246105132145
-0.0117532329501
-0.0509443546771
0.0766429506626
0.250261821064
0.150987810943
0.0517138008223
-0.0608881272234
0.0957702036857
-0.0326579659484
0.001640208511
0.0788369760293
0.00319825238929
-0.0296760489714
0.168836283919
0.037725934649
0.0159057634633
0.075238276484
0.0991720057396
-0.0552774981057
-0.0238902663734
-0.00880969080175
-0.0532166263584
-0.128586280684
0.0190729635734
0.0128923095884
0.107147018948
-0.0384546098928
-0.0224565958647
0.0987059783648
-0.0095850222641
0.043870146985
-0.127721355988
-0.0257946591736
0.0339125047137
-0.0222329857702
-0.0283798281537
0.221344259541
0.0411434305579
-0.0169298421751
-0.101409210601
-0.00414143122386
-0.114664497263
0.138363876567
-0.0185116573378
-0.0716200380795
0.0619807017123
0.00663376855756
-0.039452191831
0.123402276981
0.0574843327472
-0.00153001374365
-0.0419565508802
-0.101123162179
-0.0203005537023
0.0605220547743
-0.0588927888073
0.129438521747
-0.0177522255321
-0.0913226591014
0.0889773622431
0.0679604278715
0.109988833364
0.0675294436709
0.0530093924404
0.0174459824683
-0.0546655601804
0.100079331964
0.0556548455284
-0.139255358058
-0.0340801726428
-0.0206555935923
-0.169609665406
-0.13028341838
0.123811314329
-0.0331861528116
-0.115886529475
-0.0144641712118
0.0137617725774
0.00263300770888
0.0481449072641
7.9351833699e-05
0.0569309379815
0.0480792032582
0.162168059136
-0.178700427631
-0.0716757529624
0.0854178987572
-0.0262381466998
-0.184708712325
0.123053351092
-0.0290264826164
0.196896780119
0.135124199542
0.130338457893
0.0503058150712
0.00482727877678
-0.0920883019302
-0.0505467626426
0.0125855567553
0.0582698523592
0.0957602248631
0.0393770880761
0.1672883996
0.0234704734547
-0.184383835828
-0.0212429236843
0.0949163563401
0.0400254047463
0.0258516113127
0.0100735597114
0.0680930559266
0.0347159562925
-0.0286880561657
-0.0348084973527
-0.0657554512876
-0.163863028188
-0.00206358492816
0.0682142626421
-0.100689405596
0.0829998379325
-0.00359785548012
-0.158608699547
0.0736998967253
0.086462546138
0.0635012225499
0.0560099080947
0.0528488954809
0.0507767937651
0.0242661836037
0.012129224902
-0.033861647169
0.113081775464
0.139334039111
0.0854846264414
-0.0099447393124
-0.179453279672
0.106003336513
0.0271656785346
0.0352700899586
-0.0307872204079
0.132178671719
-0.0326888818546
0.164414111554
-0.0446237150094
-0.0211033966228
-0.0457996729645
-0.0313223691964
-0.00633981063196
-0.0702098969592
-0.0512177043273
-0.0322255116954
-0.0322625965162
0.0116776488554
-0.0325472648567
0.106416581058
0.17360216161
-0.107987287293
-0.0468285041553
0.0892917732245
-0.170339007586
0.0914573439515
0.0681622430108
0.0556741623294
0.1031445527
0.444786274123
-0.0289600463884
0.0249550363076
0.00836209889977
0.00233871402543
0.062923455311
-0.0378614612841
0.0206852868963
-0.00660773066575
0.0715852617055
0.142152692904
0.0458050874418
-0.0615827168088
0.0603462821041
0.131814250345
-0.0419351391099
0.0153416232144
0.0290198704907
0.012029853663
-0.0640043033944
0.0309164407729
0.186865174854
-0.00691967272031
0.0523122341659
0.0761743837802
0.0437363168917
0.0202534641007
0.0327181159328
-0.145082057723
0.16617648612
0.064466359235
0.169421881472
0.00855826753228
0.0299883063343
-0.0847979336339
0.0735490666638
0.0390898401628
-0.0249098966548
-0.0355594870162
0.064737795458
0.11252931946
-0.16672171392
0.00964081772225
-0.0017663694456
-0.0732950948455
0.0680794229226
0.0429225032627
-0.0957271501185
0.0976823851273
-0.125745269781
0.0206733786729
-0.0612884324176
0.0875548991654
0.0446111843797
-0.0907304299714
0.00242838060159
-0.00545651022072
0.000272428776368
0.0721795465569
-0.0514712036848
0.0524677632416
-0.0358691166301
0.0679450923037
-0.0393075126491
-0.045215406204
-0.0393568983779
0.0150282796346
0.0940349940254
-0.0363619875832
0.130372270422
-0.0573646930796
-0.0375515595895
0.15600581214
-0.0337848697274
-0.10102926462
0.0173798300232
0.0434083925966
0.114596859602
-0.0821962987994
-0.0626481377099
-0.062565890305
0.0134290616193
0.0894240135437
0.0547496134177
0.0380078064936
-0.144088691718
-0.0813030976613
-0.051979152909
0.380338713809
0.0824755202048
0.0165073187493
0.0549510483267
-0.0341998811558
0.0998928232304
0.069322797963
0.117096375954
0.160178299043
0.0603457465659
0.12763084433
0.0599432365741
0.072204468554
0.0959313146123
-0.0670222937057
0.112758529515
-0.10360540672
0.0364005050087
0.0398642127594
-0.0765647217646
-0.0652667187764
-0.062816228755
-0.0302847653838
0.0770409113539
-0.0522561411285
-0.00659435132507
0.0157049449975
0.105125624957
-0.0219967748312
-0.0264436492692
0.238813194859
0.0375241082305
0.0762767171342
0.00367335046436
-0.0745327140273
0.039324219692
-0.0232767244049
0.058290108383
-0.0132174902421
0.108022362679
0.071284491358
0.145749410208
0.043074135016
0.0164284750667
-0.0850467980639
0.0288905178471
-0.0713229364419
0.0565597275494
0.106939673802
0.0478518739138
-0.0300475204012
-0.0224457305531
-0.107497718688
0.0559111191698
0.0507755256662
-0.101476944665
0.0957371364811
0.0668472931292
-0.00537757365844
-0.0824996436336
0.0533126064307
0.00910964662538
-0.112533279059
-0.00262015433639
0.0572030621676
0.0281114342091
0.0312984170793
-0.0516242218329
-0.0572607602556
0.124433571742
0.1310536255
-0.000979998968968
0.0242447952959
0.0619743867152
0.0997039781344
0.00745530889978
0.0524515078883
0.000338259283261
-0.0638360939024
0.0574619101093
0.0642781941566
0.139358863363
-0.115899418346
0.0652514617858
-0.0465487186143
0.0859487971285
0.0827260754992
0.0418031967081
-0.0410831352351
-0.0581417888886
-0.0752004425421
0.0769091231834
0.0782810984135
-0.0281200007862
-0.0791189074944
0.0796309553773
0.102214053401
-0.0347229849767
-0.00457887125067
-0.0828756813082
-0.0202598147907
0.13144519864
0.125784632428
0.0787008577389
0.0413398218492
-0.0243821237858
-0.0146941189978
0.161437874673
-0.0665726566841
0.101437505673
-0.0837988393799
-0.187557693106
-0.0353313735857
0.0190461735414
-0.0315164629119
-0.102250269109
0.0423813134692
0.277422636576
0.190628858852
0.0943959355239
-0.028557582091
-0.192645604288
0.388212471994
0.0395081549434
0.212257342223
0.0450625021371
-0.0194927799246
0.0436661137117
-0.0378714390156
0.0555012886621
0.0340514442207
0.0567739118461
0.352049358779
-0.0534191286555
-0.196484263708
0.0627460161431
-0.0429016666423
0.0583970108581
-0.0720487532064
-0.0524294254394
-0.00929405880556
-0.106797225946
0.137292840162
-0.00547676927572
0.123510627114
0.0668644465321
0.00649062576689
0.0243593128467
0.0558889242138
-0.0142978880941
-0.0798149790497
-0.0695484999649
0.061506137556
0.0280063076579
-0.0851936627749
-0.0317889810026
-0.0637889199776
-0.192878905398
-0.020880826813
0.113273307651
-0.0166023437932
0.104945200927
0.0785148126903
0.216414532611
0.0520508631281
-0.0896819583998
-0.00735422393323
0.00671725309798
-0.0692348932531
-0.135981656027
-0.123350690092
0.0443499420184
0.0457749566905
0.105607787889
0.0458805863026
0.164924285497
0.0837807513307
-0.137389667431
-0.0138071686833
-0.0898195166878
-0.0260632600472
-0.085103438466
-0.0478346289123
-0.0413720486976
0.0955465093565
0.0482740652257
0.00100162109489
0.0395259798722
-0.00749392364698
0.159995417812
-0.0438933891614
-0.0937149192609
0.0656588066015
0.025724092123
-0.0412362620545
0.112452420769
0.0353575725133
0.0835907703473
-0.0772667339838
0.00416250982401
0.0110506152724
0.00279310149102
0.0763064057573
0.101749403424
-0.00792081474546
-0.165106479623
-0.0222075055864
-0.112380172802
-0.0456449030184
-0.00302350809236
-0.154369823066
-0.0614301424426
-0.113993222044
-0.0327855094928
-0.0639773427542
-0.0292036863498
0.0480308740843
0.053732111619
0.0404416154054
0.0311354733652
-0.0100740438596
0.170084677765
0.308000335879
0.00814573786622
0.11915980054
-0.0590698551284
-0.020127941624
-0.0900747531941
0.152280508721
0.0631532598854
-0.0185824879585
0.0901042930968
0.0177069116302
0.198751777782
-0.0109473307951
-0.000531995613057
-0.0666060195174
0.071655633908
-0.0661073608222
-0.0708717065635
0.121008551997
0.110386075381
-0.0407046639211
0.16885402028
0.0890350251059
-0.0632822154574
0.102679087391
0.0538627733652
-0.0145467711911
-0.0919101595228
-0.0609833145586
0.0398350168402
-0.0232931732053
0.00365321047549
-0.0660595044234
0.0761991682181
0.134581562618
0.0507816319528
-0.0738611225627
-0.0802375843108
0.330656012635
-0.0379063857366
-0.00312240553586
-0.0399449870108
-0.162311247386
0.100927501508
0.0765134577154
-0.0680460609274
0.0358356467406
-0.0206844848693
-0.00802986788514
0.0168962895195
-0.0404496298288
0.0342872832671
0.0256077625487
0.11785872381
0.0781341961679
-0.00829559254056
0.0974530404338
0.136595347541
-6.54656583734e-05
0.0222065049192
0.0444784754967
-0.0430606946727
0.00590018396836
0.0265542231935
-0.0561622799034
0.0427306478084
-0.0917461214643
0.0200779364927
0.034051537398
-0.00550245586864
-0.0439304550697
-0.0823584542708
0.00227984963815
0.188707358813
-0.0269043316785
0.0416428520031
-0.0138670095009
0.212608753649
0.159939033369
0.120429246864
0.115409114199
0.00229750332155
0.0823850685945
-0.00246315098507
-0.0393307022633
0.0623407088887
0.160611178627
0.0241588573337
0.0439299837379
-0.029392731598
0.112906020198
-0.0119122969661
0.126973602523
0.305004952514
0.150309150488
0.0775505852987
0.223626207166
0.142339236936
-0.051105453174
-0.0053593947842
0.168501671386
-0.00947618067691
0.0188846560781
0.0352488418701
-0.091793583937
-0.0077084897471
-0.061276070098
0.151539618055
0.010017908148
0.0739949956215
0.0500614149544
0.157190687414
0.146887241435
0.114749217653
-0.0149747807264
0.257224961452
0.0420551125327
0.176690844096
-0.11178891597
0.0538653640885
-0.0208486491747
0.0561918459628
0.0608783956367
0.0734927245746
0.0960467861625
-0.00320896509488
0.0191478993337
0.145203249595
0.0922688901981
0.0740461740929
0.145682719833
-0.0426346357533
-0.0364249844271
0.0294324104634
0.00868742669059
0.0908744518265
-0.0293250568511
0.241636597626
0.0562395389728
0.276424688125
0.0942067215119
0.0362230717906
-0.019835464956
0.0803309934065
0.191489682946
0.158663165652
0.0568445484562
0.138041116619
0.218279040339
0.0111073980161
-0.0605882920831
0.0136309893692
0.0974747507464
0.100783781594
0.101387280853
-0.035669559083
-0.172726399019
0.243971002612
0.141647145901
0.103236905482
0.0439098597851
0.125469111339
0.0882838856768
0.216471038685
-0.0793491865473
0.344605242957
0.000388202755277
-0.0861919260825
0.100365477279
0.0343336748217
-0.0523272535247
0.109655737391
0.0788110335587
0.0479663297265
0.188880192113
0.0201704002929
0.0726872300029
0.104924272198
0.0279343575374
0.172801358086
0.172767812737
0.0469923028015
0.0700277498533
0.157515784075
0.227090334233
0.0880392363256
0.181171101728
0.251181786513
0.244814976917
0.0139184820644
0.0616095573473
0.160694205816
0.19027740578
0.355723784122
0.086088734763
0.148395918818
0.0508625094655
0.187633706495
0.107698447965
0.138756421707
0.175657159656
0.128174024462
0.0304228673299
-0.0597615336141
0.0945210868304
0.248803707275
0.0935851185691
0.0937489871464
0.272364322757
0.108488880163
0.133671739845
0.0237979576449
-0.0815342647397
-0.0346833530011
0.044616843277
0.140676032682
-0.0460389138427
0.223013266103
0.0169315600227
-0.0115126711538
-0.010806920262
0.158012754278
0.0535232249767
0.11449537048
0.119052915841
0.197042527453
0.00645746579818
0.0348073004957
0.0879284418625
0.0576041637614
0.117247342992
-0.032338030012
0.111148795466
-0.143887836805
0.250598206192
0.155589628241
-0.00648142778079
0.0919286611007
0.135799840575
-0.00142922406827
0.0803505760666
0.0174586402998
0.0482272510254
0.166253461066
-0.0163347692256
0.114249922677
0.19596852199
0.11475848441
0.0265639020419
0.0911226019031
-0.111043867525
-0.0405554066819
0.0299330541612
0.1221360016
0.148492482782
0.23280281134
0.148668607973
0.130378123262
0.0542693012592
-0.146150170548
0.0242281213118
-0.0478514964016
-0.226072257161
0.131613794701
-0.0397896053801
0.0672507521182
0.292881646137
0.107892314743
0.06860689987
0.0280980470115
0.0842731882401
0.0828548894502
0.215404036149
0.156217480259
0.11329327695
0.0455316133835
0.0839460471314
0.123333835458
0.179600387093
0.0839852701277
0.125100750213
0.0682740546255
0.356206945823
0.0881092183267
0.0669065326335
0.118772306967
0.115603106803
0.0435580467813
0.205549322054
0.166215020064
0.100857073481
0.141481697055
0.147370482102
0.0346197663984
0.0157844058557
0.164785623994
0.0699369824674
0.0648858170045
0.0574623065913
0.130790083946
0.188523027737
0.0390060618399
0.176574326709
-0.0397285571289
-0.00511881700387
0.285069337242
0.137991074541
0.059799618984
-0.0433941425744
0.113405679357
0.13072878559
0.185013611816
0.239298438041
0.13233224398
0.151663050312
0.255343934819
-0.050366089172
0.165426483837
0.0645413511859
0.105590538595
-0.209615352151
0.103826188838
0.120426196373
0.152495452784
-0.033610262764
0.00940347443487
0.0402682923403
0.186579548469
0.0957464727687
0.00491339706835
-0.1219991771
0.19300653408
0.0215115114346
0.14311178482
0.224986252862
0.146890029896
0.0689727370852
0.112787813498
0.278996698261
0.02567110127
0.0936160057549
0.145369053053
0.167153824933
0.334159734902
0.0575100470629
0.138660644274
0.030596306312
0.054311751768
0.0780271972241
0.148707428739
0.210732719774
0.317130154954
0.0778278418343
0.0908573899874
0.0433689027767
-0.173216828896
0.00363985064607
0.126398460439
0.00293386501561
0.00353574374714
0.00446373614671
0.175281334661
0.0613115450692
0.0544511769974
0.192859525731
0.105540611753
0.505267895498
-0.0912658803715
0.143748789962
0.176761654942
0.0860879618201
-0.0409727413705
0.236346011296
-0.00616120436167
-0.0187376001925
-0.135209523835
0.0391281825161
0.0388232215021
0.0739484002572
0.222761417772
0.1111244389
0.287574964157
0.0367032201653
-0.0827001235838
0.0296700330937
-0.018605749528
0.193280876714
-0.0840261954257
0.135037942559
0.145885695417
-0.0975766454253
0.199386318201
0.0152646928889
0.0959515109496
0.0850057020845
0.199416126829
0.00405269631854
0.0466287934749
-0.0155883163717
0.0533193188591
0.106241724713
0.157480044554
0.0297380444784
0.0780358516661
-0.0126290685451
0.178739366521
0.0984262317801
0.105935362083
-0.105098527263
0.265262931291
0.127402323166
-0.0294351326748
-0.0110092540499
-0.0827216108896
0.0526760350828
0.0355856207815
-0.0818415844475
0.132376611694
0.16312442386
0.0329773642405
0.0727511506415
0.0596812956473
0.00991965697753
0.0235326379035
0.0923943489975
0.011595724479
0.0494904405026
0.0115249515567
0.0869226207558
-0.0117113304276
0.113568897348
0.173574334036
0.113709362088
-0.0111880205734
0.143720087697
-0.0902688035406
0.0323419488502
0.317687033959
0.188769522169
-0.00720521559154
-0.00355471543832
-0.0163488809044
0.0928903147925
0.0935858886309
0.0942814624694
0.202127425
0.0859946996359
0.206745116566
0.12072388908
0.068922007818
-0.0234200425831
-0.0214951644112
0.197607575586
0.182284479065
0.188064327292
-0.0603101946719
0.0445925929338
0.0377826857341
-0.00433646220541
0.0643210118622
0.165167760701
0.0926672401691
0.0155335220957
0.0790526499885
0.0628547453745
0.0489585660583
0.173422831437
0.00734797875051
0.141475971945
0.0520351935452
-0.0835004906388
0.0264005517857
0.121919616548
0.0734624016025
0.266562857212
0.0332704296915
0.16971108331
-0.0298439613033
0.0652736577242
0.0349377831348
0.0908381143569
0.111555251737
0.104487285732
0.0292523454898
-0.0726915735742
0.050505991505
0.0992684181486
0.118469328516
0.150036632495
0.141053157035
0.141981942732
0.309181801612
0.183351701413
0.343373562604
0.13993562849
-0.0455756175015
0.0390340058192
0.122273658267
0.27026969254
0.243007918849
0.117628538922
0.000441775663691
0.0483484263802
-0.004415281338
-0.0305776217777
0.127995084373
0.230953637133
-0.00610994009863
0.214116253682
-0.0590203642667
0.107638654285
0.192758890088
0.000751090683498
0.248603009807
-0.0288551836316
0.0305932219644
0.14062106854
-0.0244817187054
0.0591379518656
0.0734922108054
0.0187771133586
0.0678337116536
-0.0715448898568
0.0419536745209
0.0609541566378
0.0367357215829
0.099942301067
0.0814597343062
0.0577058620655
-0.0399521345706
0.179961730931
0.153129345739
0.172426002888
0.131380265478
0.0594547177449
-0.00860465691961
-0.0139816958731
0.00676745702823
0.0459413526815
0.00209951060855
-0.0417423314644
0.0827257662503
0.0583165235771
0.0524628423363
0.085827101599
-0.114640876988
0.162320859796
0.105027663065
-0.0254175442968
0.157985341886
-0.025719178811
0.183741502419
0.034407858925
-0.123168238717
0.110048113876
0.0515176053408
0.0141995503071
-0.0489589891145
0.248774556037
0.0640419389399
-0.0835240552892
-0.0325755082351
-0.0651570083578
0.125411048588
-0.0785608828583
-0.0693576693619
0.0853892080459
0.180786980855
0.170583707554
0.0171557102454
0.0905472799363
-0.133530957372
0.0517472368901
0.024082500977
0.0583388369141
0.00240108659806
0.110655246145
0.059077859789
0.0929442794239
-0.097609476894
0.0859629940261
0.00330029674096
0.10572222049
-0.086734763443
0.0720054992672
0.0540481203257
-0.0348323227267
-0.0340979233048
0.103487844711
0.136793659541
0.0753564244882
0.16209241995
0.0213438859496
-0.0178484260497
0.112472615673
-0.13635628925
-0.00498247027677
0.182815604413
-0.04457450731
-0.0392869180976
-0.0659491867019
0.00052901005229
-0.048059051538
0.128296170297
0.065749526624
-0.0298125210405
0.18868381133
-0.0646220937977
0.162471130706
-0.303806886757
-0.177787337368
0.0109560682549
-0.11102212029
0.0405489898302
0.0935098848632
0.0306433564206
0.0533184623067
-0.0810744341809
-0.000920104595432
4.44934536461e-05
0.253692006313
0.214039392595
-0.0276757943932
0.00746807346168
0.305563997652
0.0218185794632
0.00124779163127
-0.0562331603841
-0.0882499507014
-0.0415420569582
0.0204193988946
-0.0972822692438
-0.137718619969
0.0662899162674
0.171063086503
0.13682229226
0.102581498018
0.0383700879863
-0.0269780677277
0.0156781897288
0.116516789942
0.0675799027914
0.141555500492
0.161914123416
0.0279154150085
0.154509472062
-0.112583930381
-0.148852360451
0.146591680098
0.00766207949116
0.0762478385685
0.0966459606652
-0.0789322873077
-0.0447115300147
0.0312124289518
-0.0100878477398
-0.086703587995
0.0163852274142
0.153180247611
-0.00369740252384
-0.0314555065459
0.0980009230724
0.139752303331
0.166819150332
0.0317354755631
-0.0233509166624
-0.0130878338875
-0.0963346130177
0.10667197115
0.0387439879447
-0.0496078745233
0.0434146872645
0.003848542527
0.0254709357621
0.0313045156017
-0.0443474834164
-0.201319846539
-0.0523790820556
0.061280650444
0.0574462130657
-0.19235627184
-0.0246593858038
0.028073383235
-0.0238832364797
-0.174165325218
-0.043333145625
0.00278723173746
0.0323500922666
0.0381838638157
-0.0621313961823
0.0382265297458
-0.0871142441203
-0.0356520797336
0.0570898259078
0.00173424769617
0.138219320845
0.274704393994
0.00699486043616
-0.10254777416
-0.112941250656
0.0791681714319
-0.0485234295135
-0.10469681588
0.0456713042955
-0.050427027081
0.0124146116616
0.0738498217073
-0.0774010342614
-0.132803972639
0.0186463386143
0.0604013776386
-0.093634933163
0.0547057308598
0.0425016980215
-0.0644956368947
0.0699530324252
0.140871945672
-0.0554904556424
0.147903710298
-0.0109934068349
0.0524556187402
0.00236135246367
0.0223318196039
-0.0284688341106
-0.0357464253802
0.110907962701
-0.00481873809909
-0.0281752765281
-0.0219226256517
-0.0525090399675
-0.146325346036
-0.114154573685
-0.0819838013348
0.183632526346
-0.129676620965
-0.118439198229
-0.0677959780163
-0.0601771919647
-0.0702887743107
0.0489037847371
-0.0766054385352
0.104344068254
0.0565748521288
-0.103570313872
-0.00821688083202
0.0512532183766
0.0217139677476
0.00451448602512
-0.0414120741815
0.065340744764
0.0301539070993
0.0493225182119
-0.0828852874623
0.0133468121798
0.0709857480305
-0.0545607289703
-0.00411834179365
-0.0893843673652
0.10030342286
-0.101325396795
0.0558406198075
0.0284350635461
0.151325789931
-0.131837943283
-0.047946972053
-0.128412752254
-0.0523793762703
-0.0558227698243
0.0410299586491
-0.0671506293067
-0.0098874060285
0.0914415117498
-0.0090760866857
-0.0287405288651
0.0638894403457
0.0592131564073
-0.0458226251528
0.152346174444
-0.0984709463859
-0.0978400818655
-0.0266494453514
0.208857177823
-0.0556974826024
-0.0235856655985
-0.0893415377668
-0.194004172431
0.0886466437714
-0.00396103174727
0.105528614235
0.0403185505731
-0.222647936616
-0.0109106791041
0.0399189895975
0.0697280946126
0.00138795725695
0.0372873458222
-0.0266696461599
-0.111482651088
0.0593808412702
0.0356334566418
-0.0678188651737
0.137695379826
0.120165572808
0.185095532614
0.173331732594
0.0812158905108
-0.170561703383
0.106088582885
0.00183807370497
0.115105370277
0.0256811657572
-0.0480434354947
-0.0784937697826
0.0839126432229
0.0624128235761
0.0663330853047
-0.00905718344471
-0.0889980597263
0.0539736222932
-0.0699052859547
-0.031014869643
-0.00233307291794
-0.046916800313
-0.108593658015
0.214452636418
0.185465700322
0.0561305094506
0.0137096479151
-0.0287112136205
-0.071132075156
-0.0240003014697
-0.0323557061706
-0.0407315632372
-0.0129357307458
0.0741062139188
0.0346302840767
0.068811250745
-0.0157486665565
0.089819926476
0.0252979042328
-0.0297440626275
-0.0183660864127
-0.140420017128
-0.158608542261
0.0888973329082
0.0142885845843
0.181434199678
0.00241859698836
0.0188491728029
0.207210405442
0.0205383086453
0.115602397274
0.140598080617
-0.0326552491283
-0.0230513454158
0.101897282
-0.0621709406085
0.0211310857578
0.023291786395
-0.00590066165879
0.140712556395
0.115053231034
-0.0302497135752
0.00573496227051
-0.0794801004035
0.207533825771
0.206918174569
0.022432368479
-0.0732007715485
-0.0667296676922
0.0973551141359
0.0185101793381
-0.15506504874
-0.121139007338
0.0403398270821
-0.0314897151532
0.00681453731334
0.0791924567751
-0.0090427628778
-0.0879759095044
-0.0988389265059
-0.0151440289001
0.113887148585
0.0944028293988
-0.0263675777854
-0.03223991503
-0.0381122522746
-0.0774545269751
0.137833569367
-0.0417877002505
-0.023209372052
-0.149779698288
-0.13908838891
0.00550468553294
0.0334123833021
0.166232481116
-0.0077270697418
0.406322364208
-0.0385065648178
-0.00596735597465
0.0652201118364
-0.218453362634
-0.20878867532
-0.0616994645208
-0.120974250343
0.0383598944958
0.0174729190079
0.0677575845952
0.168090708032
0.15673220671
0.165093566199
-0.187687707553
0.100001755025
0.0331589901422
0.0448055126683
0.0857348311845
0.0674798937848
0.0468750457241
0.0262701976634
-0.0329221075174
-0.0921144126983
-0.0913691885012
-0.19274467768
-0.0148528847368
-0.0978483770749
-0.188958959205
0.0646416730268
-0.0334894153358
-0.0443475186237
0.0537323015588
-0.10095026898
0.0642929507935
-0.0311928262388
0.00666369539299
