-0.0180015775662
-0.0325426862915
-0.0358165323796
-0.0349649764083
0.0141899555652
-0.0102879449306
-0.026895526185
-0.0350325864451
-0.0206686484595
-0.0235083482009
-0.0176100218087
-0.0074658706894
-0.0196468733224
-0.021386870249
-0.0304096588483
-0.0147468606978
-0.0310694193605
-0.0308994681272
-0.0268883388961
-0.0183804649104
-0.016277458637
-0.0156451843735
-0.00581811544679
-0.00897457656405
-0.00614164136075
-0.0258239659133
0.00322098639978
-0.0090614307527
0.00358752404651
0.00323335618679
-0.0133766594528
-0.0233252754548
-0.0134993979499
-0.0132207237138
-0.0129420494777
-0.0126633752416
-0.0183820872227
-0.00735356349895
-0.0215034918833
-0.0205989469868
0.00939377881885
-0.0162209538525
-0.016711409539
-0.0289840828421
-0.0169227361132
-0.0387534983696
-0.00282087748647
-0.0173501676784
-0.0181786058008
-0.0180243404335
-0.0112198610777
-0.00109229528637
-0.0047785370343
-0.00567825920076
-0.0010315590905
0.00314519247391
-0.00549376294481
-0.0234190514134
-0.0175823655413
-0.0164799409731
-0.0241102304617
-0.00974168369643
-0.0286188262468
-0.0241512038737
-0.0202074660142
-0.0185809169752
-0.018508741678
-0.0135519008794
0.0039313852867
-0.0289442705594
-0.015297793503
-0.0231618720244
-0.014628158081
-0.0109193498486
-0.018806436277
-0.00645390248657
-0.00770883438162
-0.0114693546384
-0.0367883695208
-0.0174046792278
-0.00738070288114
-0.0329601165126
-0.0036887612635
-0.0243945476838
-9.67084990079e-05
0.00373835506172
-0.0248980937104
-0.008770057791
0.00548619012341
0.00209445600918
-0.00582737557772
0.00633838187796
0.0113270739549
-0.00448250215955
-0.020292078274
-0.00360980418785
-0.00304264527363
-0.00867364058149
-0.00871875513655
-0.013917264515
-0.0191157738934
0.00553995217958
-0.0108373948581
-0.00450546294712
0.00182646896385
-0.0197689708751
-0.0166541433589
-0.0175951369435
-0.0191924901162
-0.00520660385706
-0.0105098768448
-0.0108711132109
-0.0130489679501
-0.00374226327184
-0.000451249806363
-0.00617752967571
-0.00679964854061
-0.0290460408697
-0.027716697017
-0.0189705351856
-0.00589773791525
-0.00868908758787
-0.0197730177929
-0.0122678571623
-0.00989719833354
-0.0111757353929
-0.0172085267326
0.000646163809225
0.00334152187751
-0.00353601667823
-0.00745150062423
-0.0225609354032
-0.00437725705936
-0.00177077408904
0.010743061483
0.000723194306745
0.000988078561025
0.00726974128684
0.0114182589826
0.00862377539064
0.0117538156372
-0.00244207591277
-0.0149514514642
-0.0173374815075
-0.0131322704274
-0.0135048812492
-0.0171302419143
0.00056033093974
-0.0042198903705
0.00213350657902
-0.00197177771401
-0.0261258988485
-0.0244557480331
-0.00534382116775
-0.0106062822958
-0.0145636539059
-0.00924940016982
-0.00481926539811
-0.0047755200219
-0.00839987440386
-0.00056994033552
0.00196302728159
0.00808734234569
0.0214096091511
0.00310648300782
-0.019254102849
-0.0120582952073
-0.00676187862385
-0.00763637480658
-0.024930732699
-0.0240405397835
-0.0144502996568
-0.020462052569
-0.0103367504919
-0.0108540453735
-0.013239396083
-0.0117740097697
-0.0131576273544
-0.00829118249138
-0.00214465182692
0.00262221115167
-0.00689185826464
-0.0149075461197
-0.0165718569672
0.0100611631431
-0.0106511615576
-0.0219593188319
-0.00348252089709
-0.00612987538152
-0.00349248975685
-0.000855104132188
-0.00734119458294
-0.00464008186337
-0.0210789051435
-0.0171524672101
-0.00715107841658
0.00843896932584
-0.00690122485723
-0.0137141353662
0.0194902617765
-0.00842120936948
-0.00579908933617
-0.00566648016028
-0.00782538015785
-0.00613278718548
-0.0141750927822
-0.0276010983675
-0.0090872064632
-0.0220754525895
-0.0117575973681
-0.0101756471234
-0.0189691136059
-0.0103207378794
0.00487317272273
-0.0148007769436
-0.0286876274586
0.00277419546461
0.0266212626634
-0.0291849669899
-0.0107903494864
-0.00639388694319
-0.0233669523514
-0.0130060803662
-0.00123711979465
-0.0204180316119
-0.0049393653611
-0.0162376926505
-0.00683925391756
-0.0142264848623
-0.015600263323
-0.00442784565378
-0.00652906939762
-0.00573884268674
-0.003335805766
-0.0233939301949
-0.00453557142423
-0.00875835494453
-0.0110855753104
-0.0263726992875
0.00415025455288
-0.000124055414447
-0.0169160139649
-0.0183357488931
-0.0130505396753
-0.000942651242325
-0.0120020465928
-0.0102775210797
-0.00522676717356
-0.0116489218636
-0.0127227612735
-0.00621232470825
-0.0131224110362
-0.00564628727518
-0.0100686094501
-0.0065389357517
0.00400146920331
-0.00562659403805
-0.00191794690391
-0.00660006739585
0.00047135486588
0.00681561127069
-0.00985613478484
-0.011780760034
-0.000491175642703
-0.00250862013314
-0.00591892886736
-0.00715659358922
-0.0202831298826
-0.00238536702119
-0.000624447815687
-0.000186608521918
-0.00193405547754
-0.00736317714873
-0.00124283399068
-0.0196864415418
-0.0116993353078
-0.00405275377911
-0.00147549950879
-0.00400758388996
0.0003585513929
0.00752021100585
0.00776729534773
-0.00356283166578
-0.0103722737296
0.0102723105259
0.0045930199155
-0.00108627069491
-0.00142457535336
-0.0189977108466
0.000698027898731
-0.0183446966247
-0.00151214299182
-0.00654577137255
-0.0174045318259
-0.0104958611722
-0.00358719051852
-0.00959808564278
-0.0117926624197
-0.00407519788948
-0.0144600307643
-0.00216807542997
-0.0174723524846
-0.00773086283292
0.00360327473681
-0.00567775705807
-0.0143222734615
-0.00427936487148
-0.0135319580833
-0.00997145563911
0.00157293736595
-0.00416865832244
-0.00702455288148
-0.00242319411596
-0.0107932299467
-0.0105434026113
-0.00703893738653
-0.00883820290335
-0.00481225389832
-0.0209760694805
0.00374064447161
-0.00924063607354
-0.00732236796859
0.00353578066565
-0.00918140738973
-0.0150762357515
-0.00782112269604
-0.0206859240246
-0.00803594255642
0.0305555381527
0.00576520172972
0.00655348001985
-0.0157964962635
0.00402403874604
-0.0250038782483
-0.0127334789644
-0.0103489760305
-0.00142202417428
-0.00640421628615
-0.00875024615053
-0.0250333803999
0.00533631964152
-0.0069341823931
0.00218842457152
-0.00120415550684
-0.00274187106378
0.000728318883468
0.00705323660599
-0.0100252905805
0.00856430058018
-0.00588868301658
0.000640080931439
-0.00801267968461
-0.00344274542183
-0.00796292711607
-0.000468054262034
0.00284651180496
-0.000130182114181
-0.01149232076
-0.00504448354427
-0.000709169257061
-0.0148960599752
-0.00373905086696
-0.0185763094899
0.00996123228394
0.00502453205782
-0.00752585715183
0.0030820603217
-0.0116620451945
-0.00879961226914
-0.0129446975435
-0.00644782592553
0.00191319968658
0.00647843877442
-0.00875360217082
-0.00396674436905
-0.0130897822476
0.000616741932001
-0.000369432110079
-0.00657938033445
0.00709974312852
0.0070106851508
0.00291875185401
-0.00117318144278
-0.00567158289442
-0.0052827158529
0.0014537839359
0.000328317649187
-0.0103515971308
-0.00441340396114
0.00868020587131
0.0115163680395
0.00278063731259
0.00387535086364
-0.00488616308025
0.00966331083247
-0.00459310358969
-0.0067093294791
0.00845490295009
-0.0200421310019
0.000417157023319
0.00648722162804
0.000690844562944
-0.00917985970816
-0.00120913884301
0.0293595614459
0.0108505085959
-0.00402950196945
0.00474385091997
0.0127855705388
0.0387766529159
-0.0142140149467
0.00206185882262
-0.00699387641716
-0.0131404364394
0.0142425405768
0.000691224928863
-0.00906447646236
-0.010855955924
0.00410991761452
-0.0077744934536
-0.0130370189319
-0.00173223425528
0.0177185294735
-0.00544902646078
-0.0158694117278
-0.0044904013104
-0.0136190785696
0.00322550888894
0.00722910671829
-0.0102639473259
-0.0215522276177
-0.00402905342914
-0.00906132932838
0.00749085280931
0.00502748665792
0.00301610066245
-0.00362276159002
-0.0164608167256
0.00360406925569
-0.00597690261357
-0.00371645351334
-0.00176785168114
-0.00237651156063
-0.00973047653112
-0.00899700936788
-0.00938939834296
0.00797496910829
-0.0105240431257
0.0045511357157
-0.0132052286224
0.00562057088009
0.00453593223409
0.00592852175655
0.000683723381056
0.00324837841023
-0.0146244131715
0.0151291224945
-0.000473059711446
-0.00730110884304
0.00376794923653
0.00172981821158
-8.73471333891e-05
-1.12584804132e-05
-0.00618598696351
0.00151019038112
0.00161777009997
0.0030577590848
-0.000236871304883
0.00163684265398
0.00849249904526
0.0183009958137
-0.0230202665231
-0.00484360001508
-0.00261309791788
-0.000187500516673
0.000231469647221
0.0110501199188
0.00967328656775
0.00829645321671
0.00203431944668
0.00640696799361
0.0117985493462
-0.00693740996046
0.00797009261855
0.000691143734501
0.00262222809279
0.0119702481602
0.00433515614246
0.000864180542159
0.0130003672329
0.0134666074405
0.00604264428093
0.00392064454365
0.00179864480637
-0.00166089545385
-0.00321675957344
0.0120731390135
0.00984209636378
0.00277871304857
0.0239039612192
0.00645157523854
0.00493190371958
0.00795486789634
0.00636105648819
0.0065795571071
0.0146877200528
0.00768591027344
0.000184710746756
0.00398615524341
-0.00797155638865
-6.38150848901e-05
0.00476917116375
0.00372895171281
-0.00507289166419
0.0134514961123
-0.00913965522998
0.0154361321061
0.000485607486479
-0.00827002507432
-0.00418923187335
0.0054760970166
-0.014824744346
-0.00557724549455
0.00787547208674
-0.00505042289483
0.0110943439413
-0.00537449580527
-0.00356907624006
0.0108363521799
-0.00572194273607
0.0025952724731
0.00172351332795
0.00776269777112
0.000754595042967
-0.000805669630391
0.00474964453182
-0.00127826695828
-0.00730617844838
0.0127607615727
0.0032711088816
0.00196700817503
-0.0179662303365
-0.0185948062976
0.00963325763534
0.00410507566325
0.010264657163
-0.0281525841698
-0.00605866099393
-0.00209140023289
-0.00381471115749
0.0035553202775
-0.0104677600666
-0.0108248082078
0.00138953987667
-0.00764922550103
-0.00303269389134
-0.0014405532878
-0.015673718609
-0.00238983648976
0.00157565930287
-0.00596885319323
-0.012880718751
-0.0049416794827
-0.0019438434474
0.00445255255665
0.00497383708081
0.00908230970765
-0.00987333897758
2.74465347805e-05
0.00320534020604
0.00432602520432
0.00350754530338
0.00328266312611
-0.00914976427249
-0.0215821916711
-0.00659081165828
-0.00188329835676
0.000280742751391
0.0201354490648
0.00930048977882
0.0038792774895
-0.000552026867427
0.0105170077641
0.00164308932942
-0.00313890448585
-0.0120084270557
0.00145792758774
0.0108877852838
0.018199042718
0.00282880484614
0.00173226751522
0.0131221777228
-0.0091871156894
-0.00147634418986
-0.00546512491079
-0.00654192500269
-0.0136111366985
-0.00724582351835
-0.000893831638308
-0.00295684336462
-0.00501985509094
-0.00708286681725
-0.00914587854357
0.00330428034177
-0.0180814085222
-0.0047724127383
-0.00592897925889
0.00776261783529
0.00820977571562
-0.00425941139
-0.00164189115371
0.00537214139407
-0.00486809058841
0.0154906707757
0.012848239661
0.0149680403758
0.000222739833916
0.0088782597244
0.00906728539416
-0.00270665457413
-0.00121267488889
0.0106012157076
0.00507217422276
-0.0096439993869
-0.00643296218709
0.00269211161689
0.00166105677916
-0.0165857203208
0.00456840289223
-0.000883240655627
-0.00151987673709
0.0155824343757
0.00532698232714
-0.00407470859428
-0.00651618891594
-0.00377139765808
-0.000995392157006
-0.00459267389054
0.000140752439403
-0.00568294101719
0.0104510832184
0.00525075817618
5.04331339639e-05
-0.000287496727011
-0.00301178350613
0.00520639642385
0.0016139365346
0.00244627153344
0.000366924983449
0.0187870626475
-0.00376369354686
0.0100562683494
0.00852859327855
-0.000265527616389
-0.0119498209474
-0.00704050347015
0.0109764994765
0.00297916523552
-0.00111052377365
-0.00538361715134
-0.00965671052904
-0.0133160968682
-0.00609818362927
-0.00815773571214
0.000149490490596
0.0204947783434
0.008624567643
-0.00104436854997
-0.00880125415827
-0.00653709011989
-0.0042729260815
0.0102757324687
0.00286330071703
0.0155936671526
0.00472582774576
0.00905350649514
0.0151609094889
0.00296987733828
0.0190793915218
-0.00506320838234
-0.0102097876983
0.0133754520694
-0.00889759485665
-0.0117058759903
-0.0042571598717
-0.00985159159113
-0.00731326682951
0.00236796578579
0.00357733781772
0.00478670984965
-0.00642518439407
0.00504633159361
-0.000912870238991
0.00266693430914
0.00665736915734
-0.00341937213143
-0.00147228172836
0.00845610956158
0.00622846069931
0.00685369675266
-0.00920424968582
-0.0178484831901
-0.0103354540952
-0.0022469132833
0.0118701375004
-0.0262102050031
-0.0161568985629
-0.0030227749362
0.00305634274811
0.00290581632539
-0.0156872930655
-0.00609661284968
-0.00526155417674
0.00408234638335
-0.00364546198444
-0.00571415965754
-0.0055307197097
-0.0114707644664
0.0013523346304
0.00217136871476
0.0128198119867
0.00762509592813
0.00326935345828
0.0137268896885
0.00933441887847
-0.00905004953488
-0.0149526961151
-0.00124296241245
-0.00207553933952
-0.00575648375898
-0.00174129436795
0.0161568650248
-0.00250130732118
0.00348594380259
0.000965291526119
0.00943704944802
0.0127884001451
0.00552364850191
0.00581497589045
0.00497293030701
-0.0123579061863
0.010901580761
0.0337756126644
0.00128367711273
0.0128497149254
0.00778416537009
-0.0189986286938
0.0187348401957
-0.014167321197
-0.0024672572515
0.00539949849163
-0.000660326884185
-0.00628444485083
0.0123753198735
0.0138896895918
0.016364925201
-0.00598255386757
0.0139771397968
3.63736284441e-05
0.00392108187211
0.00575397938482
0.00807993754137
0.00185972709374
-0.00624226778457
0.031075418963
0.0153033063474
-0.000468806268123
0.000443617475788
-0.00262878386021
0.00596502183142
0.0119285845438
0.0019245333515
-0.00233952437566
0.0160620992309
0.00136834416546
-0.00401207176461
-0.0117617592945
0.00213036828133
-0.016434925261
0.00681548907379
0.00305579510087
0.0113194608426
0.00959048729137
0.0130089022417
-0.0148089358174
-0.00999789601637
-0.000256900002517
0.00543991038948
0.00975115919621
-0.00579261436419
-0.0026874489047
0.00579361322451
0.00646748199331
0.012465235958
0.00202880647895
0.00719745838354
0.00350536705253
-0.00462765305265
-0.000749615102261
0.00587483345387
0.00885441504096
0.0036898092573
0.00953019680081
0.00587588836454
0.0080235573798
0.0168769459943
0.0070090970441
0.00326684354368
0.00692042124372
-0.00249674883398
0.0176118318251
0.012403933374
-0.00196988559699
0.00184212518285
0.00277744735113
0.0135455256621
0.00791952324574
-0.0115096692043
0.00207760132617
0.00981490184563
0.00517915486267
0.00789059659261
0.000197322213907
0.00172887458819
0.0131996274042
-0.00186641219391
0.00289407975702
0.0110500875856
0.0238098890445
0.00414871137094
0.0037849466436
-0.000431159692144
0.0114277013236
0.00517301728562
0.00377782306101
0.00843657091069
0.00460434140697
-0.018053831946
-0.00288798249063
-0.00474781303101
-0.00964903378963
0.00337651177186
0.00580493201291
0.00219869463945
0.0153668493351
0.00707515307212
0.00774597777039
-0.00655454577079
-0.00407759697349
-0.000830824197724
-0.0143659421179
0.00786146996818
0.00412798316518
0.0180994348637
-0.000147828371671
0.00824936134452
0.00349275405395
0.00173838018187
0.00153233517097
0.0102210944085
0.00763314224429
0.00192123430639
-0.00379067363151
-0.0082168103348
0.0209486620029
0.00920163681081
0.00602828649662
0.00285493618244
7.49081064828e-05
-0.00595651166762
0.00416805138063
0.000213089906396
-0.0137363384885
0.00548532108501
0.000603147943194
0.00335778403634
-0.00687190498137
0.00623761691954
0.0202872232693
0.01136185989
0.012995367531
0.00348984496451
0.0111075933639
0.00838017373335
0.0026077979728
0.00208744215102
0.0200041066313
0.00446133771735
-0.00998643938701
0.0113338939421
0.00759027085607
0.0160580323438
0.00765865931314
0.0110870460825
0.0045202580366
-0.0112625109132
0.0236566133996
-0.00374366776324
0.0176697568896
-0.00565010114006
0.00971009685101
0.0228392844846
0.033130583068
0.00391591193418
0.0193970137412
0.00195657038143
0.0145111225696
0.0108767748732
0.0158206882822
-0.00377487930401
0.012458296232
0.017220627939
0.0122834140432
-0.00623923694795
-0.00754620678379
0.00607814863808
-0.00351383708991
-0.00384180274338
0.00733599884182
0.0360640828045
-0.00669741500527
0.0204755820022
0.00929983534741
0.0100977877179
-0.000268902980664
-0.00405034039417
-0.00243290515062
3.93579618008e-07
0.00437802831105
0.000759647417569
0.00135975806104
-0.00252014996865
0.00195569871948
0.012353189795
0.000223178440347
-0.018250745084
0.00110572673156
0.00953379799826
0.00954610036947
0.00275166658004
0.00885061016402
0.00191995210332
-0.00432510174699
0.01650478729
0.0147416596227
-0.00675125798226
0.00499943268036
-0.000947684330946
0.0177213671709
0.00589717284493
0.010236263623
-0.0119765845084
0.00450893383341
0.00234195161179
0.000468769917737
-0.00339216236397
0.0109377989176
0.010673314892
0.0104088308664
0.00491817203014
-0.0018256391012
-0.0105009328645
0.00212821219485
0.0135290698057
0.00702342980089
0.0156361903957
0.0059699012193
0.00716547810634
0.013726644508
0.00118868257143
0.00482078015954
0.0190878219446
0.0169819413364
0.0115278049396
0.00449764529375
0.0103456371809
0.0106730289998
0.00611319515633
0.0129848104632
-0.00125231725856
0.0115477452922
0.00977935931473
0.00368207036058
-0.0114978879663
0.00418697832835
0.019871844623
0.0115529245592
0.0160338942216
0.00652403955089
-0.00347530175917
-0.00251372941
0.00462542034346
0.0111434030629
0.0116064244611
0.0205554721147
0.00259200126535
0.0295379258928
0.0236881020047
0.0107588184899
0.00755724549301
0.00931998957231
0.0100097302748
0.00939654900745
-0.00854217278399
0.00686803105056
-0.00963465812862
0.00884743969006
-0.00638357202402
0.00591008003083
0.0225927977565
0.0165147370202
0.0153288184636
0.012864280996
-0.00508570408351
0.0162104744583
0.00791936339437
0.00754807916861
0.0109041436341
0.014899078173
0.00419219309693
0.00203884109654
0.00639772813841
0.00794995005427
0.0109247282983
0.000337295721077
0.00341081953372
0.0123225056352
0.00537603891679
0.00158081733845
-0.0162828199493
-0.00917493537224
0.00897646984702
0.0210170852135
0.0120264931649
0.00476426074736
-0.00620250216816
0.0130130044502
0.00720987615025
0.00186526060122
0.00963505101119
0.0166257612654
0.00361170071201
0.00608607532744
0.00262528857682
0.0080287796804
0.00902081243071
-0.00220475212918
0.0105448770401
0.0186231488955
0.0190311280829
-0.00104727272356
-0.00126754551125
-0.00148781829894
-0.00144371222745
-0.00139960615595
0.0112431246412
0.00856587184477
0.0033296015924
0.0103980437735
0.00307030822319
0.0114837351938
0.0131710580253
0.0147237910363
0.0218483975533
0.00271096193949
0.0151060451839
0.00758689994223
-0.00301114662673
0.000253124540399
0.0130291982617
0.00350475802175
0.0090684310107
-0.00413414228761
0.0232312339168
0.0113413681438
0.00296814763018
0.00797655832024
-0.00255682780588
0.010688494252
-0.00120557108633
0.0135079180259
-0.00215193901531
0.0039407324652
0.00251649462866
0.0162199889999
0.0186556619803
0.00445043831055
0.0225562646369
0.0121361028874
-0.00784624236537
0.00921880083956
0.00751014297347
0.00760307277765
0.00231119014672
0.00884467467369
0.00459565356312
0.0179942012504
0.0188945015365
0.00803945375829
0.0187860771734
0.0207080949939
0.00586111244039
0.0177129423664
0.00470153981642
-0.00223451210537
0.00805670132816
-0.00143722996765
-0.00399213899778
0.00855702236092
0.0108239660865
0.018777695693
0.0137797959848
0.00878189627665
0.00211519801455
0.0139375766908
0.015142696234
0.01252428474
0.0178917623215
0.00893519826513
0.0139187893794
0.00919783744047
-0.00206051386981
0.022180359911
0.00304785028169
0.0161632267166
0.00615693009915
0.00525041340039
-0.0105680916087
0.00442950602522
0.00869495962129
0.00545897547023
-0.001352200806
0.00874757906427
0.00327692729913
-0.00462310457863
0.00645560789374
0.00428536876833
0.0133010311105
-0.00405018893793
0.0131255601081
0.00545168665209
0.00126761284779
0.01660818472
0.00723256758776
-0.0094681683571
0.00459929575986
0.00245230666154
-0.000437303223213
0.00268496118128
-0.0027029471023
-0.00809085538587
0.0177477636704
0.00299465792422
-0.0111386699116
0.00173300961992
0.0283592167194
0.0338908169566
0.0281471260977
0.00119233061478
-0.00584632175786
-0.00100206679276
0.00832412510531
0.0116799459048
0.0129772700822
0.0188603990009
-0.00450022789961
0.00402044753766
0.00360855442533
0.000770509386712
0.0155496858224
0.0123802446873
0.00778285827238
0.0162966489509
0.00486238241726
0.0143181833783
0.0144338237566
-0.00415344018748
0.00950580979682
0.00863379891027
0.0124040304006
0.00301121834623
0.00381939602889
0.00216584931214
0.00865598002795
4.36520805287e-05
0.0052888213131
0.0105340530289
0.00804707564897
0.00129545904792
-0.00500018021011
0.042518912206
0.00853852720085
0.00974360592021
-0.00175204551597
0.00729529859045
0.0147726016774
0.00993598463858
-0.000190689059735
0.00730566885388
0.011551488077
0.0235240209489
0.0153956843416
0.00620734145143
0.0192062236391
0.00399941421576
0.00478926400634
0.013110828378
0.0172470203432
0.0127097021453
-0.0110556292554
0.0041207593074
0.0125081266328
0.00614019319776
0.00875889228307
0.0111673777005
0.0027339482809
0.0162587261621
-0.00366192029407
0.000994526744923
0.010920046609
0.010326068984
0.00792136466459
0.00878459612243
-0.00411849509939
0.00176659831739
0.00537219331933
0.00421852984529
-0.00836464731448
0.00790403124998
0.0165412513129
0.0137535329815
0.0146766157601
0.0145117900769
-0.00918508852791
0.0122993089102
0.0130462682202
-0.0108779650313
0.0192405337223
-0.00111688485232
0.00543810990333
0.00374135678312
-0.00516459712185
-0.000332422599195
-0.00136433956903
0.00304915975342
0.00437855717357
0.00570795459372
0.010466673983
0.00469152381957
-0.00154274123223
0.00476231869448
0.00120299890176
0.0239207846633
0.00499312509891
0.000259493963225
0.0220315481835
0.0042278363338
-0.00339683209562
0.0182677589557
0.0156883637482
0.00740390564622
0.00324741542949
0.0122224905478
0.0169769341525
0.00985362528438
0.0130115785477
-0.00713780104166
0.0110709438552
0.00195313599127
-0.00404972647364
0.0142412356799
0.0110211662923
0.0110169847585
0.00558419919807
0.000718711649321
0.00725029168228
0.00796683953851
0.015225456817
0.00838555079442
-0.000381001983766
0.00462341651629
0.027043817744
0.0256989424909
0.00673040118145
0.0109740516101
0.0122399215105
-0.00800170977487
0.00913176141689
0.0107043730037
0.0202045492818
-0.00139675888176
0.0218401493595
-0.000190759866095
0.0176861577153
0.0143564407705
0.0142785913967
-0.00585772337033
0.0169775434119
0.0143355761273
0.00828303271914
0.00530831766678
0.00891599569429
0.0115283592247
0.00806826635416
0.00573237651159
0.00766266543775
0.00492836115846
0.0104431381883
0.00866223173151
0.0100953913205
0.00365785238265
-0.00277968655521
-0.00183808358332
0.0121821722004
-0.00439140897694
0.00461004313367
0.0174480567856
0.0153544720494
0.00974718892599
0.00413990580258
-0.00225718996885
0.00208542615704
0.00147403924213
0.0177525854679
0.0062526425922
-0.00580206089594
0.0126998241974
0.0358439470299
0.00195430036421
0.0155577117444
0.00394462410295
-0.00128631294649
-0.00131927226207
0.00700140349945
0.00217344961207
0.00851263447824
0.00088284100669
0.0243785520493
-0.00925028942298
0.000291638127929
0.00829689448129
0.00450562812992
0.000714361778543
0.00430886488111
0.00639610360038
0.0104175374523
0.00673815503998
-0.00386262809758
0.00686914617024
0.0047933502646
0.0132162266972
0.00108841210173
0.00269279666881
0.00932883128568
0.0105687170203
0.0166040247571
0.00326232770019
0.00434632021205
0.00214559732845
-0.00149605991662
-0.00263677255944
0.00923796686027
-0.00874705721807
0.0028734166354
0.0102802858516
-0.00745581563836
0.000999384204253
0.0102360947397
0.00891888291069
0.0258301725855
0.00821492222457
0.00215052463832
0.0117514929068
0.0126884053908
-0.00403985302638
0.0110267102509
0.0027169243556
0.0025687974844
0.00505444528754
0.00715423828079
0.0032270708265
0.00175402200484
0.00952595615564
0.00122994919836
0.0172121819695
0.0163614915824
0.000733019776141
0.00390785225411
0.0164056859129
-0.00312115893962
0.00286013372721
0.00758357494513
0.00460546136795
-0.00111240259951
0.0231652606387
-0.000700292471157
0.0112959334629
0.00947504198561
0.00765415050833
0.00422865566885
0.0253720323343
-0.001642203148
-0.0104926350097
0.0184247449777
0.0280100852378
0.0172404969426
0.00971955788332
0.0171422889196
0.018009956704
0.00931146085134
0.00635774292729
0.0161885624585
0.000327240004964
0.00431757354872
0.0183053628948
0.0118990151818
-0.0184749580816
0.0125251881636
-0.00064040669517
0.0155562730993
0.00821734227033
0.0106781190158
0.0109505824528
0.00222035847289
-0.000537265894255
0.00523438348735
0.0192544113066
0.000489545702035
-0.000118720662639
0.0113814674832
0.00707224877602
0.010223168679
-0.0024903235861
0.0175772251208
0.0184736731908
0.00832658068447
0.004238849062
0.00945638537645
0.0146739216909
0.00992032629799
0.00782489753531
0.0189805235618
-0.00102866622544
0.0254006879438
0.00401699564524
0.00494604116352
0.00587508668179
0.00977279293215
0.0136704991825
0.00128932152334
-0.000393524974516
0.00413884273604
0.00124455327646
0.00946133744527
0.0162152592999
0.00877514578274
0.00244513106643
-0.00377812371351
0.0124511084884
-0.0124635703733
0.00252856028819
0.00707076567343
0.00230804384609
0.00347231118334
0.0166785291602
0.00927813213414
0.00901977408588
0.00836830490933
0.00473193163613
0.0115387578192
0.0035535925889
-0.00483745871424
-0.00660309364445
-0.0129939071989
0.0116386819635
0.0124712440187
0.0259215669196
0.0171015069902
0.00791097936506
0.00040456291054
0.00936153468226
0.00515118473567
0.00814480813726
0.0182215191362
-0.00913114664225
-0.00183785193203
0.000873033929182
0.00125919869519
0.00573123666903
0.00720742938254
-0.00195245696048
-0.00887446313929
-0.0157964693181
0.00371291218949
0.00702883276805
0.0038343727111
0.0208664900042
-0.00941975865826
0.00695549212389
0.0233996532877
-0.000372181763908
0.00459523777449
-0.00740774063117
0.0110179550137
0.00221550840813
0.0146199037546
0.00528672370172
0.0141549795607
0.0138803040401
0.0089910791622
0.0243675185414
0.00210184245311
-0.00239392704606
0.00217675865087
-0.000193007363608
0.000619472726033
0.0115427683017
0.0304281052845
-0.00466854818129
0.000514265266339
-0.00196745159829
0.00168388378581
0.000835038336009
-2.65593923158e-05
-0.00630102380759
0.0136230828566
0.00919656499419
0.0110782466851
-0.00599664850464
-0.00608743743997
0.0092072215175
0.0122407636404
0.00780600160493
0.0105074103423
0.0132088190797
-0.0032753997766
0.00948795525515
0.0278454152967
0.014221473758
0.0058120159207
0.00816831264798
0.000113688773117
0.00541095754181
-0.00918908892332
0.00367662591582
-0.00294011280894
-0.00822071076724
0.0150978754468
0.0122925305455
0.00190975675434
-0.00224246180706
0.0099310481711
0.0165635413682
0.0336454388008
-0.00717508351715
0.0183937191316
0.0085508018683
0.0159981829259
0.00116570664424
0.0190796728585
0.0108621700044
-0.0186798578753
0.0189328395819
0.0189094989248
-0.00341153726195
0.00817121846451
-0.00247524032102
0.00271935209884
0.0102603257651
0.0186816825275
0.0148504477784
0.0239446530442
-0.0228105814795
0.00807014889793
0.0146559162559
0.00121449535343
0.000590537653016
0.00240071347665
0.012831338783
-0.00866955784322
0.00597883393311
0.0161316449583
0.00687086319791
0.00937032317489
0.0270573612699
-0.00416856628345
-0.00897703038347
0.00801395171037
-0.00369221822688
0.0292808073881
0.00324684318484
0.0129708643482
-0.0059640125694
-0.00347473900827
0.00984497927161
0.0115676566819
0.00429403566762
-0.0107970555261
-0.00711160983864
-0.0043233830528
0.00793886616266
0.00161231835664
-0.00746654001775
-0.00170088971082
0.00888365239715
-0.0253728846644
0.0355997018781
-0.000575395539764
-0.0167534839374
0.0141356547709
0.0098761104302
-0.00351860185843
-0.00375188296749
0.0207760101618
0.00155551621951
0.0141884476476
0.0108771942504
0.0127411961822
0.00567966292688
0.0114820378966
-0.00441011610108
0.00158725588588
0.0151423973139
-0.00591036392152
0.00641790020771
0.00976527324692
0.00620876290849
0.0110780795138
0.000907568569754
-0.00524787562847
-0.0114033198267
-0.0090185979644
0.005335078095
-0.00649635088316
-0.0122849079658
0.0137941399641
0.00302358368193
0.00237694259648
0.00832165887472
0.033308052906
0.0220450115557
0.00580604528856
0.0154734142263
0.00156448602068
0.0220425582026
0.00651172382921
0.00760044085096
-0.00376701289353
0.0061358976793
0.0178804447696
-0.00110880302551
0.0177140431902
-0.0135665627213
0.00645963418663
0.00284622238374
-0.0149788052654
0.0145877552736
-0.00795002124397
0.0128302269287
-0.00182647835414
0.00562675801486
0.00146611989071
0.0218537792034
0.00191723856898
0.00891455023682
0.0229708059386
0.0283315576668
0.00635778875217
-0.00379954092084
0.0171119651126
0.00488269771829
0.0026527226779
-0.00726466210021
0.0216487742005
-0.00729179108331
-0.00568960884301
0.0186361002919
0.013448450026
0.00826079976016
0.00307314949429
-0.00211450077158
-0.00730215103745
0.00536737906085
0.00705072843116
-0.000862726656621
0.00813475664155
0.00943733895928
0.00595107184342
0.0111481526861
0.00888630583159
0.00715515946979
-0.00352960064581
-0.00452724732699
0.0105687570251
-0.00116220729005
-0.00420019208414
-0.017193420683
0.00122982853679
-0.00834009425573
-0.00258734045577
0.00395333327766
-0.00701478703229
0.00421488914454
0.000607855650115
0.00408047717774
0.0198135699036
0.00375719319244
-0.00562212790708
0.00779269221555
-0.0035236254489
0.00727815710295
-0.00589152047423
-0.00964529947366
-0.0114596499834
0.0020142256392
-0.00527951056712
0.00010811926635
-0.0114250880855
0.00792000842644
-0.00236164094018
-0.00476140240133
-0.00183893700244
-0.00657688221786
-0.00338541508405
0.00467696392149
0.00814974635145
0.0116225287814
-0.00573113918808
0.0106206977418
0.00411346141611
-0.00612734678512
0.0424572706
-0.0136924966895
-0.0135193505823
0.000601400574852
0.00347946754497
-0.00629318919536
0.0119374106888
-0.00379649753497
0.00246483987169
0.0102012567487
0.0144760066243
-0.00202716182811
0.0198183097223
-0.0010460571259
-0.0078875378835
0.00495163322162
-0.00518570469252
0.00557127037852
-0.00510916746611
0.00928670128491
0.0137456609312
0.0113969361278
-0.00273536362262
0.00805794636154
-0.0128228657122
0.0076655240776
0.0138405774724
0.00654644122008
0.0155614796962
-0.00905926223078
0.00480159031737
0.00203786362305
-0.00304846116976
0.00845712107224
-0.00418757652485
-0.00382877470042
0.00260726195482
-0.0056762248003
0.000530662301997
0.00496688329661
0.0142983163762
-0.002015569617
-0.00294682702052
-0.00919183842875
-0.00184153198478
0.00789623793246
0.0176659025709
-0.00588651351605
0.00803594237243
0.0182456028229
0.0016831093957
0.00329458143025
0.00981341788132
0.0217016458002
-0.00990959475202
0.0112583365162
0.0145653634187
0.00257489971115
0.0127009500784
0.0153704934323
0.00142065411828
-0.00189815997373
0.000411416918339
0.00215027846722
-0.0043259038373
0.00562582185497
0.00131607986959
0.0193690496109
0.0111330438538
0.00655955970486
0.025632888568
0.00575722416446
-0.00440678668657
0.0055030668916
-0.0271569874416
0.0158052000914
0.00666263222816
0.0141664268664
-0.000486290897776
0.0071193786976
-0.000564214535416
0.00496081389578
-0.00825454142026
0.00218771974521
0.014682392708
-0.0120040057014
-0.000265139446357
-0.00247005393406
-0.00251370631291
-0.00417570231021
-0.00160069034117
0.000974321627861
0.00128606253834
-0.0144230128143
0.00951855331719
0.00329584419658
-0.00226139497566
-0.0107880449863
-0.0157305496023
-0.00354928133754
0.0184362398209
0.00132160807914
0.0140596851334
-0.00590904009589
0.00337518487886
-0.0020107377117
0.00951694455197
0.00815654897267
0.00754088761553
0.0070968479379
0.00543405288292
-0.013651248585
-0.0175297937998
0.00103178677076
0.0143745380877
0.0185500921035
0.0171530936632
0.00706783912019
0.00143989639452
0.0232793488462
0.00299835645292
-0.00461009972416
0.00526256916741
-0.00176120548256
0.0048366936482
-0.00126522501921
0.00594573128622
0.00672475707115
0.00190504876342
-0.000683073854438
0.00225449291142
0.00396075432786
0.0137242251913
-0.00796071577978
-0.00362837381755
0.00232158624613
0.00680601931215
0.00489036509733
0.0022810968817
0.00494769952823
0.00119765590618
0.0141398992716
0.0150383436528
-0.00726133109473
-0.00260706980283
0.00762957430311
0.0062497948732
0.00713634902221
0.00668412310754
-0.00839237408864
0.00160784872792
0.00345837869632
-0.0134286266311
-0.00376977152714
-0.00785336953019
0.00238963519883
0.00323475438345
0.0137447328845
-0.0103511788629
0.0064939108145
-0.00172827861935
-0.00274910164474
0.00255404387072
0.0125049696107
0.001121280576
-0.002239433324
0.00450268430348
-0.00422360239547
-0.00864524796214
0.0093316472347
0.00421987222676
-0.00320328691608
-0.00144507390111
0.00396198660376
0.00786722618595
-0.0167566110037
0.00589331890218
0.0104355414191
-0.013937228426
-0.0037421448187
0.00712982002103
0.000235638854298
-0.012331918244
-0.0138580658908
-0.012652781794
-0.000123692255216
0.00475373076268
0.00963115378057
0.0119538713827
-0.00400927891946
0.00550412056227
0.0208460499968
0.00908689301067
-0.00747553326737
-0.0183632713644
0.0137407269612
-0.00399257621774
-0.000627687805142
-0.00374749682907
-0.00891456946856
-0.000162748364532
0.00741340083123
-0.00936485655465
-0.00745864760283
-0.0059552514591
-0.00300628278514
0.00272161004393
-0.00149209567907
-0.00639263984407
-0.00343235845195
-3.07389724565e-05
-0.0056399438495
-0.00979145228493
-0.00158055982893
-0.0108968760717
0.00292294085084
-0.0149032961414
-0.0216942647969
-0.0121872748997
-0.0107874055898
0.00174554693026
-0.0184951051436
0.0190895345999
0.00699578943612
0.0099279742043
0.00846349561718
0.00332995672715
-0.00455662651978
-0.00150907283094
0.0223956057289
-0.000948158465262
0.000982500618928
-0.0103295503356
-0.0103671079582
0.00486105371196
0.00840688365073
-0.0141717230742
0.00148519850232
-0.0185571048642
0.00223959819645
-0.015661165196
-0.00845276050584
-0.00995409265955
-0.0146379369107
-0.00546670193634
-0.00122393946365
-0.00678863124547
0.0105293716201
0.00120804051909
-0.0172603665681
-0.0147764537832
-0.013155625597
-0.00161471632707
0.00602969882765
-0.000956110944037
-0.000869901326858
0.000294243225055
-0.00529739669032
0.00349597015086
-0.0124687737023
-0.00485738983701
0.0183758837875
-0.00312168806287
-0.00158554713938
-0.00222141892126
0.000868743133343
0.00275872449794
-0.0178915002976
-0.00639952670703
0.000816629713972
-0.00453524402005
0.0102174041553
-0.0114220803454
-0.0141393419712
-0.00818500958601
-0.000799993765975
-0.00886237460874
-0.00501755810872
0.00809893212916
0.00246798529802
0.010176467118
0.00270416185355
-0.00311312959952
-0.00893042105259
-0.013046204344
0.0166032409306
0.0016425740116
0.0156787455349
0.00503712157422
-0.00614340575649
-0.00595192481098
0.00422235120635
0.000508123879285
-0.00320610344778
-0.00616040227154
-0.0112302069555
0.00501974086719
-0.00799795663961
-0.00366700051708
-0.00538606823374
-0.00327341487926
0.0190144042263
0.00578297260539
-0.0099357669112
0.00136803323781
0.00523913247368
-0.00417578285418
0.00658829524828
0.0050708154382
0.0129036044793
-0.00431865715591
-0.00546501208464
0.014755715398
0.00887105539607
0.00584513981216
-0.00138353510401
0.0218771650977
0.00247352274572
-0.0192108714955
0.0214604370931
-0.00532822029035
-0.00056127387951
0.00430153031891
-0.000541651783938
0.00691342654394
-0.00653843566652
-0.0244884177894
-0.00665492945372
0.00129174030312
-0.00421433712284
-0.000209422918204
0.00901351888893
0.0171773659938
0.0110726055945
-0.0111529474842
-0.0058642078483
-0.00896844494817
-0.00893711086136
0.00921993783038
-0.0113730994804
0.00766462673738
0.0129790577356
0.00234619640885
-0.0013473414803
-0.00295463038802
-0.00645488925345
0.00883656231768
-0.00697255187609
-0.00792867627787
-0.00888480067964
-0.012749168708
-0.0157466983301
0.00473339188983
0.0061680725027
-0.00413063403382
0.00833842471507
-0.00153790834152
0.0121611015252
0.00513584976302
-0.00419219908802
0.00105043855814
0.0110463315097
0.0130835462115
-0.00440515346032
-0.00959320496054
0.00135473272569
0.00202663084951
0.00216037289799
0.00228777332139
0.00803220458609
0.00103354939629
0.00489074667317
0.00663650229283
-0.00297585231051
0.00945155030726
0.0230294598416
-0.00451141701935
0.00704151820344
-0.00148463952983
-0.0100107972631
0.0121140761929
-0.00122955834941
0.0205113761882
0.00067047192064
0.00147095399271
0.0115464747109
0.00309937218761
0.00670222401857
0.0150892166738
-0.0196481709639
0.000681100095451
0.00657918806464
0.0158517087532
-0.00894031065404
-0.00162072015677
-0.00612477426322
0.00134815934565
0.00133051668534
-0.00862537997554
-0.00199692827453
0.000828362602064
-0.00262474127847
-0.00371353942081
-0.00730809591691
-0.00901175332085
0.00519417474949
0.0142825276368
-0.0185819242251
-0.00779379020116
0.00156128473064
0.00135758119406
-0.012551746034
-0.00391490605997
-0.0166487076939
0.0114450504858
-0.00984171336037
-0.00261367278985
0.00375018087095
0.00868144409595
0.00578640623469
-0.0010201642423
0.0170697516346
0.00607394169888
0.00147281697005
0.0222366367312
0.0191823849245
-0.00195498096319
0.0226356558194
0.0061755131556
0.0044156701044
-0.00388493288773
0.0134928477985
-0.00434990304382
0.000674001312706
-0.00953753722194
-0.0185049088301
-0.00280448099313
0.00203395891329
0.00914699171025
-0.00237587549264
-0.00680711944779
-0.00646657862057
0.00258815333211
0.00368527823835
0.0089612920638
0.0123339473799
-0.0116091762197
-0.00406032927531
0.00460496392163
0.0351081779083
0.00900257707951
0.000453818971615
0.00723903532135
-0.0103137634008
-0.00466978534579
0.00752517032688
-0.00249001542215
-0.00252627315291
0.00403407798761
-0.00928602787825
0.00215414452997
0.00928514720271
-0.00263127952513
0.0130079547298
-0.00454368145809
0.0180886934125
0.00119463291758
-0.0107885266483
-0.0208040618938
-0.00343343863619
0.00563103052385
-0.00246389940049
0.0018648767583
0.00987785668173
0.0105549393042
0.0112320219266
-0.00786402438765
-0.0162909741823
-0.00705097685725
0.00353720850896
0.0216517632948
-0.00221681424328
-0.000631673590484
0.00400582791528
-0.00187341758349
-0.00452952528255
-0.022697312012
-0.0093083870363
-0.0152959314773
0.00876988014856
0.0105573652765
-0.000692370528415
0.00358367751974
0.0105840533761
0.00257259535253
-0.00632297081846
-0.0178108735318
0.00469303010455
0.00586051667009
0.00275997377893
0.0123132852436
0.00638830504518
0.00336595656163
-0.0103709723553
0.00112841553371
0.00160683703125
0.0034955451904
0.00193087035134
0.00323733991727
-0.00561475910334
-0.00434344383119
0.0133916132232
7.55090600333e-05
0.00961875684729
0.017308594694
0.0115391343942
0.00793079670556
0.00469219751743
-0.00133879295216
-0.00342722254235
0.0217556015056
-0.00115479761871
0.00351078840754
-0.00502000631074
0.00574613701427
0.00411817391292
0.00374197402233
-0.00144457452538
0.00404505298193
0.00558099231717
0.0214200640901
0.0140780695183
0.0013076943604
0.0169303103661
0.0107892148154
0.00991249885502
0.00823407070894
0.00655564256286
0.0159977184558
0.00709330783702
0.014201514189
-0.0102663057902
-0.00360000451675
-0.000634947859082
-0.000259326139993
0.012275133135
-0.00703589888671
0.0120006730252
-0.00182010146715
0.00211482112529
-0.013707375306
-0.000109336912047
0.0088915307385
0.00279735944551
-0.0045688090555
0.00217501540118
0.00545968184197
0.0105546005658
0.0139465597715
0.0110645488341
-0.00566963348756
-0.0174886444803
0.00325496361517
-0.00368534989181
0.0108294431217
-0.00900397133743
0.00572527271285
0.00877121110512
0.00870349839168
-0.00548595349563
-0.00494842238334
-0.00441089127104
0.0103465623686
0.0101548402755
-0.00345208753529
-0.000229874619309
0.00196946818878
0.0146752289537
0.00942780071636
0.0110455906266
-0.00323052915207
0.00197108961455
0.00737211002793
-0.00472707225094
-0.000234516428957
0.00735803129785
0.00241602168079
0.0052558024593
0.00715015750883
-0.00306593776428
-0.00469870948954
0.0017168966293
-0.000372003123179
-0.00241210840767
0.0176614546644
-0.0111318542284
-0.0027510745446
0.0119286625166
0.00402962476888
-0.000594578931051
-0.00359075443448
0.00604347462345
-0.00523406451291
0.00779067904389
-0.00451998509396
-0.00434459087715
-0.000666255833614
0.000459480928635
0.028659358028
-0.00435719907572
0.00741883201707
0.00317310326038
-0.00290738369787
0.00113674585436
-0.000998753706585
0.00248301765572
-0.00578254632288
0.00383914486687
0.00310175857998
-0.0108287913289
0.00089042797433
0.00358882402785
-0.00411762521896
0.00545001214677
0.0150176495125
0.00422420252646
0.00710313491482
-0.00535541766671
0.0197390404657
0.00479708236828
-0.00166122458962
0.0128568758462
0.00731078681935
0.0077535406969
0.00119558524736
-0.00347088027782
-0.0141511757991
0.0056799234598
0.00837159455688
0.00287720607311
-0.0033242477038
-0.00391619067422
0.017600848148
0.00410217384093
0.0161289733597
0.0127938976262
0.00551286462365
0.0103784071008
0.000792359399503
0.00677342584266
0.00531446965359
0.00656360321256
-0.000650271685805
-0.00737863884039
0.00828379437553
0.0229441435523
-0.000366076985088
0.00803356985261
0.00559176629068
-0.00257813110262
-0.00670352886214
0.00942286737367
-0.00870733825438
0.00559998178098
0.0135125305788
0.00289077938584
-2.079557575e-06
-0.00289493850099
-0.0069517234985
0.00541769934715
0.00879179054393
0.00762394379658
0.00341950674952
-0.00655004771633
-0.00083560269369
-0.00018620633501
9.53920815214e-05
-0.001594098512
0.0135217229591
0.00453144013362
0.0105429040296
0.0123264196771
0.00583316598328
0.0039129398506
-0.00633722042427
0.00457307895713
0.0150144859644
0.00896407977662
0.0152550032579
0.00149306137509
-0.00098219583284
-0.00231098634638
0.0105424653734
0.00765294417453
-0.000922419014418
0.00150364642583
0.00519731234687
0.00115208442716
0.0094686528559
-0.00510572179483
-0.0010519341125
0.0125479046844
-0.0105371315418
0.0105059307723
-0.00750467685268
0.00192022016798
-0.00475016690434
-0.00901946535097
-0.0148039660994
0.0123365293009
-0.0170186216155
0.000751441166079
-0.00283585933572
0.00026133114516
-0.0194369964482
-0.000835987114048
-0.0115747478984
-0.0133227292695
-0.0116181389303
-0.0125326349532
-0.000258949571291
-0.00187297258109
-0.0100488271003
-0.0060061361605
0.00353499592168
0.00699522137685
-0.00347130069915
-0.00504742117023
-0.00174206024574
0.0100446662122
-0.0145834432708
-0.00822476895622
-0.014136561491
0.0035821297323
-0.00699571498428
-6.34475391166e-05
0.00577687469509
0.0154658303924
0.00740263943298
0.0012019276496
0.000720401967951
0.00687662147068
0.00764294790234
0.00725067807877
-0.0161250023973
0.000440704399455
-0.00199794337256
0.0180125938729
-0.00237086697639
-0.0141000087319
-0.00339432601959
0.000174283152379
0.00356243551513
0.00692620344232
-0.0102873232896
0.00490334372825
-0.0054683035009
-0.00525605383022
-0.00151472998299
-0.00938344567294
0.00111864513881
0.00264719005792
0.00119294721623
-0.000261295625462
-0.00157896328818
-0.00488010085817
-0.00920910540042
-0.0170363331259
-0.00561854949349
0.0108252081383
0.0110157711249
0.00347747615218
0.00162193384993
-0.00856694636286
-0.0055163678174
-0.00141298868747
0.0114175838231
-0.0072952657832
0.00135415201439
0.0298811930005
0.0112134087824
0.00714922225121
0.00308503572002
0.00941446016101
-0.00141855981319
0.00203563413619
0.00709442360951
-0.0137064614352
0.0123680133076
0.00621434556384
0.00669116377819
0.00813277562481
0.0141528042015
0.00504623523052
-0.00273298247461
0.0303056918905
0.00280087729606
-0.0022750368683
-0.00546992490942
-0.000227928011921
0.00412430317773
0.015366932348
0.0150278272035
-0.00231722945533
-0.00514461216995
-0.00441653037442
0.00266106612158
0.00736804279487
0.00741005355325
0.0285442029252
0.0169751645875
0.018843483878
-0.00128665918993
0.00382895214313
0.0172204726755
0.005182160236
0.00603466649531
-0.00315367583003
0.00438634018555
0.00507592365454
-0.00315817760685
-0.00672341521668
0.00160350947185
0.00176176268817
0.00163413459961
0.0117442608406
0.00643109012625
0.0174181149119
0.0203387584688
-0.00388848623235
0.0212773840139
-0.00138260463288
0.00744679649199
0.00970205209223
-0.00962213084155
0.00605327491323
0.00220554095044
0.0030852736356
0.0113476579199
0.000544237163851
0.00856885113661
0.0116531378004
0.00601436712715
0.0109308550147
0.00680268186436
-0.00661470538898
0.00337885176157
0.0112038772917
0.0290422040145
0.0105988864218
0.0139067153191
0.00293807181907
0.00272234492672
0.00308991796387
0.0168747688472
-0.00615762805234
-0.00418748601057
-0.00291555379103
0.00211061658076
0.00713678695255
-0.00295047774163
0.00597827445911
-0.00223166120142
0.011516378883
0.00909934534537
0.0124873134162
0.00222753965199
0.00870071705076
0.00707330010415
-0.00831603837062
0.00177499198923
0.0245372417882
0.00225761345358
0.0105349648769
0.00112232624477
0.0025189848897
0.00322166346566
0.00872831806413
0.00350109201551
-0.00463145584479
0.000534589179339
0.0159905000403
0.0199055953258
0.00755932596631
0.00311288882823
0.00237106465538
0.011811376051
0.000821584647146
0.00621582185328
0.00392632599818
-0.00343003780772
0.00922355220913
-0.00220080981808
0.00463953969557
0.00809355130433
0.00945144258061
-0.00675992719445
0.0059879674053
0.0159737558519
-0.00543106222067
0.00773166041294
-0.00190449447193
0.00684000782654
2.40824172062e-05
-0.00183358659258
-0.0179876011781
-0.00208388434491
-0.0021403702711
-0.0176916518696
-0.00340190782755
0.00594815011819
0.0132642200449
0.00792171935481
0.00926559275726
0.00261256227767
0.00338748100178
0.00534174390242
0.000490699089012
-0.00700022421847
0.00814105203258
0.00368360099501
-0.000960863544038
-0.0155972262
0.00311917403761
0.0103133886583
-0.00863240084867
-0.0046797039889
-0.00710123341623
-0.000967755643373
-0.00660531356444
-0.0132824509701
-0.00403274849363
-0.015230211486
-0.0207749598361
-0.00664488956019
-0.0143416998551
-0.0049447140574
-0.010837916738
-0.0101066681011
-0.0124595274311
-0.0231204432163
-0.0090393989868
0.00420184940741
0.00911832278136
-0.0105484806918
-0.00746081998271
0.0316335654945
0.0121887949906
0.0132477170284
-0.00488322553934
-0.0175690825587
-0.00720109416132
0.011609525739
-0.0186908267724
-0.00878940516257
0.00111201644725
0.00214047287276
0.00502808258496
-0.00546402212489
-0.00399406365871
-0.0111638591668
0.00219155274996
-0.00539356462642
0.0117421390145
-0.0158770142798
0.00155342507077
0.00447533554936
-0.014945557379
-0.00581472724452
-0.00962093876212
-0.0137622189596
-0.000999336490806
0.00772553099348
-0.0144118420347
0.000345390747472
-0.00285969047783
-0.00569815742901
0.00461777070336
-0.0165707652417
0.00229615067883
-0.0121028485705
0.000465806039788
0.00490679821563
-0.0159737047886
-0.011240934023
-0.00502019923707
-0.021448645595
0.00346635099519
0.00360444689654
-0.0169959742319
-0.0233185244788
0.0063047566018
-0.00234905238453
-0.00835092543453
-0.0168888391509
-0.0235724506644
-0.0155333035039
-0.0199640756465
0.0053204928709
-0.0132642682544
0.00142555324169
-0.000834398385383
-0.0107848198238
-0.0042686197741
-0.0105931255679
-0.0103012454907
-0.0105165423359
-0.00930468034033
-0.0013328645637
-0.0212648189415
0.0119106968029
-0.00362203742702
-0.00113468627761
-0.0192254815501
-0.0134681730537
0.0023410433049
-0.0159196639364
-0.0140954801853
0.000546920450698
-0.00209196165665
-0.0202364312747
-0.00568251222663
-0.0149850456766
0.00783096357824
0.00514109355301
0.00229995884742
-0.0228080616911
0.0091207229576
-0.00149584078952
0.00663901106234
0.00362246874184
-0.0172750837266
-0.0106168692442
-0.00395865476173
-0.0114413384174
-0.00988020857594
-0.00273895357052
0.0248613289548
-0.00992381116261
-0.00529477198614
0.00794469471172
-0.0250783007718
-0.0182506233181
0.0146560951279
-0.00691566759653
0.00617142981782
-0.0155511999455
-0.00838773397832
0.00166201516087
0.00294044462955
-0.00812292603538
-0.0191862967003
0.0022936688775
-0.0100727727508
-0.000668843009057
0.00794099976667
0.00778918229689
-0.00553988556716
-0.00629589290665
-0.014636020734
0.00710863681102
-0.000754725372095
0.00582104570627
-0.0174509531968
0.00125548194091
-0.017051872933
0.000574141262662
-0.0074647884894
-0.0164194484288
0.00361032569106
-0.00301487058457
0.00393522636323
-0.0053237212369
-0.00272254796582
-0.00928901241501
-0.0082387062707
0.0221520395398
0.00334190975384
-0.0166631957954
0.00873258571606
-0.00659928003189
0.00453381930771
-0.0167410206511
-0.0194638234871
0.0162150442359
0.00340142608009
0.00255444934616
-0.0014229687695
-0.00312978686893
-0.00568998036464
-0.0105756620705
-0.0032131931973
-0.00595122602681
-0.00846920558432
-0.00383877100606
-0.00339289410914
-6.70009165604e-06
-0.00958194370452
0.00377206012458
0.00268430797598
-0.0184112550003
0.0125847340635
0.00510345342742
-0.00113739266139
-0.0196628531039
0.0114475934357
-0.0095273002272
0.0080957135368
0.0185089076768
0.00488307342493
0.00667529581829
-0.0142031417853
-0.0142750130017
0.0104778241694
-0.0011495773084
-0.0123128848347
-0.00722091032883
0.00258438299753
-0.00868404253114
-0.0163502076274
0.00874497385955
0.0110762030976
0.0058171307811
-0.0040579829712
-0.0111804827517
-0.00731993137287
-0.012839119372
-0.00894070915323
0.00338943447271
0.00174306925295
-0.00579994296185
-0.00660344501374
0.0338307588245
-0.00313174665812
0.00663767773973
0.00837048009069
-0.00142690698542
-0.0133478680621
-0.00372071169291
0.00428088721299
-0.0010431465069
0.00570870375853
0.00655822407098
0.0156933443963
0.00568759311202
0.00447739745347
0.00326720179492
0.00205700613637
0.00968680773363
0.00918808041493
-0.00767263203636
0.00114899780138
0.00710865891457
-0.0049121975886
0.00521751564628
0.00817891146964
0.0064504874169
0.00962299475076
-0.00874035389409
0.00365362161435
-0.0132018410708
0.0122590579746
0.00135626847044
0.00394819128692
0.0141959765107
0.00301032063556
0.00427281400005
0.00814504386255
-0.0128149949422
-0.00206123402093
0.018486012436
0.0125819216996
-0.0079016870957
0.016754955387
0.0109402250355
0.0121337271626
0.000782057049165
-0.00427328854845
0.00804672032469
0.0198977565235
0.0113791002421
0.0103271736401
-0.00205469431949
-0.00612852841641
0.0132843252532
-0.00609589413199
0.00613536544325
-0.00794049913233
0.00429006847935
0.00485920182711
0.00033308925886
0.0104804190621
0.00637365260788
0.000896389772797
0.0149704323856
0.0111188953351
0.00819124972636
0.0211946322505
0.00135413406369
-0.000909004998971
0.0117812428047
0.00920225412094
0.00673161645275
-0.000431072570882
0.0151774536203
-0.0157222191619
0.00439160807169
-0.000934755135469
0.0486536194246
0.0170395814967
0.00906314738468
0.00281387241854
0.0125838870207
0.00898300426891
0.00614953980593
0.0075314464249
-0.0015563783596
0.0133237564271
-0.000957862763487
0.00665541305956
-0.00859360887991
-0.00606209034399
0.00822573521131
0.0161140932921
0.0133085133243
0.011673443227
0.00545225593891
0.00905580443679
0.00718626611393
0.00326672789978
0.0167244308309
0.00374568763212
0.0110271352063
0.00101138864121
0.0021451013418
0.0113409709409
0.00815085676522
0.0218537222746
-0.00245463225725
0.016825574281
0.0140783783459
0.00951335548584
0.00503032644198
0.00054729739812
-0.0110789654568
-0.00105437952948
0.0118704961955
-0.00104729497092
0.0338202307413
-0.00608971306608
0.00100113900851
0.00768916866847
0.0122902281666
0.00889067785689
-0.0164973284116
0.00587685176904
-0.0107824031617
-0.000442343887158
-0.00375980792194
-0.00508538072048
0.0142043392119
0.0027587923327
0.00912051292734
0.0197446577523
0.0142585761087
0.00684204278788
-0.00178019333889
0.0105020272119
0.00127547579056
0.00234794301561
0.0121104696443
0.0141138716253
0.00540800924366
-9.869218994e-05
0.0132690760361
-0.0103529289638
0.00761164191065
0.00176661085455
-0.00983139825334
0.0183668645788
0.00828215538746
0.00824321520626
-0.00295860545104
-0.0044911334466
-0.00781974777839
-0.0129311438137
0.0151483214734
-0.0126122156832
-0.00186797676321
0.00564185183631
0.00145521094996
-0.0020795448632
0.00915925542253
-0.0140832186965
-0.000576040372535
0.00398066768402
-0.00627066964002
0.011216609752
0.0119627159742
0.00799855127477
0.00245474867954
0.0140998288006
0.000417883507948
0.00212271407034
0.0194658262238
0.00226222771343
0.0229457428385
-0.00160693614668
-0.0154185580764
0.00549227096669
-0.00776587456819
-0.00521092170329
-0.00533379013104
0.00616768317411
0.00128630771823
0.0042791177466
0.0241656745893
-0.00186249828355
-0.00816397610838
-0.00139651524615
-0.00533038200614
0.00499494249508
-0.00068818541861
-0.0063713133323
0.00138977667138
-0.00272679738305
0.00314129809284
-0.00675553533334
-0.0132617852817
-0.00472547851616
0.00366636827058
0.00197970769104
-0.00173987734131
-0.0113230656807
-0.00683123549921
0.0381716839384
0.0133533629372
0.00457641974811
0.00409250993044
0.00360860011276
0.00312469029509
-0.00392441110676
-0.0153969690063
-0.00433515154844
-0.00152189154822
-0.00588717403123
-0.0056724100907
-0.0114753957879
-0.00480583363058
-0.0136136914203
-0.0396402239127
-0.0224564037044
-0.0163957050959
-0.0194319547381
-0.0182459448853
0.00377514001734
-0.0069021622074
-0.0129672185543
-0.0120451564985
-0.0129905733088
-0.0100236544272
0.000536702526211
-0.00398367388292
-0.0137696402979
-0.0114747256959
-0.0124277136682
-0.0140018795707
-0.0101340379922
-0.0108016323692
-0.00253161393256
-0.00597506629668
-0.0210131546491
-0.0124115224967
-0.00375395631961
-0.0373842554721
-0.0151807725994
-0.000717305963077
0.000380770719596
-0.0223186960131
-0.0176916817866
-0.0111166029019
-0.00863145478024
-0.0112027418734
-0.00218454565709
-0.00138504295915
-0.026549121081
-0.000974141266228
0.000528949209176
-0.00980664173739
0.0119664992495
-0.00110667992333
-0.00940934483157
-0.00424359959802
-0.00436420885518
-0.0136732769673
-0.011624715204
-0.013536332806
-0.0100789158331
-0.00680564642619
0.0188895807468
0.00412681627998
-0.00543250040892
-0.0209139205119
-0.000598182376275
-0.00216408447137
-0.00818528783868
-0.0134812170977
0.000782699129946
-0.0240807315172
0.00465277092462
-0.0280084495332
0.00347942140825
-0.00684876492618
-0.000751966914436
0.00609468369207
-0.0122330495893
-0.00201116686102
-0.0105224840841
-0.00866321711667
-0.00141463965419
-0.00212393689511
0.00502180856194
-0.0106312290034
0.00772300313889
0.00171882524065
0.00117839857169
0.00623783095358
-0.00487108461947
-0.0129828908488
0.00152569103939
-0.0139449341248
0.0048245901332
-0.00248174322062
0.010548605352
0.00603296420636
0.00151732306073
0.0143718154401
-0.0129282293483
-0.0116838442634
-0.00658559450547
-0.00506486712573
0.000104778466703
-0.0104381332864
0.00314332594004
-0.00625159132023
-0.00598317382516
-0.00488976983101
0.00785878831165
0.0106420674236
0.0100172167044
0.00814467164964
-0.00239716988469
5.20864328313e-06
-0.00212115102033
-0.00219170804142
-7.87619562672e-05
0.0106573606963
0.00164827396899
-0.0119832294727
-0.00278668335683
-0.00551899463285
0.0145610318933
0.00213078149551
0.00140886977218
0.0134187902466
0.00962336548497
-0.014201488506
0.0116986669652
0.00866077587663
0.00443189460192
-0.00776194979246
0.000996023194551
-0.00137118353275
-0.00375563598173
-0.00707725097565
-0.00273329125376
0.0137268980465
0.00189715330338
0.000262549121527
0.0150760756572
0.00728439983121
0.013868624273
-0.00689054173873
-0.000663874002423
0.0026976426975
-0.014190967537
-0.0112812005201
-0.00465289509714
-0.0094978770314
-0.00503868850356
-0.0116747951672
0.0084963290798
0.00385576753627
8.11107184475e-05
-0.000669767078729
0.00272212583404
0.00198212336727
0.00652519689854
0.00185370397368
-0.00132827026258
-0.00869188062978
0.00171528615033
-0.0104265202816
-0.00320846714354
-0.0208514098905
0.0336603978433
0.0111937797766
-0.0258178144685
-0.00427320167314
-0.0209717298678
0.0101162118667
0.0083582161203
0.00926522459951
0.0310548288787
0.00510885657001
0.00403587522078
0.0119169510447
0.00516228159161
-0.00405400404807
0.000491836277116
-0.00235955111674
0.00886408717106
-0.000618378985205
-0.000593114824652
0.0101309323071
-0.000286037567065
0.00363847438718
0.0180354984141
-0.00133818530457
0.00125916309983
0.00343766609082
0.00561616908181
-0.00204111448771
-0.0109474001747
-0.00672868469154
-0.00104276020034
0.00375448072594
-0.00939042000334
0.0278023577661
0.00164155425029
0.0110728602303
-0.0162926124685
-0.0126086962901
-0.00608076320648
0.00485035578865
0.0163397542074
0.00223645692137
0.00901068414816
0.0192448790727
-0.000250552149672
0.00543074936852
-0.00322742300449
0.00471634945054
-0.0110519517853
-0.000665471764132
0.00922356173888
-0.00455627256257
0.0138564854586
0.00839293423644
4.63507186232e-06
0.00572171122329
0.00503100673185
-0.0099408660352
0.00737015478716
-0.0143126471697
-0.000122316974453
0.00614456324492
0.00231518021493
0.00266572918483
0.00574389551178
0.0162145521339
0.0204774614956
0.00719773549707
0.0100991360878
0.0119469654585
-0.0119451525441
-0.000499771082719
0.0125651689938
-0.0129931863562
0.00122570428305
0.00648936247824
0.010570670904
0.0146519793297
0.0117035153179
0.00733564963735
-0.00817845297586
-0.00857208193569
0.0120288268232
-0.0143998975498
-0.00189615851022
0.00343070719178
0.00136079107461
0.012240561291
0.0137382861893
0.0111318939454
0.0172340212473
0.00138326168167
0.00797869179006
0.00723429488001
-0.00635011336412
-0.0164834458297
-0.0058988535842
0.00279631847811
0.00584506898495
-0.0106451311757
-0.00106854353217
0.000508979803513
0.0120629283136
0.0069168903185
0.0301865379794
0.00562843784392
-0.00103083414169
0.0142019294881
0.0032047570055
-0.0229506186018
-0.00169194483691
-0.000146518581417
0.00544691425473
0.00918836032393
0.00152944092477
0.00704981326924
0.0110595955203
0.00845668747485
0.0158319300003
0.00359175117725
-0.00425675820329
-0.00800063062495
-0.0117445030466
-0.000187280599191
-0.00811375292884
0.0025072997037
0.00231022510525
0.00716282208586
-0.00497316748178
-0.00218217999833
-0.00514194564533
0.00669880946449
0.0277202069558
0.00344864437798
-0.00943219897678
0.0021454222207
0.0124780488866
0.00700800038801
0.00155449162406
0.00783434970217
0.0120135044908
0.00405792198056
-0.00848698599241
-0.00704180734896
0.00547920781623
0.00126394544716
0.00070438055016
0.00832121363622
0.00257433776982
0.00418284684188
-0.00530445689925
-0.000398585030369
0.00703195298926
0.00392659049579
0.0098588722474
0.00179422981528
-0.0176360587847
-0.00565062450303
-0.00424841942277
-0.00265798732931
-0.00511363365589
0.0070624117676
-0.00187256068673
0.00108110786013
0.004034776407
-0.00900603592668
0.0137496035842
-0.00023985655505
-0.00139533614971
-0.00173509640864
-0.0163196987328
0.00891218015666
-0.0114431152775
-0.00752504654781
-0.000940582046579
0.0192341328247
0.00428634383974
0.000543865883692
-0.000266660826349
0.00411471652538
0.00136627157559
0.00726107626672
-0.0168103069728
0.00755787108984
0.00367604382217
-0.00326041234354
0.000220378903395
-0.00330104189537
-0.00463411067869
-0.00340513531557
0.0138380279122
0.00684370977514
0.0086188338667
0.000140223408106
-0.000672139580694
0.0279428594001
0.00406461922175
0.0208651167131
0.0126536810613
-0.0115993474341
0.00702943076234
0.00199294586913
-0.000221273869188
-0.0121198422378
0.00326457805104
-0.00635331018935
-0.00522071797985
-0.0108399787847
-0.0011088772776
0.00619598136927
0.016072533703
-0.00873779932576
-0.0106716565969
0.00159330530671
-0.00473180858836
0.000126613154768
-0.00141692284635
-0.00160628257966
-0.00179564231297
-0.00198500204628
-0.0120460424286
0.0041445218523
-0.00639933057858
-0.0168693036682
0.00638543503312
0.00124544996651
-0.0064798770891
0.00438345318438
0.00497879272279
0.00637700952825
0.0120511724133
-0.00745140440073
-0.00242487713297
-0.00356779625875
0.00108018473129
0.00572816572133
-0.00853191738589
0.00548439895564
0.00137475277574
0.00398957262647
0.00102303954323
-0.000485110351267
0.00236623506658
-0.0153754949146
-0.00902591779772
-0.00357348118239
0.00168116072045
0.0132155097042
0.00440099430335
0.00716888973578
-0.0107736080652
0.00683648228666
-5.74919363584e-05
-0.00116594048812
-0.0269339172096
-0.000906925472032
-0.0321932373285
-0.00918053272344
-0.0162000292472
-0.00121554324054
-0.00719776014028
-0.00983353753466
-0.00106258700186
-0.0156196112497
-0.0208880150149
-0.0261564187802
-0.00768708954038
-0.012570167271
-0.0103012496562
0.00793080405445
-0.00729604070884
-0.0259565094069
-0.0064861695418
0.00257728046369
-0.0292033097972
-0.000565247773122
-0.00459538400899
-0.0043437809386
-0.0160314783975
-0.00684704167489
-0.0113763546904
0.00349121860951
-0.0213276867058
-0.0190896884253
-0.0266771523527
-0.0205920461386
-0.0190051921477
-0.0185781128
-0.0241526489765
0.000755559519237
-0.0123021726994
0.00180521818813
-0.0121937685424
-0.0175891269411
-0.00823582836694
-0.0222609189521
-0.0144371283424
-0.0218391586685
-0.0301194231207
-0.0139780052044
-0.018423895871
-0.0226777720561
-0.00810273745233
-0.00563517816158
-0.013846111996
-0.00546505884891
-0.0204578402848
-0.0131076229095
-0.0335822049667
-0.00837257841336
-0.0101087219112
-0.00467016188133
-0.0115653949431
-0.0151327971633
-0.0187001993834
-0.0246078718447
-0.0206352843985
-0.00958372404107
-0.0273853160143
-0.0197452915426
-0.0192216918078
-0.00107534767576
-0.00846438688085
-0.03037273063
-0.0193218536693
-0.0251837181095
-0.0161384435083
-0.00949306809066
-0.0340409159824
-0.0211582572834
-0.0276565804547
-0.0208748164657
-0.0223183211601
-0.0321632378913
-0.0131555566453
-0.017206327323
-0.0315104137211
-0.0154291724541
-0.0159126349256
-0.0263489705417
-0.0172836334458
-0.0193101547153
-0.0171394577253
-0.0194543986476
-0.0166180173532
-0.0152541466796
-0.0179995811173
-0.0204318101619
-0.0286742032281
-0.021381491686
-0.0287385062916
-0.025721767255
1.28478109005e-05
-0.0238741023535
-0.0163474560853
-0.0236459109639
-0.0186931922344
-0.0216561264063
-0.0244858056827
-0.0154477140059
-0.0304814995866
-0.0378027928328
-0.0450801171511
-0.00452601264024
-0.015486410786
-0.0201836186026
-0.0183633331184
-0.0202189117703
-0.0304953940753
-0.0271914964308
-0.0243135178644
-0.043709960977
-0.0370488471268
-0.0293436707499
-0.0014810432188
-0.0289786745469
-0.0261374186136
-0.0169391544564
-0.0178401764869
-0.0372947879218
-0.0229607538392
-0.0275740427411
-0.026988574654
-0.029105093623
-0.0304268063017
-0.0311858458864
-0.0208438664622
-0.0261742085416
-0.0278836583915
-0.0217423882642
-0.0291842804728
-0.0342730621478
-0.0179041415514
-0.0323203781828
-0.0338439454647
-0.0139684424941
-0.0185016581263
-0.0135089133769
-0.0221705438407
-0.00983861586465
-0.040733978273
-0.0432769486862
-0.0417171956169
-0.0167304301907
-0.0242961092243
-0.0469129589108
-0.0398778725227
-0.0404065260879
-0.0258144049172
-0.0238997840315
-0.0219851631459
-0.023720042763
-0.011900508583
-0.0172390884432
-0.0393154093449
-0.0327245868954
-0.0193267189655
-0.0141941796068
-0.0171949209018
-0.0172073683027
-0.0249379725945
-0.0245613098278
-0.0407502261094
-0.0325271398024
-0.0309681163661
-0.0198257534558
-0.033993919005
-0.0384051689624
-0.0390874701543
-0.0170960831847
-0.0313046076231
-0.0312727003676
-0.00941266516077
-0.0471963506682
-0.0398903335753
-0.0478701943335
-0.0279547345327
-0.0228070042355
-0.0369856633968
-0.0160234789338
-0.0240457685733
-0.0211351636977
-0.00841144304816
-0.025424492241
-0.0316049722213
-0.0217725765721
-0.0298982480662
-0.0210783687578
-0.0179857118317
-0.0128621004694
-0.0303997562931
-0.0284472991159
-0.0262342154824
-0.0169904391483
-0.0244709068564
-0.0157639209811
-0.0267411140944
-0.0228072981652
-0.0328379207054
-0.00675572574694
-0.0150623944567
-0.0242668145983
-0.0102803338975
-0.0249043374925
-0.0164621373771
-0.020074215286
-0.0202252277997
-0.0196928296982
-0.012657608332
-0.0252135790362
-0.00581598534339
-0.032220828768
-0.0123423873677
-0.00176277133107
-0.0158371545148
-0.0280861705189
-0.0390394616508
-0.0168380574636
-0.0434590703185
0.00953657910446
-0.0300233363792
-0.0276417040315
-0.00999411153179
-0.011878968495
-0.0261904098916
-0.00956564085953
-0.0215001845733
-0.024605486292
-0.022470899488
-0.0142382907552
-0.0283080759321
-0.039919084062
-0.0305706767688
-0.0273883814659
-0.0159208636583
-0.00961073648595
-0.0336372359274
-0.0314538017669
-0.0111597137095
-0.0219434249771
-0.0195844692213
-0.025367338535
-0.0202203985865
-0.0266567182188
-0.0371252612806
-0.0369481084822
-0.0367709556837
-0.0117800439573
-0.0276319072207
-0.0193944278436
-0.0330119747426
-0.0121701291103
-0.0265979553348
-0.0260095629345
-0.0201356290988
-0.0208732089616
-0.0320898540164
-0.0249017543389
-0.0236761970332
-0.0225220539886
-0.0127104659636
-0.0351250969472
-0.00114383061871
-0.0327987078997
-0.0102149532219
-0.0307749395521
-0.0367659163561
-0.0185648638948
-0.0257085350957
-0.0328522062966
-0.0230145730546
-0.0289609827399
-0.0341937516117
-0.0215742922023
0.000602822416407
-0.0229598991504
-0.0230100727105
-0.0246141763673
-0.0190727349363
-0.0283136462122
-0.0330725967256
-0.0467402125299
-0.0109911402159
-0.00694068240286
-0.0331616214639
-0.0141927532198
-0.0266595203427
-0.0157802716215
-0.0189698155878
-0.0153982564225
-0.0194742596952
-0.016965256702
-0.00705514168193
-0.0197166317748
-0.0159845397642
-0.0214584307554
-0.0105669495878
-0.0267668394485
-0.0255432999538
-0.020062691747
-0.0232594828098
-0.0185213737913
-0.0199676517569
-0.0456716782258
-0.0222236405006
-0.0165133781015
-0.0296052232964
-0.029845041697
-0.0353611046117
-0.0235107807111
-0.0280923089522
-0.0261117929313
-0.0338512729624
-0.0310299878694
-0.0377787235932
-0.0376228154798
-0.0365955236388
-0.0214009108459
-0.0298384619918
-0.020662195855
-0.0369457146983
-0.0334377377851
-0.0285809493501
-0.0115884094674
-0.0292320454307
-0.0376839846916
-0.041732580475
-0.0303593507117
-0.0516477740394
-0.0297966022938
-0.0250554458747
-0.0211820880982
-0.0255167429282
-0.0171579708307
-0.0268248060474
-0.0152183237288
-0.0183861856921
-0.034346449346
-0.0357370951226
-0.0336968557163
-0.0461006076412
-0.0402076408198
-0.0343146739985
-0.0284217071771
-0.0136390306029
-0.0255444361085
-0.0414218785582
-0.0329455451048
-0.0247228041892
-0.0410713211507
-0.0268169923112
-0.0112034870593
-0.0277024958066
-0.0367662566105
-0.0458300174145
-0.0361789519643
-0.0240742704394
-0.0165438078776
-0.0208707063819
-0.00870373746532
-0.0254980069519
-0.015695104318
-0.0209633719101
-0.0374734545328
-0.00263627960204
-0.0183724001082
-0.0303632437999
-0.0209960327963
-0.0258264872074
-0.0434973135442
-0.0396666252204
-0.0251178132918
-0.0286017749762
-0.0354273325495
-0.0297977784334
-0.0390255997951
-0.0398864026236
-0.0246995257684
-0.0253894384175
-0.026579676776
-0.0196161404111
-0.0352052623666
-0.0349522538445
-0.029758459199
-0.0387927129815
-0.0285681392936
-0.027996170902
-0.0370043746564
-0.0470948145315
-0.0275289985271
-0.0349009130394
-0.0294177540406
-0.0239345950418
-0.0379006044975
-0.0402380660682
-0.0201527043203
-0.040308967286
-0.0388340296076
-0.018916560524
-0.0549147554332
-0.0447000789249
-0.0479053436035
-0.0222953643993
-0.0332156576929
-0.0441359509865
-0.0262463048469
-0.013012606501
-0.0210139922197
-0.0438363142435
-0.0223344153924
-0.0420222331484
-0.0298507638105
-0.0362417574784
-0.0430983004306
-0.0188259348908
-0.00784763434926
-0.0291729686651
-0.0333261508404
-0.0254360205349
-0.0303388690314
-0.0329567885738
-0.0270072792149
-0.0343696930522
-0.0251537889911
-0.0323837815153
-0.031399416083
-0.0268603191498
-0.0311927919387
-0.0435749906612
-0.0291459198606
-0.0337857482619
-0.0281639452835
-0.0315147190948
-0.0394746434533
-0.0326093212151
-0.0408484778417
-0.0409895295483
-0.0352922030524
-0.010540060273
-0.0226186847715
-0.0126397021873
-0.0303679192653
-0.0220950975914
-0.0298446635003
-0.0288143353202
-0.0312911635671
-0.0555505834314
-0.0475022537912
