0.0
0.0
0.0
0.0
0.0
0.0
0.0
0.0
0.0
0.0
0.0
0.0
0.0
0.0
0.0
0.0
0.0
0.0
0.0
0.0
0.0227755333783
0.0237679878015
0.0234430920698
0.0233988577602
0.0233321985032
0.0260094939739
0.0256871972585
0.0248665158475
0.0263820044191
0.0266806203588
0.025564305155
0.0257416048258
0.0272572439194
0.0257632144266
0.025822996547
0.0282769118111
0.0265810263168
0.0260820832377
0.0268941191127
0.0268821588732
0.0294354434512
0.0294062046662
0.0315535322583
0.0334485304902
0.0347620864161
0.0385269116389
0.0368555001216
0.03732283056
0.0392769710485
0.0400992047915
0.0423903917135
0.0395391134986
0.0380518636055
0.0402556287619
0.0407487888144
0.0390783645204
0.0376754355457
0.0393146371774
0.0401545460744
0.0371202587647
0.0352791515055
0.0326688065075
0.0352116280479
0.0361358343103
0.0333822097727
0.0336114449508
0.0322916118241
0.0327069232106
0.0312042909363
0.0320301336718
0.0268230525548
0.0309711360863
0.0281198702942
0.0270551677192
0.0
0.0
0.0
0.0
0.0
0.00271940768098
0.00107966090441
-0.000377868954828
0.000602567538223
-0.000124273237689
0.000165130842153
-0.000774551917501
0.00019153722896
0.00145370804684
0.00306848294764
0.00373681753727
0.00481252174293
0.00685859280024
0.00902775888884
0.0137468805537
0.0165313382552
0.0172884794301
0.0173844980369
0.0190432077317
0.0194717931833
0.0199700158608
0.02119110216
0.0219230038612
0.0212563433848
0.0208034311573
0.02156821279
0.0206223889191
0.0197611571244
0.0189284923727
0.017610647831
0.0156408968286
0.0147260455019
0.0131119481269
0.0104881596777
0.0
0.01416552545
0.0117275588598
0.00933302487125
0.00764379977347
0.00775137404698
0.0062800509509
0.00679483968558
0.00256936655373
-0.00125673776617
-0.00174774532174
-0.0037354071752
-0.00582182159254
-0.00605389837159
0.0
0.0
-0.0035283626142
-0.00557746309063
-0.00768360355024
-0.00694013502689
-0.007925865684
-0.00807371354829
-0.00804320467284
-0.00606790496873
-0.00575247849323
-0.00413754952071
-0.00499036366299
-0.00322324649026
-0.000606656913991
0.00173885176546
-0.000915126546056
-0.00186110619661
-0.00070536407587
-0.00155078126414
-0.0012523178476
-0.00159595859381
-0.000857317051322
-0.000439922814983
-9.28086070373e-06
0.000335695007072
-0.000313145846249
0.000592781911487
0.000671834961355
0.000911512742197
0.000776758444142
0.000314699870786
0.00220148823206
0.00257873400607
0.00243260310303
0.00244558861761
0.00182779616654
0.0022499983578
0.00153974347863
-7.79928864152e-05
-0.000484855927169
-0.00137218817529
-0.00310761242787
-0.00346006188421
-0.0039227915009
-0.00543540612416
-0.00545673010562
-0.00615836598635
-0.00618007071596
-0.00568367553804
-0.00548748512679
-0.00413012201788
-0.00270234546071
-0.00149071345282
0.000211093371248
0.00186814527249
0.00267639943714
0.00477247735535
0.00775737812217
0.0118255153458
0.0114044184441
0.0132921729264
0.012776850416
0.0116695177784
0.0113656850151
0.0110390464911
0.01039020571
0.00996439585153
0.00961359218936
0.00846144696762
0.00794307057676
0.00833072373404
0.00722148391478
0.00653307609909
0.00575625977181
0.00553044611192
0.00518619530797
0.00448283055839
0.00476993450275
0.00512605030093
0.00541877237322
0.00522335503524
0.0
0.0
0.0
0.0
0.0
0.0
0.0
0.0
0.0
0.0
0.0
0.0
0.0
0.0
0.0
0.0
0.0
0.0
0.0
0.0
0.0
0.017126643779
0.0175029926038
0.0183720894358
0.0184792233942
0.0183485732549
0.0
0.0
0.0
0.0181627835104
0.017335778048
0.0173259337503
0.016463185364
0.0162873615586
0.017293541604
0.0158608762602
0.0144046324931
0.0133998684448
0.012479292423
0.0112762939181
0.00955790096173
0.00824692478677
0.00708445259068
0.00773029228875
0.00683955716767
0.00565840616786
0.00419121604004
0.00414317508424
0.00268815636875
-0.00153225841392
0.00124076091789
0.00147359721478
0.000757268417123
0.00196741892618
0.00158728949945
0.0
0.0
0.0
0.0
0.0
0.0
0.0
0.0
0.0
0.0
0.0
0.0
0.0
0.0251784464099
0.0249065835241
0.0247835187776
0.0246900525516
0.022739333643
0.0247567839193
0.021944552174
0.0220355543581
0.0196596541834
0.0170543487835
0.0155207500905
0.013666807321
0.0118614477474
0.010664836046
0.00963017620964
0.00944945171454
0.00747555624208
0.00634543745287
0.00571295443856
0.00541627235336
0.00482329051964
0.00206702017621
0.00070116399109
0.00035340892444
-0.000596972127592
-0.00245535912167
-0.0040849260582
-0.00455609791052
0.0
-0.00559184187053
-0.00553628676378
-0.00639828652699
-0.00677345227819
-0.0071969625097
-0.006883159033
-0.00648883392116
-0.00602826641497
-0.00631724225979
-0.00513263096604
-0.00419572618364
-0.00362058969674
-0.00173277729832
-0.000912687951561
0.000763980545356
0.00111362763265
0.00157983759111
0.00206013027345
0.002555735015
0.0034390515186
0.00427686257723
0.0042979817841
0.00651724464814
0.0059134782749
0.00674546589045
0.00688753388449
0.0068216304339
0.00752397128905
0.00712808309985
0.00774473161742
0.00714212941698
0.0067660878685
0.00636343554617
0.0043844775914
0.0051120073833
0.0033453063065
0.0029776119125
0.00133369768958
0.000630465828379
-0.000179187995738
-0.00127795640518
-0.00133818556729
-0.0025965527678
-0.00305227497504
-0.00283547026128
-0.00446547524439
-0.00452141345565
-0.00479274934075
-0.00528680884041
-0.00472478588724
-0.00384849739147
-0.00261017980869
-0.00113922937188
0.000253043296324
0.00211989589739
0.0034859532879
0.00534245165506
0.00679451292027
0.00752771644482
0.00708278246002
0.00965330082386
0.010526803992
0.0115649739655
0.0121831850241
0.0132684217137
0.0128216488948
0.0126664405011
0.0122307863625
0.0127940841791
0.0124005549807
0.012511094696
0.0114430117975
0.0119791764562
0.0124582999809
0.0120202988986
0.0114379668607
0.0170379038022
0.0138396707133
0.0133541545231
0.0130925051921
0.0127472280944
0.0130921095259
0.013604197097
0.0118628780516
0.0138068172403
0.0125407745463
0.0133030079798
0.0126885165618
0.012349686439
0.0107796973313
0.0103737634824
0.010951038234
0.0101230121892
0.00981523423167
0.0088532641454
0.0
0.0
0.0102311839494
0.0108057393705
0.0113432414379
0.013214883224
0.0136784689741
0.0155287914962
0.0145450169029
0.0169598161188
0.0178242601012
0.0209500741992
0.0197111737295
0.0195755827146
0.0211161918615
0.0202706440404
0.0195910588709
0.0192827463161
0.0188070556244
0.0168720486407
0.0167003913107
0.0174659104455
0.0181622465797
0.0166726772585
0.0143391168272
0.0130635938265
0.0122171352254
0.0113485720246
0.010615931666
0.0102686723456
0.0101128372644
0.009267322397
0.00841123920677
0.00723791568415
0.00619368295663
0.00564930137413
0.00552248520967
0.00571265504206
0.00485134741408
0.00405552280671
0.00256952412546
0.00368523424532
0.0036474122259
0.00300066231946
0.00551140492137
0.00520378054346
0.00729336793114
0.00847949791627
0.0091780504504
0.0109243248247
0.012127032205
0.0136729780745
0.0142199951985
0.0151135987089
0.0150560962092
0.0149981964829
0.0150928056515
0.0149429267568
0.0134634943357
0.0117051271747
0.0112531510278
0.0111057089085
0.0100603829165
0.00857311819669
0.00711960194412
0.00622867929376
0.0054514866686
0.00473333004383
0.00340775634993
0.00209905846033
0.000241260980691
-0.00136406365133
-0.00156961260284
-0.00283584578729
-0.00506256669317
-0.0049924184884
-0.00662348661929
-0.00728113725963
-0.00862179113302
-0.00855385637296
-0.00959561795813
-0.0122786049829
-0.0124230689381
-0.0145716761073
-0.0150904945185
-0.0156733164953
-0.0158767421034
-0.0163250032511
-0.0164898860087
-0.0168169644393
-0.0162695219078
-0.0157960289145
-0.0148932148413
-0.0133312138821
-0.0114291217444
-0.00931764341762
0.0
-0.00683549034047
-0.000551176440448
0.00108003845916
0.000903676887111
0.00191531546351
0.00533181305845
0.00591565595407
0.00623521292071
0.00551755224509
0.0066084299234
0.00757773700704
0.00867114801276
0.00789219574941
0.00727165601117
0.00695243931407
0.00613918193223
0.00592631028059
0.00472819786455
0.0039099534682
0.00344094108792
0.00155965296983
0.0015328711517
0.00136416869987
-0.000898663705032
-0.00107002322936
-0.00141826691897
-0.0020968325162
-0.00345910043717
-0.00396802690531
-0.00203292423822
-0.00462592574007
-0.00488689330612
-0.00516922927805
-0.00594281526594
-0.00730071124454
-0.00678162880019
-0.00600934380978
-0.0039652682923
-0.00549938272799
-0.00547167602935
-0.00430592461507
-0.00377311399282
-0.00165587232037
-0.00161909446792
0.00142055166553
0.00232471813872
0.00518237776165
0.00586114018458
0.00806323809924
0.00929023079607
0.00970127892885
0.00993308835255
0.0107764748462
0.0100400366063
0.0107544443528
0.0106624399882
0.0105733984121
0.0118625356814
0.0106295823476
0.0102001855692
0.0129623928694
0.0114202129944
0.0113398064322
0.012425218128
0.0128756740391
0.0134703770628
0.0134476528645
0.0135661517516
0.0148466687273
0.014632859217
0.0140820196292
0.0136814639576
0.0120287463438
0.0115323746925
0.0101882427896
0.00859879256457
0.00706215117758
0.00669909112177
0.00506593559901
0.002983429361
0.00408226140504
0.00409938679827
0.00316172296102
0.00360906433254
0.00496211652474
0.00679193809673
0.0090411633615
0.00844882746981
0.00962410144055
0.00991011775056
0.012890581842
0.0137268385008
0.0137261653777
0.0140785608312
0.0143155919135
0.0
0.0152395752181
0.0148749584953
0.0153279709561
0.0148460319845
0.0142134767654
0.013004416492
0.0137828056375
0.0134338247463
0.0143178670427
0.0126209598263
0.0129770261268
0.013281511815
0.0106948865454
0.0104167234728
0.00994734830546
0.00789554303174
0.00743428523031
0.00827941527858
0.00797031197065
0.00638042002848
0.00703018703125
0.00695911638803
0.0067177080348
0.00467917641413
0.0043993694829
0.00615648923328
0.00491118895817
0.00493140385646
0.00591755605455
0.00596536561471
0.00557708668625
0.00597622186631
0.00574250776838
0.00592708031727
0.0062582899732
0.00518392819785
0.00717242125361
0.00735152967416
0.00747006089306
0.00854498189257
0.00834759887694
0.00903166566417
0.00641049445342
0.00849363344735
0.00804939812042
0.0072776962247
0.00732679705652
0.0066399913358
0.00597675779064
0.00487961492123
0.00444252573581
0.00350210514133
0.00354351637921
0.00182906183553
0.00245444809409
0.00066385076093
-0.00238553219222
-0.00112646086315
-0.00285178911319
-0.00602025203061
-0.00702764575121
-0.00845802745414
-0.0082287740944
-0.00934832150889
-0.00927742106044
-0.0102653029551
-0.0108770311801
-0.0116615463805
-0.0134516605064
-0.0136788501115
-0.0151029120645
-0.0145805754247
-0.0152430534742
-0.015808611898
-0.0156291364793
-0.0151541211972
-0.0140349643985
-0.0131361355335
-0.0115347798021
-0.00937548579078
-0.0068152352942
-0.00412724796331
-0.00374596879105
-0.001187417978
0.000921942163437
0.00430560617078
0.00566584309212
0.00678716134705
0.00788516661802
0.0095916507541
0.00983145419808
0.0103564575389
0.0105600039983
0.00990171624163
0.00935411411367
0.0
0.00906743647567
0.00850952799963
0.00771049248254
0.00651383710001
0.00573795930769
0.00490333775046
0.00392650965373
0.00332164860204
0.00248616698589
0.0021379160926
0.00098992379375
0.000126056951865
0.000438658459322
0.0
-0.00140387049165
0.000897252126455
-0.00267011198712
-0.0014249695623
-0.0017550604869
-0.00308595983765
-0.00378877437231
-0.00352786131927
-0.00417323705937
-0.00469816181803
-0.00486299149895
-0.00351053286082
0.0
-0.000344603097091
0.000309886614746
0.00134524736939
0.00223123325142
0.00402342130484
0.00570676051184
0.00911111546904
0.0125454293629
0.0127038343246
0.0132013945574
0.0127734555704
0.015930200342
0.0151474303441
0.0166748172559
0.0176269978572
0.0177010041129
0.0182860757889
0.0187964777821
0.0192678057229
0.0193758230819
0.017885601451
0.0194195260743
0.0189368025752
0.0186967233968
0.0180979046183
0.0191583498876
0.0189794047492
0.0203550474369
0.0199878853374
0.0182985626787
0.0168474789478
0.0146001153784
0.0135204900266
0.011995541044
0.0101200683535
0.00976900364477
0.00889888496055
0.00764359121889
0.00652947589713
0.00589010173223
0.00506461105886
0.00404426985743
0.00624928165716
0.0059585273116
0.00403150626678
0.00556090459179
0.00599237632231
0.00738047947604
0.00856160411512
0.0111408357761
0.0125426080556
0.0134052177966
0.0144845020789
0.0153316857229
0.0152604871047
0.0156571645144
0.0146622698128
0.0160266360208
0.0171574958947
0.0147693418666
0.0138492918737
0.0139146138644
0.0145759746139
0.0131812832784
0.0124574865195
0.0119853999595
0.0116120303496
0.0119311048512
0.0
0.0122281661679
0.0117069997225
0.0102458750751
0.0108615427789
0.0111482710566
0.0108040533149
0.0090626345077
0.011651204153
0.0109600414471
0.010456873146
0.009577380952
0.00820401439997
0.00773787557118
0.0105140170842
0.00741054325611
0.00628164960127
0.00437740220815
0.00317074365909
0.00317382884409
0.00159664225179
0.000690095611241
0.000265833088477
0.000690336878761
0.000317554189988
0.00135509127051
0.0019056326009
0.00375162092236
0.00385253087591
0.00380885994538
0.00449005370923
0.00430361975266
0.00414609831287
0.00328633348627
0.00315168914485
0.0
6.95986447667e-05
0.00108204122558
0.000466369668149
-0.00136881604969
-0.00186094992214
-0.00206659707554
-0.00361500123542
-0.00425931653237
-0.0056269462483
-0.00580700462246
-0.00577245842875
-0.00703110252717
-0.00777222150113
-0.00936895430932
-0.01020070639
-0.0106645330899
-0.0110731164202
-0.0111205019513
-0.0127647265128
-0.0121825183828
-0.012403432591
-0.0125761846757
-0.0128097278715
-0.0127396766959
-0.0137437245347
-0.0125989324059
-0.0133758118063
-0.0157255834921
-0.0128313486606
-0.00887663373076
-0.00830311034691
-0.00488177089481
-0.00328368670258
-0.00168344080545
0.00108276914204
0.000727376732264
0.00424474096583
0.00614923586619
0.00680084683397
0.00879259000296
0.00949848040664
0.0101394358016
0.00965991775664
0.00841235799352
0.00858787045659
0.00830587267706
0.00792799675789
0.00799851586944
0.00550913461973
0.00606638704403
0.00468439598486
0.00297534326264
0.00461751336218
0.00338693505322
0.00200978948326
0.00382451631559
0.00340939816957
0.00266417069003
0.00206163900023
0.00177551376898
0.0
0.0
-0.000669448752829
-0.00148182271664
-0.00146731364661
-0.0015164127285
-0.00378732784015
-0.00380764217829
-0.00415358370367
-0.00355838937927
-0.00420620684341
-0.00277470541552
-0.00402810616319
-0.0035681892737
-0.0033115046632
-0.00241047992394
-0.000380685722104
0.00104130804835
0.00275958045921
0.000458713137982
0.00221825771787
0.00425769783786
0.00389819479627
0.00561573416974
0.00580595447791
0.0
0.012819641703
0.0109979077543
0.0136614621188
0.0183873479433
0.0217161376478
0.0177414673187
0.0208693604991
0.0
0.0169637991107
0.019669672048
0.0164130161686
0.0207172889249
0.0177942384417
0.018512627904
0.0147055655573
0.0
0.0
0.0115918598453
0.0105031041051
0.00827685463159
0.0125158994289
0.0120876728942
0.0122980767711
0.00926327665893
0.00649488153446
0.00327957786293
0.00682501178915
0.00836070261116
0.00633784038134
0.00599143422521
0.00589191872505
0.00497031488273
0.00566317503996
0.0
0.00396654091802
0.00478012137358
0.00805790401852
0.00768503796039
0.00835348348443
0.0107401286148
0.0114557135657
0.0127891325656
0.0129566398586
0.0132763612222
0.0132629585091
0.0164427667842
0.0152988390393
0.0160189668578
0.012786632222
0.0187225706869
0.0164668962557
0.0155819412132
0.0152866947078
0.0152937121908
0.015358617398
0.0148259750321
0.0144121856302
0.0145693284121
0.0142504722612
0.0101674469154
0.0138869017438
0.0134859663458
0.0145429650041
0.014285528504
0.0112255167281
0.0143056799475
0.0112781782113
0.0109706201934
0.0102133264373
0.0100615915109
0.0
0.00498506688176
0.00359542188203
0.0023611004667
0.00160301606508
-0.00408242698814
-0.00475017884507
-0.00623475461993
-0.00578139872323
-0.00571482525875
-0.00304194272025
-0.00213714533016
-0.00384559819525
-0.00223284118098
-0.00163238002831
0.000191544538115
0.000710821192387
0.00100500952381
0.00187012813016
0.00189790297932
0.00179334625146
0.000954241584153
0.000815595407092
-0.000199257195021
-0.00230671271159
-2.69557068917e-05
-0.00337535456528
-0.00287981166179
-0.0029486981426
-0.00310928282906
-0.00479573787182
-0.00611950853701
-0.00720846306625
-0.00680525538998
-0.00649995594987
-0.000549184827607
0.00253535929706
0.00372319768718
0.00204347786431
0.000563446373993
-0.00162198261696
-0.00262468657398
-0.00166039732984
-0.000729239147085
-0.00120601801526
-0.00167386143666
-0.00429737943689
-0.00537934202385
-0.00686692904888
-0.00358406538041
-0.00272971284062
-0.00364976541068
-0.00317161112173
-0.00235952615442
0.000437139774213
0.00085228535361
0.00305184193527
0.00392824107987
0.00463158528143
0.00609561104509
0.00735736789124
0.00769072042966
0.0089112711972
0.00829534915139
0.00895917246724
0.00932000134379
0.0
0.0100001663166
0.00746229595931
0.00562525538304
0.00828511321668
0.00522730555814
0.00781061260252
0.00574984071501
0.00484902101848
0.00508805749414
0.00646532232314
0.00582533066487
0.00453319280786
0.00290717457363
0.00430141453191
0.00465372550739
0.00370760106495
0.00291515383449
0.0
0.0
0.000587461277164
-0.000137855035551
0.000527953820719
0.000458904530808
0.000445002698786
-0.000545793767032
-0.00169965981822
-0.00280094561914
-0.0020573844555
-0.00226022197437
0.0
-0.000510325610826
-0.000314079284308
0.00115414270643
0.00507403176243
0.0053583777763
0.00832355804033
0.0106548713823
0.0139149911353
0.0149878655218
0.0165675416812
0.0188465973777
0.0198041749414
0.0215342798878
0.0218464020553
0.0228407656266
0.0232766137063
0.0208518932642
0.0220640282033
0.0217782117948
0.0212689235491
0.0195302308746
0.0172055844661
0.0174850777068
0.0147434607454
0.0155122320106
0.0161014132528
0.0158000828629
0.0142980903866
0.0129192509976
0.01181554121
0.0134928691924
0.0124829437909
0.0121259254255
0.0125876571123
0.0112515326124
0.0103605183219
0.00984437008907
0.00942178932832
0.00661776864381
0.00733234486853
0.00692958026843
0.00343914240865
0.0034824513346
0.00291343189576
0.00299629177848
0.00247687075669
0.00253491207534
0.00538930129164
0.00540933493868
0.00583695239326
0.0093636321662
0.00987942762141
0.0108634246584
0.0116762492891
0.0128645513184
0.0137400478584
0.0143719271968
0.0147223622699
0.0146872909077
0.0145722676498
0.0158901609233
0.0134574134188
0.0141479660617
0.0137864826637
0.0142919959109
0.0138304999558
0.0141442633353
0.012519487532
0.0160884518442
0.0157047437879
0.0150641159743
0.0137793998618
0.0118625553553
0.0108101065224
0.0104898397989
0.010712202269
0.00877141546306
0.00700695035299
0.00553783249661
0.00424836753409
0.0029055161532
0.00386758504272
0.00209941414328
-0.000818835902793
-0.0023888491463
-0.00612199209789
-0.00782028433226
-0.00993659643025
-0.0108850842424
-0.0105444903192
-0.0114731359313
-0.0119698412401
-0.00794768497056
-0.00737953764377
-0.00703669725997
0.0
-0.00568802015966
-0.00477699647596
-0.00449334504102
-0.00361287310309
-0.00380381750178
-0.00329815234047
-0.00423341185901
-0.00669373022842
-0.00385813127602
-0.00406248511358
-0.00377733984726
-0.00327782507807
-0.00614698741254
-0.00576092168703
-0.00733588020185
-0.00754156112669
-0.00793508934047
-0.00818239159048
-0.00924915085214
-0.00941659522405
-0.00916040679923
-0.00819279082502
-0.00914929209097
-0.00610346243753
-0.00738177438246
-0.00627870526005
-0.00454838769502
-0.00458612201167
-0.00402049944583
-0.00451274106805
-0.00394867649671
-0.00362048117905
-0.00381966213005
-0.00452290526102
-0.00391289650375
-0.00371482637393
-0.00619093513371
-0.00686558377583
-0.00655833437061
-0.00694946224437
-0.00671576848604
-0.00657834357462
-0.0059131711771
-0.00495699614809
-0.000322669512661
0.000802148151296
0.00134059512039
0.00263463265323
0.00394967178608
0.00506239092306
0.00544571229637
0.00580813802499
0.00712861151332
0.00690625166414
0.00683323257835
0.00538548742125
0.00515812528148
0.0039010746939
0.00379104306423
0.00536338239091
0.00385830388386
0.00295045196168
0.00231666448331
0.00210065196651
0.00316509424965
0.00238509238609
0.00192159957445
0.00249396049936
0.00175837404334
0.00120644892531
0.00184686387287
0.00140400488167
0.000789087972968
-0.000958611121857
-0.00142269237133
-0.00191858497412
-0.00259059324374
-0.00219768187625
-0.00255575617413
-0.00255681821351
-0.00231384454395
-0.00214367189649
0.00236874742406
0.00122671500204
0.0029454666428
0.00291023760214
0.00544572905232
0.00587990791072
0.00848295922369
0.0103859437954
0.0137028066323
0.0152691816018
0.0168456858825
0.0186191134798
0.0212892366574
0.0
0.0207737424819
0.0203817972709
0.0202819321196
0.0200246298323
0.0188547982529
0.0196443625264
0.018150816658
0.0173234588405
0.0166949754832
0.0165684050415
0.0158215855069
0.0150010417396
0.0141442474458
0.0127774095275
0.0121728812034
0.00957686736377
0.00939594466019
0.00974319496332
0.00914599920808
0.00645819625263
0.00621385367849
0.0055606228225
0.00457031493519
0.0059996167409
0.00310556343974
0.00338589084059
0.00431094957138
0.00310712237354
0.00277497871517
0.00268199253425
0.00146797143245
0.000854014637542
0.0010604681976
0.00108305006584
0.000950761624644
0.00240547496823
0.00433387045219
0.00495892975805
0.00636944037788
0.00465967388011
0.00749919298655
0.00861748651694
0.0103874549563
0.009989685683
0.0120858698911
0.0122540029232
0.0121694987827
0.0123358749319
0.0140901506306
0.0139580771886
0.0132799330932
0.0125038307656
0.0122862583623
0.0134209174677
0.0122317879668
0.0112622075884
0.0101028667245
0.00840926822581
0.00727196203775
0.00610166683704
0.00444452134383
0.00282925339403
0.00197838811954
-5.77623592113e-06
-0.000622110865263
-0.00197712242364
-0.00564223307491
-0.00693649598092
-0.00865030283637
-0.00984275688287
-0.0107278764379
-0.0110860492511
-0.0132252527248
-0.0144267501484
-0.0161896699448
-0.0169577533806
-0.0157540136466
-0.0159439200844
-0.0166671277381
-0.016196022497
-0.0163673612727
-0.0147262243112
-0.0142170354575
-0.0133070223517
-0.011902895341
-0.0108437565873
-0.0113731962695
-0.0108558450548
-0.010644055462
-0.00918114384748
-0.00763326831852
-0.00856754669653
-0.0080855313025
-0.0074203467834
-0.00763966407556
0.0
-0.00845383149868
-0.00822053813278
-0.00521911542168
-0.00540364685939
-0.00478328863404
-0.00459570772892
-0.0039184103351
-0.00350927127469
-0.00372716126481
-0.00264631041143
-0.00394263980478
-0.00274559840917
-0.00300441607217
-0.00219721760318
-0.00133883497808
-0.00295767627508
-0.00255041844816
-0.00275674301798
-0.00496693525251
-0.00463394713561
-0.00228449281
-0.00697137586248
-0.00338255618197
-0.00617308673951
-0.00804668950266
-0.00616829053266
-0.00857688097922
-0.00563555114065
-0.00463288133965
-0.0043898395233
-0.00373895057528
-0.00182947832629
0.000107541076927
0.00039282431617
0.00206041003846
0.00346704857441
0.00330109272945
0.00470499189383
0.00505574284981
0.00509712668913
0.00435227278852
0.00616545816704
0.00471400283589
0.00471038354999
0.00462121692511
0.00380231391496
0.00425386678244
0.00512931124511
0.00517529517233
0.00542580444664
0.00490661666028
0.00494344534363
0.00482647881941
0.00450649491033
0.00473386489367
0.00488983561821
0.00441934249782
0.00565246797915
0.00504219727447
0.00290376751538
0.00363164269537
0.0031474184988
0.00232700844003
0.00387795228557
0.00462687500257
0.00380053443658
0.00405186051203
0.00339060380098
0.0049509223448
0.00474698758878
0.00523858417627
0.00623038238307
0.00819931904508
0.00832512610649
0.00920980682099
0.0110283638816
0.0147290041512
0.0170069846214
0.017402642746
0.0181971532368
0.0194933124964
0.0198464080957
0.019153130776
0.0194732050323
0.0197433752226
0.0195976544031
0.020012212972
0.0193077020564
0.0188054230764
0.0175382584256
0.0176242872493
0.0146133795853
0.014685353049
0.0140155476972
0.0137795448198
0.0
0.0110984921392
0.0113266257696
0.010607703063
0.0109573031425
0.0102462098721
0.00742717548523
0.00683591100611
0.00543670355536
0.00470859778674
0.00710776375607
0.00643712284638
0.00509890652594
0.0
0.00396232651315
0.00306967018721
0.00270602235841
0.00178809134736
0.00103856314177
0.000899654516719
0.0014771904069
0.00169909059031
0.00148131652686
0.00157872661979
0.00348232817276
0.00475949281017
0.00888431037205
0.0
0.0150579533229
0.0143806546539
0.014180081313
0.0143658866064
0.0148907673574
0.014224528281
0.0142211276162
0.0126415291373
0.0125537183921
0.0131913993886
0.0117237683051
0.00932796990707
0.00701687587044
0.0062291331866
0.00485012048762
0.00319701868697
0.00183474759897
0.000512660743707
0.00039132611964
0.000239842281049
-0.00177123856221
-0.00317293443417
-0.00344034142366
-0.0044880448073
-0.00525487965099
-0.00586292660413
-0.00746393707194
-0.00876787725651
-0.00982962803984
-0.0108582789171
-0.0114361061117
-0.0131551727639
-0.0139046523977
-0.0169851617545
-0.0171753518059
-0.0187164767839
-0.018694098386
-0.0199657587166
-0.0204785116317
-0.0199518098104
-0.019747133341
-0.01837902014
-0.0179156006617
-0.0163197377382
-0.0140976428017
-0.010496058082
-0.00902877215471
-0.0100917479905
-0.00815499270233
-0.00610588514266
-0.00693530612665
-0.00637490130716
-0.00518689442721
-0.00565508060056
-0.00399845429735
-0.00309071018018
-0.00259632303659
-0.00259652848364
-0.00269645240181
-0.00234161277094
-0.000771776751827
-0.000544249267557
0.00106862963644
0.00108591123532
0.000911322904343
0.00195149605451
0.00241756074622
0.0034475796817
0.0
0.0
-0.000400768469302
-0.000760345310602
-0.000981922234434
-0.00229174950538
-0.00218285795997
-0.00335238699737
-0.00447013529021
-0.00333647045485
-0.00615053054375
-0.00588231107666
-0.00664297654818
-0.00810673014272
-0.00726254972415
-0.00736639507124
-0.0067477052079
-0.00473666218853
-0.00556155280798
-0.00444491480043
-0.00323940217991
-0.00288443097033
-0.000166174818245
0.00153443421504
0.00217350343692
0.00514848441837
0.00481726614995
0.0035600390906
0.0048171943908
0.00718907109674
0.0074677240334
0.00776704712011
0.0071658395182
0.00694084447546
0.00651100591985
0.00640245529969
0.00664615171511
0.00617147806939
0.0068779329861
0.00796994659615
0.00712787414778
0.00665404925119
0.00459168300499
0.00687919619133
0.00679757123402
0.00758485780785
0.00783767952693
0.00904575728621
0.00838301757151
0.0104854752278
0.0104792108202
0.00921681349378
0.00853449544697
0.0091637936463
0.00920798274987
0.00982591011765
0.00953795357412
0.00752452427827
0.00741104851066
0.00797698718775
0.0075423152669
0.00714619337154
0.00781074279367
0.0073614066926
0.0084169449806
0.00887082912072
0.0101677373741
0.0112654037195
0.0128422981116
0.0
0.0184879243115
0.0169515095552
0.0171112538886
0.0186158628575
0.0172458931342
0.0169050140693
0.0150932702988
0.0163130401377
0.0156622528634
0.015080060108
0.0149265847638
0.013260207042
0.0123417454255
0.0107113811439
0.0116978523963
0.0100803647482
0.0100680443337
0.0089211328377
0.00729692719382
0.00700746832074
0.00555351475068
0.00464893094161
0.00415870702143
0.00356023596548
0.00391509767061
0.00211790748104
0.0
-0.00177915458364
6.06712994409e-05
0.00104363391492
-0.000182506505973
-0.00193052060957
-0.00205427094607
-0.00287443368302
-0.00185986922752
-0.0010669089422
0.0
-0.000914317096094
-0.000247881607751
0.000714342115165
0.00301558145665
0.00292301835876
0.0
0.0
0.0
0.0
0.0
0.0
0.0
0.0
0.0
0.00473205064161
0.00254658546979
0.00205828241005
-0.0017418231045
-0.00135426596243
-0.0010541917135
-0.00142845955373
-0.0059394874264
0.0
0.0
-0.000516362766992
-0.00379451635732
-0.00605956785926
-0.00808171258231
-0.00938673361605
-0.010090522906
-0.0119446305932
-0.0135939196685
-0.0149519418408
-0.015453171625
-0.0141433424981
-0.0167186308397
-0.0173010152676
-0.0191650137593
-0.0208241355113
-0.021031385675
-0.0213887751054
-0.0209673548669
-0.0212303155076
-0.0212084226679
-0.0195821326942
-0.0180737168504
-0.017377038059
-0.0153814927441
-0.014505315393
-0.0125218322372
-0.0105764514725
-0.00957366429181
-0.00781438522158
-0.00434054411825
-0.00336165812872
-0.000594294455616
-9.61806282016e-05
0.000784499278758
0.00181115771588
0.00235277241627
0.00121950105622
0.00237116111153
0.00341138904973
0.00501824440619
0.00441470203713
0.00361800845184
0.00211215232923
0.00513274656707
0.00514758209393
0.0028881941501
0.0022848308763
0.00173383779927
0.000384193866034
-0.00177909888517
0.000462136872666
-0.0007194280636
-0.00135353476458
-0.00151891573003
-0.00133796991458
-0.00432164789871
-0.00467629746059
-0.00519287508583
-0.0055853329589
0.0
-0.00735057755124
0.0
-0.00405341911209
-0.0041763293996
-0.00595992073681
-0.00662274403371
-0.0061016839884
-0.00640605602784
-0.00357519468535
-0.00225373089523
-0.000933937896984
-0.000743254236688
0.000544686918919
0.00302334130001
0.00534690329496
0.0
0.0
0.0050030573236
0.00487949096486
0.00497031256356
0.00713071304146
0.00706267008756
0.00720409640985
0.00876354751091
0.00859391573151
0.00901376810757
0.00874672412481
0.00808175290582
0.00819936112623
0.00990465785918
0.00910177439636
0.00918115362662
0.0102794839432
0.0102850369846
0.0099231352344
0.0104358520666
0.0105811693052
0.0111472148743
0.0110968812404
0.00976437633499
0.0089523171117
0.00930298932618
0.00816033727656
0.0105893986925
0.0109953386916
0.00874721443342
0.00752414520474
0.00483775382905
0.00473520104348
0.0062328800646
0.00561977486735
0.00591758993321
0.00696162220429
0.00621236860851
0.00824986601942
0.00928387375542
0.01010223214
0.0118359702047
0.0125527911541
0.0123836535667
0.0127578648271
0.0127184476204
0.0131308301807
0.0154330849176
0.0118657035018
0.0111536264605
0.0113254034287
0.0105992541825
0.0126983890166
0.0117582580256
0.0109295533083
0.00847365360967
0.00740730244814
0.00644145345716
0.00665301453535
0.00603966079762
0.0055460753661
0.0064178592289
0.00469195122616
0.00479176577671
0.00310381676835
0.00365014522393
0.00249579133182
0.00258005894419
0.00105285067189
0.000869429896376
0.000346380976552
-0.000686937704684
-0.000819087276065
-0.00154757052189
-0.00224074038333
-0.00313093932578
-0.00187419481037
-0.0024919351891
-0.00206616072732
-0.00243929923
-0.00179845284373
0.0
0.0
-0.000126459462539
0.002502518044
0.000977784373722
0.000883916932827
0.000562008811645
0.00184257470849
0.00052897205667
0.00231765051825
0.00259543228076
0.00100271043046
-0.00189901082201
-0.00220170508677
-0.00226193354736
-0.00333523813301
-0.0042254182354
-0.00590316974684
-0.00540212425269
-0.00751627028462
-0.00851564032781
-0.0100662755647
-0.0103969315688
-0.0113144995019
-0.0114700161611
-0.0118312236762
-0.0128116335342
-0.0126442183184
-0.014276178092
-0.0144725478511
-0.0152751328744
-0.0156543836468
-0.0171035318897
-0.0169147035877
-0.0176190183302
-0.018294994012
-0.0176271687433
-0.0191779668279
-0.0210449094488
-0.0200225571231
-0.0203219709923
0.0
-0.0122035227875
-0.0147859337451
-0.0138082657304
-0.013735140158
-0.01113202562
-0.00920747932442
-0.00722936445429
-0.00444263193186
-0.00472778700742
-0.00219330268563
-0.000813667876178
0.00178481702584
0.00208234655491
0.00341992301807
0.00713231237301
0.00391398996203
0.00746986182399
0.00736234515956
0.00775671015513
0.0
0.00605453925034
0.00440110959653
0.00396154179649
0.00344784800915
0.00235670568569
0.00240444646259
0.00166760577486
0.0019044455259
0.00119812120504
0.000927518939844
0.000898609229733
-8.46625601129e-05
-0.000552443902819
-0.00109656314854
-0.000943900238355
-0.00237960087786
-0.00179056199786
-0.00298770281195
-0.00335590515266
-0.00517571418715
-0.00585783176086
-0.0065612227461
-0.00840543899648
-0.00793637849811
-0.00734064598802
-0.00650547368484
-0.00618424175532
-0.00531160657796
-0.00368082858725
-0.00266350197909
-0.00177651432348
-0.000664114622737
0.00208418919002
0.00354518702112
0.0
0.00593968284036
0.00660573763241
0.00687927358656
0.00851378430147
0.0084164686249
0.0091131680149
0.00999747438688
0.0109351128499
0.0124452682892
0.0116978305058
0.0118244580765
0.0126270958339
0.012474738769
0.0120765325706
0.0131623180087
0.0153320280427
0.0149876435296
0.0140011289324
0.013174235305
0.0131033925626
0.0120910044259
0.0116127723118
0.0127629366705
0.0117653490669
0.00972208720433
0.014031762125
0.0117374275707
0.00780268219834
0.00679420279718
0.00580578064119
0.00619214422986
0.00459040412752
0.00365140769434
0.00349687285596
0.00417772401928
0.00457308110649
0.00400889127459
0.00342705512861
0.00435425013089
0.0065027082645
0.0067499604938
0.0075448421918
0.0087911184346
0.00885501675627
0.00929439994667
0.0104245517922
0.00950153290611
0.0101007672289
0.0101537459793
0.0103058878775
0.0103979809679
0.00715068428088
0.0108018753929
0.00664812346438
0.0101712625664
0.00607275148273
0.00842571347974
0.0052644377582
0.0049986006474
0.00469186022492
0.00378305328749
0.0057722940869
0.00297564905517
0.00289645000647
0.00311349390967
0.00251840390568
0.00267161324931
0.00198871874888
0.00121087809925
0.000478355711595
0.00144511009783
0.00049479002715
-0.00184554168508
-0.000514539742197
-0.00183726666713
-0.00256337509633
-0.00362758087212
-0.00371731088193
-0.00492603507094
-0.00423357192744
-0.00557368248017
-0.00424282921004
-0.00541662852215
-0.00556935139247
-0.00491473132033
-0.00531186662992
-0.00422052716346
-0.00429384807047
-0.00481540690086
-0.00422639858886
-0.00324176739046
-0.00445376965129
-0.00253248668103
-0.00273588160561
-0.00105500468664
0.0
-0.0043489831797
-0.00561945223981
-0.00693502141972
-0.00765059136556
-0.00869826681407
-0.0086082744081
-0.0102770138941
-0.0112798418926
-0.0113701505509
-0.0122497677295
-0.0130085580337
-0.0136205811226
-0.0134394267404
-0.0144147897466
-0.0137921013027
-0.0141979424043
-0.0144949982157
-0.0162446852444
-0.015773239292
-0.0166332901297
-0.0169705383439
-0.017360943412
-0.0193052484873
-0.0168877060822
-0.0161061916134
-0.0158891323112
-0.0171442561206
-0.0151889600634
-0.0126842152086
-0.00600879363369
-0.00471230283212
-0.00340687803275
-0.00190089799247
0.000518134671353
0.00217806561712
0.00562275043088
0.00729428594135
0.00855836913018
0.0110514030505
0.0108313530373
0.0129223095758
0.0122671847474
0.0129616415732
0.0126430207644
0.0128472564729
0.0116929905824
0.0115684538246
0.0111930605943
0.0118390346104
0.0115241658702
0.0103563235235
0.00870618353413
0.00878697395285
0.00754463645004
0.00694205063632
0.00637871623517
0.00712060442839
0.00728946999284
0.00718200571347
0.0062725010974
0.00494458414376
0.0048014122981
0.00505076767906
0.00521091149931
0.00473627365431
0.00202154483932
0.00205498162801
0.000490596981253
-0.000582395698382
-5.73315577107e-05
-1.5284359722e-05
-0.000250141402548
0.000921603683728
3.67988512431e-05
0.000412938550161
0.000348806846199
0.00109669947402
0.00252876708754
0.00546381983862
0.00584436541548
0.00750015263941
0.0100072371225
0.0126507696165
0.0134801208753
0.014570097287
0.0154853275326
0.0170676847399
0.0187553026567
0.0192382497012
0.0195880176913
0.0200672958199
0.0202384784362
0.0215355229846
0.0234547393912
0.0243217920881
0.0
0.0215938524252
0.0225901204699
0.0196706960373
0.0200425861438
0.0215731849139
0.0208855395985
0.0195732063557
0.0190645606111
0.0176803515472
0.0171690212721
0.0167479561378
0.0159652527964
0.0151094890353
0.0142903913135
0.0118696567086
0.0127219793658
0.011815374453
0.0112015108875
0.00986075834129
0.00938194640515
0.00817870027439
0.00888296961081
0.00852459507243
0.00876346175511
0.00972286283674
0.00995952025311
0.0107618231535
0.0103592142505
0.0117596994477
0.0145447430621
0.0134151048137
0.0163455480134
0.0171807627112
0.0170007460225
0.0168215520278
0.0175051677527
0.0166329933818
0.0158358243491
0.0166491608171
0.015759882335
0.0155078540873
0.0137233850852
0.0136212257342
0.0128763871568
0.011802898059
0.0120491929103
0.0116655151237
0.0102646563838
0.0129831858221
0.0128119157325
0.0118269410546
0.0112805084507
0.0106350249623
0.0106443724185
0.00969991693296
0.00883508948227
0.00762303530765
0.00712901201354
0.00544151858068
0.00385406151051
0.00458787942011
0.00265567734237
0.0015698540824
0.000477791519996
-0.00151499392189
-0.00301014655057
-0.00450797871755
-0.00520916990401
-0.00551080031153
-0.005951938526
-0.00557541990351
-0.00679217342013
-0.00327769829113
-0.00270453634471
-0.00273130764193
-0.00207455097327
-0.00193564602891
-0.00190546169032
-0.00133185496767
-0.000735477676986
-0.00128619300985
-0.00132823716717
-0.00137764495863
-0.00223449837605
-0.00338466044036
-0.00191760411386
-0.00232436018971
-0.00299753780469
-0.00361093483281
-0.00383525089972
-0.00535507609768
-0.00546805049131
-0.00502765134093
-0.00670746587532
-0.00616475471627
0.0
-0.00853860686754
-0.00811993599961
-0.00686342738305
-0.00620936346698
-0.00655433322072
-0.00655840148031
-0.00675849131344
-0.00594749840925
-0.00579503766313
-0.00209962133985
-0.00267667772618
-0.00504209565019
-0.00193596127592
-0.00263300492905
-0.00106948947562
-0.00105561929285
-9.32585563345e-05
0.000695674515648
0.00244884789985
0.00397128038121
0.00612966188617
0.00772495644979
0.00792648680952
0.0100570369451
0.0142040912821
0.0144393966569
0.0143683084446
0.0146931832015
0.0145519608116
0.0137555651577
0.0144780010575
0.0132938334025
0.0134018587406
0.0125376284991
0.0129878662455
0.0119622156133
0.0132915034073
0.0129346962551
0.0120865579573
0.0107463240432
0.0101666044599
0.00889430361715
0.00888519819614
0.00743704028827
0.0072581323484
0.00918827636051
0.00617156347102
0.00300272551739
0.00687054826052
0.00687202006572
0.00553298511221
0.00438186266734
0.00390787767498
0.00300326492476
0.0025321828457
0.00104822412484
0.00182573149691
0.00239617775128
0.00019830493913
0.00104523594915
0.0
0.0
0.0
-0.00218526248664
0.00603713949174
0.00467720795884
0.00783417455073
0.0142613314061
0.0
0.0161611383025
0.0193378533512
0.0174772666449
0.0
0.0
0.0201424083656
0.0236355704803
0.0235803144606
0.0245757762028
0.0241588249556
0.0214527427933
0.0
0.0
0.0225714135728
0.0244371813208
0.0235715625396
0.0205568824068
0.0
0.0
0.0
0.0154136769037
0.0
0.0
0.0
0.0
0.0
0.0
0.00296429778588
0.00657827144208
0.00567122871388
0.00515062725704
0.00233729701738
0.00205626741053
0.00379684726808
-0.000356995545709
0.0
0.00283466276003
0.00390417877725
0.00588520476427
0.00462025629714
0.00491520472148
0.00799021590743
0.00564676370391
0.00883759000077
0.00999992309998
0.0106313356123
0.0114236688625
0.0104577389766
0.0117012563377
0.012890050039
0.0114780339831
0.0128184326246
0.0108092913463
0.00689068622239
0.0069208923338
0.00900754366378
0.0110991158477
0.010605565484
0.0101131163201
0.0110605857893
0.00966964122049
0.00767110554594
0.0
0.00796721315277
0.00988094652
0.00847495919738
0.00664820840269
0.00647358605377
0.00505054012345
0.00351604230676
0.00216985387144
8.11236669513e-05
-0.000638583713001
-0.00166606795496
-0.00421874650732
-0.00424586114298
-0.00575141467795
-0.00682062523614
-0.00903067878146
-0.0107814936033
-0.0112113064551
-0.0119462896449
-0.0128049622489
-0.0115255288085
-0.0109549690016
-0.00740288821868
-0.00700320547727
-0.0069036998167
-0.00763125107852
-0.00802540647831
-0.00744641227314
-0.00695638780237
-0.00744757310389
-0.00747510321486
-0.00631095308929
-0.00536983425541
-0.00744730590144
-0.00667362457562
-0.00805954108846
-0.00590654001777
-0.00655903803186
-0.00718995782245
-0.0077753641929
-0.00794704270896
-0.00843144046095
-0.00829559702355
-0.00701432646309
-0.00867394389536
-0.00716920813687
-0.00674981460665
-0.00841927609835
-0.00538089617534
-0.00468011033449
-0.00510025238006
-0.00383905679356
-0.00322973256926
-0.00213493718756
-0.00303878754841
-0.0025298245388
-0.00204829608978
-4.76052308573e-06
-0.001534469604
0.0
-0.00254417861808
-0.000376035204265
0.00154895499418
0.00292261063363
0.00366193178903
0.00478395538931
0.0042966441502
0.00471947245624
0.00487073001138
0.00462603280759
0.00671596112944
0.00684196020895
0.00998956238043
0.00905126953143
0.0100699836104
0.0102136242862
0.0100228458986
0.0105684185903
0.00977204515111
0.00948452475297
0.00768111299311
0.00902252254877
0.00762443466777
0.00736352849909
0.00804679611891
0.00865424375998
0.00617764594907
0.00549908474664
0.00576382120317
0.00529633775695
0.00358842295757
0.00258123982607
0.00381417637709
0.00290728921446
0.00386787423739
0.00177474182452
0.00302770520918
0.00191129873811
0.00198829313588
8.17046901636e-05
0.00132808716194
0.000387505464357
-0.000199883982075
-0.000841016152099
-0.00102361744624
0.00177189871704
0.00405683242293
0.000346909054863
0.0049713319599
0.00493860614205
0.00583713849881
0.00722754529433
0.00841482564655
0.0110625036151
0.0124299440045
0.0143597285684
0.0153716629583
0.017145051246
0.0190925469828
0.0187499084099
0.0210026427705
0.0209669241609
0.0218623563248
0.0212528320758
0.0215839340664
0.0216031578671
0.0193954371869
0.0202448300031
0.020564241627
0.0171331650415
0.0158985232776
0.0139527079763
0.0144452866141
0.0132631854986
0.0135373714162
0.0141175673058
0.0123849904025
0.0119074861648
0.0111150634975
0.0104447586495
0.0116458908288
0.0103137081823
0.00832924376462
0.0076419137078
0.0065432709433
0.00525807702421
0.00438459251356
0.00221777194832
0.00076677263064
0.00106044379882
0.00482918731699
0.0003905297397
-0.00117737397792
-0.00257460218988
-0.000584458060248
0.0
-0.00086200559607
0.00156604944873
0.00141963704295
0.00206803784282
0.00229459703207
0.00398143867805
0.00458279675772
0.00438984094026
0.00489990900446
0.00623029647214
0.00653080995388
0.00510444346235
0.0108562690879
0.00828875436252
0.00828156981995
0.00748855375557
0.00715706457438
0.00672579792238
0.00447563016826
0.00382601886912
0.00252602232154
0.0014638409585
0.00168966277981
-0.000390918980235
-0.000112880335776
-0.000730675500876
-0.00313395109878
-0.00395002291455
-0.00494551373918
-0.00708281058535
-0.00854858697153
-0.0101591860056
-0.00992675398909
-0.0114731466888
-0.0154210671248
0.0
-0.0174448459037
-0.0176384844036
-0.0188741160585
-0.0176320657538
-0.0182674916536
-0.0194290019923
-0.0196814961004
-0.0200633698824
-0.0194887615917
-0.0197647057468
-0.0185147418774
-0.0196457207251
-0.0173722026867
-0.017922793731
-0.013631867715
-0.0129138960107
-0.0124075779691
-0.0138965996769
-0.0126114294828
-0.0129591498876
-0.0127547733154
-0.0131375252883
-0.0120427434447
-0.0145962281812
-0.012671110318
-0.00862112289515
-0.00953024003714
-0.00951172898782
-0.0105339360783
-0.0101032692423
-0.0101729143702
-0.00895055423203
-0.00893622367096
-0.00873366633536
-0.008072938802
-0.00860925152852
-0.00587308877943
-0.0031194195332
-0.00292110581947
-0.000440624502218
-0.00153595678471
0.0
-0.0032413676371
-0.00451115614918
-0.003733015084
-0.00323352915189
-0.00274360544882
-0.00757801925371
-0.00458752156435
-0.00381456481086
-0.0053148305882
-0.00542176033671
-0.00589621888025
-0.00541259460992
-0.00451899076212
-0.00452240902523
-0.0025589220202
-0.0058550916678
-0.00320145021299
0.0
-0.00150957404847
-0.000273974354441
0.00085514617964
0.00138560894732
0.00240057844702
0.00171018303142
0.00161302462674
0.000250262643429
0.0
0.000164678604143
-0.000365305208232
-0.00175308107168
-0.000364474169403
-0.000795207058193
-0.00129630384454
-0.000725031242052
-0.00284115162066
-0.00317737778561
-0.0031789306805
-0.0033804298266
-0.00360790212552
-0.00347599813268
-0.000950735184619
0.0
-0.00187245966341
-0.00156245463404
-0.000841033923544
-0.0018238856939
-0.0026680654169
-0.000580793415951
-0.000397321451695
-0.000203443229061
-0.000894889441892
8.60938061562e-05
0.0017136969198
0.0
0.00350680846211
0.0063018158826
0.00732880132196
0.0081411836401
0.010009629531
0.00957916271559
0.0105110777365
0.0116532645322
0.0121727312554
0.0124704363618
0.0141567365871
0.0108745715748
0.0126901226618
0.0143853090966
0.0139672022253
0.0123446259866
0.0114948180395
0.0110508686736
0.0100762539467
0.00889732078871
0.00879994582991
0.00888446879298
0.00818952005016
0.00380976769458
0.00579466338716
0.00355964136393
0.00461961098833
0.00350441141552
0.00248040387332
-2.62022644312e-05
0.000268276400701
-0.00119139463048
-0.00233037618602
-0.00302148873123
-0.00413420581897
-0.00667755889276
-0.00490165857137
-0.00639075523097
-0.00800260585326
-0.00919551055477
-0.0100367261424
-0.00899383268107
-0.0106421406303
-0.011504523311
-0.0126025291876
-0.0123566398889
-0.0113024527301
-0.0150423415123
-0.0105116630947
-0.0105660771691
-0.008090266244
-0.00835528370956
-0.00597651157086
-0.00473422679721
-0.00263222345523
-0.00451354483926
-0.00259883479706
-0.00269973638458
-0.000394441455118
0.0
-0.00272045981719
-0.00152217614379
-0.00255196961605
-0.00272081392307
-0.0054592971958
-0.00551506653485
-0.00675209360748
-0.00730200283493
-0.00703336961752
-0.00820820254346
-0.00989318975459
-0.0143635639315
-0.0133304231847
-0.0146701749018
-0.0159848497445
-0.0168257966519
0.0
-0.0182052435501
-0.0193941273003
-0.018800163654
-0.0205103142948
-0.0228639793533
-0.0238913526467
-0.0249520211308
-0.0247830041924
-0.0258864188549
-0.0265039299443
-0.0271599509903
-0.0249967313579
-0.024482326711
-0.0264125372638
-0.0264636137247
-0.0250147285793
-0.0247428068204
-0.0238758807397
-0.0261586476046
-0.020093549068
-0.020717461507
-0.0180884019459
-0.0166111506651
-0.0168462274079
-0.0158943423466
-0.0148533956519
-0.0146355738522
-0.0136125965496
-0.0135105499915
-0.011425197118
-0.0143621755801
-0.0106309391039
-0.0110611126476
-0.0114870429648
-0.00831479871316
-0.00874190257789
-0.00918704627409
-0.00866685521256
-0.00855634925548
-0.00787451723968
-0.00774579598473
-0.00721802647239
-0.00855682273984
-0.00609147977012
-0.00546441566557
-0.00511282970253
-0.00578414154618
-0.00631606758476
-0.00799984155379
-0.00816978034222
-0.00838381310107
-0.00882959382676
-0.00963219263724
-0.01391419614
-0.0130787103205
-0.0104735791096
-0.0118186027949
-0.0107953881247
-0.0123544456566
-0.0126859471846
-0.0108917071952
-0.00931332256876
-0.0111547284436
-0.00948521057278
-0.0061796341814
-0.0057342963201
-0.010452087847
-0.00581620356374
-0.00686552938814
-0.00434242243104
-0.00275465020642
-0.00211170498486
-0.00259281082114
-0.00294000790048
-0.00145049209852
-0.00149476102121
-0.00315239152743
-6.04379247989e-05
0.0
0.000764297445147
0.00184519348858
-0.000593001299455
-0.00112001563546
-0.00309403213745
-0.000252103072091
-0.00201425926288
0.000154970861854
-0.0017458319261
-0.00338163738584
-0.00295707944331
-0.00636507991008
-0.00288420810702
-0.0044564475884
-0.00214356882729
-0.00171268518605
-0.00186607949055
0.000348991332574
0.00306760053621
0.000984371161797
0.000182766955444
-0.00102095532075
0.000369880846051
0.00064138152086
0.00140212716943
0.00156107960407
0.00106793954095
0.000411628725263
0.00135312285197
0.00179206743051
0.00349153951757
0.00448896019967
0.0058469006068
0.00363220625201
0.00308052451465
0.00564050792278
0.00449563564364
0.00494332790583
0.00498910151212
0.00564813584898
0.00680011952835
0.00445293424584
0.00405855906177
0.00288756401306
0.00255428063741
0.0006753497562
0.000758875537151
-0.00286318852701
-0.00127244894012
-0.00189834519493
-0.00459242118133
-0.00365322092765
-0.00577717318119
-0.0061179104701
-0.00850984354078
-0.00943116844229
-0.00899231815727
-0.00934721532489
-0.0106536018956
-0.0124720873293
-0.0122721753581
-0.013044057177
-0.0136838604471
-0.0156270147585
-0.0161773708257
-0.0175163891359
-0.0158518913326
-0.0160929705152
-0.0169151747916
-0.0172959024701
-0.0168077943573
0.0
0.0
0.0
0.0
0.0
-0.00728873792028
-0.00719245457063
-0.00770122223814
-0.00770923513334
-0.00848009440894
-0.00819863675246
-0.00959945036915
-0.00993948495574
-0.00825607644761
-0.010534108349
-0.0106070457759
-0.013177721642
-0.0150721339327
-0.0160586904647
-0.0173785047937
-0.0174025640607
-0.0187518744508
-0.0230731443855
-0.023792350953
0.0
-0.0252697089495
-0.0261195217015
-0.0248574086464
-0.0244495861753
-0.0258247815212
-0.027882650517
-0.0296531343315
-0.0304905729718
-0.030322228046
-0.0318306970032
-0.0313883949494
0.0
-0.0313249598343
-0.0340443830137
-0.0329386905086
0.0
0.0
-0.0301558745434
-0.0330445884794
-0.0323798776583
-0.0287429950308
-0.0298780285001
-0.0271483626168
-0.0252893959568
-0.0222160849454
-0.0217005808241
-0.0194413459958
-0.0175633834654
-0.0168190167503
-0.0159576157784
-0.0137504505574
-0.0117014462333
-0.0109007887207
-0.00962248715083
-0.00961179345978
-0.00961718509553
-0.00675567188096
-0.00449214220859
0.0
-0.00393141970509
-0.00486872108679
-0.00494855655608
-0.00522161728252
-0.00487551513944
-0.00449504453907
-0.00503174262681
-0.00298055421581
-0.00431581035959
-0.00530801671881
-0.00461971822625
-0.0065133397764
-0.00631766150048
-0.00731046540391
-0.00887345016174
-0.0116112293346
-0.0114243652514
-0.0107397667227
-0.0124504033444
-0.0134609682269
-0.0147382431584
-0.0129015820795
-0.0140627035849
-0.0137895848553
-0.0135970856394
-0.0134347170274
-0.0126214459181
-0.0102257095309
-0.0101718242437
-0.0092499510733
-0.00895254358068
-0.00841710990525
-0.00824147481465
-0.00614603663315
-0.00279655857006
-0.00292051887943
-0.00178317313085
-0.00254067083454
-0.00268204060777
-0.00383551257843
-0.00385239050649
-0.00287735340423
-0.00244498672639
-0.00608112861495
-0.00649236710375
-0.00136984954227
-0.00132677701673
-0.00248143781142
-0.00324972625516
-0.0026384572224
-0.0022853528835
0.000344745410281
0.000984944463983
-0.00277065854347
-0.00135276489913
0.0022237211924
0.0
0.0014250121798
0.00199026681556
0.00134663018649
0.000646653384645
0.00166022450212
0.000636102878121
0.000225702831172
0.00119768903375
-4.74612908999e-05
0.000240616728778
-0.00182399792462
-0.000436511806761
-0.00126981547541
-0.000807888034927
-0.00130727000337
-0.000208444111807
0.000189905639815
0.000825020057177
0.00186824432159
0.00222844845636
0.0
0.00327944942879
0.00402218795938
-0.00023837184502
0.00333439423617
0.00424369087177
0.00237177810681
0.000475613002071
-0.000436099113881
-0.0004111204084
-0.00176332846622
-0.00146583577926
-0.00372868136914
-0.00524550932633
-0.00585007115262
-0.00646717218869
-0.00647934372464
-0.00842198703087
-0.00684151176249
-0.00866613043131
-0.00992309489141
-0.0109136348988
-0.0123813759847
-0.0108315523425
-0.0124398201036
-0.0143111915064
-0.0148259698965
-0.0172632031614
-0.0141830633254
-0.0157691025699
-0.0165048063247
-0.018094492827
-0.0179288290618
-0.0188128929417
-0.018932430577
-0.0194454601608
-0.0213329070109
-0.0167748728403
-0.0184740444529
-0.0194448148607
-0.0151831624663
-0.0147525103681
-0.0133011251154
-0.0142081763741
-0.0150182049947
-0.0171702906109
-0.0137674129339
-0.0130362469905
-0.0148791458906
-0.0125442108916
-0.0146679762906
-0.0174876054589
-0.0162470484141
-0.017281312365
-0.0177924440023
-0.0179625016873
-0.0195904836614
-0.0197638778463
-0.0212760502601
-0.0216634671914
-0.0232527199158
-0.023199614091
-0.0235429198416
-0.0285169316956
-0.0255851521398
-0.0254609775208
-0.0252340132557
-0.0282204430818
-0.0307897740347
-0.0291446467655
-0.0280916596849
-0.0297826111845
-0.0295269715148
-0.0302554998936
-0.0254907045761
0.0
-0.0263370523071
-0.0288619528193
-0.032286823221
-0.0296740502824
-0.0293041798936
-0.0282019930136
-0.0267567110299
-0.0259855370952
-0.0247074669302
-0.0230331854611
-0.022357373327
-0.0233156519593
-0.0161224367629
-0.0142755808607
-0.0125449654193
-0.0119046875927
-0.0114438696524
-0.00999980665428
-0.00672625764804
-0.00633024730095
-0.00592175016814
-0.00587073341245
-0.00513688331691
-0.00638982642305
-0.00212608731125
-0.0028035356038
-0.00305478611496
-0.00414271664617
-0.00357527727346
-0.000275109867971
-0.0017956547936
-0.00545884892062
-0.00551084466631
-0.00651519433265
-0.00758613919683
-0.00971962618463
-0.00669926499131
-0.00879122245799
-0.0078833226203
-0.0105803049094
-0.0122071662925
-0.0111422314526
-0.0120134739315
-0.012924995459
-0.0147163953506
-0.0151591455166
-0.0158019516021
-0.0174557539955
-0.0159755231016
-0.0158083439791
-0.0152118944851
-0.0155074877768
-0.0156079267437
-0.0148964887842
-0.0137985349706
-0.0114444541596
-0.0103888671727
-0.00940925876348
-0.0082281968441
-0.00778128677264
-0.0048925036011
-0.00497175298931
-0.00409024455581
-0.00297346264117
-0.0026474135896
-0.00381945931726
-0.000301717788614
-0.0012445422749
-0.00152819051624
-0.000140096179473
-0.000300397336588
0.000284310417416
0.00120751578091
0.00252514700722
0.00291590529636
0.0034863150709
0.00492633817567
0.00359712648147
0.00630506987638
0.00618415873823
0.00600295481363
0.00475568914164
0.00539744016025
0.00179599210121
0.00718704727585
0.00728452883877
0.00410157262145
0.00332019678191
0.00170781036136
0.000719351088848
0.000329709210605
-0.00220679303924
-0.0014163572229
-0.00273110815339
-0.00341860835958
0.0
-0.00260610792043
-0.0034038135536
-0.00397526096739
-0.00394680691277
-0.00255343902662
-0.00164543096981
-0.000708855821313
-0.000146531818988
-0.00134875451249
8.80229523723e-05
-0.00083763228077
-0.00237902829307
-0.00308732300715
-0.00378073626994
-0.00234255980978
-0.00271511710174
-0.00380314632205
-0.00554300953838
-0.00607647793985
-0.00428593426737
-0.00586687073919
-0.00798064110549
-0.0098663795359
-0.0117244586801
-0.0105098670436
-0.0107937310013
-0.0124716552746
-0.0127399523812
-0.0138229842067
-0.01485887887
-0.0156968348188
-0.0160149928686
-0.0114526785339
-0.0139201287673
-0.0153559808745
-0.0193107075226
-0.0152156634177
-0.016674553558
-0.0164469500018
-0.0185934719967
-0.0188255347316
-0.0191587756234
-0.0202914385286
-0.0210052121954
-0.0217770573852
-0.0203246287443
-0.019759534554
-0.0200303429525
-0.0176306993531
-0.0173286939115
-0.0189765008751
-0.0196236243367
-0.0190716194759
-0.0179418762072
-0.0169606348393
-0.0179618384259
-0.0185478762636
-0.0191622592306
-0.020463517688
-0.018986305487
0.0
-0.0201781245542
-0.0214320737747
-0.0234346150414
-0.0237901159342
-0.0238482159811
-0.0248796816279
-0.0256082985905
-0.0261361948184
-0.0246694583482
-0.0217831801694
-0.0267577486688
-0.0248628943647
-0.0248659842256
-0.0261210145915
-0.0260600594015
-0.0264287418203
-0.0277992021374
-0.0282816069895
-0.0286341732639
-0.0283216623487
-0.0271893862411
-0.0282049989101
-0.0301201568033
-0.0282473418699
-0.0270623747141
-0.0255452972206
-0.0266592642877
-0.023587287801
-0.0241673021718
-0.0223462644686
-0.0207886593341
-0.0184223488727
-0.0165965819036
-0.0141791164183
0.0
-0.0106201730472
-0.00858985593669
-0.00684050088683
-0.00509300730389
-0.005146888988
-0.00565911268165
-0.00204116070962
-0.00267656961325
-0.0032162634255
-0.00247710470056
-0.00350161754398
-0.00752024803424
-0.0031316638881
-0.00351976493152
-0.00395150532288
-0.00493835817709
-0.00676007243033
-0.00696560790971
-0.00844220162061
-0.00933094206728
-0.00941990302233
-0.00861796068926
-0.00757239235713
-0.0113876122702
-0.0115067762281
-0.0111809364232
-0.0107519532666
0.0
-0.0133308650289
-0.0137327531013
-0.0139952337227
-0.013712538752
-0.0145194915664
-0.0157899857213
-0.0160052839594
0.0
-0.0126267942334
-0.0133370530554
-0.0125237637103
-0.0116431066304
-0.0115970841629
-0.00981758440418
-0.00954571959027
-0.00838106372528
-0.00783967271212
-0.00591078664269
-0.00150021785302
-0.00272040900511
-0.00163352778436
-0.000296475819921
-0.000360980505987
0.00335541062696
0.00399584054304
0.00401938482616
0.00373864344432
0.00453234411725
0.00470709867784
0.0054783298978
0.00620769858177
0.00264187915977
0.00531240126066
0.00694481308566
0.00747366646671
0.00697768258968
0.00614977937046
0.00680056603697
0.00680240594631
0.00533475428225
0.00506163433243
0.00625971086261
0.00490804774851
-4.49968885133e-05
0.00288371620312
0.00088788086325
0.000508473665697
0.000161016887705
-0.000310505510902
-0.00250995321974
-0.00324123598856
-0.00543773483326
-0.00650305057193
-0.00666640256029
-0.00809059863631
-0.00553142454857
-0.00676287799971
-0.00383155897512
0.0
0.0
-0.00169110990198
-0.00280855976295
-0.00494120992331
-0.00408165697332
-0.00414886728449
-0.00384914261057
-0.00640248617132
0.0
-0.00395061474258
-0.00583814056322
-0.00778781646761
-0.00653593947817
-0.00905575526953
-0.00848114842995
-0.00916609819615
-0.0103519377137
-0.0117193215819
-0.0111787721996
-0.0123652234518
-0.0137385815573
-0.0115243994029
-0.0121476258037
-0.0117781456342
-0.0122648317715
-0.01488942452
-0.01373489502
-0.0123338843033
-0.0136771881199
-0.0136608936577
-0.0143619282448
-0.0154442382412
-0.0186441328206
-0.0169170947583
-0.0185841343688
-0.0209398687648
-0.0185837796306
-0.0190997118827
-0.0204463971762
-0.0209215459946
-0.022386723221
-0.0219048165708
-0.0214942444129
-0.021935532152
-0.0241072207545
-0.0197980066074
-0.0200504771017
-0.0196788472786
-0.0188534610953
-0.0186790758616
-0.0189825757724
-0.019170522769
-0.0201921068936
-0.0199260237582
-0.0210380904391
-0.019794686198
-0.0202424410288
-0.0193302009006
-0.0193732368783
-0.0200999797528
-0.0208542834474
-0.0219562051223
-0.0227473905978
-0.0219891840717
-0.0217281767993
-0.0201288238677
-0.0197551157508
-0.0198904991299
-0.0225991732282
-0.0203419934635
-0.0203661165666
-0.0208512665403
-0.0206249816643
-0.0197158746768
-0.0202748486504
-0.0200538874654
-0.0198425600862
-0.020050365371
-0.0195368624217
-0.0192256917915
-0.022400286175
-0.0199975636835
-0.0181123910182
-0.0182661707345
-0.017482178445
-0.0165638278534
-0.0135941283489
-0.012934423756
-0.0109948480285
-0.0118463890311
-0.00821420649641
-0.00602523292612
-0.00970620552904
-0.0019491057917
-0.00220582840717
-0.00138134642899
-0.00224313518691
-0.000642953409141
-0.000417154481528
1.53435316539e-05
-0.000729367581393
-0.000750370731865
-0.001231385245
-0.00136402378909
0.0
-0.00187793651029
-0.00294715771407
-0.00396169054922
-0.00450341177373
-0.00543310633549
-0.00556084535843
-0.00658593175769
-0.00792046616032
-0.00681601682773
-0.00625563522166
-0.00790630383249
0.0
-0.0069530930048
-0.0072817542211
-0.00847618116481
-0.00829336183154
-0.00932782697757
-0.010288710872
-0.0116519143408
-0.0104233920115
-0.00913163379797
-0.0104176270871
-0.0112242040368
-0.0128263788169
-0.0111459696603
-0.00738616200846
-0.00712593460607
-0.00703243336024
-0.00594223974723
-0.00467396949398
-0.00355743763719
-0.00277974867836
-0.000248111334554
-0.000120504311576
0.00214272685825
0.00379659991021
0.00665735385318
0.00722443532321
0.00894914014153
0.0089147408748
0.00884555632048
0.00990916696457
0.00871939870324
0.00987229072394
0.00905958129366
0.00836859949456
0.0101802633597
0.00900260203037
0.0112260627394
0.0102108533424
0.0
0.0132911516981
0.00830710780056
0.00955032171779
0.00747570588087
0.0084765047741
0.00604912039029
0.00592985447426
0.00599318855379
0.00240029886433
0.000870689554388
8.62249201261e-06
-0.000450192341626
-0.00209799636288
-0.00410624873748
-0.00404720285683
-0.00728675199928
-0.00772195556834
-0.00915170331722
-0.00959274270677
-0.0106614418132
-0.0113008147295
-0.0116977806059
-0.00792337151094
-0.00792409976796
-0.00780787647268
-0.0081860111037
-0.00605820712974
-0.00612871543116
-0.00638462899622
-0.00803229239357
-0.00764214492339
-0.00664106814636
-0.00629578281837
-0.00521028122423
-0.00625571655186
-0.00491044475036
-0.00674690086943
-0.00758134754512
-0.00829948070882
-0.00952484297564
-0.01042604843
-0.011319746494
-0.00986738982481
-0.00991340837085
0.0
-0.0104355311
-0.0112109025288
-0.0112560418907
-0.011780912923
-0.0125340294162
-0.0136438620322
-0.0143817961432
-0.0153545435561
-0.0141907998868
-0.0148517758596
-0.0169010700147
-0.0185425411628
-0.0158362781232
-0.0180205647646
-0.0194728240165
0.0
-0.0212550045202
0.0
0.0
-0.0167714969384
-0.0219884871502
-0.0235095434374
0.0
-0.0242918601567
-0.0203056587716
-0.0211579475703
-0.0209482353945
-0.0192010735561
-0.0189761571501
-0.018295951759
-0.018673046152
-0.0178023381006
-0.0195191517879
-0.0196047635192
-0.0196279523389
-0.0184820214422
-0.0185418813302
-0.0186412095131
-0.0176864595985
-0.0175153662419
-0.0177569710689
-0.0159420099358
-0.0176384831089
-0.0179625342609
-0.0175031874166
-0.0171915830086
-0.0156216856859
-0.0156013261536
-0.016039962814
-0.0167392247966
-0.0164153494409
-0.0166032171588
-0.0164108343777
-0.0160337897458
-0.0142421808191
-0.0143512476322
-0.0144761287996
-0.0135940762139
-0.0136819490193
-0.0136981844117
-0.0101303564038
-0.0106867236488
-0.00987696405215
-0.00923341195073
-0.00754361341623
-0.00592893846468
-0.00660536324986
-0.00482368913627
-0.00525521776326
-0.00376528611628
-0.00324718207119
-0.00318759347668
-0.00308064378247
-0.00336675210785
-0.00099952006889
-0.000319461989906
-0.00124186125919
-0.000750682333275
-0.00137217550301
-0.00108824398496
-0.00030097165009
0.000169491160314
2.44527154565e-05
-0.00543078715876
-0.0033666857364
-0.00369679229086
-0.00269234812288
-0.00249322530845
-0.00260868905767
-0.00389108814307
-0.0037580046754
-0.00441702539297
-0.00447745761966
-0.00305942383683
-0.00553126086838
0.0
-0.00585244581813
-0.00704519151712
-0.00653844729681
-0.00702042481435
-0.00523242338442
-0.00643433251183
-0.00721909234276
-0.00815763832658
-0.00857403314449
-0.0105891671708
-0.00902155751628
-0.0102990299329
-0.00558182127476
-0.00481246029522
-0.00350326326006
-0.00257011075819
-0.00181619139748
0.000292865682177
0.00175625044398
0.00302136908551
0.00414215637076
0.00601525970015
0.00684110797838
0.00766296841156
0.0113633807247
0.0117615427164
0.0120423645547
0.0108839234674
0.0121010971007
0.0
0.0155992386081
0.0126687940208
0.0106600220949
0.0103519297127
0.0095171455728
0.00527016400979
0.00837991059734
0.00945556875307
0.00700297306956
0.00615738095994
0.00413310616847
0.00406797446964
0.00239515539385
0.00100147028079
7.37260105779e-05
-0.00141832693433
-0.00320269444554
-0.00598181771998
-0.00549992296525
-0.00587395714891
-0.00727533965762
-0.00966970239785
-0.011650426902
-0.0123420687989
-0.011073896834
-0.0103433755719
-0.011398026561
-0.0133890710076
-0.0120803092054
-0.0126015715508
-0.0124582884511
-0.0128035324306
-0.013312079972
-0.013051278436
-0.0124298443147
-0.0121216013466
-0.0127566060051
-0.0105964812181
-0.0109837155161
-0.0110662318603
-0.010325605572
-0.0108904925731
-0.00910852517949
-0.0101116338222
-0.0102293905702
-0.00924836555621
-0.00749717199635
-0.00856802328163
-0.00877883324858
-0.0101996408054
-0.0104369873397
-0.0110356204261
-0.0108215881634
-0.0144101271944
-0.012187958128
-0.01317936131
-0.0112478361357
0.0
-0.0111850751316
-0.0146648647942
-0.016357612707
-0.0189228877579
-0.0189314282388
-0.0208507622464
-0.0221252997246
0.0
-0.0248435659386
-0.0250978132178
-0.0262777128356
-0.024917225102
-0.0277109840507
-0.0276089680903
-0.0287599843079
-0.0289337167918
-0.0302441161625
-0.0292770029724
-0.026951321105
-0.0283080336872
-0.0253133500609
-0.0240277818968
-0.021381719094
-0.0205506476211
-0.0187514062163
-0.0190528565825
-0.0193405351499
-0.019573223749
-0.0182027011866
-0.019167396601
-0.0174634026703
-0.0175552659039
-0.0172473166704
-0.0167280445177
-0.0159574689754
-0.0165689505062
-0.0168826709956
-0.0152071408856
-0.0169537836813
-0.0164913097029
-0.0171283415801
-0.0151571284113
-0.0146225582721
-0.015536736204
-0.0134497486036
-0.0135271266155
-0.011474573504
-0.0104693349147
-0.0106506811894
-0.0100282621953
-0.0107163556565
-0.0107768649057
-0.010326440118
-0.0108273359729
-0.0114792907103
-0.0121389741861
-0.00888204189007
-0.0114938114204
-0.0116599446243
-0.011710331845
-0.00974948536742
-0.0115706884052
-0.0101649238631
-0.012456931425
-0.0100673218845
-0.00938579922063
-0.0103033679457
-0.00902104411241
-0.00570279106815
-0.00574590417733
-0.00561497388312
-0.00607857557482
-0.00573139314932
-0.00630550169348
-0.00589298339527
-0.00557261289999
-0.00599266020736
-0.00633450267921
-0.00655717787687
-0.0100510250434
-0.00790128233936
-0.00633564216794
-0.00662786505471
-0.00668667043187
-0.00688030203137
-0.00682858697436
-0.00610535475486
-0.00643441705129
-0.00621948638125
-0.0068260599305
-0.00858208425889
-0.0087156520817
-0.00730406970031
-0.00834793856644
-0.00924490097095
-0.00994213452803
-0.0111144649427
-0.00996138326425
-0.00773428729694
-0.00763620115594
-0.00850086715154
-0.00851213943371
-0.00734868805544
-0.00876270461544
-0.00423061220818
-0.00438055663162
-0.000796649475892
0.000397882286276
0.00292073671085
0.00371438765809
0.00382192504374
0.00843377884688
0.010631992949
0.0084244727515
0.00717184648798
0.00736629001641
0.0101701619512
0.00794776730504
0.00675446345621
0.00708751597695
0.00467557906549
0.00419920070292
0.0
0.0
0.0
0.0
0.0
0.0
0.0
0.0
0.0
0.0
0.0
0.0
0.0
0.0
0.0
0.0
0.0
0.0
0.0
0.0
0.0
0.0
0.0
0.0
0.0
0.0
0.0
0.0
0.0
0.0
0.0
0.0
0.0
0.0
0.0
0.0
0.0
0.0
0.0
0.0
0.0
0.0
0.0
0.0
0.0
0.0
0.0
0.0
0.0
0.0
0.0
0.0
0.0
0.0
0.0
0.0
0.0
0.0
0.0
0.0
0.0
0.0
0.0
0.0
0.0
0.0
0.0
0.0
