-0.0175925977748
-0.0139583343881
-0.0103240710014
-0.00668980761465
-0.00305554422794
0.00057871915877
0.00421298254548
0.00784724593219
0.0114815093189
0.011512239339
0.0175070562528
0.0237440985707
0.0258677423029
0.0268642941126
0.0302179627016
0.028648177648
0.0329310191208
0.0255829690624
0.0281327890537
0.0205541797044
0.0164476862455
0.0240517150565
0.0280729454124
0.0278064775648
0.0340586791594
0.0427447619665
0.0469424893994
0.0498838213869
0.0543661156864
0.0624920172053
0.0591825060038
0.0595098619335
0.0581667734113
0.0607152006211
0.0565194412342
0.0577305752014
0.0593092378973
0.0550745380541
0.0514961073486
0.0563057702737
0.0500071428196
0.0617539453528
0.0486658062991
0.0468509777577
0.0457954197007
0.0424345436768
0.0370747142724
0.0415034381489
0.0364062415504
0.0299162577506
0.031062940237
0.0299769086178
0.0255494328443
0.0286348555259
0.023107769625
0.036682096944
0.0297708329971
0.0228595690501
0.0273960848526
0.0357649738901
0.03626897102
0.0432466718614
0.0464751747372
0.0497036776129
0.0529321804887
0.0561606833644
0.0593891862402
0.0572096269807
0.0554106057901
0.0519449086851
0.0419561199133
0.0401679722988
0.035401585961
0.0260918318618
0.0202485443133
0.0169101688459
0.00821412820728
0.00336585012723
0.00722823882343
0.0111982903575
0.0100059976468
0.00483513135998
0.00250504924548
0.0110859948571
0.00838340962288
0.00439876042693
0.0156497556056
0.0116265872737
0.016606692611
0.0344870393978
0.0352538926373
0.0367814227926
0.0405908000863
0.0510723237164
0.0605965889993
0.0594922538691
0.0754700596162
0.0723334639869
0.0746085924169
0.0740627227135
0.066306285093
0.0585498474725
0.0536946696496
0.0604377130943
0.0388804823335
0.0313319815763
0.0379216762153
0.0225094684619
0.0155764019011
0.0104350352324
0.0252881250742
0.0234684775889
0.0175796312724
0.0202025780903
0.0165687140694
0.0152967827203
0.0171873043336
0.0122637844349
0.0171478114234
0.0190634801297
0.0203931233353
0.0240046191224
0.0363793632602
0.0441932774271
0.0492250892692
0.0540054460843
0.0607466123857
0.0690684821801
0.0703199804681
0.0692794508419
0.071475404759
0.0730162044432
0.0669643042101
0.0661016641484
0.0586231559151
0.0512337113003
0.0437452472481
0.035700525317
0.0337867102115
0.0252179447072
0.0229440820157
0.0154686866662
0.0162020472309
0.0144397484812
0.0160282701734
0.0170441839179
0.0237955435668
0.0280835859489
0.0354117937423
0.0413151397807
0.0347416232452
0.0439745271834
0.0444879362316
0.0500812895121
0.0564765934555
0.0578093091182
0.0632977366997
0.0655682551406
0.0720773273306
0.0831896835435
0.0802239502485
0.0793639931184
0.081318636997
0.0867353275082
0.0791681583417
0.0780430070938
0.0715656994329
0.0705579300123
0.0700430031063
0.0701980500136
0.0625310402139
0.0568947092888
0.0133561407156
0.0353079414172
0.0134033645879
0.0152883168716
0.0110652482952
0.0168790203281
0.0156504111745
0.0213855554766
0.0279758372396
0.032057573575
0.0354108937579
0.0328644753607
0.0339025762197
0.0339412973843
0.0493567556235
0.0346300934333
0.0315267516041
0.0353227919825
0.0393087164176
0.0413902499236
0.0456896029691
0.0523508712011
0.0530347217206
0.0540770666577
0.0536992888551
0.0533215110525
0.05294373325
0.0525659554474
0.0521881776448
0.0518103998422
0.0514326220397
0.0510548442371
0.0506770664345
0.0502992886319
0.0499215108294
0.0495437330268
0.0491659552242
0.0487881774216
0.048410399619
0.0480326218165
0.0476548440139
0.0472770662113
0.0468992884087
0.0465215106062
0.0461437328036
0.045765955001
0.0430552686007
0.0474914318017
0.0436888730904
0.0440684464283
0.0464172076828
0.0487659689372
0.0511147301917
0.0534634914462
0.0570211372083
0.0628007427152
0.0745039545984
0.0774224205104
0.0804200026378
0.0805860656239
0.052724532658
0.0625127978557
0.0679116302481
0.0558057329874
0.0591943777068
0.0586050193249
0.0596956328757
0.0551780090999
0.0523192657257
0.0430059050831
0.0410777748382
0.0355613501282
0.0345336078973
0.0348651085015
0.019342864474
0.0322187843259
0.0277589276004
0.0313281367136
0.0232176095616
0.0247857124111
0.0278951926137
0.0286068571754
0.0316871802789
0.03198331526
0.038837018733
0.0412564921131
0.0474047797527
0.0564148784863
0.0655560192646
0.0725484858779
0.0743754642736
0.08345552601
0.0874404799249
0.0957639705484
0.101599689083
0.0968051903548
0.0661784774503
0.0684994956672
0.0632867616552
0.0555741155993
0.0492393416156
0.0406666873393
0.0360935984138
0.0267057035201
0.0214305088905
0.0113875499087
0.0120269204378
0.0171209901565
0.0155684098092
0.0177650175114
0.0209423503053
0.0196846892912
0.0152390003083
0.0282175987405
0.0239974553093
0.0335653558246
0.0380272939502
0.0458718616683
0.0604842586982
0.0618651847817
0.0660505450582
0.0702359053347
0.0768397429259
0.0911827430228
0.0990445086387
0.0989163932811
0.104361037776
0.098762376897
0.0990117237078
0.0931234758584
0.0891376199401
0.0827912659826
0.0389646123928
0.0548714906086
0.0437007923488
0.0322924460164
0.0302462026774
0.0196853299491
0.0126371548161
0.0150558419709
0.0223312354899
0.0217328315908
0.0221378291472
0.0329573814959
0.0279918655811
0.0293804660019
0.0330283124968
0.040657518484
0.0421445146207
0.052289603617
0.0719945756909
0.0688806224282
0.0724979304247
0.0889110268439
0.0874130321726
0.0950313988421
0.0619385561022
0.0717476365159
0.0809338773077
0.0747628554578
0.0782094214591
0.0608479459883
0.0646067915346
0.0597887281543
0.0625854307939
0.0575100606718
0.0526487444166
0.0443874105737
0.0436882544655
0.0428205724501
0.0366806532289
0.0336257038939
0.0330832700168
0.0381588449772
0.0427367747491
0.0460579599964
0.047851338917
0.0557830269196
0.0625187808869
0.0643109539477
0.0350908241104
0.0446575303574
0.0482617183453
0.0464744539944
0.0475065061216
0.0511774867741
0.0605369087961
0.0572501673113
0.0617833565315
0.0679459266072
0.0680044267211
0.0682628936166
0.0745851042992
0.072169599904
0.0742244138467
0.0714970945546
0.0682378446922
0.0681195628805
0.0677421806376
0.0634732888244
0.0617178343755
0.0541364693958
0.0507535631091
0.0476543249462
0.0150627905891
0.0250729709194
0.0243171419983
0.0348738197263
0.0402961111138
0.0485727485002
0.0507317283539
0.0555072870885
0.0519755711293
0.0537986505401
0.0516940781245
0.0503222238058
0.0448367101504
0.039351196495
0.0338656828396
0.0325071310994
0.02895842787
0.0353407275111
0.0423893649989
0.0433106065647
0.0530809457605
0.0635089887464
0.0519274971868
0.0549465449239
0.0628508455757
0.0634060234289
0.0556766392425
0.0538709261008
0.047849951219
0.0485948977102
0.0522613998467
0.0471061872542
0.0508299797831
0.0499292042758
0.0487773278192
0.0437294694381
0.0487340489907
0.0510870613458
0.0630824898256
0.0542569390615
0.0509466331207
0.0452564579666
0.0478586443115
0.0489506868757
0.0463309661125
0.0454372070214
0.0466375981472
0.0478379892731
0.0150203136351
0.0271010949378
0.0329896320202
0.0377162269298
0.0481388192001
0.0484255101216
0.0597658140269
0.0668413118164
0.0653571673879
0.0682085431561
0.0772549435851
0.0786408936012
0.073094714527
0.0751109247953
0.0734224804275
0.0718383601486
0.0638001832489
0.06331250206
0.0592423640985
0.0558309730023
0.052901431074
0.0548619706747
0.0520512857049
0.0520404634544
0.0379264403903
0.0368089167738
0.0436369868318
0.04117540629
0.0395735086671
0.030303338492
0.0391680052126
0.0384180996596
0.044798932128
0.0443691240841
0.0500346750058
0.0589099345965
0.0377149266256
0.0523412386124
0.0552888603755
0.0697319353279
0.0741935947272
0.0840000370334
0.0848245570048
0.0875143591691
0.0972906103441
0.0860250634057
0.0863819100214
0.0793004948294
0.070966390871
0.059463203348
0.0584869544265
0.0480144602528
0.0368076471801
0.0257691546079
0.0281752765408
0.0342435109908
0.0220106293253
0.0220843216347
0.023249552309
0.0244147829833
0.013824176199
0.00323356941475
0.0129782732354
0.0214167795355
0.0223614707918
0.024489908586
0.0343605253389
0.0594516330969
0.0648421846282
0.0652004368062
0.0670925627238
0.0783495725654
0.081116120789
0.0864808363212
0.0804390431002
0.0944379930985
0.081734841409
0.0830672211785
0.0804513447258
0.0778354682731
0.0704944245031
0.060535765017
0.0578400069316
0.0484418149873
0.00950933592265
0.0196617900354
0.00775047375719
0.00954079988195
0.0128840652278
0.0110127899477
0.0240643703711
0.0164834218373
0.0444641602986
0.0382506137956
0.0432253046033
0.0379960367437
0.0480571533034
0.0558922458072
0.0674001793402
0.0780180271501
0.065214992127
0.0799224137342
0.0822703678852
0.0794303817192
0.0843956721871
0.0788099475116
0.0534797246259
0.0731835082011
0.0626011559519
0.0631313112786
0.0636614666053
0.0676243953606
0.0542148396101
0.0560796624736
0.0585646800689
0.0412477183241
0.0476529863782
0.0401830654696
0.045787919635
0.0365682804559
-0.00426839318748
0.00135629014852
0.00506908584812
0.0276217443006
0.025724859736
0.0316185355948
0.0210796316366
0.0473932411464
0.0442297566155
0.0410662720846
0.0421152240293
0.0508475683693
0.0505563809041
0.0349949187068
0.0552161600117
0.0543729102756
0.0479488757285
0.056094040432
0.0622858328044
0.0600900123991
0.0632992006183
0.0664467830013
0.0717483449458
0.0724820757015
0.0680485282745
0.064179749458
0.0643985076211
0.0624631649819
0.057693303234
0.0476897683515
0.0419817002451
0.0526563962373
0.0482183767696
0.04497064564
0.0417229145104
0.0425642948397
0.0299309838179
0.0172976727961
0.0381088816726
0.0347778163043
0.0400341060219
0.0392192938797
0.0301731324364
0.0303499822581
0.0304241466189
0.0446892186463
0.027425151147
0.0382026381394
0.0386034695306
0.0556430965556
0.0623707531467
0.0603573627262
0.0649770430794
0.0643099377212
0.0643130170333
0.0643160963454
0.0643191756575
0.0643222549696
0.0643253342817
0.0643284135938
0.0643314929059
0.064334572218
0.0643376515301
0.0518727811289
0.0500711178057
0.0542640202571
0.0544482586658
0.04462907469
0.041484914954
0.0516697641847
0.0503361333654
0.0442119794806
0.0108089029912
0.0196951153776
0.0173271227418
0.0194226890998
0.0215182554578
0.0107710289825
0.0175534719648
0.016415232719
0.0222868138885
0.0309120507522
0.0357685115769
0.0345507166238
0.047391800548
0.0556785681753
0.0615741662694
0.0728517470094
0.0690303644747
0.0826037890781
0.0907056346964
0.0901851121022
0.0795416601763
0.0890567793754
0.0866512249641
0.0766170870522
0.0382911806548
0.0466354816916
0.0326263151367
0.0266586095658
0.0253694935049
0.0116912404041
0.0154141105497
0.0236058310177
0.0221539682748
0.0426286629515
0.0192612964977
0.0329530190325
0.0257441022335
0.0291534266642
0.027472230857
0.0136100010261
0.0391696823005
0.0421757391631
0.0398095937355
0.0374434483079
0.0350773028803
0.0433548454522
0.0516323880242
0.0599099305961
0.0593515023877
0.0735632704406
0.0731714565875
0.0741000640472
0.083292865611
0.0737297713765
0.0729593598677
0.0600611526875
0.0603062375102
0.0561036219043
0.0522344844428
0.0461259381408
0.0378741873058
0.0296224364708
0.0239106925722
0.0173701094883
0.0179973608213
0.0243476568889
0.0315164855645
0.0302327781982
0.0343752079445
0.0341140775107
0.0341273450206
0.0408441571581
0.0125261835935
0.0308110528012
0.0315274544278
0.0379145242095
0.0585876844261
0.0522904055241
0.0603961594253
0.0642834232251
0.0726448777733
0.076427312736
0.0805737948688
0.0805812644658
0.0829519625108
0.0758874227182
0.0704859439918
0.0665490942463
0.0575877890781
0.0610853339701
0.0550804287025
0.0490755234349
0.043549807028
0.0365403718648
0.0286865973084
0.0267611420693
-0.000490784068859
0.00543756841558
0.0172631104393
0.0181444812916
0.0235284082517
0.0266926096349
0.0364886455354
0.0418353426732
0.0484082257447
0.051687149932
0.0517084657666
0.0580942111528
0.0363370024437
0.0397101215181
0.0432918274607
0.0466069827096
0.0509586725417
0.05877456106
0.06274930343
0.0611320268467
0.0610302896377
0.0614700515338
0.0591798100757
0.0653728880831
0.0618764253208
0.0617699681403
0.0583328757395
0.0544248077795
0.0498798204436
0.0428752535177
0.0415863345783
0.0398363014871
0.025966941213
0.0283220879665
0.0234864548706
0.0287420574595
0.0141463098006
0.0273095043327
0.0346557940518
0.0345916682581
0.0364304148365
0.0387235530621
0.0375506173466
0.0441436820852
0.0493100687583
0.043892824212
0.0484549277952
0.0491849635158
0.0157159897789
0.0211095180553
0.0304594165889
0.034572119225
0.0395534949989
0.0394393304379
0.043470062393
0.0488242370538
0.0503572091427
0.0490387911994
0.0501090530522
0.0486805713523
0.0428039976205
0.0369274238887
0.0303965305606
0.0325010149812
0.0271069131391
0.018069156359
0.0280474115252
0.0326714952324
0.0375079676825
0.0384219273374
0.040931832791
0.0387270052695
0.0380809724281
0.035515614403
0.0347286897272
0.0336652388839
0.0389162066866
0.0354017447337
0.0385687781639
0.0453297948327
0.0419720363775
0.063427299451
0.0538427597384
0.0522014929159
0.0342291180039
0.0421592554126
0.0549389746164
0.0570482407168
0.0612364158783
0.0703968861561
0.0727431171014
0.0698937842407
0.0735876202331
0.0741441620525
0.0745537639133
0.0755283834459
0.0432743347302
0.042295202495
0.0328418850645
0.0306965717533
0.0293162457705
0.0273312534451
0.0298565158783
0.02380871577
0.029428943479
0.0326588155847
0.0334520056444
0.0305657297965
-0.00582362884672
0.00230260271744
0.00698566427467
0.0137061916378
0.0150316778652
0.0209077214376
0.0268577832351
0.0308959932882
0.0464227118851
0.0513850290251
0.0611362865544
0.0671159595402
0.081258000348
0.0864554293856
0.0932777674208
0.0908195153562
0.0902023634687
0.0827813147964
0.0740553834134
0.0663480470144
0.0631699064457
0.0476130924033
0.0397667856145
0.0234252782219
0.0160095476942
0.0128758780857
0.00901129189108
0.0121761214914
0.0203283139936
0.0187615191978
0.0237625103065
0.0234112346016
0.0266083696782
0.0226247356893
0.0245215119508
0.0195780675944
-0.00166744905181
0.00970603066877
0.0124233140663
0.0352463018453
0.0388856563288
0.0462554453652
0.0559038460369
0.0703811027398
0.0767852037337
0.0818679612666
0.0890796553305
0.0902557582545
0.0801801566714
0.0701045550883
0.0600289535051
0.049953351922
0.0504778829411
0.0392563663145
0.0382344165405
0.0360613822002
0.0299948098488
0.0203124202355
0.0146902836404
0.0308780527217
-0.000682915427202
0.00823883686707
0.00533612649684
0.00388802563312
0.00583964672704
0.0110711099745
0.0185557375604
0.0101598789902
0.0199714268827
0.0297829747751
0.0370100599507
0.0442371451262
0.0514642303018
0.048113418302
0.0629603080948
0.0778071978875
0.0616199015568
0.0838730517268
0.0683318246131
0.0671737212816
0.0660156179501
0.0648575146186
0.0636994112871
0.0534713118147
0.0480922982037
0.0485708088776
0.0490493195515
0.03589440837
0.0269423443442
0.0476931885417
0.0419029007844
0.0125592005773
0.0189669000253
0.0158823920201
0.0127978840149
0.0303359747911
0.012871490492
0.0238982639069
0.0349250373217
0.0238481751797
0.028937464532
0.0249180527278
0.0561570853311
0.0572846838574
0.0584122823837
0.0532368869283
0.0552150654934
0.0571932440584
0.0343031207627
0.0294606623149
0.0417436149806
0.0575632272728
0.0384013254019
0.0458969510912
0.0428804247818
0.0442721803752
0.0471716624037
0.0328012674678
0.0313136368251
0.0298260061824
0.0248922606708
0.0249990020465
0.0188786976113
0.0291326792202
0.0161531420954
0.0137465404336
0.0169436181405
0.0319026873876
0.0242566183897
0.0392093783763
0.0441722571964
0.0500181554745
0.0494645363566
0.0522371323189
0.0400013487173
0.0384961938266
0.0324890717883
0.0255889265386
0.0194496390955
0.0231732014075
0.0139255573504
0.0194797867094
0.0119591607618
0.0111007216137
0.0341049222888
0.0571091229639
0.0642429945431
0.0639567281045
0.0697832913357
0.0766308837479
0.0652698007343
0.0636509058375
0.0592737094504
0.0606092102123
0.0517277574139
0.048625504059
0.0339468872179
0.0364901119566
0.0308201792827
0.0299925737664
0.0285761835121
0.0416639293814
0.0378257483017
0.0492049783471
0.0414372947739
0.0334008913993
0.0329043528761
0.023199238625
0.00546373330333
0.00909711189752
0.0116844639798
0.00846022753143
0.00938852892613
0.00804459805058
0.0142846869113
0.0213200793927
0.0272356803083
0.0334843440135
0.0410382943428
0.0474928037525
0.0441158924152
0.0555029446457
0.0572053526039
0.0585466687248
0.0579106497318
0.0675911750152
0.06626368862
0.0702458691121
0.0706606552987
0.0632167562262
0.0522986187047
0.0480670894742
-0.0063522069792
0.010990588334
0.00580525183331
0.00850240551
-0.000261552512251
0.0102713189383
0.00690509324263
0.00616459188452
0.00708133745544
0.00781158762602
0.00753084890114
0.01412511094
0.0126797814212
0.021566351832
0.0230087639093
0.0316708401028
0.0511839697378
0.0505383423061
0.0595993058576
0.0636442255367
0.08017676924
0.0811697975223
0.0835239368769
0.0873955478711
0.0637506449369
0.0644199205723
0.0617008878587
0.0537098693658
0.0462569505533
0.0410822032636
0.034441446574
0.0280354720241
0.0272881649622
0.021953359437
0.0207828867536
0.028784592907
0.0256647152439
0.0217090456084
0.0163554487604
0.0217743185921
0.0178375483212
0.0133049270864
0.0136321768627
0.00891579296892
0.00589575326651
0.00380026061343
0.0113166148305
0.00984959348395
0.0199322701173
0.0300149467506
0.0522317390514
0.0451671676925
0.0585135975992
0.0579417626713
0.0667045153761
0.0656275584227
0.0619264089335
0.0629831359848
0.0606533465403
0.05388202104
0.0451675962266
0.0488510666451
0.04890439492
0.0344829172204
0.038971148198
0.0315402203521
0.0201647647249
0.0190721697657
0.0195344651307
0.0154460164707
0.0255672682832
0.0481699582239
-0.00112185556548
0.00747457989717
0.00619793731922
0.0132984358505
0.0154392887191
0.0161969128717
0.0242182462651
0.0436751207941
0.0409551329873
0.0433206698765
0.0458343977283
0.0542702722525
0.0569240487229
0.0580154273414
0.0851152934409
0.11221515954
0.13931502564
0.149692948711
0.160070871783
0.170448794854
0.159411307775
0.148373820696
0.137336333617
0.104458899242
0.0715814648672
0.0387040304923
0.0335519729416
0.0173927872895
0.0125497894823
0.014271360555
0.0123625096798
0.0113404541509
0.0248411535805
0.0309198143588
0.0386445175628
0.0421444561729
0.044590436156
0.0539566416788
0.0539879446046
0.0530640466945
0.0526201274609
0.0573247855391
0.0520894169099
0.0536706402971
0.0550803238135
0.0513106592771
0.0486537377555
0.056376343015
0.0316732212036
0.0424363104718
0.0424127462576
0.0551884720584
0.0497653073981
0.0425479393606
0.0414098994188
0.0437885834593
0.0375092359106
0.0363981020616
0.0381350037422
0.0301117628937
0.0379111236805
0.0318695322463
0.0367056548527
0.0365877193758
0.0406720226949
0.0467444279167
0.0431546950422
0.0414870690855
0.0418573341755
0.0260520415378
0.0311045461332
0.0291171343583
0.0200019912333
0.0108868481083
0.0141186379016
0.0189019502849
0.0252007950117
0.0311962465459
0.0352860741547
0.0363581934797
0.0374303128047
0.0479102551502
0.0551179579544
0.0572826057571
0.0659551398974
0.0660551496011
0.0617029471407
0.0639059610306
0.0628742399156
0.062286875566
0.0611398883279
0.0613094939799
0.0615111376273
0.0529081164387
0.0474797174665
0.0409745793038
0.00835716257503
0.0186364850727
0.0133994696085
0.0125638534238
0.012746901929
0.0134782407503
-0.00204205928332
0.0151630596518
0.0112994518969
0.0120705383482
0.0163708723947
0.0176360467911
0.0279690178011
0.030786971143
0.0306947258105
0.0393938193038
0.0423157184937
0.0523010183821
0.0504075895402
0.0583798192782
0.0594142145103
0.0639762484527
0.0661480200797
0.0631550000136
0.0574094219278
0.0640530263071
0.0569413746045
0.0640262517135
0.0594993796797
0.0543848828525
0.0451552258979
0.0426763327975
0.0373099930645
0.0389835342151
0.0271653025715
0.0198257102922
-0.00650386911131
-0.00459572543103
-5.03607232086e-05
0.00151602291273
0.00405692037222
0.00312260387687
0.00695403660285
0.0110154895414
0.014553741835
0.0170772405443
0.0194154645063
0.0316155788963
0.031755511436
0.0471304003593
0.0503910931005
0.0564290216279
0.0763700922326
0.0766457090457
0.0801883932343
0.0883854451962
0.0762966584458
0.0838546392658
0.0704757073166
0.0632219629314
0.0285865701456
0.0301544673007
0.0220818754932
0.016017452745
0.0107384537056
0.000379249428209
-0.0100525532218
-0.0102276322236
-0.0122452973346
-0.0101657503205
-7.70749675958e-05
0.00303612477968
0.00078573775191
-0.00146464927586
0.00135811185628
0.00747335719886
0.0087058567775
0.0198022815762
0.0134271327909
0.02035786316
0.0323739267294
0.0441452631412
0.0565300947148
0.0564976455073
0.0659805599275
0.0716415172673
0.072323845355
0.0715821304529
0.0762490349987
0.0751144329283
0.0722860564468
0.0636630650094
0.0567810739333
0.048510097622
0.0456272356915
0.0397841785167
0.0107640379122
0.00953340561027
0.000407149211327
0.0052959356505
-0.0116364885653
-0.000635247789713
0.00815600826187
0.0114487398216
0.00610495095141
0.0189447921959
0.0173758636421
0.0191335699207
0.0303148900294
0.0374402783399
0.0233382871629
0.0444923346523
0.0437773538648
0.0463700782008
0.0513865467392
0.0572296883415
0.0637867038307
0.0604368307259
0.0625845977059
0.0617554550234
0.0326264418268
0.0405117710427
0.0437931639795
0.0372340832819
0.0355870604891
0.0301798081568
0.0247974754058
0.020674649161
0.024547093021
0.0283803285057
0.0180278785281
0.0162063174586
0.015665130724
0.00701193078769
0.0136477487693
0.0140593528562
0.0274652611859
0.0332177842961
0.0384496168981
0.0409597828869
0.0482215357908
0.0539675036242
0.0461551335889
0.0452042839451
0.00197141446406
0.0135367175831
0.0113395223846
0.0179402901781
0.0133657447306
0.0172070950378
0.0239970317869
0.0342444249909
0.0365013702228
0.0342483638273
0.0407482228214
0.0446122045375
0.0489589596802
0.0482766500906
0.0497937779697
0.0496780361884
0.0482011194375
0.043629524762
0.0467607537243
0.0423892392235
0.041009352628
0.0363254341855
0.0313887859113
0.0264521376372
0.0258985995621
0.0253450614869
0.0275451537469
0.0246611948347
0.0281361966788
0.0247433861862
0.0244402180092
0.0219863371507
0.0164873923643
0.0205088376341
0.0127265077329
0.0186530962647
0.0255919679847
0.0302273879299
0.0348764417338
0.0421521243682
0.0435588838044
0.0464369689491
0.0539201770092
0.0504985011466
0.0523573183513
0.0517261163028
0.0626322459958
0.0603218431722
0.033617052182
0.041734196587
0.0481928042853
0.0475205416134
0.0403704455187
0.0394442529805
0.0339693312607
0.0252639136157
0.0252090797214
0.0181506069954
0.0202864269797
0.0250988337737
0.02393976725
0.0266924482224
0.0247380783655
0.0232653566476
0.0215828065709
0.022859894541
0.0247841581777
0.0198886114535
0.016378695978
0.0210214755379
0.0254849717715
0.0274123671102
0.0109784235362
0.0218197073683
0.0253778283313
0.0326572548238
0.0487934506245
0.0558296615836
0.0599268548643
0.0693647828471
0.0640914835061
0.0708390905869
0.0691993971884
0.0673229029451
0.0620126040053
0.0589598865578
0.0530080084236
0.0365046762749
0.0370577323276
0.0287412204118
0.0183537700884
0.0168535043051
0.0180243594374
0.0181903937649
0.0148785020375
0.018558497157
-0.0143305024051
-0.00278836702904
-0.00760009273194
-0.00826692161823
-0.00210402588824
-0.0035766062861
0.000820964858047
0.00670940624821
0.0128750079427
0.0219375806926
0.0331072181697
0.0393548056259
0.0429591597114
0.0612755105859
0.0554988399731
0.0609409134202
0.0655514243627
0.0637288598541
0.0551817754746
0.0554204116051
0.0521189614762
0.0433499362982
0.0376229727869
0.0325213740236
0.0122698772394
-0.00798161954478
-0.0104824058351
-0.0109216923474
-0.0170923333296
-0.012509414537
-0.0136961539136
-0.00788109848694
0.00964540367727
-0.00140697476181
-0.00514350865322
-0.00014543398627
0.00485264068068
0.00883242444235
0.0150462820221
0.0208617467235
0.026677211425
0.0340563371391
0.0401200427213
0.0383697100861
0.050613099469
0.0539534783909
0.0573514706935
0.0603894476953
0.0606518772049
0.0497437367784
0.0593976993111
0.0512879290592
0.0476528452215
0.0478444584432
0.047215459604
0.0428495025538
0.0391649503258
0.0361321748476
0.023939725706
0.0170756739092
-0.0195131450882
-0.016153052617
-0.0139716926831
-0.0099206803499
-0.00552932828222
-0.00402579819345
0.00636364804412
0.0148903505509
0.0131285098434
0.0169531089192
0.0252637300133
0.0182727495673
0.0251361218673
0.0193435984785
0.0243175394626
0.0286865513409
0.0311368023488
0.0392342189209
0.030564304671
0.0353090959515
0.0404609736765
0.0442339900234
0.0480463712443
0.0470882859513
0.0492969133675
0.0465687630326
0.0410559321963
0.0395432628845
0.0380156096394
0.036071107554
0.033718481993
0.0291386779463
0.0240365816093
0.0190523769575
0.0193043765189
0.023276609105
0.0117109505033
0.0173738806329
0.0162987247983
0.0166353224324
0.0192331876814
0.0152944775722
0.0142210610174
0.0121033477951
0.0129875155865
0.00926413072829
8.45531439804e-05
-0.00158806109513
0.00412116289813
0.00297261631054
0.0051938570008
0.0151336743221
0.0134334132817
0.0181641775908
0.0251211264666
0.0258094531236
0.0303085059597
0.0247250520171
0.0307876747704
0.0239677760158
0.0300891901352
0.0362106042545
0.0423320183739
0.0400658903755
0.0405334239074
0.0327232840673
0.0383326669896
0.0420741819889
0.0292110584842
0.0388024886025
0.0299576665057
0.0347779718361
-0.00707339636237
0.00631308754002
0.00115592601373
0.0026202810187
-0.00439197673011
-0.00562638709625
-0.00671043445172
-0.00447484298495
-0.00316112940321
-0.00060751678633
0.00194609583055
0.00389520335733
0.00857844655019
0.014703309061
0.0204050898877
0.0237205448242
0.0302958642492
0.0358216593008
0.0421070913556
0.0373600340991
0.045890639779
0.0498475643195
0.0454547620026
0.0448596920106
0.0468659963415
0.0503480588313
0.0341244098063
0.0267100905453
0.0156769216326
0.00955303029541
0.0101691022422
0.0162352326514
0.0109213542455
0.0100937359812
0.0121438434584
0.0168408309041
-0.0217469216557
-0.014041912562
-0.0153884120025
-0.00985066140188
-0.00681292113799
-0.00458779948406
-0.000935551902532
-0.00562242980746
0.00348602572463
0.008957456372
0.0135846260358
0.0190475947288
0.0308868451917
0.0355958273258
0.0439204576381
0.0441210817788
0.0474894719102
0.0309032351187
0.0433347179792
0.0402794374947
0.0380587778974
0.0296551389932
0.0239585419499
0.0158926798216
0.00114488630095
-0.00681863329697
-0.0102289627088
-0.0167566271463
-0.0159572749159
-0.00793512369169
-0.00611081693025
-0.0135084470275
-0.0103578566662
-0.00864618832266
-0.00736423772142
-0.00371616066335
-0.00507572756491
-0.00475983944426
0.00548693062634
0.00983807429048
0.0123089043449
0.0303471620836
0.0321291919398
0.0371137985907
0.0572827513113
0.060905848955
0.0639939795221
0.0665240331096
0.058785614244
0.0510471953784
0.0433087765128
0.0327377106592
0.024991097623
0.0251655042501
0.0196010164834
0.0102573662926
0.0050358548913
-0.00503052714801
-0.0170877975158
-0.0151718052069
-0.0168198450298
-0.0231676525559
-0.0223915882376
-0.0171668742913
-0.0137631298604
0.00249599552146
-0.0130391281895
-0.00815462119109
-0.00457543276873
0.00429441104433
-0.00242950306078
0.0086075166998
0.0194313804935
0.0194345531448
0.0225882632115
0.0327864384325
0.0243681331732
0.0312410474663
0.03496809563
0.0308107520876
0.0328050880431
0.0336042456089
0.0285172656781
0.0406030980692
0.0316043406637
0.0276425307533
0.0257795072639
0.0210421406323
0.0182420522439
0.0125225765534
0.0055569998871
-0.00140857677919
0.00807375092875
0.00120652521293
-0.00243053455749
0.00296203036014
-0.0233264001177
-0.00595541948668
-0.00373871581246
0.00305381827778
0.00104656076168
0.00762092066329
0.00696911717589
0.00739626094309
0.00556241416837
0.00440284930648
0.00517711059157
0.00190575411778
0.00387998513639
-0.00381839741929
0.00748908510122
0.0116708360083
0.00954871100298
0.0175212101234
0.0172463945183
0.0212184809294
0.0238511758659
0.0279776450428
0.0264780084828
0.0290574083443
0.0234424093735
0.0222596838908
0.0159046625002
0.0161966702792
0.0100749934683
0.00860234619372
0.0166797746592
0.0104358720971
0.0102288627498
0.0178601024444
0.0232788793086
0.0217019477705
0.0184991597471
0.0152963717238
0.01331524732
0.0186020455574
0.014886982869
0.0125300605125
0.0111754818737
0.0147140649967
0.0204064002479
0.0106687738788
0.00932395723056
0.0121997554835
0.00861591162712
0.00503206777074
0.010827468586
0.0140076060228
0.0179070453689
0.0279748134728
0.0202901307966
0.0176001105493
0.0134661413983
0.022288602599
0.0226749373
0.0227141755819
0.0165024496628
0.0169012250585
0.00561061014221
0.00714169434578
0.000230790220063
-0.0021958496325
-0.00372112105808
-0.00279453255508
-0.00186794405207
-0.000219013196525
-0.00292812723126
0.00469914262255
0.000457074114874
-0.0141733351085
0.00488391019745
0.00684162531774
0.0121772132131
-0.00575141439973
0.00405347189581
0.00115426169346
0.0140889257349
0.0141854047237
0.0169568187541
0.0281170254228
0.0388052408024
0.0440375255464
0.0468220301491
0.049499492767
0.0585503320563
0.0558174214474
0.0567536660522
0.0531754196286
0.04900713613
0.0454549362547
0.0403180185416
0.016936346926
-0.0127626637108
-0.0135692262968
-0.0203389633969
-0.0242536946428
-0.0221266210043
-0.0220800841953
-0.0203353467713
-0.023172200288
-0.0229277315614
-0.0253590307946
-0.0256057668889
-0.0263976164662
-0.0205139483203
-0.0237059642229
-0.0240942577046
-0.0146729289172
-0.010697629611
-0.00194820992737
0.00717544770858
0.0162991053445
0.0254227629805
0.0345464206164
0.0436700782524
0.0417498927335
0.0433830195315
0.0482530195877
0.0456041604195
0.0431532551692
0.0375581810024
0.0276235789459
0.0152040318947
0.0101240330436
0.0110861606148
0.00184361236561
-0.0183405023498
0.000564529291646
-0.0162010852639
-0.0152708278786
-0.0116362654445
-0.0071428511997
-0.00471291222778
-0.00779066319216
-0.00475931373463
-0.0112204335365
-0.0119310953843
-0.00536945555703
0.000294464407704
0.00129349781957
0.00467251213041
0.00805152644126
0.0114305407521
0.0170155939678
0.0226034414109
0.0252027852999
0.0262380041128
0.0362712916605
0.0417565853446
0.0321018948743
0.022447204404
0.0196065894982
0.0227352379381
0.020527039252
0.0156536887312
0.0197257871003
0.0108634548334
-0.00198176674758
-0.00273619744416
-0.0225320507604
-0.0185952403633
-0.0188298340915
-0.0225750835855
-0.0237360899148
-0.0163777097432
-0.00847461721214
-0.00219153125484
0.006856219118
0.00378569041443
0.00443812047223
0.0117903841205
0.0130783598588
0.0167881934431
0.0270089436574
0.0224295072141
0.0250479013145
-0.00708997881731
0.00323099179357
0.00993310051438
0.00710877094373
0.00870448107611
0.0135419586251
0.0119652027177
0.00988051292186
0.0100154738282
0.00772090939244
0.000654210933811
-0.00200258839964
0.0033064876655
0.00093714661476
-0.00891616640074
-0.017433694067
-0.0209832913281
-0.0263284408974
-0.0270428945769
-0.027806635573
-0.0209933713673
-0.00831038112183
-0.00295493142442
-0.0029362091282
0.000955938107372
-0.00264422472184
0.00955709576973
0.00131803541595
0.00117463926018
-0.00502424412859
0.00124701444013
-0.000954401333238
-0.000757716754221
0.00141030099779
0.00138996268156
0.00504010681689
0.00525740922244
0.0153988910154
0.0173642817341
0.0187438117951
0.0185934097691
0.0173137065805
0.0153079846689
0.0184299814144
0.0196711302808
0.017082155762
0.0144961991927
0.0126835668233
0.0168497828199
0.00896977978568
0.00700402464566
0.00751993071658
0.00483454309916
0.0123134744301
0.0153845575412
0.0127295505904
0.0145010600073
0.0101856522878
0.00906004943383
0.00499681631192
-0.00278351707739
-0.0105638504667
-0.0170469681416
-0.00546044010389
-0.0031105149795
-0.00267312276257
0.00606023235442
-0.00497451650991
0.00353088638005
0.00800790121697
0.0121471094628
0.0176075303498
0.018672226225
0.0229319308285
0.022407992814
0.0385860642201
0.0362032711422
0.0402472512205
0.0355313818303
0.0389587910813
0.0354664721244
0.0350526439648
0.0277132163324
0.0207795993173
-0.0137916636824
-0.0119522202133
-0.0179640224435
-0.0294480794572
-0.0210802121349
-0.0238745873515
-0.0272193798989
-0.0267626575161
-0.0370856222246
-0.0284348513561
-0.0284730582327
-0.0316881617373
-0.0398318756296
-0.031776279848
-0.0247894831506
-0.0190885598429
-0.0200629637821
-0.0224479047382
-0.0109784381138
-0.00661243012354
-0.00104053108338
0.00789947810093
0.0156178454766
0.0300089669016
0.0252102846403
0.0272486274566
0.0274190289651
0.0252390333567
0.0244140791012
0.0178969331035
0.00993815147862
0.00164537695755
-0.0174096709023
-0.0191833302296
-0.0246232314196
-0.0218954425003
-0.0286062877917
-0.0321021077921
-0.0388997562995
-0.032617322461
-0.028236304708
-0.0371414594666
-0.0313180200703
-0.0263667095019
-0.0372099592368
-0.0275328227014
-0.023793464042
-0.0209115529575
-0.0231248706869
-0.00716798906008
0.00125430182003
0.00606390101781
0.0116248904527
0.0311273522451
0.0298069152373
0.0394805444827
0.038844013652
0.036504599989
0.0360774617104
0.035083539416
0.0368858028006
0.0210586600459
0.0173852448696
0.00469364360023
0.00262905182814
-0.0053116037656
-0.0112863136515
-0.0139743644872
-0.021157741564
-0.0244735231806
-0.0226996500633
-0.0188649358862
-0.0159450386066
-0.0130251413271
-0.0101052440475
-0.00718534676795
-0.00426544948839
-0.00134555220883
0.00157434507073
0.00449424235029
0.00741413962985
0.0103340369094
0.013253934189
0.0161738314685
0.0190937287481
0.0216562486952
0.0245365916744
0.0274169346536
0.0378621526743
0.0331832246117
0.0338124953163
0.0216244218436
0.0174697102472
0.017470324932
0.00922247154625
0.0128446712246
0.00110491602057
-0.00873243702004
-0.0161641756138
-0.0135321090837
-0.0203920267261
-0.0241885256171
-0.0204055489239
-0.0166225722307
-0.0128395955375
-0.00905661884424
-0.00527364215103
-0.00149066545781
0.0022923112354
0.00607528792862
0.00985826462183
0.00942262694185
0.00891917819499
0.00941543259483
0.0107973356739
0.0147496432664
0.00296334068761
0.00669891556536
0.00575280760605
0.0111976233016
0.0139068046901
0.0141400800016
0.00877567515399
0.0130026910024
0.0170606786718
0.0124090810674
0.0071864868568
0.0013958544702
0.00288945605271
-0.00507121286291
-0.00156927366675
-0.00873807288003
-0.0166459643149
-0.0243170563098
-0.0259562310358
-0.0189928779129
-0.0176672490848
-0.0173289452206
-0.0169906413564
-0.0166523374922
-0.016314033628
-0.0159757297638
-0.0156374258996
-0.0152991220354
-0.0149608181712
-0.014622514307
-0.0142842104428
-0.0139459065786
-0.0136076027144
-0.0132692988502
-0.0131536284532
-0.0130379580562
-0.0129222876592
-0.0128066172622
-0.0126909468652
-0.0125752764682
-0.0124596060712
-0.0123439356742
-0.0122282652772
-0.0121125948802
-0.0119969244832
-0.0118812540862
-0.0117655836892
-0.0116499132922
-0.0115342428952
-0.0114185724982
-0.0113029021012
-0.0111872317042
-0.0110715613072
-0.0109558909102
-0.00955752189928
-0.00942843800136
-0.00304498437482
-0.0198796545326
-0.0220172582678
-0.0277259518338
-0.0265089193348
-0.0305613593354
-0.0306428556454
-0.0367522424515
-0.0376457263513
-0.0347561817808
-0.032449446366
-0.0265185850647
-0.0281953936768
-0.0177819470526
-0.0173481199462
-0.0152782976848
-0.0124517464656
-0.00662031697029
-0.00229612300123
0.00737634560696
0.00471770293126
0.00984063724255
0.0112974244099
0.0147713476919
0.00942868800355
0.0102809021357
0.00467418346398
-0.00183906895919
-0.0161276356188
-0.0213248043564
-0.0297358973194
-0.0380282525522
-0.0307420799014
-0.0336874164781
-0.0313242363305
-0.0358516049972
-0.0336332882694
-0.0362831294188
-0.0497431268961
-0.0422532846008
-0.0353718966703
-0.0284905087397
-0.0258027675367
-0.0293773870042
-0.0453998436809
-0.0298388980911
-0.0181367655017
-0.0117655708428
-0.00491710330208
0.00350948982947
0.0155354606562
0.0224504509563
0.0308900456523
0.0275530602875
0.033644517119
0.028396656744
-0.00119186940381
0.0069617106658
0.0021327523559
-0.00370355923568
-0.00474024609025
-0.00577693294482
-0.0056164127328
-0.00545589252079
-0.00529537230877
-0.00513485209675
-0.00497433188474
-0.00481381167272
-0.00465329146071
-0.00449277124869
-0.00433225103667
-0.00417173082466
-0.00401121061264
-0.00385069040062
-0.00369017018861
-0.00352964997659
-0.00336912976458
-0.00320860955256
-0.00304808934054
-0.00288756912853
-0.00272704891651
-0.00462062675278
-0.00651420458906
-0.00840778242533
-0.0103013602616
-0.0121949380979
-0.0140885159342
-0.0159820937704
-0.0178756716067
-0.019769249443
-0.0216628272793
-0.0235564051155
-0.0254499829518
-0.0273435607881
-0.0292371386244
-0.0311307164606
-0.0330242942969
-0.0349178721332
-0.0368114499695
-0.0387050278057
-0.040598605642
-0.0255809794537
-0.0105633532654
-0.0156978691874
-0.0208323851094
-0.0177511605384
-0.0216303558558
-0.0075157473797
-0.0103341657554
0.00171698887319
0.000919596815157
0.00447459901376
0.00607645315203
0.00468918295505
0.0111936610142
0.00812996946967
-0.0225426104828
-0.00623489247949
-0.00557876108114
-0.00586875635584
-0.00907264903194
-0.00399144650336
-0.00746763485318
-0.00995321913369
-0.0140464455792
-0.0132705368972
-0.00993282331716
-0.0159878363111
-0.0220428493051
-0.0280978622991
-0.0341528752931
-0.0402078882871
-0.0298053023079
-0.0194027163287
-0.0182859030371
-0.0139935902378
-0.00974147151923
-0.00809787292205
0.000614433462412
-0.000397734542192
-0.00871669373635
-0.0170356529305
-0.0198993748642
-0.0223108084991
-0.0209972706265
-0.0166142360045
-0.0192505584002
-0.0132223674715
-0.0140055523274
-0.00911916262519
-0.0016811985254
0.00179770946484
-0.0341065475775
-0.012660353459
-0.00921405072419
-0.0123871099384
-0.0154763686681
-0.0172294724652
-0.015097363479
-0.0203175811757
-0.0113128522717
-0.0219192102264
-0.0242483082296
-0.0180508791086
-0.0430752502256
-0.032593488211
-0.0247300125686
-0.0211087890168
-0.0224347956154
-0.0222313216157
-0.0203770853822
-0.0238368272849
-0.0231285934137
-0.0249819817072
-0.0295178571065
-0.0282234530494
-0.0630963176564
-0.0411482409687
-0.0390317176304
-0.0343755392639
-0.033180277538
-0.0220306634518
-0.00561549460387
-0.00111626105344
0.000746789794323
0.00661220306267
0.00840751309194
0.0155298111791
-0.008758847751
-0.0330475066811
-0.0180689077812
-0.00925862506729
-0.00786097652868
-0.0125366397173
-0.0135152873687
-0.0267094965279
-0.0296267321946
-0.0295964160983
-0.0288323391566
-0.0216074677276
-0.0316112193601
-0.031736526285
-0.0372117537626
-0.0344634474528
-0.0369070312935
-0.0411195671139
-0.0345690577322
-0.0375956133826
-0.0380905883025
-0.036807819583
-0.0330544695959
-0.0246170994823
-0.0583907284849
-0.0360846661331
-0.0353279385867
-0.0253164698705
-0.0233965243109
-0.00970423412393
-0.00156563907883
0.0067720848899
0.0131841082827
0.0207798564155
0.0283756045484
0.0315030466383
0.0116873319252
-0.00812838278789
-0.00248888345868
-0.0103509555969
-0.0241713834293
-0.0255003990518
-0.0329128210509
-0.0334604231602
-0.0385112687803
-0.0357186755309
-0.0355721561676
-0.0349028496649
-0.0681107283764
-0.0539150790058
-0.0516703436506
-0.0507649866495
-0.0461092436453
-0.046233834162
-0.0383197023625
-0.0365475125732
-0.0272897423264
-0.0244173734702
-0.00929924049459
-0.00106360394436
-0.00786806894008
-0.0146725339358
-0.00634772835211
0.000289587257739
0.0108822861123
0.0143810179282
0.0173394340739
0.0179857287966
0.014086375067
0.00892730235466
0.00698038851036
0.00643404516774
-0.042163383791
-0.0315807830555
-0.0419618640438
-0.0426868467876
-0.0435836977225
-0.048888707771
-0.0434829471273
-0.0400972494555
-0.0381013158148
-0.0379590384059
-0.0295007591483
-0.030285344398
-0.0700998257337
-0.0486570718063
-0.0422623480411
-0.0368519467044
-0.0261862926617
-0.0172199552626
-0.00726304442617
0.00125898292009
0.0128799082888
0.0148269231245
0.025794529925
0.0308275432491
0.0007748746239
-0.0292777940013
-0.00802685653972
-0.00909917596254
-0.010164073592
-0.0192811036026
-0.0248281387387
-0.0224748390323
-0.0278270644653
-0.0263663767123
-0.0332578780192
-0.0333490401374
-0.0460257205898
-0.0587024010423
-0.0630316562473
-0.065393994525
-0.0604081169279
-0.0545347165924
-0.0461591939208
-0.0432358577916
-0.0337617776272
-0.0290801601184
-0.0268852339212
-0.0177023829947
-0.0500331331481
-0.0322043666007
-0.0241179456948
-0.0222533368827
-0.0218388859229
-0.0234068870882
-0.018792429599
-0.0146762415752
-0.00912357205589
-0.0052227781462
-0.00712815829635
-0.00238943599039
-0.0438081166863
-0.0274188058574
-0.0293915849802
-0.0281415703766
-0.028726483573
-0.0280901284254
-0.0285240473951
-0.0334286156105
-0.0345589549478
-0.0354711360397
-0.032316515508
-0.03204332773
-0.0410502056786
-0.0500570836272
-0.0465957467574
-0.0382007627734
-0.0367568164245
-0.0297863220967
-0.0281915366607
-0.0236762206924
-0.0263932048073
-0.0236459288246
-0.0257208089504
-0.0214915392336
-0.061467324451
-0.0500932202183
-0.0457732194788
-0.0408245611643
-0.0326737709901
-0.0305689419793
-0.0266090969068
-0.0220337072241
-0.0132335745821
-0.0107303216462
-0.00677075848848
-0.00511954426957
-0.018767316271
-0.0324150882724
-0.0372647583043
-0.0405645104295
-0.0467435850537
-0.0489876873044
-0.0443187414258
-0.049203221007
-0.045200824818
-0.051865645491
-0.047998659508
-0.0422979540416
-0.0417729590407
-0.0372282482748
-0.0404282111577
-0.0354855423302
-0.0387675350802
-0.0393872897191
-0.0357199248297
-0.0350927437059
-0.0342096363638
-0.0342212446436
-0.0305590419749
-0.0238855238773
-0.0447180564946
-0.065550589112
-0.0515762363764
-0.0376018836408
-0.0334943759354
-0.0316579117924
-0.0235965652286
-0.019819311952
-0.0139814833585
-0.0138824435282
-0.0077879780062
-0.00112397164215
-0.039633193686
-0.0271195518505
-0.0267402473919
-0.0231158176359
-0.0321524804074
-0.0426690659217
-0.0431320433448
-0.0469149427727
-0.0464090469304
-0.044015285891
-0.0427979059595
-0.0475805161333
-0.0787210986829
-0.062926183276
-0.0627301745086
-0.0679921701516
-0.0641705665282
-0.0576022358932
-0.0589295358241
-0.0520045054736
-0.0389632058112
-0.0202003225493
-0.0189921358649
-0.00180325835561
-0.0204829921018
-0.039162725848
-0.0306922984611
-0.0267441907238
-0.0154460663849
-0.0120753358864
-0.0159303374854
-0.00798991776703
-0.010987719
-0.013985520233
-0.0167685570554
-0.0216095957094
-0.0638886132465
-0.0560486008139
-0.0636889675846
-0.065769542286
-0.0679447183363
-0.0703117218427
-0.0663569255781
-0.0677685018739
-0.0603004611796
-0.0539582665722
-0.0613062576013
-0.0501750269515
-0.0887865963087
-0.0716877753632
-0.0741861287043
-0.0689139520634
-0.0632027335282
-0.0536416134361
-0.051051287464
-0.0406306958124
-0.0242516737684
-0.0165120794092
-0.00313068311442
-0.0027967672882
-0.0441012302811
-0.0258169578351
-0.0188903105498
-0.0269817367138
-0.0195009492337
-0.027142845199
-0.023159905827
-0.0256807036619
-0.0329429601705
-0.0379110532949
-0.0412915890791
-0.0451214649712
-0.0931736542077
-0.0800744061794
-0.0827440524603
-0.0796133959136
-0.0703703758418
-0.0763836199575
-0.061101495562
-0.0522807649441
-0.0478694261093
-0.0407443540766
-0.0367045510494
-0.0215810182591
-0.0461271127284
-0.0706732071977
-0.0488023309263
-0.047040053602
-0.0438005695095
-0.0473206382064
-0.0354430477471
-0.0358964524602
-0.0377218366794
-0.0338788252014
-0.0400308424939
-0.0461828597864
-0.0331465110246
-0.0351751717495
-0.0447572434509
-0.0347871039304
-0.043212686481
-0.0456319720246
-0.0484615660947
-0.052469239015
-0.0513244433881
-0.0606457902092
-0.0544759481938
-0.0538863529302
-0.0607023732041
-0.067518393478
-0.0552453274414
-0.0519781226466
-0.0457011449797
-0.0431227938257
-0.0377295093898
-0.0310018262636
-0.0270226246011
-0.0226882026733
-0.0185144523656
-0.0171435356025
-0.064308337847
-0.050432320501
-0.046548705344
-0.040402447217
-0.042766306685
-0.0364960545807
-0.0330540800575
-0.0264536453476
-0.0174600850747
-0.0119348670125
-0.0170377569321
-0.0157467956145
-0.063570501393
-0.050590233387
-0.0509526629362
-0.0529100982457
-0.0486115823654
-0.0524214852512
-0.0524787714944
-0.0461750774922
-0.0435657899508
-0.0406784306664
-0.0289130423021
-0.0179322729494
-0.0671042705705
-0.0524016446981
-0.0529069002223
-0.044183490842
-0.051779078634
-0.0504921729502
-0.0526118134195
-0.0511468977865
-0.0513154070645
-0.0455618155789
-0.0435689018805
-0.0410733826576
-0.05488669648
-0.0687000103025
-0.0641596215472
-0.0567915532925
-0.0562695364678
-0.0531853866928
-0.0530707920034
-0.0460130305627
-0.0421851106612
-0.0342251445497
-0.0350461257888
-0.0280955084613
-0.032307790506
-0.0365200725507
-0.0413052771646
-0.0510767974102
-0.0579907421261
-0.0571173500295
-0.0651190934144
-0.0620109314389
-0.0673482301384
-0.0507013017132
-0.044987568206
-0.0545322421647
-0.0766138845138
-0.0986955268628
-0.0823489102411
-0.0886080458174
-0.0798518656069
-0.0888634300298
-0.0880070223219
-0.0804862099949
-0.0770258162478
-0.0678207378782
-0.0649002668521
-0.0509777353116
-0.0778192237501
-0.0560296060446
-0.0532943383216
-0.0450096262454
-0.0372091731358
-0.0298750297163
-0.0294710508694
-0.0221404005544
-0.0171002944367
-0.0147452822274
-0.0220918710396
-0.0212426622525
-0.0704921936088
-0.0457613655878
-0.0534912866441
-0.0633957873679
-0.0717345791369
-0.0749574790952
-0.0677764796103
-0.0693101514192
-0.0665655147986
-0.0587868261697
-0.0620980257241
-0.0621328925712
-0.0967756649073
-0.0866023265652
-0.0819249931951
-0.0821416504015
-0.07860665486
-0.0654758033231
-0.0590292615808
-0.0489610065996
-0.0378981911164
-0.0288495268219
-0.0124276391218
0.00711422292035
-0.0495313541971
-0.0271816666233
-0.0245680921072
-0.0168036784263
-0.021441295615
-0.0245604005132
-0.0332351383529
-0.0357615139071
-0.0393072629993
-0.0416590099752
-0.0504467071433
-0.0575252427982
-0.0956968600509
-0.0864419375068
-0.0830625176598
-0.0854966437911
-0.0756273987733
-0.0703854377991
-0.0767575937391
-0.0714039939638
-0.0630886873917
-0.0551910458506
-0.0512954944596
-0.0516064725898
-0.084452205699
-0.0607065890809
-0.0524372725291
-0.0431668109647
-0.0293626169394
-0.0230056273525
-0.0133415816507
-0.00193473390696
0.00187345549578
0.00513303446904
0.00642552859461
0.00531621524454
-0.0180288917129
-0.0413739986704
-0.0457320315869
-0.0500900645034
-0.0676530368258
-0.0669820907542
-0.0715191207205
-0.0730045371734
-0.0796310676139
-0.076782623806
-0.0768524979839
-0.0705904593608
-0.0861719820989
-0.101753504837
-0.085460753445
-0.0818215821588
-0.0737225260045
-0.0798654705391
-0.0672270777022
-0.0683901017957
-0.0554112542694
-0.045963472864
-0.0429485363923
-0.0424553629831
-0.0481125596852
-0.0537697563872
-0.0548469039475
-0.053105345415
-0.064813323172
-0.0574136857978
-0.0509590127736
-0.0556105898413
-0.0580421053345
-0.0537864183102
-0.0500787631119
-0.0496127211249
-0.0506949634281
-0.0541624328887
-0.0510054979108
-0.0522194866179
-0.0590456210718
-0.062773897834
-0.0625967877842
-0.0574760979517
-0.0543849669336
-0.0500141073222
-0.0345308400678
-0.0347393728792
-0.0566631206705
-0.051268704488
-0.0458742883055
-0.049759852089
-0.0591552601037
-0.0702077850052
-0.0654690712981
-0.0638966871392
-0.0753199049265
-0.069547429007
-0.0654206102675
-0.0662021251968
-0.0965294204667
-0.0673222133139
-0.0700308219536
-0.0674046627307
-0.0623627841202
-0.0595357859995
-0.0576255139846
-0.0570753837828
-0.0569388375472
-0.0574913850488
-0.049138893544
-0.0521453971773
-0.0854432950774
-0.0820281371165
-0.0786129791555
-0.0746966715582
-0.0752095068644
-0.0690837093006
-0.0634235181001
-0.063228940548
-0.0528036890648
-0.0499026262156
-0.0436019184919
-0.0526263867549
-0.0581717184541
-0.0637170501534
-0.0692623818526
-0.0748077135519
-0.0803530452512
-0.0858983769504
-0.0818050689786
-0.0761873082158
-0.0646282271985
-0.0613703290768
-0.0536516352758
-0.0463294914518
-0.0903604799189
-0.0663356905838
-0.0609423722226
-0.0533857662089
-0.0450728555767
-0.0358843800484
-0.0308754679652
-0.0261660073241
-0.0182278956224
-0.00974549715498
-0.00619004218066
-0.00720351660533
-0.0411544022966
-0.0751052879879
-0.0586987213167
-0.0691433606294
-0.0687046371955
-0.0668550130224
-0.062190341011
-0.0675060624651
-0.0707258378958
-0.0633256546999
-0.0712643300484
-0.0652047696831
-0.082614633757
-0.100024497831
-0.101781615339
-0.0964762635362
-0.0940877347243
-0.0932887856167
-0.0787815762259
-0.0751707639934
-0.0702926061463
-0.0639446019104
-0.0534427063003
-0.0403904317828
-0.0640350424978
-0.0464200737905
-0.0417224599117
-0.0380510845587
-0.0409112505362
-0.0401804277998
-0.0457631047499
-0.0509846736973
-0.053838709665
-0.0631307320545
-0.0678485968883
-0.0703705647172
-0.109199971246
-0.0948851813226
-0.0927345561918
-0.0915564243303
-0.0963322727489
-0.0943674500417
-0.0899152107413
-0.0934147464246
-0.0853309956174
-0.0859376829781
-0.0862829473525
-0.0795244299151
-0.108866429387
-0.0862995734685
-0.0904096861862
-0.0781803900046
-0.0702349828141
-0.0609270492988
-0.048931957405
-0.0486325921807
-0.0392400439896
-0.0319470819573
-0.0282409560255
-0.0286032184776
-0.064533336512
-0.0437728612155
-0.0544562509472
-0.0589031450516
-0.0668664084072
-0.0661057083737
-0.0776708766741
-0.0804623062153
-0.0872938780355
-0.0829546216909
-0.0865486806664
-0.084252106131
-0.116976257153
-0.10102885781
-0.0896243822937
-0.0934153092808
-0.0912238610812
-0.079905881102
-0.0720652926403
-0.0725840047197
-0.061951219591
-0.0524252026918
-0.0458107530007
-0.0346933305206
-0.0753919572684
-0.0611545919865
-0.0469172267046
-0.0395174874568
-0.0359917330119
-0.0224504511524
-0.0186287587171
-0.0194370081466
-0.022344893819
-0.020566185174
-0.0214912783782
-0.0224183693065
-0.0425533915496
-0.0626884137927
-0.0656566032657
-0.0751688143997
-0.0825126003202
-0.0972527560097
-0.10556817259
-0.104633194005
-0.0992518060625
-0.100552890303
-0.0988063330007
-0.0951006684304
-0.0909171933963
-0.0858436054243
-0.0824944313338
-0.0800354357902
-0.0685065951126
-0.070441297904
-0.066368119653
-0.0669194157651
-0.0639526619833
-0.0635378165584
-0.0658197962743
-0.0594511828368
-0.0658043190733
-0.0721574553097
-0.0699410508984
-0.0736405883666
-0.0665833716499
-0.0621239352124
-0.0681109815607
-0.0645243719461
-0.0614767996327
-0.0587776765639
-0.0657015399391
-0.065891464318
-0.103484279311
-0.0875769737633
-0.0966955012976
-0.0926717570478
-0.0984309608182
-0.0877867657858
-0.0794982382897
-0.0740852973474
-0.0659512732566
-0.0663095476311
-0.0641946588631
-0.0586808053251
-0.0641498223055
-0.069618839286
-0.0809655996721
-0.0891119763123
-0.0908281188985
-0.0857319796522
-0.0806358404059
-0.0755397011596
-0.0795263434861
-0.0769913389195
-0.0759223377741
-0.0699171251511
-0.0999705058
-0.0771207513598
-0.0804549104604
-0.0726847388685
-0.0723601772838
-0.0749168206472
-0.0719904255473
-0.0766737297363
-0.0678739791838
-0.0663654935356
-0.0660232214314
-0.0662321318108
-0.0951337488606
-0.0715296098286
-0.0727770364414
-0.0732185914454
-0.0717051749236
-0.0649706964242
-0.0625952206133
-0.0648301973169
-0.0618365069671
-0.065540948349
-0.0686393498628
-0.0660268444866
-0.0844905292458
-0.102954214005
-0.101989139654
-0.096689590756
-0.0975414230011
-0.0915657573817
-0.0852518753834
-0.0781255092148
-0.070079750024
-0.0644762920967
-0.0508157144925
-0.0443824164367
-0.0513811659878
-0.0583799155389
-0.0692408951474
-0.0616345435854
-0.0613927130645
-0.0638492901517
-0.0547212306542
-0.0529091813183
-0.0600820379036
-0.0642837134905
-0.0690081613843
-0.0814777884527
-0.106097848175
-0.0970580381307
-0.0984591984156
-0.0962065626488
-0.0984168833707
-0.0990421446442
-0.0974107521274
-0.0996757506106
-0.0981934279814
-0.0943515901957
-0.0966613587845
-0.0902366782083
-0.124985493801
-0.104813849896
-0.0991045839604
-0.0924725153713
-0.0854098186531
-0.0786053520271
-0.069417403254
-0.0603110223395
-0.0501327998756
-0.0458492163352
-0.0365739380027
-0.0336079791235
-0.0413978595383
-0.049187739953
-0.0569776203678
-0.0662809549366
-0.0658621431992
-0.0704895525935
-0.077304177152
-0.0854430271652
-0.0856855706573
-0.0871122482197
-0.094208375375
-0.0882126035445
-0.131385047292
-0.113630934126
-0.110821577785
-0.109375975735
-0.109111720296
-0.1048318468
-0.11017318044
-0.10327682859
-0.0914801385022
-0.0911294017385
-0.0814909716332
-0.0725389490403
-0.0980130027905
-0.0779745525592
-0.0703943230668
-0.0616436837167
-0.055267586281
-0.0537131921387
-0.0508477543501
-0.0444365261343
-0.0489144262472
-0.053537014953
-0.0494416519398
-0.0546282599226
-0.0953215133646
-0.0918978242398
-0.0926872323343
-0.0960312025033
-0.0981367350302
-0.105380366372
-0.106901279271
-0.10842219217
-0.110924437642
-0.102055568583
-0.0935379555292
-0.0912125501957
-0.0981257425398
-0.105038934884
-0.104258151776
-0.103535121109
-0.1045606613
-0.0912935177315
-0.088616474598
-0.0831819587561
-0.0857191990588
-0.0685538868941
-0.0624957047654
-0.056885796519
-0.0657202375788
-0.0745546786386
-0.0680847468754
-0.0691445537478
-0.0737299820956
-0.0756692086453
-0.0705066088902
-0.0826048029066
-0.0751710862173
-0.0831682240693
-0.0840188603472
-0.0878671309275
-0.0948165212376
-0.102170893318
-0.108150756401
-0.106329214725
-0.103517243159
-0.0984257253956
-0.094018771789
-0.0860656489067
-0.0777549348907
-0.0688288463284
-0.0650476354493
-0.0550536920885
-0.104163898768
-0.0859914608858
-0.0846790022744
-0.0808864768311
-0.0844683362538
-0.0986766767198
-0.0867090504622
-0.0792006654088
-0.0831670630793
-0.0796354423419
-0.074915496023
-0.0687027917819
-0.0761672451921
-0.0836316986022
-0.0902862296147
-0.0848200897405
-0.0869341094371
-0.0871052757258
-0.087169243348
-0.0818599625948
-0.0903789909472
-0.0826868110543
-0.088656247587
-0.0917290973101
-0.11551462137
-0.0957776714015
-0.0962672987014
-0.0917065384038
-0.0793831982408
-0.0823470758179
-0.0691981305024
-0.0742068215426
-0.0721742564161
-0.0807798508349
-0.0810219828077
-0.0845194823267
-0.114813950743
-0.105893746553
-0.104383347771
-0.0956408637029
-0.08809072009
-0.0898813471374
-0.0870636264495
-0.0835584342715
-0.0787718438414
-0.0719823806858
-0.0617540210964
-0.0586527125631
-0.0944938856388
-0.0712633345874
-0.0653574291515
-0.0662130098548
-0.0652744705041
-0.0612413935297
-0.0586651610464
-0.0579331833445
-0.0515676537596
-0.0535770814811
-0.0552685981622
-0.0623484788539
-0.114749066657
-0.103551069839
-0.0952774142746
-0.0941650448877
-0.0994219985705
-0.0964808639529
-0.101305780703
-0.0987054391252
-0.099658375612
-0.096605313424
-0.0939408371983
-0.0941759680709
-0.0993741273949
-0.104572286719
-0.0990511238073
-0.0974974429956
-0.0923619358238
-0.0882491415205
-0.0840796150939
-0.0700581287975
-0.0635305631037
-0.0561341751045
-0.0536703727377
-0.047998684109
-0.0857947813119
-0.0603240308433
-0.056976261152
-0.0676691429887
-0.0666842153825
-0.0728394063653
-0.0845525975641
-0.0916166186058
-0.0883116618076
-0.095312571263
-0.0942244996113
-0.0940665329429
-0.118147159023
-0.111291339284
-0.107850321847
-0.104109098433
-0.102189875188
-0.0930724813969
-0.10831837903
-0.100168735942
-0.0964002691105
-0.0963750156222
-0.0844648945663
-0.0815803262358
-0.0829284189183
-0.0842765116008
-0.0779069805041
-0.0714979174951
-0.067941025954
-0.0639918017502
-0.051978418159
-0.0499198533666
-0.050737967379
-0.0544460024256
-0.0513607058069
-0.0611660624811
-0.0714418916423
-0.0817177208035
-0.0867193921082
-0.0925255657629
-0.0952254951885
-0.102911848039
-0.105093407258
-0.104704540838
-0.100395613096
-0.0964063782111
-0.0956104021831
-0.093815798336
-0.122514438045
-0.104481682452
-0.103864487674
-0.100025336388
-0.098779734443
-0.0906759853684
-0.0887282043738
-0.0748462033104
-0.0660126800111
-0.0512062193315
-0.0466915393558
-0.0413062963771
-0.0532695937111
-0.065232891045
-0.0647084340183
-0.0691752723855
-0.0724888985443
-0.0760190438238
-0.0815702524433
-0.0760689528363
-0.0837220453628
-0.0913751378894
-0.0954190268231
-0.0944343631302
-0.095747241716
-0.103697653838
-0.105726097447
-0.107370174133
-0.107802208144
-0.094381135422
-0.0905415612797
-0.0839237022254
-0.0840257005642
-0.0775357488078
-0.0665322276287
-0.0615052035498
-0.0792250765013
-0.0969449494527
-0.092982708375
-0.0828354654563
-0.0786387334191
-0.082969525457
-0.0721372807321
-0.0723348011761
-0.0686087304262
-0.0632713703975
-0.0643818363216
-0.0623629834111
-0.0996813721413
-0.0824598524848
-0.081694858374
-0.0834402137629
-0.0845484127832
-0.0883926575121
-0.0835978031379
-0.0867018841988
-0.0904427791749
-0.0930456101832
-0.0947242735527
-0.102439211309
-0.12235543858
-0.104333995355
-0.105175374351
-0.094247986664
-0.0932288111296
-0.0837485488131
-0.0743292413574
-0.0680116536473
-0.0666936080447
-0.0730670138649
-0.0666792341177
-0.0663518808997
-0.0843039671088
-0.102256053318
-0.104565849618
-0.0990007568309
-0.105062553449
-0.0944764837652
-0.098296871721
-0.0958831001041
-0.0890494335543
-0.0880338528999
-0.081680609654
-0.0783186067874
-0.101981997881
-0.0875994970063
-0.0882884830677
-0.0887468690129
-0.0892766131536
-0.0886626217052
-0.0844957128625
-0.0852965465231
-0.0913018686776
-0.0826060440442
-0.0764163578558
-0.0787358436567
-0.10354147047
-0.0841404055954
-0.0796566072512
-0.0806475962524
-0.0685245652917
-0.0631819461149
-0.0578393269382
-0.0524967077614
-0.0586296825071
-0.0630424432135
-0.0701181438681
-0.069157352212
-0.085564618626
-0.10197188504
-0.102103531883
-0.0926543427202
-0.0931840105228
-0.0820451671067
-0.083840037324
-0.0721431478675
-0.0643298744174
-0.0600366534857
-0.0592807404116
-0.0501554614199
-0.0570453741533
-0.0639352868867
-0.069595810171
-0.0608436529761
-0.0561984699165
-0.0651147498999
-0.0701310125546
-0.0726239215183
-0.0736436289306
-0.077459318876
-0.0768074872723
-0.0707305691845
-0.0879788011188
-0.105227033053
-0.113030190983
-0.114018720592
-0.116242200788
-0.115767887454
-0.109613860304
-0.123318974092
-0.112633539218
-0.102281426414
-0.104943171016
-0.0959392071402
-0.0949958332813
-0.0940524594224
-0.0900696721779
-0.0836896977774
-0.0685227563712
-0.064214552911
-0.0644530218398
-0.0503924576481
-0.0472668550975
-0.0467461230585
-0.046788088299
-0.0548567946604
-0.103743053029
-0.086746673286
-0.0971320210976
-0.104877308072
-0.10921300128
-0.117759189759
-0.121188810981
-0.11492420461
-0.116257149143
-0.111811643671
-0.116105468056
-0.114545509308
-0.137944530648
-0.129808960806
-0.118162162749
-0.123815634862
-0.124039003282
-0.113218768431
-0.107773656086
-0.105897382722
-0.0912733048313
-0.0886005081282
-0.0719676134503
-0.0634320619989
-0.0904242884285
-0.069067706599
-0.0664181374
-0.0672489350524
-0.0706165209898
-0.0661996933389
-0.0712022493054
-0.0762048052719
-0.0835883120913
-0.0930606205405
-0.0976127490291
-0.106256813219
-0.115517063532
-0.114990452191
-0.128733765897
-0.128288098556
-0.127908516763
-0.124404204836
-0.128111178453
-0.123162029504
-0.116682269432
-0.11020250936
-0.112131212217
-0.107246625705
-0.131198811009
-0.109730346524
-0.100448194193
-0.0990961614657
-0.092913512374
-0.0893920322014
-0.0798514353478
-0.0752385233231
-0.0736278478731
-0.0724120254158
-0.0685806677539
-0.0615840819818
-0.102386913505
-0.0792003157416
-0.0865902628177
-0.0914940802555
-0.0916239499408
-0.0952435260827
-0.0917617439592
-0.0944354509249
-0.100385989322
-0.1026936711
-0.110069846134
-0.110488211237
-0.117385970933
-0.124283730629
-0.122191063319
-0.111034564819
-0.105381597016
-0.100588221406
-0.0908808371474
-0.100837374657
-0.0886419757819
-0.0853240680848
-0.0812876390973
-0.0821255811564
-0.112268051018
-0.0997242912661
-0.0961152985786
-0.0994677299897
-0.0963465651299
-0.0974011407288
-0.0967521902629
-0.0987442983755
-0.0861976072972
-0.0803144767466
-0.0826126272217
-0.083166930528
-0.115058410406
-0.101143576687
-0.102840977499
-0.101772524037
-0.102245902861
-0.109403113377
-0.103913519696
-0.107195296552
-0.106802514871
-0.103060404867
-0.100519298662
-0.0910833033562
-0.118478817538
-0.0874023628337
-0.0908598484374
-0.0977035515679
-0.0960169102986
-0.100129916223
-0.099549632474
-0.106320265455
-0.107997219889
-0.108030246792
-0.110835960677
-0.110711578586
-0.112105416723
-0.109661530927
-0.105328813269
-0.103409717714
-0.0956412219494
-0.0883927930168
-0.0869559242697
-0.0814829287319
-0.0708400587091
-0.069506375473
-0.0684327089944
-0.0648244179021
-0.118299635366
-0.0991275249693
-0.0884326535958
-0.08692475087
-0.0860124889051
-0.0947752123043
-0.0974919213848
-0.101863721427
-0.0994272685064
-0.0984027214239
-0.0953264092544
-0.100754281184
-0.0989289257542
-0.102869655281
-0.102257901581
-0.10457394182
-0.100658047362
-0.103548232963
-0.104312794593
-0.10209732664
-0.0966892206566
-0.088993140374
-0.0851407006947
-0.0812961476073
-0.0938143569602
-0.106332566313
-0.105154158058
-0.0984444736976
-0.0977643431279
-0.0940123278471
-0.0813714356418
-0.0806967615507
-0.0820195336982
-0.0697796359758
-0.0716266346456
-0.0698944482124
-0.0764372064905
-0.0829799647686
-0.096064860524
-0.09647233192
-0.103270426179
-0.104364763188
-0.107642036196
-0.109064711312
-0.114969124085
-0.110766584641
-0.110319088137
-0.115134875988
-0.118225789914
-0.121316703841
-0.124407617767
-0.129642411994
-0.124076088288
-0.122209933639
-0.121706267522
-0.111664388572
-0.110002734212
-0.0965828095286
-0.0861640717195
-0.0808465656518
-0.0948727681497
-0.0763997508913
-0.0723981381114
-0.0544451362684
-0.0557576580125
-0.0530323517735
-0.0543835793401
-0.0594168499519
-0.0707866660992
-0.0758288734808
-0.0803249792497
-0.0823548171235
-0.141307806435
-0.117663163114
-0.12170807984
-0.131325000125
-0.131421052593
-0.127601665332
-0.12595257818
-0.130415872934
-0.12196010361
-0.123191979833
-0.118820046462
-0.11958990014
-0.116755254138
-0.113920608137
-0.113349422322
-0.11180076971
-0.100967637938
-0.0986318095499
-0.0941809828296
-0.0871775792918
-0.0750334737627
-0.0766542832302
-0.0767455462223
-0.0732858132713
-0.075113730353
-0.072660491041
-0.0768188977248
-0.0746477341571
-0.0801559855186
-0.081813287576
-0.0599357666409
-0.0588900795311
-0.0578443924213
-0.0755798045075
-0.0802318760648
-0.0778379689419
-0.102879174607
-0.0903877206243
-0.092879328807
-0.0878936269909
-0.0793986165824
-0.0739677495925
-0.0703862875491
-0.0606727336904
-0.0561852675126
-0.0548467461157
-0.0480117185728
-0.0416780373825
-0.0631143767062
-0.0845507160299
-0.0816550097852
-0.0674639184967
-0.075091689629
-0.0751290971076
-0.0701134609515
-0.0699391023372
-0.0699036603563
-0.0652151293894
-0.0665592212985
-0.0610998999938
-0.0765416550088
-0.0919834100239
-0.0865967348367
-0.0977395375932
-0.095479305794
-0.100062081594
-0.0904861001747
-0.104932041825
-0.103047453773
-0.0998531054353
-0.0974417739616
-0.0944399555905
-0.0962311941634
-0.0980224327364
-0.103456590632
-0.0972620073649
-0.0949016168447
-0.0935099950114
-0.0940922054255
-0.0930065928985
-0.098335677202
-0.0972144173593
-0.102182663088
-0.103294824357
-0.113528613772
-0.104830193555
-0.107684472631
-0.10603108839
-0.0975823345877
-0.0987016768278
-0.0905048121797
-0.086595146456
-0.0856122228858
-0.0823805540718
-0.0818422727689
-0.0805859989562
-0.0863498658774
-0.0921137327986
-0.0962495194037
-0.101831305576
-0.112128866538
-0.104950041087
-0.10396018066
-0.102921338191
-0.0957592297199
-0.0976481244665
-0.0893251897468
-0.0926106497588
-0.117370786713
-0.104585906196
-0.107746035323
-0.104842741775
-0.110449462107
-0.110305966253
-0.113546888317
-0.116197184189
-0.111082924041
-0.104491937939
-0.105862748888
-0.104357555845
-0.116639260453
-0.0953858209181
-0.100648679373
-0.0868280119863
-0.0896067980985
-0.0798849286628
-0.0771905148235
-0.0698525957836
-0.0723572041193
-0.0707395846578
-0.0693601387106
-0.0610089008366
-0.0714237614522
-0.0818386220678
-0.0981739028632
-0.098170037294
-0.102749291507
-0.107506789062
-0.110082633039
-0.107171713951
-0.110799471073
-0.120742235586
-0.123555912035
-0.112410498961
-0.120840802117
-0.126149117734
-0.121246942015
-0.122070024557
-0.120508391806
-0.114541497472
-0.117051615782
-0.104625451072
-0.100315033968
-0.0934233599642
-0.0824325393813
-0.0720518657631
-0.0797988567103
-0.0875458476575
-0.0840055016862
-0.0831396050619
-0.0748216245556
-0.073242422644
-0.0694843558609
-0.0719680821039
-0.0703685516053
-0.071811913725
-0.0810992693045
-0.0872348450962
-0.120564456448
-0.116654422827
-0.109989271625
-0.116176484634
-0.120411597232
-0.115775033337
-0.116582725576
-0.117390417815
-0.118198110054
-0.119005802293
-0.119813494532
-0.120621186771
-0.12142887901
-0.122236571249
-0.123044263488
-0.123851955727
-0.124659647966
-0.125467340205
-0.126275032444
-0.127082724683
-0.127890416922
-0.128698109161
-0.1295058014
-0.130313493639
-0.131121185878
-0.131928878117
-0.132736570356
-0.133544262595
-0.134351954834
-0.135159647073
-0.135967339312
-0.136775031551
-0.13758272379
-0.138390416029
-0.139198108268
-0.140005800507
-0.140813492746
-0.141621184985
-0.142428877224
-0.143236569463
-0.144044261702
-0.144851953941
-0.14565964618
-0.146467338419
-0.147275030658
-0.148082722897
-0.148890415136
-0.149698107375
-0.150505799614
-0.151313491853
-0.152121184092
-0.152928876331
-0.15373656857
-0.154544260809
-0.155351953048
-0.156159645287
-0.156967337526
-0.157775029765
-0.158582722004
-0.159390414243
-0.160198106482
-0.161005798721
-0.16181349096
-0.162621183199
-0.163428875438
-0.164236567677
-0.165044259916
-0.165851952155
-0.166659644394
-0.167467336633
-0.168275028872
-0.169082721111
-0.16989041335
-0.170698105589
-0.171505797828
-0.172313490067
-0.173121182306
-0.173928874545
-0.174736566784
-0.175544259023
-0.176351951262
-0.177159643501
-0.17796733574
-0.178775027979
-0.179582720218
-0.180390412457
-0.181198104696
-0.182005796935
