-0.14252259371
-0.140734458444
-0.138946323179
-0.137158187914
-0.135370052649
-0.133581917384
-0.131793782118
-0.130005646853
-0.128217511588
-0.126429376323
-0.124641241058
-0.122853105792
-0.121064970527
-0.119276835262
-0.117488699997
-0.115700564732
-0.113912429466
-0.112124294201
-0.110336158936
-0.108548023671
-0.106759888406
-0.10497175314
-0.103183617875
-0.10139548261
-0.0996073473447
-0.0978192120795
-0.0960310768143
-0.0942429415491
-0.0924548062839
-0.0906666710187
-0.0888785357535
-0.0870904004883
-0.0853022652231
-0.0835141299579
-0.0817259946927
-0.0799378594275
-0.0781497241623
-0.0763615888971
-0.0745734536319
-0.0727853183667
-0.0709971831015
-0.0692090478363
-0.0674209125711
-0.0656327773059
-0.0638446420407
-0.0620565067755
-0.0602683715103
-0.0584802362451
-0.0566921009799
-0.0549039657147
-0.0531158304495
-0.0513276951843
-0.0495395599191
-0.0477514246539
-0.0459632893887
-0.0441751541235
-0.0423870188583
-0.0405988835931
-0.0388107483279
-0.0370226130627
-0.0352344777975
-0.0334463425323
-0.0316582072671
-0.0298700720019
-0.0280819367367
-0.0262938014715
-0.0245056662063
-0.0227175309411
-0.0209293956759
-0.0191412604107
-0.0173531251455
-0.0155649898803
-0.0137768546151
-0.0119887193499
-0.0102005840847
-0.0084124488195
-0.0066243135543
-0.0048361782891
-0.0030480430239
-0.0012599077587
0.0005282275065
0.0023163627717
0.0041044980369
0.00377269003436
0.00231923642284
0.00109178389977
-0.000270388323373
0.000694814323824
0.00201726765195
0.00360359692345
0.0041870995305
0.00482670665102
0.00443370071871
0.00373422309168
0.00367595523617
0.00419173581047
0.00304009229113
0.00427073438456
0.00395413726633
0.00351565472752
0.00393323708944
0.0050817318347
0.00703745615059
0.00711949512085
0.00697148926598
0.00640561155266
0.00467957734232
0.00465293448777
0.00513012803122
0.00485558732381
0.00341637357923
0.000730521147927
0.00216176723271
0.00486365584793
0.00370204517011
0.00323505794464
0.00291287389281
0.00353397457319
0.00304215303719
0.00225916508475
0.00216843121226
0.00441390160644
0.00323263185885
0.00226783284629
0.000638936985125
0.00023323354516
0.000245187568011
1.62092509057e-05
0.00108018318186
0.0026619309987
0.0032523388374
0.00384274667609
0.00374577739961
0.0040389698233
0.00438923937968
0.00423483328834
0.00400286054191
0.00294805803481
0.00103399843388
0.000870605478997
0.0010295340601
0.00194007923564
0.00280094515297
0.00369254589354
0.00412315109316
0.00386088055013
0.00343256946161
0.00398553888233
0.00451122169775
0.0042987192163
0.00354646491634
0.00256061075959
0.00164988088418
0.00135926497018
0.00160569516141
0.00273117964545
0.00394178390768
0.004354674857
0.00407267787745
0.00342507205466
0.00324978828855
0.00357103711429
0.00413998312783
0.00384807378193
0.00320294492387
0.00260167563367
0.0013611634132
0.000855014732995
0.00188947333338
0.0029942150427
0.00370287813711
0.00487767182348
0.00437310642193
0.00407849753991
0.00346574516181
0.00285299278371
0.00268951000775
0.00282848228126
0.00215039606853
0.00173551225179
0.0011569830785
0.00173967753277
0.00215198871268
0.00246782487394
0.00337567791403
0.00381251285403
0.00394567768079
0.0037365427638
0.00347663268109
0.0032543116572
0.00232611425176
0.00140798637819
0.000745633193065
0.000693419648554
0.00157134933834
0.0017888157409
0.00275332898324
0.00321328574996
0.00318073625107
0.00320323328877
0.00335096051712
0.00362234513301
0.00383365039266
0.00321995593566
0.00226836582388
0.00104580955404
0.000628322398774
0.000822597059764
0.00152175728162
0.00273317471007
0.0034933820199
0.00369790134608
0.00330732869102
0.00328388833435
0.00358430833614
0.00397850428935
0.00399928044566
0.00346173390164
0.00233391075471
0.00121598922509
0.000563950384135
0.000958459450387
0.00206806332534
0.00314542581463
0.0036720481341
0.0037024667056
0.00365415717342
0.00340019293829
0.00393262470212
0.00431763096412
0.00412389477528
0.00339083936553
0.00237586412717
0.00140758752766
0.00135082865445
0.00170044014769
0.0028024370838
0.003624091366
0.00420669517667
0.00389823752671
0.00320650628843
0.00285982013942
0.00368555707531
0.0038885173725
0.00388763544829
0.00314379661031
0.001754045048
0.00142762724249
0.00116347319209
0.00203875441027
0.00289084195415
0.00349211152616
0.00377410411012
0.00374214083455
0.00334884299639
0.00298752733929
0.00261838198385
0.00255202775256
0.00241410230209
0.00169659658485
0.00131777866231
0.00103220184018
0.00199397738837
0.00250546266682
0.00285235361331
0.00349908382929
0.00378738093525
0.00407870877353
0.00384236837717
0.00364950210569
0.00360475807441
0.00356001404313
0.00351527001185
0.00347052598056
0.00342578194928
0.003381037918
0.00333629388672
0.00329154985544
0.00324680582416
0.00320206179288
0.00315731776159
0.00311257373031
0.00306782969903
0.00302308566775
0.00297834163647
0.00293359760519
0.00288885357391
0.00284410954262
0.00279936551134
0.00275462148006
0.00270987744878
0.00334356293862
0.00316233660981
0.00337935502929
0.00358197272901
0.0036651366872
0.00321711386911
0.00276909105102
0.00232106823293
0.00187304541484
0.00107304215068
0.000668197386756
0.00129470260938
0.0020594452849
0.00294998132948
0.00327410089242
0.00286400689035
0.00276442381874
0.00274598303715
0.0031801720346
0.00365992784138
0.00349677878917
0.00299137627327
0.00182566129825
0.0010785870325
0.000700756560492
0.00140696318194
0.00194137299033
0.00289303920526
0.00335044005692
0.00311484993458
0.00275454433299
0.00284781454112
0.00309959237509
0.00360452640478
0.00344564432217
0.00306932873394
0.00243322665078
0.00180992888392
0.00189934984988
0.00223981081639
0.00304302489443
0.00355947522948
0.0037286213465
0.0035723915906
0.00323797296326
0.00299832834105
0.00293150527267
0.00271878858304
0.00266610272421
0.0025090315337
0.002171133835
0.00200898918651
0.00172203917834
0.00189734195765
0.00248845034021
0.00266911378335
0.00313999318091
0.00351862389582
0.0035324603949
0.00296997928452
0.00254877404012
0.0019930409397
0.00164772944681
0.00146541405508
0.00124135729205
0.00182592241119
0.00231451994046
0.00267429221403
0.003019726276
0.0030855708339
0.00307687107249
0.00317513954948
0.00332812249391
0.00282602471441
0.00277672831628
0.00206965308481
0.00136257785333
0.00138120276687
0.00138673624772
0.00170881961181
0.00149028265725
0.00255169933718
0.00284222495571
0.00309911363734
0.00329288830633
0.00355705564589
0.0033506842747
0.0028111238554
0.00187553618352
0.00155411161384
0.00118595011721
0.00125182967405
0.00142876862196
0.00176046109295
0.00214156008555
0.00237808483015
0.00223672263526
0.00252362565244
0.00314831848903
0.00328556003799
0.00355892861676
0.00357629288868
0.00283209068511
0.00203363851191
0.0016643977764
0.00172536047562
0.00179629065272
0.00228032032089
0.00259870982776
0.0026962249703
0.00275189959007
0.00222613228287
0.00248041902548
0.00260045176383
0.00334624930519
0.00299884501287
0.00265860756631
0.00221672500268
0.00221699828265
0.0018084747512
0.00192676830189
0.00258606615925
0.00270031890771
0.00282716553723
0.00257837459284
0.00247103527055
0.00213641204301
0.00217330279348
0.00236693844792
0.00257416231971
0.00275431728269
0.00264824474038
0.00260702914636
0.00244301147972
0.00235957856557
0.00255303394886
0.0025417349844
0.0029215746365
0.00281018519867
0.00256338085864
0.00233236481846
0.00238042838477
0.0020795307515
0.0020347717436
0.00203476346733
0.00222198392922
0.00218340379897
0.00229521690141
0.00257209087974
0.00276257491882
0.00295150969491
0.0030416955015
0.00296792933297
0.00297956674725
0.00269034903959
0.00257342287652
0.00220930158308
0.00225255859722
0.00230701365315
0.00241270870257
0.00220963865188
0.00195438669272
0.00213984313654
0.00235435546937
0.00284546640267
0.00309282384902
0.00341621657761
0.00299349921315
0.00258723830565
0.00229636507013
0.00212971672207
0.00199932188921
0.00186892705634
0.00173853222348
0.00185053087351
0.00142448570612
0.00126824847828
0.00122846353595
0.0017588572755
0.00218659904304
0.0027578599864
0.00305257138764
0.00265018415901
0.0025518151869
0.0018206016932
0.00231269482125
0.00193441458766
0.00217543252967
0.00232760039943
0.00218381360976
0.00204962403114
0.001675196434
0.00151884805808
0.00201570891234
0.00253526675653
0.00295991282121
0.00324158414914
0.00277870387159
0.0026613084833
0.00254992159718
0.00219797173091
0.0025523726807
0.00275498849171
0.0028392153818
0.0025045166834
0.00197808175473
0.00160136005796
0.00106261294489
0.00154289537758
0.00214145319426
0.00274906752414
0.00291787953209
0.00233909351019
0.0023601697298
0.00194116674873
0.00209888177467
0.00218287688816
0.00267775590283
0.00259876245359
0.00237417138182
0.001746331876
0.00178285950693
0.00195947981204
0.0020572214966
0.00234812082312
0.00255708134384
0.00226313117363
0.00238205492279
0.00218874183839
0.00217893134527
0.0023329843957
0.00281246408425
0.00254958506992
0.00236347776649
0.00219978755345
0.00192545533705
0.00206677531624
0.00242041687344
0.00278646022894
0.0028030980984
0.00274804442782
0.00223808551779
0.00212564933251
0.00243526851953
0.00225113103008
0.00217819487729
0.00304234772127
0.00279471535024
0.00220806953493
0.00218399502238
0.0021202356058
0.00241717212036
0.0025911880548
0.00286722710008
0.00304289072914
0.00269947903152
0.00207790751416
0.00127085595503
0.00184754286623
0.00201191602973
0.00276418444257
0.00307766223759
0.00312345927935
0.00277439733822
0.00208849408232
0.00171463776492
0.00205585477758
0.00242202217761
0.00278818957763
0.00211421174646
0.00210563994227
0.00147066478776
0.000704265879107
0.000906505568898
0.00180395729066
0.0021907705785
0.00297970277418
0.00329042167737
0.00295344251789
0.0026131235839
0.00234134479464
0.00230245458573
0.00239533330608
0.00295298745849
0.00234131290007
0.00187152687875
0.000827465659472
0.000991383163105
0.000907603122949
0.00166170797713
0.00272690659927
0.00277085794104
0.0027152918303
0.00259404264982
0.0021204861995
0.0014978080945
0.00235093226672
0.00264090541323
0.00262167962679
0.00252514607511
0.0017292085584
0.00106149469691
0.00105864374417
0.00156503107895
0.00221941669063
0.00281678658427
0.0031666359302
0.00294822543693
0.00241763383866
0.00174160835116
0.00212246657174
0.00226238126517
0.00231751361817
0.00251171517179
0.00201095843105
0.00190819669669
0.0015601229433
0.00164833480778
0.00180557748262
0.00283530842273
0.00275110955984
0.00283166896769
0.00225167070014
0.00223525198896
0.00172697921307
0.00256602026342
0.00200845048439
0.00232489555431
0.00160723405965
0.00217887059161
0.0019621536706
0.0018942860404
0.00223979406225
0.00254787226193
0.00328994719363
0.00349007243361
0.00280125953346
0.0029668899246
0.00152076748803
0.00220252421845
0.00141727938954
0.002051455708
0.0026704654169
0.00295896653861
0.0026759637431
0.0025030199228
0.00232215748328
0.00211585173942
0.00266735168354
0.00301619515918
0.00336737223057
0.00287273568023
0.00199416710031
0.00138430581075
0.000589257571034
0.00131871183556
0.00168717348747
0.00296592068919
0.00270748379653
0.00299468128394
0.00261889261816
0.00228097230387
0.00213277411322
0.00238493738049
0.00263710064775
0.00247659802682
0.00176357101202
0.000877779271833
0.0004541988929
0.000735148930726
0.00118757449383
0.00216435788556
0.00286520535375
0.00331563597396
0.00282229182898
0.00273234706388
0.00241546139964
0.00287750052942
0.00282548265954
0.00279976451841
0.00246349161912
0.00112693070007
0.000755499361375
0.000862553348483
0.00100741210884
0.00144218938013
0.00229163358888
0.00273011503704
0.00265655556602
0.00253660639964
0.00249893992051
0.00227200104487
0.00220279575115
0.00232462514865
0.00225848395244
0.00185066668196
0.00158570573565
0.00144131906045
0.00143686929897
0.00130907286537
0.00139283090835
0.00239314821351
0.00236097955819
0.00201673729928
0.00205979714561
0.00199690611004
0.00173520828328
0.00223401871724
0.00207540127525
0.0018668150762
0.00168482528037
0.00176766962197
0.00173450387714
0.00208697918616
0.00271519692907
0.0030180059111
0.00311354230579
0.00281634265763
0.00251828975675
0.00201421765089
0.00127949631816
0.00182980747364
0.00196768564337
0.00204164139522
0.00212879280361
0.00218748716462
0.00198833431109
0.00211287588596
0.00228352646988
0.00286814615376
0.00295570853583
0.00335675448485
0.00289020714287
0.00222349278079
0.00173684525858
0.00102592306373
0.00143055392787
0.00184969831881
0.00260600734797
0.00265383908989
0.00268977608139
0.00254226430709
0.00245595593743
0.0030961573618
0.0025154092856
0.00257041412926
0.00268096187481
0.00228809379046
0.00148836649439
0.00108814668352
0.000986810064742
0.00146128175203
0.00187763619006
0.00254731648184
0.00300314896909
0.00301860718832
0.00259454002565
0.00264250124478
0.0028773961937
0.00282380114908
0.00277020610445
0.00257115214785
0.00183571419196
0.0011112753182
0.000768262198497
0.000762506805292
0.00133405805786
0.00179974267558
0.00203049964789
0.0026319564243
0.00238417492326
0.00222851836841
0.00227545354053
0.00239619960829
0.00255266846137
0.00259752389449
0.00205656049467
0.00169164645119
0.00121388696846
0.00127441030184
0.001193330869
0.0018260553656
0.00218951998342
0.00235728485318
0.00202652875813
0.00203879929804
0.00203781393785
0.00204618368526
0.00255382815917
0.00261656276634
0.00224858831653
0.00187804128773
0.00117127730825
0.00110964232822
0.00162897373267
0.00205138067725
0.00255693798371
0.00287267441904
0.00272884303554
0.0021900315235
0.0018425937738
0.001846431483
0.00190188203941
0.00225889527786
0.00223365885721
0.00186093531225
0.00218962377597
0.00158006576138
0.00167071654874
0.00225593789738
0.00267277722914
0.00318714032528
0.0032452783572
0.00289737242453
0.00262290335258
0.0020743062967
0.00146263125798
0.00150956326892
0.0017520880061
0.00181837162516
0.00217062191416
0.00250351064013
0.00252578816048
0.00216373800078
0.00272678253612
0.00303144894489
0.0032960152275
0.00323309983063
0.00267162999273
0.00211696321502
0.00136798588082
0.00127762003215
0.00134456940483
0.00162716298044
0.00233364554492
0.00287381745393
0.00279298152649
0.00274208404258
0.00281897140716
0.00296040189878
0.00306142659811
0.00321240796781
0.00311407674137
0.00282185807063
0.00175597464442
0.000300460453249
-6.51261060002e-05
0.000817110038124
0.00130784361208
0.00215439732959
0.00269855434844
0.00305297490369
0.00294996171473
0.00279177898908
0.00304943306438
0.00272826810713
0.00240710314989
0.00197237072792
0.00160126219074
0.000943249342286
0.00063507869617
0.000706236309129
0.000982529049163
0.00165611630212
0.00232662250508
0.00240878576537
0.00236071196217
0.0022111933935
0.00243298547641
0.00274780245464
0.00269391590985
0.00288405678773
0.002199352067
0.00145761093781
0.00127027885474
0.00105322752046
0.00132234894217
0.00194827943183
0.00229991052523
0.00292072740457
0.00243650842489
0.00212824215409
0.00197119814681
0.00241007350399
0.00248237540665
0.00246346291701
0.00225389122987
0.00196701060655
0.00155772274651
0.00167234585859
0.00204454604091
0.00268360219602
0.00297295481657
0.00333162037326
0.00299198842445
0.00280446100768
0.00225690608545
0.00201718670944
0.00166408020796
0.00209066998379
0.00202571779815
0.0019572608702
0.00206028748248
0.00193537773184
0.00204086702565
0.00275804958796
0.00318990302925
0.00356454796699
0.00366280114338
0.00359073664781
0.00284376511971
0.00228491581688
0.00162463052033
0.00101133079418
0.00140337786654
0.00175913529188
0.00206904490132
0.00244945870329
0.00284526284209
0.00298707916066
0.00292316836719
0.00288880659155
0.00313990344667
0.00329409879917
0.00268590569376
0.00187746846591
0.00100171530419
0.000911189282924
0.000721557579913
0.000576858476339
0.00156600844065
0.00242987609882
0.0031098154783
0.00309800809155
0.00273704173968
0.00278595257176
0.00285396848028
0.00296762380651
0.00300643254277
0.00286396668849
0.00136142404196
0.000648218880532
0.000301221820158
0.000683042665436
0.0011687973322
0.0016765690416
0.00305871148929
0.00312343680257
0.002987249645
0.00274052805046
0.00281646035675
0.00262757601031
0.00243869166388
0.00224980731744
0.00192892966644
0.00113771292004
0.00060806782656
0.000843009877487
0.00108876203442
0.00181411453559
0.00217471023318
0.00251760391679
0.00280028835129
0.00309463030231
0.00243461896256
0.00235987026979
0.00204945333175
0.00175597898185
0.00121652030016
0.00118733104948
0.00109638716666
0.00107232400378
0.00195211028552
0.00188385327512
0.00229702978109
0.00152750627364
0.00247418643436
0.00233878985598
0.00247493726176
0.00266384013718
0.00171144239362
0.00142281293806
0.000735075900019
0.000793739717539
0.000300974290831
0.00153289118124
0.0010130988866
0.00263397026429
0.0026478356985
0.0027527309741
0.0024892382529
0.00202653110731
0.00229297600085
0.00203445302422
0.000971391937241
0.000252504153937
0.000332129381717
0.00143264998464
0.0013494710119
0.00241223223676
0.00298066033918
0.00306194227789
0.00270038407495
0.00269437406515
0.00287497510992
0.00323379319403
0.00253826643381
0.00212986564628
0.000405163712466
-0.000310560818368
0.000294355394853
0.000882282869077
0.00146088354402
0.00228928314313
0.00238523937566
0.00212715397774
0.00142873515346
0.00201425557381
0.00278712985795
0.00299010635861
0.00289173014673
0.00175297421939
0.000797463852721
-8.95723294672e-05
-0.000336111614985
0.000580063291288
0.0014398622404
0.00260937718136
0.0030930344697
0.003269321429
0.00301816982797
0.00262441421204
0.00233629620658
0.00244882350407
0.00253110350791
0.00200300002521
0.00126490083215
0.000700577729908
0.000261030227328
0.000504744507499
0.000933444980017
0.00157200647188
0.00230470496105
0.00239762882676
0.00253536537128
0.00220170920822
0.00198508239504
0.00176845558185
0.00155182876867
0.00138650155916
0.00116519689711
0.000602494303492
0.00120619924091
0.00140470526406
0.00196333869696
0.00215914145485
0.002127881883
0.00199111214711
0.00217496598475
0.00279614936806
0.00245412012718
0.00195680449898
0.00141236816312
0.000713660772591
0.000565466913719
0.00103256249671
0.00165874212033
0.00238010624662
0.00239674887745
0.0024503657089
0.00244585321208
0.00301770266394
0.00233466636584
0.00199110754097
0.00157824818555
0.00126025300028
0.000357633474946
7.91868949701e-05
0.000182904963665
0.00101673502466
0.00180872364058
0.00234947083638
0.00269349594207
0.00246489815989
0.00240141878741
0.00243545837146
0.0025923833901
0.00242679940685
0.00189984130464
0.000938517553483
0.000535093190244
0.000608126765453
0.000635048683807
0.00139674976768
0.00225356419805
0.00243542081721
0.00175712962626
0.00165904282214
0.00227807571287
0.00228465951942
0.00259157776977
0.00235587447086
0.00173881388243
0.000953939856353
0.000138265184787
-0.000184514408764
0.0004069734009
0.00131398754508
0.00250202368035
0.0027742288841
0.00290066477524
0.00244381290301
0.00239383794668
0.00195784424873
0.00207976622446
0.00198989029599
0.00132417319265
0.000929175236833
0.000437837093267
5.94628289243e-05
0.000449672640022
0.000711289062491
0.00166046705597
0.00227431854912
0.00255115699066
0.00263767332127
0.0026288674206
0.00208556551539
0.00201711264002
0.00143135231349
0.00108880524274
0.00107006005002
0.00085721067352
0.00124375730184
0.00151691673367
0.00141305245233
0.00137386384155
0.00150397090622
0.00238097648123
0.00187244633268
0.00189484161538
0.0017021897636
0.00108695670142
0.000670803412078
0.000254650122735
-0.000202210242878
0.000749628644236
0.00154473560995
0.00188018544493
0.00206063311085
0.00190743543177
0.00190678153227
0.00190115953454
0.00193107458798
0.00207597091234
0.00185394176675
0.0012997696104
0.000665773403016
0.000427084797471
0.000391712636087
0.00107979075892
0.00160358574542
0.00206955670387
0.00228480636247
0.00195195578732
0.00186857300329
0.00186999420571
0.00143029598125
0.000748207617627
0.000212491993856
0.000654867345385
0.000261429818119
0.0002825381184
0.000459849326387
0.00108998156171
0.00178346155161
0.00211338092589
0.00210758444408
0.00199632588529
0.00208367030505
0.00183667910295
0.00170583900542
0.00147452848679
0.00131887283681
0.000554967584258
0.000173780392404
0.000286819637827
0.000584034519689
0.00134984866304
0.00167797484607
0.00189774523457
0.0023834543658
0.00190837640319
0.00199075954081
0.00172977961829
0.00184148970552
0.00134037905498
0.00083350360083
0.000665677862889
0.000444725312025
0.000566066744427
0.000855663926302
0.00113094422391
0.0016830744219
0.00186693644586
0.00186025670487
0.00206604471283
0.0019526921798
0.00160639843761
0.000937457957527
0.000693327913566
0.000680146811158
0.000498861767095
0.000701206823224
0.000788653850571
0.0015034822043
0.00102057700812
0.00114974644739
0.00110049429182
0.00162640799431
0.00184095516233
0.00189719591401
0.00179412871063
0.00108254995042
0.000622195734761
0.000264742987808
0.000856608650001
0.00111317762487
0.00185889413559
0.0021786576681
0.0021467035363
0.00167042843925
0.00181664479903
0.001375522067
0.00137926681266
0.00134282158026
0.00123045777874
0.000583116400875
0.000181953857322
0.000287185552578
0.000392417247834
0.000903050079835
0.00143326704077
0.0019568679865
0.0018521186424
0.00176841839273
0.00167627739069
0.00131398459282
0.0017018105096
0.0011280095929
0.000461926738169
0.000734012561924
0.00022554775743
0.000639649380594
0.000976684206956
0.00104236209481
0.00154635041296
0.00155939666428
0.00131162560712
0.00159462132261
0.00129637884579
0.001246407553
0.000733847296684
0.000816384057168
-0.000149642759504
-0.000115645266752
2.8566628181e-05
0.000691255125379
0.00137646375516
0.00171930689731
0.00167513926085
0.00144388759261
0.00140197984046
0.00138008707264
0.00126627509142
0.00148041836654
0.00111985276455
0.000563534590612
-9.69165936837e-07
-9.74590897547e-05
9.085901637e-05
0.000523730668547
0.000894146175573
0.00122419340648
0.00144954057137
0.00130844108384
0.00102538186201
0.00174970099161
0.0012459708451
0.00113852520227
0.00088823642224
0.000606826800082
0.000542960998833
0.000758093915342
0.00109404090463
0.00131216991491
0.00128175430719
0.0013277783403
0.00123640864249
0.00149820579231
0.000627011622202
0.00115041318844
0.000883273545009
0.00066983531186
0.000392290818218
0.000329516986467
0.000761163833469
0.00104959660655
0.0012212462615
0.00156831353528
0.00209891854258
0.00200940615005
0.0017274969661
0.00145634994269
0.00141348219319
0.00102171685864
0.00060600431564
0.000209279201696
3.8719259924e-05
0.000173363390835
0.000677135945109
0.00120732032404
0.00148169851034
0.000983423037925
0.0016197970336
0.00162182134959
0.00176262292353
0.00124261978634
0.00167801803788
0.000942773642293
0.000282582665425
0.000155895451921
0.000310075722059
0.000761949173371
0.0015377722591
0.00160147680283
0.00166518134656
0.00125803035352
0.00123762252679
0.00152336733303
0.0017110186234
0.00175065571452
0.00121694121867
0.000555725851864
-0.000179592190525
-0.000412875570999
-0.00024471837829
0.000991560740343
0.0017606401784
0.00231423202275
0.00196355041151
0.00164257371652
0.00130656511275
0.000868642648922
0.00101141580534
0.00115573544148
0.000644874330263
4.74974183631e-05
-0.000507935438113
-6.18422028303e-05
-0.000286503495127
0.000179192784081
0.00114380609098
0.00202023937187
0.00211098031764
0.00221212883334
0.00180200203937
0.00149387238447
0.00108799919354
0.00070607827268
0.000538641982836
0.000250987974316
0.000199943644485
7.38293739149e-05
0.000606765516537
0.000897274897982
0.00114803073993
0.00169240142415
0.0019632136104
0.00196128909361
0.00162051815208
0.00118717388741
0.000777790550881
0.000626454094377
-0.000200092498561
-0.000195135170842
3.19543190015e-05
0.000922044781028
0.00135985494101
0.00157745899809
0.00169437836437
0.00189462396647
0.00184857896074
0.0022102856698
0.0021634571774
0.00203934856176
0.00134640190247
0.000640941658629
-3.71458754891e-05
-0.000177408761007
0.000503734255076
0.00129898835291
0.00189861792853
0.00190643825544
0.00194816385291
0.00168279657187
0.00188382301984
0.00221663097221
0.00167078419331
0.000927695680091
0.000900524427805
0.000367573346907
1.41433652727e-05
0.000330282735263
0.00121760656258
0.00197806198044
0.00236449627712
0.00240129732593
0.00196841487949
0.00204388798109
0.00204450562602
0.00229050781129
0.00201195146585
0.000937429094965
8.23467709383e-05
-0.000241250458791
8.53994881391e-05
0.000776183039881
0.00172954900654
0.00247946493171
0.00218761152166
0.00182469048732
0.00146176945298
0.00166280289707
0.00180115826661
0.00174047021834
0.00125891452958
0.000225625955596
-0.000695170718125
-0.000983164768194
-0.000885956992338
0.000374346221798
0.00174911343265
0.00263864842929
0.00260157994942
0.0023381329323
0.00190889286724
0.00135376866947
0.000921628546691
0.00134150630915
0.000724380538744
9.69165936615e-07
-0.000634055455197
-0.00078255434445
-0.000499437389435
0.000525644233537
0.00133324364272
0.00223041391283
0.00250410032784
0.0024125293561
0.00213454245913
0.00200977989811
0.00146167431521
0.000834131492042
0.000799115798552
0.000280253278125
-7.13101409083e-05
0.000183839034103
0.000939644656789
0.00138665217881
0.00161890498852
0.00188179308948
0.00240812031613
0.0025738191192
0.00265580978785
0.00219447923164
0.00170976591738
0.000506575647961
-0.000196945330119
0.000153609836716
0.000603161068063
0.0011030049476
0.00172430812283
0.00211858027321
0.00197220634166
0.00198494734178
0.00204210940541
0.00252448256683
0.00290706762355
0.00278736105075
0.0021365632245
0.00106257387202
0.000351909664213
0.000437933297303
0.000921054193381
0.00200126097951
0.00255484172914
0.0023509262727
0.00194154082362
0.00159431280155
0.00148734799943
0.00183641722412
0.00199508235125
0.00140854191619
0.000776524987194
0.000198684385797
0.000374504295958
0.000782059594189
0.00189853677998
0.00293868926295
0.00344242518078
0.00272268457167
0.00217215574311
0.00206492190386
0.0019985566588
0.00233025393352
0.0021229716987
0.00105086500689
-0.000208588349821
-0.000957714154237
-0.000583684743686
0.00063017075531
0.00201343357597
0.00307144116296
0.0033050997848
0.00277097377719
0.00221571533837
0.00205206915142
0.00188842296447
0.00113991335193
0.00155859218414
-0.000352232114838
-0.00157579542317
-0.00103289865597
-0.000793052127773
-1.62378947678e-05
0.00159390505987
0.00236606375336
0.0025015277102
0.00277022694074
0.00245450987607
0.00227995774863
0.00188080582058
0.00166158085626
0.00113562791017
0.000469832271129
-0.000374796239149
-0.000143430478322
0.000504367109353
0.000848935341682
0.0016651983976
0.00218551650904
0.00271523423202
0.00298533097961
0.0030478944903
0.00270042609629
0.00197488510199
0.001290872894
0.000474616484382
0.000232273459036
0.00016981206842
0.000475957713788
0.00129705358426
0.00120602019677
0.00183983406043
0.00187305978535
0.00195138522765
0.00186855082532
0.00285978285546
0.00322931591193
0.00252763600481
0.00159019902455
0.000607900021107
0.000432382953272
0.000574940893327
0.00164352364602
0.00233281759412
0.00271311879624
0.00254484683475
0.00226409704951
0.00194880263062
0.00214542585894
0.00245091501036
0.00223474522475
0.00136704484315
0.000568665773552
0.000235556897168
0.000613553135528
0.00140046949582
0.0025172646531
0.00294671735397
0.00303616275126
0.00253054535336
0.00197596032132
0.00166913583303
0.00226969229749
0.00201515012521
0.00116869120107
-7.37983982557e-05
-0.00125167057131
-0.0016236463611
-0.000987180099171
0.000341038874863
0.00277799805871
0.00334480393338
0.00286325064662
0.0024910812167
0.0021306246836
0.00227123391627
0.00271975999446
0.00197489681324
0.00143239914849
-0.00147570572455
-0.00102535496062
-0.000575004196681
-7.56016367818e-05
0.0013301770066
0.00249295739918
0.00289959519312
0.00265295609011
0.00225090534387
0.00208801859079
0.00212109169492
0.00167446222191
0.00122783274889
0.000781203275876
-0.000341457319123
-0.000986267072094
-0.0007187598103
0.000188602482859
0.000959475069743
0.00188249412945
0.00257755045345
0.00250279555694
0.00225691933202
0.00189346049195
0.00199207212467
0.001456287515
0.000924889996202
0.000345824441366
-0.000957120855526
-0.000128593055931
0.00055126860729
0.00128574059508
0.00178086842604
0.00155903316892
0.00158541246946
0.00205741654217
0.00261636095339
0.00275610293745
0.00249561601865
0.00160280414508
-0.000240506374547
4.85761826876e-05
-6.45057144456e-05
0.000597445626409
0.00154898515362
0.00197641402081
0.00213007658409
0.00158201796194
0.00156516840831
0.00178391654195
0.00237369191255
0.00264236682762
0.00171799673685
0.000767423217338
0.000157648484333
0.000131594568423
0.000142011150323
0.00145650456347
0.00241495846786
0.00252821534451
0.00158112359227
0.0011452695138
0.00100133230654
0.00134655215473
0.00167272768652
0.0013904409466
0.000672014480084
-0.000513767882255
-0.00110764140239
-0.0020891173998
-0.0012389366229
0.0013406812368
0.00253634187556
0.00269302548846
0.00225817941645
0.0018960003146
0.00166931067283
0.00192845981251
0.00157626192351
0.0017672426
0.000519983533884
-0.000789944217069
-0.0017655052408
-0.00139119034748
-0.000739545511754
0.000890307977329
0.00224160761896
0.00266881272334
0.00251687414739
0.00188286014191
0.00161841770342
0.00172430838738
0.00182008876719
0.00172871046051
0.00101585006024
-0.000102380347196
-9.66570942917e-05
-0.000631013662671
-0.000246908628442
0.000400010209408
0.00142180412964
0.00196885582305
0.00204849027591
0.00214325516331
0.00184402629179
0.00124336013889
0.000571537304202
-0.000124854398911
-0.000821246102023
-0.00047978571596
-0.000135167786139
0.000129478269392
0.000640980514011
0.000764141100892
-0.000251475617306
0.00119298833975
0.00179988820118
0.00204583007061
0.00195136041796
0.0012927840956
0.000551939738356
-0.000277661693797
-0.000983539387889
-0.000433210978829
0.00024910998981
0.00139092621008
0.00132494100503
0.0011840918138
0.000843788625152
0.000808383186506
0.00122981452229
0.00179281753261
0.0019113986533
0.00103416725659
0.000304594527692
-0.000548650291629
-0.000698802725842
0.000180683096311
0.00103015939427
0.00176749496519
0.00180023786245
0.00144419957531
0.000986452696002
0.000934563031255
0.00138956160253
0.00153915026225
0.00131386188931
0.000620487816173
-0.00046897541042
-0.000983824757221
-0.00121761234722
-0.000276146748005
0.000786294805652
0.0016242896563
0.00175217780529
0.00103039245535
0.0012644955304
0.000947945366547
0.00105728242823
0.00114398002974
0.00105291239677
0.00030135932132
-0.000561833567253
-0.00150971866395
-0.00141711916198
-0.000956771918805
0.000261895286768
0.00133223732743
0.0020396815129
0.0019300511859
0.00148569931297
0.00101360681305
0.000910706425997
0.00109127458387
0.000757523104771
0.000594604110487
-0.000212917250164
-0.000327458186925
-0.000619942540095
-0.000693288347168
-0.000301426811926
0.000652369341508
0.00124289563519
0.00148971887383
0.0014159666932
0.000708859449124
0.000371888546172
-1.95598111253e-05
-4.06323546662e-05
-0.000131929020011
-3.11466859564e-05
0.000674909094051
-5.35943320111e-05
0.000139253422143
3.21074158012e-05
-3.73725141226e-05
0.000393832786644
0.000933111299034
0.00134988812146
0.0010976151989
0.000511765058948
-0.000275521702337
-0.000806804222502
-0.000539822315031
-0.000272840407561
0.000744458299995
0.000890370704461
0.000961673203133
0.000625921749976
-0.000184157420165
0.000397965898008
0.000729436698688
0.00105083960586
0.00107611234591
0.000821680586078
0.000237066981871
-0.000615035674504
-0.00046581469011
7.60908611075e-05
0.000693992409027
0.0010012650479
0.000855391140715
0.000853777944845
0.000599477787358
0.000668974026686
0.000899428491757
0.000997339702716
0.000885375012737
0.00025719906984
-0.000453215985467
-0.000852703969448
-0.000744034170391
-0.00057032394158
0.000400071191812
0.0010364561541
0.000992547084058
0.000902768282907
0.000180532212724
9.64704671722e-05
7.77584769773e-05
0.000200701965392
0.000206914706216
-0.000326091535945
-0.000597790703158
-0.00131702404375
-0.00181808654533
-0.00138693128607
-0.000661708805618
0.000415915533784
0.000744294527759
0.00092810856703
0.00132074066448
0.00086630545062
0.000378712516233
0.000405042884678
0.000663708646412
0.000711145833931
0.000491454228705
-7.8499350839e-05
-0.000818042542067
-0.000986425284835
-0.000630359311176
0.000363241053709
0.000976251675363
0.00135350450765
0.0012526563439
0.000815844598283
0.000485215758599
0.000113781794943
0.000312982479961
0.000599530592889
0.000806930590721
0.000809749606981
0.000316660147503
-3.37846743748e-06
-0.000292702288719
-0.000124428384958
-1.23712914605e-05
0.000794918914072
0.000875401100966
0.00111488583265
0.000300837819464
7.28135214076e-05
-0.000151599514155
-0.000123038374411
-5.22062097478e-05
0.000157866851843
0.000462038507453
-0.000124287914967
-0.00036261048944
-0.000463572386786
-0.000348526215113
-0.000261074283911
-0.000100549279223
-0.000154604349475
1.82183369315e-05
-0.000263765416096
-0.000252913192997
-8.50662707915e-05
5.973070205e-06
9.70124112015e-05
0.000188051752198
0.0004285461927
0.000190083414193
-2.9233176579e-05
0.000255328842988
-8.20375106847e-06
0.000366887882885
0.000257810597627
0.000106100056281
-3.99779353657e-05
-0.000106172390331
8.55967325577e-05
0.000143962241298
0.000600345100597
0.000734145824739
0.000477357091187
0.00037696134555
0.000136117796165
-0.00016488456961
-0.000296933032031
0.000372670036382
0.000194713663131
5.63391967776e-05
-0.00031401086051
-0.000812393399174
-0.000606257649754
-0.000595248421919
-0.000320670483677
8.82179387238e-05
4.02844157223e-05
0.000110024326443
9.00501629131e-06
-0.000123641463094
-0.00011422992346
2.81411349368e-05
0.000587325461441
0.000955943607639
0.000555061315035
0.000312894403985
3.10182598151e-05
-0.000268678277763
-0.000139718276541
-4.98065838226e-05
0.000316800410095
0.000482872544386
0.000411214185062
0.000837590716908
0.000223549518154
0.000380544821719
0.000803836826468
0.000699248407806
0.00100002871944
0.000866705571323
0.000836646443283
0.000143036483914
-0.000381961448855
-0.000601394136194
-0.000149556100391
0.000213035373919
0.000133973828256
0.000598302130109
0.000787536483258
0.00097050886003
0.00046333287918
0.000714291012292
0.000585922136684
0.000672053966518
0.000536179258125
0.0002347084437
0.000142445259248
-0.000154444086265
-0.000691231537484
-0.000980185423865
-0.00070920117608
-0.000248190265137
0.000261694002978
0.000351153100248
0.000393272871807
0.000234706017093
0.0001141036584
-0.000111632205739
-0.000304973174516
-0.000533752200041
-0.000602777945357
-0.000932766312132
-0.00101348126995
-0.00114818479245
-0.00111968208703
-0.00116246841178
-0.000659355605298
-0.000213136608584
-4.26312138651e-05
5.7186245721e-06
5.14818112802e-05
4.75680831668e-05
4.36543550535e-05
-0.000356124977692
-0.000450546738272
-0.000575069205927
-0.000571183768289
-0.000613397724043
-0.000660257705287
-0.000756835621863
-0.000846733631251
-0.000526854456508
-0.000163529262635
-4.40951226899e-06
6.04507962709e-06
-0.000246642504734
-0.000247345989477
-0.00070183647989
-0.000940023347068
-0.000684478020186
-0.000698273679775
-0.000227118504365
-0.000274799310716
-0.000477471697323
-0.000506508344537
7.48549512901e-05
-0.000157839551952
0.000194216891969
0.000375592125541
0.000174825495148
8.52698336808e-05
-0.000413154673298
-0.000316498288434
-0.00040841376002
9.53443857188e-05
0.000194392538384
0.000788265770775
0.000757084234893
0.000633162504129
0.00043117640571
0.000443590219017
0.000370356508059
0.000273333117814
-0.000171821801332
-4.43769652618e-05
-0.000826622484637
-0.000825864342884
-0.000712829222414
-0.000144059983562
0.000449735921105
0.00051169453141
0.000915447775203
0.000941164975815
0.00057535017352
0.000384950572251
0.000607023196148
0.000251786177525
0.000299744313571
-2.36488628502e-05
-0.000704915412724
-0.000736644646032
-0.000852741618704
-0.000308919379038
0.000209898413837
0.000718039346213
0.00113226833332
0.00101132303209
0.000540485292414
0.000301046552823
8.36498301975e-05
8.18975346037e-05
6.45936476451e-05
-0.000185229308668
-0.000448425714827
-0.000900333674715
-0.0013596166498
-0.00098926499527
-0.000606220868503
0.000137764732175
0.000825313038362
0.000601722921859
0.00056537430033
0.000153076721142
-0.000841722015074
-0.00104828960348
-0.00073607085973
-0.000951958224141
-0.00073971206062
-0.000899263260602
-0.00111323144328
-0.00157140883208
-0.00128215075762
-0.00101846366068
-0.000512053765859
0.000172814474935
9.05931569612e-05
-0.00035737990991
-0.000600716170973
-0.000844052432036
-0.000956335362782
-0.000739668401075
-0.000426139752975
-0.00010185328874
-0.000410411666059
-0.000359046282456
-0.000789287808348
-0.00117793237565
-0.00061256517809
-0.00021850026067
0.00015271903998
0.000408305078317
-0.000327859274593
-0.00125552004231
-0.00164223949889
-0.00156196051211
-0.000989945476341
-0.000385870182736
0.00013513071251
9.7739885192e-05
-0.000436382931156
-0.000783791355723
-0.000773165958851
-0.000685017835368
-0.000121272715895
-0.000263532208271
-0.000536969229454
-0.00144677956047
-0.00209567968961
-0.00199015936461
-0.00117082950532
-0.0010279327864
2.86656244377e-05
0.000669322465987
0.000847236414555
0.000241078451916
-0.000789905533403
-0.000576363190687
-3.09942486809e-06
0.000295417122417
-0.000228438768819
-0.00114651886668
-0.0012284190827
-0.00157076842133
-0.00218280494808
-0.00118905822539
-0.000339082250854
0.000560938403753
0.000841305912956
9.2633547738e-05
-0.000468518266222
-0.000483876552919
-0.000327259778996
0.000181025068497
0.000103247344835
-0.000346624978491
-0.000958312810726
-0.00180486765433
-0.00158383554787
-0.00107063931698
1.23128082941e-05
0.000760526572132
0.00130534609461
0.00104705814421
0.000211842822902
-0.000323690167927
-0.00029446960606
-0.000615041313633
-8.20987051933e-05
-4.25347446315e-05
-0.000272682589405
-0.000788690046984
-0.00124758089402
-0.00115822615292
-0.00048849258343
0.000279026564205
0.000996821445833
0.00101183702844
0.000778680606768
-0.000132187328054
-0.000664815175016
-0.000625344446788
-0.000428096389694
-5.79562677546e-05
0.000117345065958
-1.1997016563e-05
-0.000652577747567
-0.000819028921318
-0.000792606230763
-0.00035014045266
0.000597669973284
0.00103372546626
0.00111802981034
0.00014818849156
-0.000607062407285
-0.00136231330613
-0.0015321707191
-0.000932927303932
-0.000420345209159
0.000560755248676
0.00052948610351
-0.000100277903751
-0.0007570156401
-0.0006999037797
-0.00015275592368
0.000770959732157
0.00141940475694
0.000502729318175
-0.000315498028575
-0.00169982092751
-0.00154296641195
-0.00130796609866
-0.000167806360696
0.00076790952854
0.001448545383
0.000778430480968
0.000635987711013
-2.9672890267e-05
0.000197648237581
0.000525137025878
0.000974438268825
0.000586163226315
7.23207022271e-05
-0.00105920614394
-0.00159135353324
-0.00171065574603
-0.000614091752581
0.000354086267783
0.0013069291641
0.00094527285378
0.000641110574551
0.000148899999084
-0.000105370760424
-0.000201766984046
0.000144195774519
0.000587341620788
0.000171227751972
-0.00100441665867
-0.00227086793129
-0.00271175240026
-0.0025008875273
-0.00097392346537
0.000941139144738
0.000750320220199
0.000870260179551
9.99819091627e-05
-0.000889566867181
-0.00118981269099
-0.000814523599814
-0.000197418358685
-0.00029619620569
-0.000676986923546
-0.00173229734217
-0.00230816337491
-0.00121511553415
-0.00155207056669
-0.000962278323237
0.000264757938306
0.00201125095175
0.000139496284958
-0.00058189243427
-0.00118905655862
-0.00125087254188
-0.00114335949698
-0.00064683881351
-0.000522742922148
-0.000505451505846
-0.00169025697422
-0.00183822941395
-0.00151941176138
-0.00114066981175
-0.000270178695584
0.000611668126734
0.000439864814586
-6.62186413609e-05
-0.000986322288113
-0.00168786222925
-0.00149812614341
-0.00032829783821
-0.000122912335627
0.000249531519106
-3.32960228882e-05
-0.00120824578088
-0.00286410965964
-0.000108625232483
0.000109443795904
2.06825126274e-05
0.000508938857254
0.00039228126141
-0.000640525927163
-0.000970458109142
-0.00130039029112
-0.00109821023779
-0.000385493155047
-0.000418784067716
-4.91276062432e-05
-2.65163590325e-05
-0.000461846816119
-0.000619961368775
-0.000637585741263
-6.22881313519e-05
0.000384099487682
0.000623814010569
-0.00113525007774
-0.00224596819507
-0.00244882075032
-0.0026522158294
-0.00184292684746
-0.00183511514221
-0.00182730343696
-0.00181949173171
-0.00181168002646
-0.00180386832121
-0.000508142078134
-0.00142700862216
0.000900227748021
0.00158892094669
0.00141289389229
0.000396766418203
-0.0017076094367
-0.00237542690494
-0.00224320737766
-0.00128433985523
-0.000595997813698
-2.72156472116e-05
0.000468674617403
-0.000855668632577
-0.00111449763436
-0.00117783343852
-0.000643472155407
0.000110336523902
0.000349609191955
-0.000369222476972
-0.00166757895418
-0.00269539040767
-0.00268300391464
-0.00177102274458
-0.00118056111526
-0.000194528473041
0.00123767973901
2.66233292812e-06
-0.000350752202636
-0.00100599887378
-0.000803951157646
-0.000945426434426
-0.000597723107872
-0.000245327287024
-0.0012498985996
-0.00208717596542
-0.00267770709606
-0.001715668525
-0.00116779482123
9.29585861242e-06
0.000306957093323
0.000141083201226
0.000111522158723
-0.000842986622893
-0.00104952452915
-0.00100747935288
-0.000659099059376
-0.000995903633733
-0.00112941060472
-0.000941838369606
-0.00179500594749
-0.00179934108343
-0.00201112087881
-0.000645983604471
0.000252187833636
0.000303814254252
0.000405722184515
-0.000334851815486
-0.000900979263442
-0.00137687980946
-0.00117467567065
-0.000444990226971
-0.00116482302515
-0.000864402330071
-0.000842493320141
-0.0010342668532
-0.00101970258871
-0.000639600288546
-0.000292756354296
0.000200291474216
0.00114630397726
0.000840224638415
-0.000430665524526
-0.000974777927988
-0.00151889033145
-0.00155996171217
-0.00106362993769
-0.000439677408632
0.000275498683283
0.000102194207209
-8.62132453746e-05
-0.000129345303293
0.000260135469616
0.000620231445515
0.00103901193419
0.00067192007884
-0.000636264672071
-0.00148316327226
-0.00233754158098
-0.00223088515642
-0.00202805076751
-0.00102856684459
1.52163331253e-05
0.000344765630656
-0.000192062163289
-0.000901669112611
-0.00124337257652
-0.000635037497699
0.000747997907741
0.000423549964971
0.000434248676867
-0.00144067670388
-0.0025515540924
-0.00254919708708
-0.00219814373231
-0.00138900415653
-0.000341527162247
0.00028184951622
0.000875715642643
0.000395305865644
-0.000283799424838
-0.000465700362415
-0.000747208969203
0.00055286774596
-0.000218510687825
-0.00133718384462
-0.00246854255457
-0.00266585660714
-0.0025060562341
-0.00132384016254
-0.000695235851578
0.000914606801613
0.00109894743273
-2.65833133795e-06
-0.000363013325888
-0.00048859307438
-0.000780760928141
-0.000547403841975
-0.000771344556327
-0.0011854524816
-0.00196972241497
-0.00151838844417
-0.00167829352643
-0.000906260235198
-0.000234753039505
-9.85355062847e-05
0.00033708525617
0.000391627313296
-0.000180949457141
-0.000631411492828
-0.000781687648327
-0.000308588648136
-0.00036727275062
-0.000890874684649
-0.000566152368113
-0.000421136210826
-0.00120516319133
-0.00093675151996
-0.000697696646854
-0.000383605353647
6.59360255464e-05
0.000939269154762
-0.000268188248451
-1.4863681766e-05
-0.000513369652738
-0.00117311460313
-0.00185575399667
-0.00196752869782
-0.00131907014574
-0.000528481086258
-0.00030123863692
-0.000558946321883
-0.00047254698638
0.000303179246356
0.000642421842438
0.000691163503078
0.000908319398895
-8.94668313589e-06
-0.000646002785194
-0.00128305888725
-0.00192011498931
-0.00189081469979
-0.00115361928867
1.23784011778e-05
0.000220851163321
-0.000303126684462
-0.000657020119025
-0.000829447594496
-0.000837146261228
-0.000355478151395
0.000122786640776
0.000250311652087
-0.000985706877527
-0.00168859692698
-0.00248483081166
-0.00300872083893
-0.00174942262745
-0.000446610584003
0.000399793306795
-0.00012395266088
-0.00062369134983
-0.000940498699795
-0.00100810629563
2.92673475617e-05
0.000169157217611
-0.00113334452773
-0.00176356720703
-0.00256794524843
-0.00252103547968
-0.00231675905703
-0.0020125713025
-0.00093093122358
-0.000173129311113
0.000692279687323
0.000798935426514
0.000353657500703
-0.000761388344639
-6.3539166355e-05
-0.000961505082292
-0.00137371093437
-0.00183549729786
-0.00236989553509
-0.00253382178489
-0.00113604528795
-0.00172226458751
-0.000203853339546
0.000150307021922
0.000469806441094
0.000329432310003
-0.000528959814592
1.18493992447e-05
-0.000583619385584
-0.00130495021578
-0.00117411820286
-0.00158130307625
-0.00163061491378
-0.00186381678891
-0.00161200021783
-0.000705419862967
-0.000358942298372
-0.000919426719818
-0.000420121441077
-0.00053637536064
-0.000611906007121
-0.000741382529716
-0.00107990262364
-0.00106761616835
-0.00216783523697
-0.00132208039005
-0.00101349339446
-0.000599983063083
-0.000240112472156
-0.000526211988284
-0.000678936265177
-0.000407122973524
-0.000402776115188
-0.000175885282139
-0.000494479676236
-0.000668368360446
-0.001199142545
-0.00184412523777
-0.00203857283353
-0.00285073822595
-0.00128134792649
-0.0012309415501
-0.00107402286903
-0.000985238955911
-0.000821789590847
-0.000851354664857
-0.000192130502921
-0.000126629570568
6.26440604234e-06
-0.000568208717875
-0.00140982311562
-0.00218618524024
-0.00214435945478
-0.00210253366932
-0.00140830740831
-0.000626985694369
-0.000173728778411
-0.000805606431497
-0.00109536264172
-0.0011324271975
-0.00161659804713
-0.00115690832367
-0.00122874013407
-0.00176538582946
-0.00156557910301
-0.00212628685983
-0.00289538592381
-0.00153930490868
-0.00115811578918
-0.00111263729925
-0.000842374680825
-0.00127807602112
-0.00119564814091
-0.00109672336833
-0.000892181191003
-0.00101794521002
-0.000669903352308
-0.00132197409764
-0.00207285239912
-0.002673626955
-0.00242406213291
-0.00237234073514
-0.0017413315887
-0.00108530683466
-0.000875207039201
-0.000207255974409
-0.000152064577419
-0.000182407375778
0.000431173512252
0.000176924346917
-0.000309414118646
-0.00071339394583
-0.00137853579612
-0.00164794356301
-0.00134109926193
-0.0010839742375
-0.000745029365359
-0.00120141656836
-0.00112978059714
-0.00119202686353
6.2517705264e-05
-0.000167345189082
-0.000506269038569
-0.000152297932112
-0.000895833266285
-0.00116189368059
-0.00187581595563
-0.0017479308319
-0.00170534685164
-0.0014584172413
-0.000767534454336
-0.00031379257885
0.000952389675202
0.00122089270558
0.000141040555303
-0.000847245617826
-0.00148594192079
-0.00266654394516
-0.00271808254336
-0.00260655798256
-0.00206878470866
-0.000996765941849
-0.000862916474525
-0.000432595425886
0.000748202677521
0.000563595184869
0.000344078201319
-0.000124036977518
-0.000614934609974
-0.00116114589104
-0.00252480868374
-0.00296474039865
-0.00233237582663
-0.00260672215786
-0.00147033181512
-0.00100680361427
-0.000976179277536
-0.00085149109413
-0.00105611481614
-0.00185119288981
-0.00129085291406
-0.00160307890166
-0.00126591521793
-0.00135762399061
-0.00249275312323
-0.00220335561799
-0.00244416594429
-0.00165778172727
-0.00131872892336
-0.000979676119448
-0.00143426603619
-0.00164675143734
-0.00147473909191
-0.00159158167954
-0.00121136624761
-0.0013796335191
-0.00133393968643
-0.00170513353267
-0.00201624789995
-0.00224418479879
-0.00230895821046
-0.00183180762948
-0.0011323176054
-0.0019248404159
-0.000506549436537
-0.00113140565209
-0.00155278974604
-0.00154015440862
-0.00193528145246
-0.00159118602119
-0.0015483694228
-0.00132777236578
-0.00143288086474
-0.00183775270415
-0.00162740507914
-0.00230334071405
-0.00170334838513
-0.00128311889924
-0.00095399619484
-0.0011065118442
-0.00117555184864
-0.00179547895116
-0.00137644572318
-0.00160282754718
-0.00161229649672
-0.00176369852665
-0.00245834047813
-0.00185331373164
-0.00164106380903
-0.00160707381455
-0.00170033595497
-0.00135517875062
-0.00128327913334
-0.00129334752856
-0.000793209956358
-0.00133024314014
-0.00176014618441
-0.00209774976295
-0.00239855095402
-0.00317589742893
-0.00239054567712
-0.00151651012702
-0.00126727208111
-0.00181911092901
-0.0016028351397
-0.00140901358542
-0.000867500258657
-0.000664389528782
-0.000933023009788
-0.00149697452181
-0.00227960643392
-0.00284074878069
-0.00263113994949
-0.00299837528858
-0.00231824449223
-0.00172931206128
-0.00112697005831
-0.000903516852165
-0.00107994217664
-0.00120983837573
-0.000945767473835
-0.00104980946737
-0.00155734190593
-0.00178134360311
-0.00222927803938
-0.00267992674258
-0.00261548264824
-0.00221001648979
-0.00249803485692
-0.00201925509454
-0.00121023853086
-0.00162375050262
-0.00149409374871
-0.00187809503935
-0.00203630540304
-0.00157122610999
-0.00141138900195
-0.00177275827126
-0.00236351883307
-0.00263650738627
-0.00242137152029
-0.0019776961094
-0.00123483397285
-0.000689895814023
-0.000649216537665
-0.000608537261307
-0.00112595876194
-0.00134811385137
-0.0016922132642
-0.00169607331351
-0.00156236798911
-0.00154484589088
-0.00169899400961
-0.00183435359579
-0.00149583519914
-0.0014154707536
-0.00123886182332
-0.000802884905935
-0.000611683290566
-0.000359492164663
-0.000722637470496
-0.000249248208513
-0.0015051422245
-0.00198730605139
-0.00216814054788
-0.00301439102121
-0.00246444631527
-0.00175961727736
-0.000973261956613
-0.000792881639286
-0.000573725419053
-0.000689487410322
-0.000434793571824
-0.000657863946049
-0.00077206803279
-0.00146146524185
-0.00272321127784
-0.00284199501986
-0.00304499492121
-0.00296239763894
-0.00203152898779
-0.00157784298958
-0.000900765273538
-0.000593990520538
-0.000726926666152
-0.000725059726324
-0.00159044123076
-0.00127303922873
-0.00130025895183
-0.00174520671583
-0.00220970479979
-0.00238039170615
-0.00260905441086
-0.00248558449869
-0.00204753692313
-0.00129354617239
-0.000945998257218
-0.00103534100142
-0.000789985175625
-0.00199895352115
-0.00189312748515
-0.00130169536161
-0.0013652768382
-0.00156427208159
-0.00229980042956
-0.00278914833969
-0.00259179672053
-0.0022000640481
-0.00130460038085
-0.00147703187465
-0.000793837229342
-0.00102467934623
-0.00191965564085
-0.00154978694063
-0.00111865471917
-0.000677413255037
-0.00173334491225
-0.0022159709099
-0.00300083269627
-0.00342138581501
-0.00275158599178
-0.0027256684191
-0.00132100075219
-0.000594996305956
-4.88241747694e-05
0.000168828795359
-0.00050551534031
-0.000882397603414
-0.000658145108622
-0.0016292198947
-0.00169952603611
-0.00194202825029
-0.00204083119709
-0.00222717444529
-0.00182529655506
-0.00148419530595
-0.00227521899486
-0.00196593545082
-0.00130070925469
-0.000985206396844
-0.000828163933048
-0.000671121469253
-0.00114583868045
-0.0016942889845
-0.00219105329268
-0.00237895980292
-0.00242138656072
-0.00150712894566
-0.00109622126111
-0.00126848702652
-0.00147668222222
-0.00129069277674
2.12844636984e-05
-0.0014147706557
-0.00098484038945
-0.00100478969272
-0.00132189821467
-0.00263749258014
-0.00317523851665
-0.00288944526487
-0.00247661565612
-0.00191941893434
-0.000942048358579
-0.000375139677428
-0.000302453648365
-0.000614608974618
-0.000982988339656
-0.000709361979843
-0.000841914428852
-0.000676936042744
-0.00142323787415
-0.00227193452053
-0.00285079449954
-0.00301917947138
-0.00286748099325
-0.00139954164073
-0.00050550176192
-0.00157266878469
-0.000963341688932
-0.00112681356183
-0.000854528620069
-0.000421847387243
-0.000128671720309
-0.000767851937981
-0.00180601982559
-0.00288111774314
-0.00282787028784
-0.00257690196248
-0.00197336380223
-0.00128324318927
-0.000686586202936
-0.000621143986804
-0.00108780939606
-0.00133873665265
-0.00126796240115
-0.000790942001889
-0.000556965081863
-0.000944290398891
-0.00248001459522
-0.00331286350975
-0.00284855943534
-0.00243281280179
-0.00168422412096
-0.000659475967009
-0.000222013654217
-5.77195292168e-05
-0.000389374100713
-0.000675921457447
-0.000899022844865
-0.00154122380021
-0.00181482964977
-0.00208337806966
-0.00182417646569
-0.00156497486172
-0.00130577325775
-0.00104657165378
-0.000787370049813
-0.000528168445844
-0.000444920617215
-0.000575518780301
-0.000997604240189
-0.000381178983858
-0.00121660641754
-0.00104677869175
-0.0015246622517
-0.00226982810547
-0.00273381328075
-0.00257310825116
-0.00270402701298
-0.00171710616102
-0.000664939071181
-0.000296519051165
-0.000407161217148
-0.000378181650664
-0.000531762103821
-0.000220413671756
-0.000753501051743
-0.00128658843173
-0.00270872031926
-0.00286055767563
-0.00263234967614
-0.00224865811589
-0.00232484272966
-0.00143947089
-0.00089318944893
-0.000251927594269
-8.54297279673e-06
2.26626642037e-05
-0.00112442953345
-0.000866730134025
-0.00135274654958
-0.00226042038792
-0.00315847607868
-0.00329978227474
-0.00304164239255
-0.00210779928887
-0.00105066121412
-0.000724435375288
-0.00085705852938
-0.000690947460436
-0.000480112690069
-0.000357751298273
-7.8323021578e-05
-0.000106498322283
-0.00102920646568
-0.0023187989771
-0.00324485097884
-0.00313697418553
-0.00267105394995
-0.00158043536456
-0.000554592714596
-0.000941009360295
-0.000526056796772
-0.000970172392338
-0.00129201116193
-0.00075605032205
-0.000367839825338
-0.000379369516347
-0.00129074897283
-0.00227113153174
-0.00275287194149
-0.00239553516068
-0.0026336330872
-0.00143898956004
-0.000263109033264
-0.000552816367571
-0.000641591251295
-0.000790131670423
-0.000923476186179
-0.000855974332734
-0.00057285416572
-0.00133635297991
-0.00205637895796
-0.00263591795702
-0.00274425530563
-0.00221913193076
-0.0011807943466
-0.000513633995863
0.000137575846912
-0.000116120164632
-0.000546516077936
-0.000590276382699
-0.000524973312737
-0.000666545543106
-0.000873464406163
-0.0024507327272
-0.00292721512965
-0.00330825271019
-0.0026971918435
-0.00181234607601
-0.000626381497618
0.000136584587108
6.13305873021e-06
-0.000910877309951
-0.000419171759549
-0.000693562859252
-0.000754965325554
-0.00102291398362
-0.00137019194181
-0.00207912787827
-0.0026348466674
-0.0025911218054
-0.00219836181792
-0.00236834814334
-0.00153705806056
-0.000466140308645
-7.75556082416e-05
0.000411397046365
0.000530469078778
0.000285150565346
-0.000352940351237
-0.00109197069607
-0.00246028503904
-0.003828599382
-0.00399350686681
-0.0033345904771
-0.00229160950781
-0.00194290365395
-0.0019312668913
-0.00158234374571
-0.00183073745884
-0.00103456632734
-0.000371498981565
-0.000120106299641
-0.000809834906373
-0.00206559154694
-0.0029930970827
-0.0036294630489
-0.00325627285501
-0.00249779793464
-0.00146613300301
-0.000915734310195
-0.00116877027199
-0.00166849932197
-0.00172490210665
-0.00192001472402
-0.00152377376343
-0.000213228051562
-0.000819210045648
-0.00193556990104
-0.00304607780081
-0.00318598954441
-0.00286588866459
-0.00143888256612
-0.00060871768593
-0.000924734077982
-0.00100892885412
-0.00157304141136
-0.00139877226069
-0.00139050300747
-0.00109596894541
-0.001034725913
-0.00138656641645
-0.00249962926917
-0.00296178901085
-0.00309775925425
-0.0023294068413
-0.00139088553621
-0.00101501858478
-0.000460988002477
-0.000134901360072
-0.00100907478603
-0.00111237600341
-0.00130231173607
-0.00152180290586
-0.00174034460015
-0.00215323684067
-0.00287134190888
-0.00336118044239
-0.0029858566054
-0.00197016536107
-0.00111789601226
-0.000520607125084
-0.000453541361638
-0.000651196346567
-0.000874642667643
-0.00109995364796
-0.00127800747108
-0.00203815167708
-0.00256956648759
-0.00278419153735
-0.00300889297276
-0.00276043314366
-0.00317860577319
-0.00182157252209
-0.00139046765102
-0.00104358004121
-0.000322257586993
-3.1050972818e-05
-0.000632001304561
-0.000509275519385
-0.00141658215081
-0.00231789969888
-0.00315368768585
-0.00323630869413
-0.0030135752214
-0.00317134452762
-0.00198034075072
-0.00151508281988
-0.00190151954256
-0.00161620824529
-0.00121169451657
-0.00051643093107
-0.000599981547144
-0.000518730021257
-0.000879390381624
-0.00201262717753
-0.0030215800546
-0.00295450177581
-0.00288742349702
-0.00224007980847
-0.00156658853437
-0.00115289536778
-0.00139530835128
-0.00190109510879
-0.00198549234834
-0.00101051742975
-0.000218237971312
-7.12861894964e-05
-0.000594924246978
-0.00182388595445
-0.00259719222574
-0.00324916658832
-0.00256833052509
-0.00143017709948
-0.000613871010983
-0.000157427624149
-0.000472793422355
-0.00188489344911
-0.00209829021997
-0.00201518952667
-0.0017861060983
-0.00103841556296
-0.00118566433887
-0.00181844009573
-0.00233177029167
-0.00244570348198
-0.0020720055684
-0.00151941891877
-0.000382613342253
-0.000104865674793
1.32621645021e-06
-0.00118929343664
-0.00154483379706
-0.00136891298176
-0.00158814529102
-0.00175376256341
-0.00224472962708
-0.00264130513884
-0.00249150174405
-0.00231839434281
-0.00216012152163
-0.00158446266342
-0.000950238813048
0.000121211726211
-1.84420417185e-05
-0.000421576501558
-0.000623695721601
-0.00161395146892
-0.00211225012035
-0.0025958537044
-0.00256214494801
-0.00243153373036
-0.00254064490404
-0.00211619844806
-0.00219411019755
-0.00166618697366
-0.00129037306351
-0.000522139303391
-6.29889271908e-05
4.36520094922e-05
-0.000700135045607
-0.00130359905333
-0.00229223241118
-0.00303363234638
-0.00319852829951
-0.0026614288908
-0.00308054139255
-0.00260501442862
-0.00176199336025
-0.00132553691161
-0.00140094851257
-0.000929916577982
-0.000394280982642
-0.000129129292787
-0.000209981251359
-0.00101376642499
-0.00220229603407
-0.00266365838747
-0.00394562800887
-0.00258035493444
-0.00192029897517
-0.00152730721962
-0.00172792121215
-0.00200774033711
-0.00240482544436
-0.00200290192619
-0.00136595461596
-0.000828451778733
-0.000215436680585
-0.000667673040024
-0.00143374523067
-0.00207690612461
-0.0032185755642
-0.00251782155788
-0.00181706755155
-0.00113512161246
-0.000864285171912
-0.00134784512928
-0.00170020577269
-0.00193501739571
-0.002080734162
-0.00161972945287
-0.00122053756837
-0.000996049423139
-0.00146791169159
-0.00169269009501
-0.00225676196295
-0.00230077564174
-0.00193455385849
-0.00186661103285
-0.00129205976385
-0.000948244827361
-0.00161486093892
-0.00190657704961
-0.0016322606387
-0.00184112830287
-0.00165460187558
-0.00134324412489
-0.00141659612904
-0.001200969342
-0.00175137374493
-0.00182320242705
-0.00184353277991
-0.00154316751183
-0.00119922567605
-0.000591240625761
-0.000479026172993
-0.000970114491992
-0.00246055865123
-0.00241885175266
-0.00265667002019
-0.00206515685572
-0.00201963040204
-0.00151338318874
-0.00145039973905
-0.00146818857436
-0.00182185679256
-0.00166337946974
-0.00133189046389
-0.000927508686666
-0.00103387859473
-0.0010948982804
-0.00178035903716
-0.00218646071195
-0.00261705207307
-0.00265560306326
-0.00219942703806
-0.00207067342241
-0.00208614610839
-0.00258232694773
-0.00244244375057
-0.00241349070464
-0.00210071010678
-0.00104358575802
-0.00093273648317
-0.00106954230158
-0.00165127858743
-0.00197338379542
-0.00326896911774
-0.00323621370764
-0.00304813547589
-0.00212107022001
-0.00164351460499
-0.00193248684488
-0.00210371621486
-0.00229347504622
-0.00206329715624
-0.00167792135602
-0.000871654236776
-0.0015396622432
-0.00177727099573
-0.00191891044921
-0.00248827344963
-0.00202887289195
-0.00203269272873
-0.00161939480757
-0.00133868786826
-0.0017882391283
-0.00237606640671
-0.00257755281739
-0.00293058412621
-0.00239891313003
-0.00168302486847
-0.00135786664984
-0.00173708586019
-0.00211387049175
-0.00230821829299
-0.00246960424104
-0.00214296825943
-0.0018384453498
-0.00153392244018
-0.00123803758264
-0.00133338389535
-0.00192920562845
-0.00235981612887
-0.00243242616209
-0.00249026635491
-0.00277269633118
-0.00207149542139
-0.00194192042818
-0.00205174942373
-0.00181724135776
-0.00226974553296
-0.00234489137767
-0.00228639283906
-0.00166920208633
-0.00125993079145
-0.00142605123765
-0.00176467505711
-0.00206716937402
-0.00228776438731
-0.00194608165601
-0.00254958327343
-0.00163788851602
-0.00151973544838
-0.00171688681938
-0.00201560767592
-0.0023049154183
-0.00188477538398
-0.00176092750457
-0.00244370348198
-0.0021999091097
-0.00209882255934
-0.00181928611833
-0.00212218874077
-0.00211915700153
-0.00214398492413
-0.00191465564835
-0.00209445377673
-0.00199632759295
-0.00198130863899
-0.00240794857377
-0.00223469820995
-0.00209830987885
-0.00160095349969
-0.00173945250662
-0.00193338091332
-0.00187141550841
-0.00206071056073
-0.00223493189747
-0.00231340038186
-0.00203184685987
-0.0019013439791
-0.00291967345541
-0.00294412524809
-0.00326606446426
-0.00289783661653
-0.00206941026227
-0.00155316174281
-0.00183698286135
-0.00170853136625
-0.00168930718378
-0.00184025356788
-0.00303186442436
-0.00245688321461
-0.00233578146785
-0.00183559800783
-0.0017838411183
-0.00221792434241
-0.00270993141478
-0.00285628553689
-0.00303628805802
-0.00321036624053
-0.00257977613871
-0.00174349189652
-0.00142889731939
-0.00160930186224
-0.00208674769987
-0.00224707684974
-0.00242937299222
-0.00215470555233
-0.00168631967775
-0.00190326142218
-0.00251265831585
-0.00297413990894
-0.00316678084523
-0.00393047049762
-0.00268764545122
-0.00245699219405
-0.00121268479125
-0.00113667537348
-0.00132378770936
-0.00172013672193
-0.00188843011092
-0.00216342936738
-0.00200625652619
-0.00184908368501
-0.00216468055654
-0.00234620457733
-0.00255782219606
-0.00214405320452
-0.00256028825767
-0.00219243511278
-0.00221514995628
-0.00201407716044
-0.0022442115721
-0.00217463581432
-0.00214049712475
-0.00246816727167
-0.00262015142075
-0.00230802914019
-0.00214702286641
-0.0018876567562
-0.00212428546278
-0.00186754500175
-0.00212085473406
-0.00197677127892
-0.00200238574028
-0.00187839803149
-0.00162535784274
-0.00177066903699
-0.00200434614885
-0.00240571142331
-0.00211952830393
-0.00251340881383
-0.00291660662049
-0.00274439703216
-0.00255730321576
-0.00194559676449
-0.0019993707004
-0.00171499425231
-0.00164424710453
-0.00185949351593
-0.00186727326219
-0.00220788277134
-0.00240975919669
-0.00303853648935
-0.00270432453525
-0.00254707316086
-0.00193634280761
-0.00180947957575
-0.00190667800691
-0.00218352123291
-0.00238450076772
-0.0023229249881
-0.0020597004001
-0.00160546818899
-0.00165507699863
-0.00178939033843
-0.00253629803763
-0.00325233398119
-0.00359278560417
-0.00336868767338
-0.00367030785687
-0.00232354079202
-0.00146921198993
-0.00136186630697
-0.00204439290075
-0.00195019564312
-0.00231085654037
-0.00249784642566
-0.00194404584155
-0.00225170072374
-0.00249204196186
-0.00267208983614
-0.00308185125995
-0.00300274774495
-0.00304984688257
-0.00247057949921
-0.00176562128974
-0.00158788136683
-0.00176470836168
-0.00198581588635
-0.00266746132396
-0.00274211235891
-0.00253747463523
-0.00201846664489
-0.00173917198153
-0.00218706765548
-0.00295302381629
-0.00338502181433
-0.00292314599573
-0.00266513780402
-0.00203388898214
-0.0017060076179
-0.00234751882739
-0.00246974749642
-0.00248613176616
-0.00208168511822
-0.00160798856182
-0.00160228872866
-0.0019871768738
-0.00237206501894
-0.00261623907226
-0.00304926822061
-0.00261708078578
-0.0025384708457
-0.00192940443199
-0.0014890287534
-0.00169089938479
-0.00199265269018
-0.00206163219419
-0.00286663695865
-0.00236012932476
-0.00240424591579
-0.00263062054281
-0.00252318318456
-0.00292816588395
-0.0028708624252
-0.00295575861759
-0.00241819665343
-0.00177202659768
-0.00137913501168
-0.00214098391952
-0.00162000097903
-0.00220667498994
-0.00281372403919
-0.00271170604453
-0.00260229066911
-0.00258932513038
-0.00243981367877
-0.00237640527658
-0.00261150468394
-0.00267620984641
-0.00248072661106
-0.00213123785024
-0.0019727296905
-0.00127713140564
-0.00166160693164
-0.0021353105716
-0.00272793772462
-0.00333699966595
-0.00366676289633
-0.00333902535842
-0.00252640539652
-0.00232833860523
-0.00209698461683
-0.00227510913132
-0.00309758304125
-0.00235073118305
-0.00223603139786
-0.00174383874143
-0.00132321488958
-0.00155462825801
-0.00259121511855
-0.00351311774473
-0.00396361652733
-0.00403894224816
-0.00334304897393
-0.00274951213485
-0.00226627400289
-0.00204273484213
-0.00233002455435
-0.00271351053584
-0.00244258910891
-0.0020336620847
-0.00163102547049
-0.00143581965492
-0.0020630785618
-0.00244456543964
-0.00334952126563
-0.0037088497235
-0.00342779575355
-0.00301241130167
-0.00244096157939
-0.00168272867154
-0.00192848742419
-0.00231663632185
-0.00246060442304
-0.00225319511528
-0.00201343169813
-0.00167887828468
-0.00164457234446
-0.00227639172273
-0.00301451800554
-0.00345499082125
-0.00376820582324
-0.00306168564116
-0.00205099043075
-0.00188887175354
-0.00140479785094
-0.00204283308711
-0.00223381890113
-0.00219376870532
-0.00201578969324
-0.00191029981372
-0.0023482586669
-0.00262789417066
-0.00290752967443
-0.00319647376902
-0.00311394167748
-0.00279214253851
-0.00221165698082
-0.00148313285387
-0.0010383500145
-0.00191680007135
-0.00244091162052
-0.00261507561298
-0.00260041149902
-0.00254093240772
-0.002376770746
-0.00254823130293
-0.00266845031079
-0.00347667816183
-0.00339912689845
-0.0030125902631
-0.00237339818514
-0.00189906735281
-0.00145585082856
-0.00142772814183
-0.00205960854881
-0.00260506356719
-0.00318221711001
-0.00312009090011
-0.00302603431409
-0.00273048540745
-0.00255406441938
-0.00285282699269
-0.00313976835752
-0.00305617928213
-0.00288603318748
-0.00209040336301
-0.00134047789375
-0.00173322175011
-0.00210633470734
-0.0030099618898
-0.00353984753734
-0.00382237280475
-0.00391869084319
-0.003338121237
-0.0027628504517
-0.002440862646
-0.00234952684772
-0.00259852113287
-0.00299634436781
-0.00302329772977
-0.00228148506074
-0.00133204105322
-0.000924756284303
-0.00139479718884
-0.00232654996167
-0.0029898646185
-0.00363692815072
-0.0035424518229
-0.00287953722058
-0.00285172851448
-0.00228171900821
-0.00248142351073
-0.00285870107715
-0.00312235744051
-0.00271606461969
-0.00230310587449
-0.00169216881201
-0.00121082252171
-0.0019722367756
-0.00298346108144
-0.00349466625701
-0.00352290305267
-0.0032462067673
-0.00250791945126
-0.00192536482608
-0.00138799453473
-0.00185019174938
-0.00250963082532
-0.0032742248769
-0.0030522627134
-0.00268665885945
-0.00209138991748
-0.0015798888043
-0.0021650906482
-0.00275582248521
-0.00369585698846
-0.00446233461071
-0.00348342486404
-0.00278972400311
-0.00189368983565
-0.00179966312023
-0.00221167721726
-0.00260764396526
-0.00262495165635
-0.00274725783627
-0.00261211101469
-0.00257508765879
-0.00295883131673
-0.00334257497467
-0.00346305139967
-0.00363970519295
-0.00320449135805
-0.00250585863392
-0.00188441418947
-0.00179913074045
-0.00211884830325
-0.00224136417689
-0.00251484447939
-0.00265148401878
-0.002490297656
-0.00268619019494
-0.00301361738335
-0.00312623822197
-0.00352977746167
-0.00336132076322
-0.00298307004924
-0.00220395521976
-0.00169151332383
-0.00130615428152
-0.00155515437325
-0.00204159511153
-0.00400752386534
-0.00313087654419
-0.0030834867584
-0.00284375057994
-0.00274176352444
-0.00260487567087
-0.00274140952239
-0.00304782842932
-0.00265705976932
-0.00247369525796
-0.00161885410423
-0.00181938761343
-0.000813175729424
-0.0014742005517
-0.00230770235061
-0.003084351042
-0.00362761610661
-0.00354298815929
-0.00319677889323
-0.00273361749134
-0.00254878749206
-0.00235955319066
-0.00253948043923
-0.00249296303269
-0.00278488584127
-0.00284386014556
-0.00173681888804
-0.00163168867687
-0.00225605837449
-0.00297051536868
-0.00374261793033
-0.00395145219546
-0.00381330885573
-0.0030685216125
-0.00210655679803
-0.00170102936317
-0.00169038867152
-0.00202863897625
-0.00260640593137
-0.00270732006145
-0.00212764231964
-0.00152452543647
-0.00130231995826
-0.00226467810071
-0.00313459113375
-0.00449539938841
-0.00360573432857
-0.00371968777301
-0.00255072378243
-0.00143389592314
-0.00107544732319
-0.00126578364249
-0.00189461246532
-0.00232467562239
-0.00225122534873
-0.00262262851368
-0.00177789519632
-0.00209941979152
-0.00283421360589
-0.00289350260065
-0.003565021621
-0.00365722744357
-0.00284329130097
-0.00236337432441
-0.0016311587947
-0.0015459972815
-0.00197026147463
-0.00214127349695
-0.00216028372785
-0.00256431151221
-0.00251893947331
-0.00281554224517
-0.00322445356562
-0.00363336488606
-0.00375389621819
-0.00330724554424
-0.00276302675496
-0.00232805392901
-0.00190738371138
-0.00150078999076
-0.00158997467954
-0.00172996300382
-0.00216230592774
-0.00243738713085
-0.00273104340384
-0.00364731154713
-0.00386460513452
-0.0035940856976
-0.00324042002944
-0.00299016094394
-0.00251551321551
-0.00239108553387
-0.00141113414768
-0.000917839814147
-0.00143242975062
-0.00178500915781
-0.00199025584287
-0.00266219227003
-0.0029875400835
-0.00332245590357
-0.0033171878209
-0.00257072685769
-0.00251676285057
-0.00217732470101
-0.00184360281651
-0.00173553913074
-0.00144903516245
-0.00106509205574
-0.000711243680588
-0.0014953012019
-0.0022256093205
-0.0031378071637
-0.00359146593486
-0.00358537279539
-0.00332886993159
-0.0027262669453
-0.00153071455949
-0.00144159065326
-0.00177798807067
-0.00199325107378
-0.00200377940621
-0.00211407103844
-0.00140730209237
-0.00112073673054
-0.00174857608616
-0.0024956451619
-0.00368480692289
-0.00404199879876
-0.00368837167553
-0.00286728832096
-0.00150861298994
-0.00104753642364
-0.00130088374222
-0.00179673002156
-0.00228602798031
-0.00257104364814
-0.00220501012852
-0.0018346693077
-0.00209992885336
-0.00305469881638
-0.00390105781154
-0.00381521184699
-0.00369629288744
-0.00300213995444
-0.00202416941421
-0.00169860415335
-0.0018043667641
-0.00204110528761
-0.00210767386984
-0.00241117258694
-0.0028052330744
-0.00284907733063
-0.00268188831711
-0.00328340018325
-0.0037318114663
-0.00374400504007
-0.00356676798455
-0.00289041314262
-0.00219883954466
-0.00195457216337
-0.00127827715451
-0.00112136498632
-0.00119243441548
-0.00158276072121
-0.00192611183729
-0.00253949962076
-0.00303090447302
-0.00376705853073
-0.00308357300867
-0.0032842139555
-0.00280776288327
-0.0025703618123
-0.00230621144164
-0.00207894974724
-0.00184737121902
-0.00154058957719
-0.00121237922005
-0.00130572504696
-0.00173476893095
-0.00248931861443
-0.00296221827727
-0.00362506821222
-0.00319257251848
-0.00250780826902
-0.00220652524525
-0.0016353953574
-0.00144412678146
-0.00125285820552
-0.00106158962958
-0.00087032105364
-0.0006790524777
-0.00048778390176
-0.00029651532582
-0.00010524674988
