-0.0354744183226
-0.0346542451946
-0.0338340720666
-0.0330138989386
-0.0321937258106
-0.0313735526826
-0.0305533795546
-0.0297332064266
-0.0289130332985
-0.0280928601705
-0.0272726870425
-0.0264525139145
-0.0256323407865
-0.0248121676585
-0.0239919945305
-0.0231718214025
-0.0223516482745
-0.0215314751465
-0.0207113020184
-0.0198911288904
-0.0190709557624
-0.0182507826344
-0.0174306095064
-0.0166104363784
-0.0157902632504
-0.0149700901224
-0.0141499169944
-0.0133297438664
-0.0125095707383
-0.0116893976103
-0.0108692244823
-0.0100490513543
-0.0092288782263
-0.00840870509829
-0.00758853197028
-0.00676835884227
-0.00594818571426
-0.00512801258625
-0.00430783945824
-0.00348766633023
-0.00266749320222
-0.00184732007421
-0.0010271469462
-0.00020697381819
0.00061319930982
0.00143337243783
0.00225354556584
0.00307371869385
0.00389389182186
0.00471406494987
0.00553423807788
0.00635441120589
0.00630051815312
0.0076842022084
0.00686861240167
0.00808694511853
0.00777404724347
0.0074611493684
0.00714825149334
0.00796683586295
0.00856501867642
0.00844493738338
0.00925784278376
0.0102377808621
0.0099883274974
0.010672711576
0.0107634078019
0.0110590730466
0.0116363256772
0.0116946299915
0.0114852252016
0.0115828577765
0.0115720696039
0.0109849609853
0.0113864862593
0.0111659389026
0.0108890183837
0.0105765863898
0.0101407150421
0.0104702651411
0.0103798464636
0.0102065935246
0.00960606498093
0.00925610739876
0.00910972826529
0.0086216233054
0.00893343885107
0.00869443216551
0.00848272689105
0.00830315667115
0.00893815993354
0.00806336711344
0.00827875398613
0.00917440684877
0.0100700597114
0.0100069096628
0.00974453371445
0.0102053718092
0.010032047763
0.0102362019753
0.00957781165876
0.00971171141316
0.00948840513233
0.00968992457894
0.0100365359418
0.00982373467794
0.00987745152521
0.0100876738481
0.0101595763811
0.00982576578489
0.0100723553305
0.00979747051057
0.0101550485808
0.0101879903595
0.00965586981895
0.0100622130289
0.00963012261848
0.0093528628335
0.00902710050983
0.00926609646456
0.00903038674117
0.00903395439982
0.0086022470916
0.0084294790443
0.00816507615313
0.00832960216398
0.00811173289086
0.00794205458959
0.00818348431223
0.00810159629321
0.00796507606533
0.0076169703677
0.00750860515808
0.00745073943592
0.00702111700981
0.00733430001211
0.0075179523878
0.00744079884852
0.0066941854252
0.0067253676387
0.00694565936067
0.00676252249301
0.00636542644563
0.0070529023165
0.00705370480385
0.00638903665759
0.00633697402561
0.00634368504373
0.00616322457302
0.00602508456914
0.00625564053553
0.00651125527444
0.00609674346001
0.0069578176854
0.00665872979517
0.00765379805126
0.00776448059067
0.00813812782522
0.00863832428885
0.00860283423256
0.00882135327371
0.00975566675914
0.00963731386469
0.0102190726026
0.0103851350924
0.0119349773514
0.0126098368268
0.0128987856497
0.0135618440326
0.0131125588932
0.0127567206612
0.0130132073892
0.0127617308362
0.0125554737065
0.01258165089
0.0128135482697
0.0129183717983
0.0120938549565
0.0119064962324
0.0115324686844
0.0111847994575
0.0108402983336
0.0100845100145
0.00980908264207
0.00977766472146
0.00988109108188
0.00991579236192
0.00968443264888
0.0091566315953
0.00912940559053
0.00910217958576
0.00907495358098
0.00904772757621
0.00902050157144
0.00899327556667
0.0089660495619
0.00893882355712
0.00891159755235
0.00888437154758
0.00885714554281
0.00882991953804
0.00880269353326
0.00877546752849
0.00874824152372
0.00872101551895
0.00869378951418
0.0086665635094
0.00863933750463
0.00861211149986
0.00858488549509
0.00855765949032
0.00853043348554
0.00850320748077
0.008475981476
0.00844875547123
0.00842152946646
0.00839430346168
0.00836707745691
0.00833985145214
0.0087374810679
0.00840396183723
0.00882626272364
0.00860575701769
0.00872622243778
0.00854850449893
0.00955752378129
0.00981142068204
0.00983894187502
0.00957468217031
0.00960419564038
0.00948015429719
0.00945091927519
0.00926652624787
0.00915030831799
0.00889301260272
0.00894319891984
0.00882074457207
0.0082022028804
0.00856824697441
0.0080610526548
0.00740740188021
0.00789317273691
0.00741680775027
0.00711523580173
0.00736007167609
0.00687058520968
0.00669088477895
0.00652633927973
0.0068286080611
0.00678621094514
0.00681747729897
0.00660373135134
0.00684650714992
0.00671540066049
0.00720873277813
0.00738684267176
0.00820255352561
0.00822487045516
0.00911131173143
0.00929212794717
0.0093322646618
0.0104448780175
0.0118081433033
0.011890743407
0.0117981058645
0.0120074165345
0.0125258082302
0.0122445836824
0.0121859932509
0.0128111560588
0.012369779972
0.0121052719297
0.0122853861204
0.0122147577396
0.0113784661833
0.0109832745314
0.011673915933
0.010938367324
0.0104249783447
0.0106506867679
0.0103353344356
0.00986507706152
0.00962156355812
0.00939382491639
0.00958173966767
0.00951297545573
0.0094442112438
0.00922341004126
0.00891103964447
0.00878738707396
0.00976789317672
0.00899813264122
0.00922420986846
0.00982707099596
0.00947016196165
0.00954555852816
0.0091003003636
0.0100143484662
0.0106555115155
0.00983869137767
0.00998299818772
0.00951412011626
0.0099215984916
0.00954950346562
0.00880741940638
0.00918804618815
0.00947625632573
0.00917353169646
0.00952091320549
0.00937801138169
0.0086597048878
0.00905158868053
0.00890756870657
0.00900655131456
0.0086856412677
0.00869092077427
0.00917834004771
0.00897965034644
0.00921582130814
0.00880945259979
0.00920485818623
0.00926501773108
0.0102521018492
0.0093866897278
0.00919160433194
0.00885468002447
0.00937205697024
0.00963414764896
0.00847005510285
0.00892669329374
0.00825000864933
0.00847314903453
0.00854173707617
0.00818972865017
0.00812574477498
0.00838950692411
0.00810544551115
0.00850280272701
0.00845010907539
0.00854889670915
0.00859576140446
0.00809550173641
0.00783456625618
0.00769696787104
0.00807235145639
0.00774669517129
0.00844443971906
0.0082021769177
0.00797476154293
0.00731928485015
0.00730113511878
0.00734963154189
0.00705400262406
0.00704508355689
0.00762449591168
0.00762627825884
0.00777856471646
0.007674011569
0.0080863719654
0.00876448999878
0.00876028261039
0.00866082099808
0.00898698457981
0.00940869019626
0.00947193745907
0.00975209395728
0.0102669292255
0.00992582821158
0.0102136486669
0.0102234522478
0.010868952842
0.0109325150381
0.0112018655005
0.0105078939082
0.0102614983412
0.00998775330132
0.0104590954963
0.0100716932068
0.00979867858376
0.0102613914891
0.00945086532793
0.0100578093483
0.0106647533687
0.0112716973891
0.0105884349169
0.0108819643357
0.0109357808287
0.010536087562
0.0107520527727
0.0104305731216
0.0111610423499
0.0104257763822
0.0102254250366
0.0100468522799
0.0105132810126
0.0105299827164
0.00962034163097
0.00945828993353
0.00935145981795
0.00888699077016
0.00913522431589
0.00877502473915
0.00930939842855
0.00876153640087
0.00883155106169
0.00863531968804
0.00878438801382
0.00863459330162
0.00831084499992
0.00869176467748
0.00857202952247
0.00844527723879
0.00888820249591
0.0084418363886
0.00842609840364
0.00808247053776
0.0084186998271
0.00885899274847
0.00943614690424
0.0091822680061
0.00892838910796
0.00876787285797
0.00893820751437
0.00879108616768
0.00869311843565
0.00917438324001
0.00874711193916
0.00907854567018
0.00894399041799
0.0088629878745
0.00868995258204
0.00834532098208
0.00824798862616
0.00835087484564
0.00858768077482
0.00851593124193
0.00855323776886
0.0086527135022
0.00818006387338
0.0085397078053
0.00840614441553
0.00792817080153
0.00850770871176
0.00830664116801
0.00775378071892
0.00789792588892
0.00751648331009
0.00760232619387
0.00735088030811
0.00760292053422
0.00699505847009
0.00769711709349
0.00736703944849
0.0077377586827
0.00919916063949
0.00882239354834
0.00889417697833
0.00875871851912
0.00923967636795
0.00848777853249
0.00948588893511
0.0094366693117
0.00947855035541
0.00929647359187
0.0090502299699
0.00936132544411
0.00937821686179
0.00961557870323
0.00971690430954
0.0091279768514
0.00983370469613
0.00943387532334
0.00923169380067
0.00923752044705
0.00911863681703
0.00859073018908
0.00888522723899
0.00933726515528
0.00978930307156
0.009807659149
0.00886732578783
0.00945716543402
0.00955779319746
0.00890392721015
0.00840330004708
0.00822553582672
0.00845584724636
0.00771962682335
0.0080733071744
0.00791706672305
0.00805547325816
0.00809310083482
0.00820515324241
0.00952258350116
0.00838039001061
0.00805667332448
0.00906210789827
0.0078289562557
0.00841819053373
0.00916370266119
0.0085818322632
0.0090674889094
0.00942721819295
0.00910631129424
0.00971530977369
0.00947083286761
0.00952949841715
0.00959008784009
0.00954433786312
0.00923833522226
0.00926678460154
0.00935466440844
0.00880878245856
0.00946126134826
0.00918991462983
0.00955194080014
0.00918982060972
0.0085015036601
0.0088057180708
0.00894557087406
0.00878710574799
0.00875191312908
0.00962942003406
0.00916525700148
0.00926313742375
0.00810352477475
0.00999145539264
0.00850967891166
0.00931852059681
0.00903346637334
0.0103403646274
0.0100479002958
0.00942729042647
0.00908280186092
0.00923221791822
0.00963205059289
0.00976721762362
0.00954430135866
0.0104004725862
0.0104368851024
0.01020526479
0.0095594554153
0.0101244148567
0.00956554803366
0.00905632848336
0.00916632160333
0.00902537607249
0.00892038990086
0.00877200607834
0.00934553814001
0.00864893563428
0.008322857398
0.00948001033288
0.00896227428864
0.00892744602981
0.0086571088126
0.00894300305864
0.00893448908629
0.00927130279627
0.00980819961859
0.00934218416275
0.00920179521159
0.00928399765043
0.00882167193431
0.00932608605222
0.00963304219031
0.0111902176207
0.00924281389907
0.0103332727162
0.00946348107774
0.0079465524894
0.00853632807495
0.00829717285826
0.00833243761418
0.0083677023701
0.00840587846052
0.00789928312493
0.00752701007528
0.00676036561483
0.0071265278627
0.0061255588087
0.00626220316371
0.00552755349218
0.00560962144819
0.00581758073755
0.00598663358029
0.00574515612589
0.00650659224025
0.00629091158883
0.0065477682594
0.00674963018061
0.00587388303838
0.00716015325895
0.0075812354751
0.0076671280467
0.00801567651527
0.00767616333349
0.0074998529694
0.00848610593064
0.00818553166904
0.00791647177292
0.00838188936736
0.00857217089141
0.00850432317461
0.00904927141617
0.00900715418897
0.00845596034295
0.00927942821115
0.0088691002409
0.0096023410808
0.00980828491904
0.00990340017422
0.00990953634168
0.00988959000573
0.0109549419233
0.00948368862773
0.00961940268626
0.00943441554132
0.00947985706088
0.00871695026023
0.00900273329749
0.00844733178909
0.00796388999031
0.00845955958323
0.00863255139296
0.00867384924693
0.00878422846586
0.00868202492641
0.00877266796841
0.00915439925484
0.00962165408502
0.009319267075
0.00874654061274
0.00859111832378
0.00996430166458
0.00998949885699
0.00956880080051
0.00990033308395
0.00958171448967
0.00956143910508
0.00948732229652
0.00905455875403
0.00826213543986
0.00889700376188
0.00857229440257
0.00833015038461
0.00844421252708
0.0084691764167
0.00862099023605
0.00888074420066
0.00841779512914
0.00886399704519
0.00891646298007
0.00870696385644
0.00915033627227
0.00882109654774
0.00867573730044
0.00897820705079
0.00926297642029
0.00876213234623
0.00835658321125
0.00828044713346
0.00784354081947
0.00767441095049
0.00813443322641
0.00854304358094
0.00715369947272
0.00778842962532
0.00778417364877
0.00733509953677
0.00688602542477
0.0061734720148
0.00606520286768
0.0058577624383
0.00510224662878
0.00584713790575
0.00504869797676
0.00505685435384
0.00469971976415
0.00493914724349
0.00443950140895
0.00446235548923
0.00510868078255
0.0048489837659
0.00461186387023
0.00415782532077
0.00376564009116
0.00352625361832
0.00439071807224
0.0046708648982
0.0047839013912
0.00513563344115
0.00631138955501
0.00602239480107
0.00656340096771
0.00630320468473
0.00668367477854
0.00698157071815
0.00724006742935
0.00646240397048
0.00700833631385
0.007671476746
0.00816582804648
0.00739415388455
0.00783526073147
0.00836029825448
0.00851517504434
0.00856217002585
0.00901759207736
0.00875420074744
0.00913479268777
0.00962701547851
0.00888077127613
0.00987145915314
0.00931082677114
0.00944026725987
0.00883367387807
0.00968161995028
0.00911292381703
0.00956336456446
0.00928581807191
0.00860731612839
0.00894002849932
0.00807844268179
0.00829246690181
0.00814380159687
0.00867766179495
0.00875119565525
0.00856775120298
0.00905100509211
0.00874648117177
0.0084753863237
0.00868645247256
0.00866945049263
0.00893825951372
0.0089766886723
0.00937545037701
0.00914280298943
0.00927833951493
0.00904284930719
0.00939141838171
0.00928956262607
0.00949563487403
0.00937648559289
0.00869843582653
0.00914607324191
0.00882284911925
0.00903826120209
0.00859504961977
0.00866470243134
0.00826612798524
0.0083887380338
0.00898122362317
0.0081108374826
0.0104538467978
0.0101937749705
0.00967326799209
0.00956634554231
0.00958584480355
0.00907398867736
0.00874129768207
0.00819290697228
0.00875524364172
0.00814912189302
0.00824243815541
0.00845448861963
0.00866653908384
0.00864215070386
0.0078802049147
0.00805203713714
0.00741692340727
0.0069625667768
0.00657138484594
0.00645925217397
0.00539316867816
0.00534879269889
0.00494202451409
0.00420338739803
0.00348738583677
0.00378742357663
0.0033442968973
0.00317264890381
0.00310828376691
0.00285445032697
0.00302717883742
0.00281904971142
0.00277145281081
0.00295997658376
0.00323162980045
0.00309897393818
0.00368796193095
0.00368659364537
0.00368103775564
0.00421217200159
0.00438807332123
0.00500571398851
0.00489945637166
0.0049792256157
0.00501413554162
0.00502361294975
0.00548458469968
0.00519721406058
0.0059732415248
0.00610106676825
0.00616439246836
0.00650907815028
0.00651978196003
0.00753961632598
0.00794018143065
0.00694776347449
0.00788191508065
0.0080460868222
0.00831822089981
0.00888128550837
0.00867382112176
0.00887913303417
0.00837097438273
0.00818639392263
0.00843451398039
0.00789922760004
0.00709839483239
0.0072195644974
0.00788518645528
0.00688305232048
0.0077607688826
0.00774091946631
0.00792956657288
0.00798792022599
0.00765194240617
0.00760944241489
0.0075863661787
0.00758854526604
0.00807591089004
0.00795925543732
0.00877416708387
0.0086669549575
0.00910253512855
0.00822412626552
0.00839320439622
0.00870918707463
0.0081942540201
0.00854059907937
0.0085356312437
0.00794486945705
0.00818791881517
0.00819434693737
0.0081217365808
0.00853362963371
0.0084783982736
0.00826662650952
0.00902201483013
0.00903391613736
0.00888097767367
0.0084852413659
0.00815271055956
0.00771280674657
0.008087681731
0.00745463048817
0.00797557863313
0.00759145440699
0.00791783856766
0.00809397824633
0.008270117925
0.00844625760367
0.00855013324628
0.00784734777189
0.00730658381386
0.00777171240486
0.007227581288
0.00673576702737
0.00602384280312
0.00588050577128
0.00599776927087
0.00557263667171
0.00536170466652
0.00514082300481
0.00462761613492
0.00432050356646
0.00361160237982
0.00335994875558
0.00394105331702
0.00222535750529
0.00445528390262
0.00251469939868
0.00302262132613
0.00234885376743
0.00167508620873
0.00406042280016
0.00276125094393
0.00330102840913
0.00291638474821
0.00385504433278
0.00192765386543
0.00290994394445
0.00469951171098
0.00310331612745
0.00342628670472
0.00345505948671
0.00451154300663
0.00357363623255
0.00404311281633
0.00270145457486
0.00569575196531
0.00314522215371
0.00433908697763
0.0052375034214
0.0045910676367
0.00511750608327
0.00502022995501
0.00564547550028
0.00611907643263
0.00619159763741
0.00626411884219
0.00692714212163
0.00849632390808
0.00647647760268
0.00764374433764
0.00622638570916
0.00714808582146
0.00572842499662
0.00719904932034
0.00625434532592
0.00778872671961
0.00910711749359
0.00852420563797
0.00825599485642
0.00751485789612
0.00869306064704
0.00852516877594
0.00838219677761
0.00794359028534
0.00845857462268
0.00866427004149
0.00808109179778
0.00788042757737
0.00811012180097
0.00696797027607
0.00802237554878
0.00767309500735
0.00800340325421
0.00732186957817
0.00638083135311
0.00759592086644
0.00739197667715
0.00690734829098
0.00723599910859
0.00699378361079
0.00688188063721
0.00671201249319
0.00768123921693
0.0075082699709
0.00757091098187
0.00780439346413
0.00828137307263
0.00818086439126
0.00826134999082
0.00707051808419
0.00723178663904
0.0073930551939
0.00724043651906
0.00733638071961
0.00780680721189
0.00776555457811
0.00788693913656
0.00665091329609
0.00762490693179
0.00748247254511
0.00780474998064
0.00747222414053
0.00617563244017
0.00666712255466
0.00616315077677
0.00625888782621
0.00596697705496
0.00520335539712
0.00419491409613
0.00480459010939
0.00426488218157
0.00377740376498
0.0025302581001
0.00280103031508
0.00171441812346
0.00319162101887
0.00270507623878
0.0017770860392
0.00166023992052
0.00160562266622
0.00152474310051
0.00240828456358
0.00163058412049
0.0025308903722
0.0021206017276
0.00182800151873
0.00227574095696
0.00240984028091
0.00299780047148
0.0028104142106
0.0027773212227
0.00314792043858
0.00236093362004
0.00308464726847
0.0037031234442
0.00260888158345
0.00323451343175
0.00363311924716
0.00376170369845
0.00552022092025
0.0049356632471
0.00568955374418
0.00604284463598
0.00619493231326
0.0064951902599
0.00657144517443
0.00738125401908
0.00707442640085
0.0069185075837
0.00734580177343
0.00766894846134
0.00786134256661
0.0075502206101
0.00734199633153
0.00791148782942
0.00804629021632
0.00825124675482
0.00799508202463
0.00835219237195
0.00812157030805
0.00821230738947
0.0082473497157
0.0085871098735
0.00911886499234
0.00884948135288
0.00928138035576
0.00942219190884
0.00863722175272
0.00869704950761
0.00849835729374
0.00828848491564
0.00785875342045
0.00805613390075
0.00774792445607
0.00768160546624
0.00774589860997
0.00726619458076
0.00728895227963
0.00744549990791
0.00785768851442
0.00806312347455
0.00791318421526
0.00834758116444
0.00855914771453
0.00879707558554
0.00939071373024
0.0088361083181
0.00828150290597
0.00887697207617
0.00915371615177
0.00900980467516
0.0084994358838
0.00841517076894
0.00852454779403
0.00882102716841
0.00827255092644
0.00890844732888
0.00791198126645
0.00853373972277
0.00772413411757
0.00820003247118
0.00844720609163
0.00843524722264
0.00776047824988
0.00749207318093
0.00675795191994
0.0065117151494
0.00585095412996
0.00583706518867
0.00528212725082
0.00433749871915
0.00427194994811
0.00432061116804
0.0039659283978
0.00306979241424
0.00290951611382
0.00261490975824
0.00194824055262
0.00197091047809
0.00122625671862
0.0009485245704
0.00131342767469
0.00104634198425
0.00123315068239
0.00095324799026
0.00192746186874
0.00180603831844
0.00213161177782
0.00174237103201
0.00215231660218
0.00220572254121
0.002208586719
0.00190027309162
0.00196860864638
0.00195876210429
0.00335741587909
0.00307746200614
0.00293496795146
0.00229901067394
0.00265224133352
0.0023042944359
0.00355369327187
0.00338289281129
0.00292512120174
0.00333765086475
0.00355605014207
0.00386010822571
0.00408855040997
0.00348844408701
0.0042592119336
0.00474585495507
0.00477073879517
0.00452801602764
0.00435530252294
0.00461150566988
0.00525248604521
0.00547838218696
0.00566327164526
0.00521836152783
0.00661064355948
0.00656219681387
0.00677727970213
0.00720332523962
0.00744986282489
0.00705269205164
0.00797454495665
0.0074872887269
0.00822732526032
0.00798162070249
0.00815809322285
0.00778022875107
0.00802225085453
0.00786278018727
0.00773823708005
0.00837875142904
0.00751425523553
0.00769708393356
0.00798255254164
0.00811500703532
0.00845551323946
0.00809031737333
0.00880911569821
0.00859505743007
0.00838099916192
0.00903521429687
0.00917842361941
0.00931082596789
0.00906250001185
0.00891497896898
0.00868207060367
0.00861505146394
0.00929516141604
0.00913604842213
0.00905634812997
0.00996517070126
0.00955903401502
0.00947316792384
0.00861066995707
0.00917454716664
0.00895774597096
0.00806462208288
0.00791564384407
0.00739803854076
0.0077984314669
0.00650028818275
0.00647825610754
0.00557342061811
0.0064585850791
0.00614548832139
0.00596758211641
0.00498620582753
0.00443112909324
0.00393132542598
0.00372976023874
0.00356523351482
0.00292017179867
0.0026144066829
0.00239952982172
0.00229641934149
0.00264667120754
0.00203071404722
0.00161941183601
0.00176241377253
0.00195645516395
0.00197755127922
0.00208199816267
0.00234050699731
0.00230790806991
0.00253830516973
0.00256453371931
0.00260706025803
0.00233344854662
0.00214110740884
0.00247531887348
0.0025901652925
0.00234869062751
0.00241169479418
0.00260358440912
0.00282540548658
0.00238648106536
0.00238037020479
0.00193107769607
0.00232188759734
0.00267873224621
0.00340919484479
0.00344870776017
0.00350393476533
0.00298878475621
0.00330729304349
0.00303579850327
0.00342916633981
0.00268336317973
0.00399924966301
0.00369276210754
0.00325929369629
0.0041074118591
0.00428069430184
0.00484793753187
0.0047159899906
0.00549601107699
0.00493115209485
0.00522208697157
0.00557619733485
0.00636628054602
0.00682691733722
0.00669514219965
0.00654974172303
0.00777925150594
0.00790112223341
0.00838527488238
0.00753689615299
0.00771781998746
0.00786588166668
0.00793394672193
0.00756639676076
0.00751399283175
0.00765325065797
0.00774308299522
0.00793084744
0.00811861188479
0.008468993265
0.00849665085845
0.00828605570788
0.00787487381946
0.00847861678023
0.00866194797542
0.00839948537717
0.0088703018812
0.00931325921405
0.00931685258239
0.00933002852582
0.00931615624206
0.00936418672423
0.00946787019073
0.00908113766152
0.00943613878376
0.00988776386284
0.00947251102147
0.00867034088358
0.00804624033174
0.00843468398642
0.00785918099901
0.00737111346046
0.00747424926305
0.00717830826112
0.0066453585003
0.00616946893617
0.00555910980306
0.0052382103635
0.00453622138152
0.0043790072209
0.00334694740336
0.00341207386241
0.00335046982485
0.00290751401039
0.00219377095588
0.00192568742899
0.0018669156714
0.00140420006681
0.00110656369095
0.00158782768933
0.00215864005244
0.00118300787003
0.00111959715519
0.000744588511344
0.00137456411287
0.00108158478996
0.00123091987598
0.00143566495351
0.00186113501154
0.0012011594972
0.00162114819103
0.00115488890461
0.00124829919115
0.00102204092651
0.000908605612301
0.0014060768245
0.00127043157012
0.00123302740652
0.00140221729192
0.00124353438702
0.00151540138417
0.00138198321961
0.00149965816995
0.00151246081063
0.00130398489784
0.00164635555719
0.00161471194349
0.00126011007384
0.00152445892419
0.000785229746968
0.00164758909034
0.00197822651848
0.00256935599381
0.00279548394283
0.00299713635453
0.00310067884214
0.00295120132801
0.00434816753542
0.00364769909244
0.00433028799656
0.00480147419417
0.00488901659892
0.0046005389868
0.00584340591008
0.00563539422495
0.00664957280067
0.00614002553836
0.00678889251493
0.00703818429345
0.00687851387068
0.00712239347115
0.00743747338836
0.00730568740642
0.00793569614055
0.00856570487468
0.00834773152254
0.0080683455339
0.00801393742137
0.00834527452453
0.00832916925079
0.00901295102511
0.00843966910926
0.00831821835047
0.0088584179772
0.00830201754506
0.00927169778062
0.00980021099329
0.0100974900255
0.0103947690578
0.00984035667374
0.00997856957087
0.00933615439523
0.00994059452151
0.00987558993337
0.00966064340714
0.00950784333259
0.00940762121395
0.00790088749314
0.00919108115826
0.00904046896608
0.00864793963954
0.00816840214245
0.00741933776527
0.00711503058785
0.00676142689333
0.00629173220459
0.00637698345015
0.00541877802783
0.00516923968986
0.00543235210686
0.00513234814636
0.00431405255277
0.00319169312256
0.00355525009477
0.00248470491048
0.00209325277483
0.00230382091254
0.00221055737335
0.00169208493271
0.00158028690479
0.00136647140441
0.00115265590403
0.00150555976033
0.000471643853281
0.00143468651432
0.00129991319814
0.000871988670641
0.00118662497137
0.00145911193336
0.000788841429779
0.000916832284174
0.000615788839925
0.000890038290795
0.000799292699688
0.000744065539856
0.000695309881735
0.000889930193147
0.000812562698287
0.000139418804558
1.83695962002e-05
-0.00019458662851
-0.0002143811923
-4.7743996013e-05
0.000318644992857
-9.39758274475e-05
-0.00104119182686
-0.000155572099431
-0.000110476772183
-0.000828097653774
8.82869879004e-05
-0.000533998591072
0.000127177537024
0.000268222445194
-0.000185747694298
0.000197077610794
0.000152019690631
0.0016234989166
0.0010475335871
0.00187477434704
0.00129104638492
0.00227422095378
0.00212717344843
0.00325385408992
0.00379213969014
0.00372659558715
0.00467980255544
0.00494660663494
0.00547990908254
0.00528435761806
0.00539050061256
0.00549664360705
0.00664559154604
0.00668602623255
0.00688224425703
0.00687028991238
0.00747258859754
0.00788389278328
0.00880834734099
0.00824608779294
0.0078700726645
0.00811323754671
0.00745474309826
0.00781286544243
0.00855044719683
0.00864501102858
0.00816406623252
0.00797711932737
0.00764069257351
0.00822580982404
0.00849165262845
0.00825477912893
0.00858890057999
0.00879445301408
0.00854818966628
0.00871541249263
0.00904384093432
0.00823959576046
0.00825130233652
0.00766696866362
0.00707005006635
0.00716812928349
0.00737237597594
0.006545368213
0.00621357395736
0.00584224933268
0.00466619553021
0.0056983711328
0.00499327014173
0.00468050456842
0.00469168364818
0.00439272103667
0.00356349223602
0.00367528932458
0.00310426394995
0.00245684400213
0.00204213532303
0.00189945379731
0.00188999019085
0.00197890200933
0.00176067368386
0.00135742884314
0.00112030315061
0.00137574201914
0.00246346284888
0.000700172689816
0.000935795231397
0.000947954449185
0.00130060884696
0.00050803097262
0.000605780824095
0.000808174366334
0.000401154950676
0.000174511133109
-3.19180673379e-05
-0.000449209042858
-0.000492140790952
-0.000511160095666
-0.000618191962763
-0.00103030432548
-0.00146760473817
-0.00120773269236
-0.0023240361805
-0.000922923622897
-0.000925534694473
-0.00199896469464
-0.00122424070994
-0.00139089611449
-0.00133129877267
-0.00158505121266
-0.00203524943792
-0.00215018161033
-0.00213789665703
-0.00214572591333
-0.00228819913915
-0.0015857951686
-0.00187860487582
-0.00110022464054
-0.000851087978432
-0.000329576133235
-0.000412860415358
6.85959863533e-06
0.000161567807034
0.000408320908455
0.00138153101733
0.00142378419476
0.00198665222195
0.00254952024913
0.00311238827632
0.00293957434122
0.00322393445283
0.00392807423199
0.00466412486026
0.0046612436301
0.00452470357629
0.00579007656702
0.00548937770238
0.00587340581718
0.0046147832857
0.00626052710811
0.00638076614885
0.00610916054365
0.00584910751725
0.00614599743357
0.00680684020869
0.00723957536457
0.00717281117388
0.00810697686358
0.00706602602595
0.00745998562604
0.00752964333971
0.00809968976475
0.00773262172085
0.00842325569701
0.00883581605496
0.00835417151292
0.00852810630388
0.00841175658309
0.00788657392186
0.00797329431245
0.00741347085321
0.00696501394996
0.00702041302885
0.00687619470659
0.00577034719737
0.00598587726955
0.00479546738339
0.00462849105855
0.00444412138225
0.00395218535317
0.00324801214654
0.00349594225255
0.00306332277954
0.00289154366904
0.00196763009095
0.00331153890225
0.00277235068677
0.00200530487115
0.00243990319163
0.00236502700358
0.00216875983198
0.00192967054435
0.00133499529473
0.00153878495994
0.00155628411298
0.00179993288315
0.000846653247982
0.00105942278438
0.000399532398109
0.00014629904185
8.07269826981e-05
-2.43477435571e-05
0.000116028515349
-0.000738967520174
-0.00103386699633
-0.000814010886311
-0.000937176724885
-0.00117896762824
-0.00172626037415
-0.00169023072118
-0.002466287571
-0.00223242242449
-0.00295369750329
-0.0029670813738
-0.00320258956174
-0.00345617485804
-0.0031087457542
-0.00299258885623
-0.00390388846632
-0.00384162693066
-0.00363621993213
-0.00430416114127
-0.00341707266599
-0.00380104333648
-0.00356699139996
-0.00313214355158
-0.00347289150594
-0.0031642536157
-0.00267686306774
-0.00275940682067
-0.00187429806258
-0.00159087929776
-0.00107785842246
-0.000564837547162
-0.00022167796581
0.000490743318324
0.000847338484381
0.00154778757687
0.00175205726047
0.00235274253004
0.00246657387398
0.00291307630357
0.00326314893381
0.0040951797069
0.00449298900515
0.00499348513388
0.00495427968181
0.00584069083747
0.0053705161114
0.00577479505859
0.00586397373957
0.00623601132978
0.00623707298558
0.00669685258411
0.00630788657653
0.00629996023653
0.00691178821095
0.00664042693634
0.00704940614661
0.00728016681685
0.00697301324921
0.00646995493065
0.00741776200922
0.0070314983895
0.00740162281091
0.00728708780248
0.00692152341902
0.00796145795639
0.00739046522921
0.00652316666543
0.00619551216202
0.00630306798656
0.00574935107333
0.0057847592217
0.00533220167176
0.00488076268509
0.00535517896549
0.0048630847607
0.00477110986532
0.00380583443477
0.00264178980967
0.00324252360836
0.00345542077625
0.00273031335237
0.00262704955918
0.00222779328758
0.00228409222148
0.00181174738785
0.00147217147222
0.00170560846254
0.000888459427462
0.00149156938628
0.00101640928661
0.0012847858813
0.000436043549054
0.00112101753113
0.000435899665267
0.000354807820514
0.000149508639158
0.000290622333196
0.000347868839308
-0.000746448029755
-0.000562219272257
-0.000791587007617
-0.00112222964327
-0.00128014099023
-0.00190412714952
-0.00215814489388
-0.00231374304224
-0.00242016929895
-0.00287931736536
-0.00345262472262
-0.00303791981437
-0.00361173908737
-0.0039073065703
-0.00420013448045
-0.00402460937971
-0.00384908427896
-0.00470546168545
-0.00471467435127
-0.00444335074678
-0.0043225506952
-0.00420120531598
-0.00465111132807
-0.0042737817389
-0.0037885483567
-0.00396296474135
-0.00318240636643
-0.00313656165904
-0.00309071695165
-0.00246323909188
-0.00273015817502
-0.00203656383539
-0.00231463551964
-0.000879581139568
-0.0015800737145
-0.000675128899054
0.000298794481781
0.000606203353089
0.000984790012405
0.000410112521309
0.00208475520271
0.00215347367218
0.00273033498607
0.00339813582479
0.00344560810249
0.00390835337727
0.0043331025934
0.00465625802206
0.00455154662165
0.00514906641399
0.00530859925425
0.00503958318704
0.00577235219774
0.00618949004365
0.00677212782692
0.00735476561018
0.00665702087249
0.00674528923704
0.00928621671886
0.00760536965163
0.00704757280293
0.00775113691093
0.00794234702258
0.00825305120935
0.00833565044986
0.00852225687904
0.00774770858323
0.00664469592142
0.0070687551058
0.00694387457291
0.00706752449086
0.00573403088155
0.00550606363049
0.0048077428642
0.00508305855249
0.00297940374534
0.00338374393114
0.00312250878057
0.0030011839083
0.00278827850781
0.00234729857837
0.0019510639653
0.00121085073641
0.00126327937763
0.00100787644607
0.000597435463495
0.000615800226198
0.000425222029218
0.000413948340851
0.000427979861169
0.000987001881253
0.000452354687796
0.000285470589544
0.000632363706054
0.000191954744483
-0.00034099828757
0.00059182734334
0.000347292195501
-0.000350136916226
-0.000333864192645
-0.000338826259569
-0.000570530288621
-0.00101458238228
-0.00177854106694
-0.00190636364799
-0.00186523923748
-0.00290579720636
-0.00272018577707
-0.00366684567141
-0.00392760922366
-0.00391476800499
-0.00420326076524
-0.00506951077203
-0.00514516340768
-0.00517199067076
-0.0059626488613
-0.00595961492167
-0.00677713038247
-0.00596913482076
-0.00611023283365
-0.0061723181976
-0.00623440356155
-0.00569668087106
-0.00561246971968
-0.00552825856829
-0.00544404741691
-0.00539082710767
-0.00533760679844
-0.00504956033412
-0.00456450416897
-0.0039235483583
-0.00417837926967
-0.00426285678768
-0.00395473450746
-0.00326287504317
-0.00255382637961
-0.00219876214284
-0.00180228934324
-0.00116574039507
-0.00109805973057
-0.000255463375633
-0.000523113490262
0.00148042955671
0.00104508125939
0.00151593104998
0.00143868775218
0.00199540402485
0.00289878768382
0.00326461765859
0.0034573804415
0.00400403145314
0.00425529708891
0.00425952822108
0.0036263940123
0.00505164755287
0.00443639467253
0.00534143382765
0.00500421228883
0.0051789998188
0.00388873885631
0.0046909777826
0.00585043820732
0.00562733458072
0.00531732497956
0.0053829624043
0.00566855317819
0.00539712096621
0.00510006566411
0.00462568912706
0.00464820779331
0.00396652600751
0.00439866237538
0.00337595646745
0.00320468250892
0.00231167886666
0.00228795645763
0.00155075466785
0.00137649440387
0.00113141036047
0.0017331671301
0.00120448013839
0.000416160108929
0.000641879463814
-1.38873759359e-06
-0.000704318710985
-2.12879965639e-05
-0.000391583687425
-8.84459195246e-05
-0.000583645534509
-0.000626175046367
-0.000602638954146
-0.000338906189768
-0.000520596402425
-0.00026450377105
-0.000495148263378
-0.000721691166472
-0.00104449661706
-0.00117197585005
-0.00109246957693
-0.00100704515047
-0.00141300886982
-0.0017800493356
-0.00154731402727
-0.00240865231141
-0.00301935910967
-0.00323603686992
-0.00380365956336
-0.00366047094762
-0.00423014749187
-0.00447021157371
-0.00471184686533
-0.00535632153341
-0.00540190450908
-0.00571876294081
-0.00607560031332
-0.00652055096827
-0.00661079479404
-0.0067924366931
-0.00717094990404
-0.00705851170978
-0.00694607351553
-0.00714746836913
-0.0067189857713
-0.00705755895812
-0.00631216001677
-0.00622595581992
-0.00696146802419
-0.00664270444994
-0.00613807671682
-0.00620081663295
-0.00570910226822
-0.00544609767318
-0.00533969428444
-0.00495346311242
-0.00422790122414
-0.00438098334102
-0.00360761333159
-0.00318435213121
-0.0032261669878
-0.00319521416035
-0.00241649623242
-0.001380386205
-9.66204568776e-05
3.83672964167e-05
0.000173355049711
0.000393803140559
0.000942629451149
0.00172999831207
0.00197192623184
0.00217343263431
0.00259939427014
0.00264090865227
0.00349084833594
0.00379091607539
0.00389196007292
0.0037312620673
0.00418281795368
0.00424352398442
0.00471693646607
0.00500261710505
0.00481110891991
0.00513969395001
0.00509191023089
0.00441849891015
0.00490208784398
0.00452428411661
0.00437272855231
0.00416455461118
0.00358961808108
0.00330161531687
0.00291660790742
0.00261236562839
0.00191796060979
0.000879572620134
0.0012100093053
0.00106918549989
9.17614679368e-05
0.000163626740127
-5.99166912184e-05
-0.00073674961318
-0.000466722815822
-0.000739130997139
-0.000769091973317
-0.000812339407744
-0.000954718373394
-0.00128641362123
-0.000647141577175
-0.00123645116272
-0.000791516427385
-0.000515749989782
-0.000555237134913
-0.0010325896802
-0.000449671835558
-0.000332761074487
-0.000640421955727
-0.000823468565333
-0.000778185177055
-0.000518524816824
-0.000518560609525
-0.000975609640831
-0.00100077766043
-0.00153004709346
-0.00109565134556
-0.00216610916187
-0.00203337440194
-0.00206965264541
-0.00310379761746
-0.00332691529882
-0.00393446570245
-0.00381454213723
-0.00396211139331
-0.00539430907254
-0.00532685666744
-0.00504912624047
-0.00526100033336
-0.00611355602667
-0.00696611171999
-0.00693491775491
-0.00683194558302
-0.00637303892066
-0.00755955412131
-0.00712677823143
-0.0071103065614
-0.00775579878922
-0.00742547430112
-0.00717209471412
-0.00704005952788
-0.00686533023872
-0.00692732855393
-0.00698667494002
-0.00655667245046
-0.00592629755181
-0.00559908172902
-0.00556654613999
-0.00494352335949
-0.00480177815189
-0.00460112389048
-0.00374273466847
-0.00327400861548
-0.00280528256248
-0.00234488395524
-0.00188448534801
-0.00142408674077
-0.000963688133532
-0.000503289526295
-4.28909190585e-05
0.000417507688178
0.000877906295415
0.00133830490265
0.00179870350989
0.00225910211713
0.00271950072436
0.0031798993316
0.00381079261928
0.00446479829797
0.00416156925568
0.00529268527087
0.0043803898686
0.00530107263629
0.0050013597161
0.00549420118856
0.00494848152122
0.00498126780314
0.00502995363076
0.00518049377249
0.00410571561461
0.00480758887894
0.00442112153945
0.00387656764884
0.00372820367859
0.00336970565566
0.00289223221248
0.00197683591162
0.0016995580077
0.000973532648609
0.000603330912522
0.000234356009357
-2.04996629636e-05
-0.000559985984088
-0.00148939146655
-0.00131335238273
-0.00170405920593
-0.00137965398929
-0.00168265977122
-0.00188713551667
-0.00211135607237
-0.00143366343529
-0.00153783167747
-0.00170602426056
-0.00212455184661
-0.00164195311592
-0.00113530167519
-0.000593542467271
-0.000666346152852
-0.000894882125786
-0.000629679523651
-0.000760777307294
-0.00241913806429
-0.000279972934245
-0.000476332311161
-0.000428431022843
-0.00130268268578
-0.00209084957044
-0.00234366221991
-0.00264972132429
-0.00277579115123
-0.00322507623803
-0.00367436132482
-0.00348071947865
-0.00385115245178
-0.00409248297511
-0.00466125119874
-0.00523001942236
-0.005572094783
-0.00563888996936
-0.00574365788558
-0.00653630856309
-0.00635672763868
-0.00724456679844
-0.00708144588604
-0.00693216260157
-0.00792488829935
-0.00759263529887
-0.00759787621582
-0.00769014155298
-0.00713413208826
-0.00811250872213
-0.00785317134295
-0.00778363984501
-0.00740642501538
-0.00717419342713
-0.00707373568434
-0.00599347956202
-0.00654137471317
-0.00523250456373
-0.00488458112333
-0.0051878628457
-0.0053635421623
-0.00480501746485
-0.00392660855243
-0.0030419751625
-0.00241576251491
-0.0011742929558
-0.000540464133379
-0.000114570903023
0.000588048405481
0.00157571042463
0.00205390571891
0.00259373069117
0.00305790477425
0.00307267229351
0.00402121042523
0.00456441715796
0.00497016096224
0.00498226818743
0.00511928100925
0.00563163070511
0.00561488670005
0.00550418133119
0.00441279563498
0.00557744746141
0.00565364197171
0.00631594920618
0.00467418121594
0.00405792153895
0.00482816205253
0.00591642217458
0.00361000765293
0.00386465793683
0.00401027562891
0.00402777993904
0.00240279429262
0.00243196910836
0.00205211460691
0.00177780000267
0.00178661120617
0.00127591711913
0.00128248403664
0.0011941451241
0.000632854569184
-7.59253438571e-05
-0.000138952821897
-2.6806046422e-05
-0.000952143167542
7.23632081634e-06
-0.000240636673096
0.000923886861075
0.000293409306364
0.000760880065531
0.00124322812274
0.000485629969211
0.00143699617921
0.00236629012743
0.00187409654635
0.00249987046336
0.000868734924492
0.000886451339407
0.00211603611412
0.00143956159217
0.00178514660743
0.00167314794509
0.00151814569193
0.00123660488036
0.000399126759218
-0.000438351361924
0.000296191077733
-0.000471480286701
-0.00145869543914
-0.00244591059157
-0.00282622177934
-0.00300405083407
-0.0031260836507
-0.00361973746835
-0.0041241894298
-0.00560916322126
-0.00602195041284
-0.00572805319661
-0.00623700248728
-0.00511348704529
-0.00604570904822
-0.00552816462936
-0.00713720769197
-0.00625632193301
-0.0052138677459
-0.00650828128431
-0.00524724177987
-0.00647994879482
-0.00771265580978
-0.00894536282473
-0.00871360407591
-0.0084818453271
-0.00847522424579
-0.00846860316449
-0.00846198208318
-0.00845536100188
-0.00844873992057
-0.00844211883926
-0.00843549775796
-0.00842887667665
-0.00842225559534
-0.00841563451404
-0.00840901343273
-0.00840239235143
-0.00839577127012
-0.00838915018881
-0.00838252910751
-0.0083759080262
-0.00836928694489
-0.00836266586359
-0.00835604478228
-0.00834942370098
-0.00834280261967
-0.00833618153836
-0.00832956045706
-0.00832293937575
-0.00831631829444
-0.00830969721314
-0.00830307613183
-0.00829645505053
-0.00828983396922
-0.00479647565146
-0.00305940804994
-0.00132234044842
0.000414727153094
0.00215179475461
0.00388886235613
0.00299776051604
0.00210665867595
0.00296358538324
0.00328768625323
0.00315216512466
0.00252181100626
0.00189145688786
0.00346560904282
0.00200578530303
0.00169914360659
0.00124538768496
0.000251913586575
0.000223511820277
-0.000806566022728
-0.000200873252496
-0.000366993996886
-0.000234896677765
-0.000648796913213
-0.000281438021745
-3.601293694e-05
-0.000212032159109
0.000190853155969
-0.000429266213702
0.000283158038791
0.000341222816789
6.12419300479e-05
0.00140693647119
0.000899504093576
0.00152655827257
0.00139868870809
0.000644184861389
0.000794129876199
0.00161618468717
0.00132722742675
0.00152836446709
0.00122834039673
0.00107049309879
-7.7218857255e-05
-0.0012249308133
-0.00264749889567
-0.00133815715888
-0.0015016271218
-0.00179541975215
-0.00397795562118
-0.00440700338224
-0.00479207155766
-0.00468341166876
-0.00522570055701
-0.00522960978388
-0.005442493056
-0.00517542916799
-0.00577857707608
-0.00596896045059
-0.00626815327269
-0.00607161147094
-0.00610101997136
-0.00736545846805
-0.00724140819052
-0.0070402630387
-0.00684373742203
-0.0069304808796
-0.00843105348003
-0.00801285037543
-0.00738686581083
-0.00694630859674
-0.00668646072666
-0.00624072626049
-0.00540657733147
-0.00488112830643
-0.0051528291466
-0.00423335486024
-0.00363611840957
-0.00289250566658
-0.00328212709456
-0.00367174852253
-0.00279862481942
-0.0022414563065
-0.000614041354258
-0.000187432864476
0.000628327218719
0.00183335714498
0.00125355739266
0.00225371899307
0.00230437630651
0.0041601406989
0.00273529616397
0.00303011991293
0.00349789048972
0.0042939432946
0.00435500761681
0.00667560212033
0.00435968977773
0.00481461279745
0.00482053693746
0.00489383512908
0.00515427223313
0.00550547297757
0.00331584525129
0.00350964797371
0.00339723768205
0.00367672317494
0.00324281625189
0.00341136948419
0.00215466102216
0.0018849266683
0.00138295146452
0.00190544728179
0.00141636874461
0.000906439870386
-0.000815402006297
-0.000302623447644
-0.000530671846772
-0.000890838698249
-0.0011693562388
-0.00124873122684
-0.00211894012507
-0.00133218613742
-0.00170932662262
-0.00143260273282
-0.00171972104824
-0.00157858731258
-0.00252211459282
-0.00170612419667
-0.0014448270047
-0.0016086619327
-0.00175578191136
-0.00140646849131
-0.000504942106439
-0.00015135300915
-3.58228559146e-05
-0.000696672033079
-0.000180484247022
-0.00022031650814
-0.00126835914883
-0.00231640178952
-0.00194864698905
-0.00123010977688
-0.0020592878191
-0.00178223253456
-0.00211546294861
-0.00144525009585
-0.00192648262696
-0.00202710079333
-0.00308476380241
-0.00341505168058
-0.00464915640867
-0.00444965289002
-0.00481474108052
-0.00476868092415
-0.00490602453994
-0.00596565458201
-0.00518272713827
-0.00545797645674
-0.00547952190267
-0.00575352793231
-0.00552199227053
-0.00659496575865
-0.00809179460283
-0.00710409971435
-0.00656778022332
-0.00659093374148
-0.00681845242136
-0.00618621257434
-0.00676061129649
-0.00696239034436
-0.00680447255899
-0.00684379285188
-0.00660213765212
-0.00531516379611
-0.00742629079102
-0.00640566416716
-0.00625796746032
-0.00510621056932
-0.00451516036369
-0.00355632494199
-0.00319902903021
-0.00297780338254
-0.00276839205115
-0.00255923817615
-0.00148670019584
-0.00103475808854
-0.00326460670231
-0.00125452882696
-0.00096507208274
-7.36014667306e-05
0.000305972022312
0.000780818411963
0.000969202625525
0.00175057834309
0.00177626051927
0.00113260632211
0.00129567168768
0.00198998729808
0.000439583357933
0.000805156908198
0.00118778754033
0.00130316288443
0.00141852933572
0.00149759146997
0.000300337481359
0.000510853799421
0.000547250450488
0.00102561615884
0.000732925609145
0.000397887909059
-0.00336144914703
-0.003172498212
-0.00499168859239
-0.00415386045633
-0.00483240962429
-0.00501803547646
-0.00434457113864
-0.00458875796563
-0.00487790930291
-0.0045546286739
-0.00436100303382
-0.0040877237827
-0.00411842047604
-0.00397423409332
-0.00342206797487
-0.00433511295483
-0.00336834787081
-0.00457982677155
-0.00389611737247
-0.00293556559013
-0.00179831289474
-0.00211110274661
-0.00204363152468
-0.00238657501516
-0.0028791042758
-0.00337163353643
-0.00315797672798
-0.00255082052185
-0.00226895921294
-0.0021305881746
-0.00226283458971
-0.00238535086807
-0.00176596795657
-0.00184889983502
-0.00279871040436
-0.00260347903592
-0.00543970104413
-0.00458067526922
-0.0049782534371
-0.0046945249192
-0.00452868813252
-0.004984868568
-0.00517645126913
-0.0054991887776
-0.0053712906318
-0.00593032556434
-0.00565254253705
-0.00584134519622
-0.00829202941197
-0.0075973880733
-0.00755450580942
-0.00751510138849
-0.00776404523003
-0.00742850252732
-0.00741492109039
-0.00812716456364
-0.00809867261156
-0.00787645242014
-0.00760752318686
-0.00704785267857
-0.00845477040165
-0.00986168812472
-0.00936123457741
-0.0086734963334
-0.0083712028836
-0.00760114781234
-0.00719769703088
-0.00613208958883
-0.00600012661886
-0.00580909127128
-0.00510694144464
-0.00446366317616
-0.00701762875192
-0.00516858528302
-0.00458649117791
-0.00385297256655
-0.00320011898217
-0.00256967629542
-0.00191434058583
-0.00174251274142
7.43589587702e-05
-0.000420929637725
6.51659952444e-05
-0.00070710863264
-0.00186420788264
-0.000940188451029
-0.000723713935562
-0.000294437814517
-0.000484955257054
-0.000237723156568
0.000560492599321
0.000587029623191
0.000675612469709
0.000449918010666
-0.000383021829593
-0.00113965198981
-0.00291784849589
-0.00272125192065
-0.00244156978993
-0.00239748801486
-0.00206616917837
-0.00253099639248
-0.00248796018459
-0.00263084508811
-0.00272490631499
-0.00317541774314
-0.0033643697364
-0.00413562261654
-0.00607457669256
-0.00567334731889
-0.0055982267651
-0.0052276905192
-0.00512300883576
-0.00450036920207
-0.00427709393359
-0.00354492348996
-0.00439634471319
-0.00371101895727
-0.00382841318204
-0.00345322234807
-0.00408753199589
-0.00472184164371
-0.00442305064188
-0.00412425964004
-0.00535996325565
-0.00551907784342
-0.00537388623934
-0.00534491228777
-0.00500132033073
-0.00445756581354
-0.00424378407162
-0.00429978396471
-0.00351715405481
-0.0037876103972
-0.00403472315035
-0.00370758659079
-0.0040336770302
-0.00428617564006
-0.00386661309198
-0.00413044131444
-0.00435797804764
-0.00540854872786
-0.00549371115568
-0.00579918607508
-0.00747732356218
-0.00669906845301
-0.00705487059633
-0.00734296601093
-0.00681414130538
-0.00707841020979
-0.0069662472122
-0.00656639046575
-0.00747126385787
-0.00823966658573
-0.00795741384483
-0.00763091845111
-0.0091310612986
-0.00828785943648
-0.00821489168947
-0.00759708546533
-0.00797574299594
-0.0069626799093
-0.00631883667415
-0.00581054007826
-0.00625051303605
-0.00598157425389
-0.00551282312428
-0.0047810777678
-0.00620057004295
-0.00572297830128
-0.0049117711441
-0.00401885347357
-0.00310945694486
-0.00305407934443
-0.00232462322509
-0.00195105904903
-0.00146471145328
-0.00159952361751
-0.00113701806207
-0.00088719142812
-0.00347965751126
-0.00184931480635
-0.00167870014608
-0.00147313094187
-0.000973054410897
-0.000576175956189
-0.000884223800384
-0.000597454888879
-0.000266598477533
-0.000423982339809
-0.00110792315056
-0.00132800025722
-0.00476767507793
-0.00410466619081
-0.00409351069256
-0.00411904414425
-0.00400323836244
-0.00418744920376
-0.00413986235448
-0.0037124281781
-0.0043138666485
-0.00426262698561
-0.00366080531411
-0.00381797764895
-0.00594486669932
-0.00807175574969
-0.00784549421326
-0.00822242999779
-0.00795150329022
-0.00834815832212
-0.00800622151636
-0.00790437628065
-0.00726781584844
-0.00714550457877
-0.00690354817293
-0.00603787461384
-0.00712343099302
-0.00820898737221
-0.00673346482144
-0.00681176653531
-0.00604852701387
-0.00613090067594
-0.00352518747323
-0.00551426063461
-0.00511434745952
-0.00449204930987
-0.00438783287811
-0.00355696736102
-0.00528844551727
-0.00478017833369
-0.00469816866903
-0.00394548961705
-0.00353240973994
-0.00413664498493
-0.00408348139193
-0.00402348825697
-0.00380896620671
-0.00396433405684
-0.00377518806471
-0.00418940831754
-0.00751333076788
-0.00705482619355
-0.00693903295701
-0.00712342445618
-0.00696330576876
-0.00675634313876
-0.00680029816771
-0.00705565040834
-0.00649187754983
-0.00643283725217
-0.00646188918125
-0.0066222855104
-0.00876985620195
-0.00848200921633
-0.00795217696468
-0.00772972895997
-0.00730097818624
-0.0073812609245
-0.00669199622719
-0.00637112564584
-0.00608778070014
-0.0053409002572
-0.00521523155203
-0.00547945531509
-0.00616666934378
-0.00685388337246
-0.00601108383958
-0.00537725830376
-0.00476067837897
-0.00435554072586
-0.00329843158936
-0.00288500114109
-0.00234815727435
-0.00165226249438
-0.000939058222899
-0.00100276176641
-0.00312380224091
-0.00207871364846
-0.00100839740834
-0.00137175795888
-0.000683108986271
-0.000553627704021
-0.000520711433806
0.000315324378005
-0.000233553548256
-0.000245948888326
-0.00119174492022
-0.000918015655838
-0.00248468682286
-0.00178949359139
-0.00209626586855
-0.00134329641397
-0.00170414994131
-0.00223563033298
-0.00303782787669
-0.00305221290494
-0.00280888180773
-0.00407767271422
-0.00450349703122
-0.00553931468686
-0.00739390047583
-0.00924848626481
-0.00902402659897
-0.00932871881159
-0.00883884467093
-0.00859743009614
-0.00890536193763
-0.00819218506015
-0.00820690308638
-0.00678802186592
-0.00705077622871
-0.00708732167748
-0.00803105760088
-0.00897479352429
-0.00864323369106
-0.00788227421652
-0.00772834422665
-0.0073213058963
-0.0064934410873
-0.00686227314053
-0.00585285774228
-0.00595733991093
-0.00527369951229
-0.0057891283372
-0.0063045571621
-0.00681998598701
-0.00733541481191
-0.00771699052363
-0.00742735204936
-0.0072363761224
-0.00664270404376
-0.00643606054784
-0.00603643654483
-0.00575358527623
-0.00511915334148
-0.00548360212451
-0.00531914193905
-0.00532219018466
-0.00547981796836
-0.00547908306307
-0.00521621885861
-0.00536945909018
-0.00616225979001
-0.00628779848477
-0.00664408390131
-0.0068813865201
-0.00609747878422
-0.00722024678335
-0.00836761264303
-0.00951497850271
-0.00942938466763
-0.0102599473556
-0.0101682743387
-0.00992447140349
-0.00924514152072
-0.0087037796682
-0.00810852996069
-0.0077122148247
-0.00715846972425
-0.00666979370856
-0.00938840092254
-0.00850351873242
-0.00807149313303
-0.00713353346092
-0.0062785643806
-0.00583795091588
-0.00523094186533
-0.00399219532833
-0.00393276980415
-0.00283408411879
-0.00264521577195
-0.0020890365003
-0.00532902336897
-0.00423986883904
-0.00366327351644
-0.0030951710429
-0.00306801182066
-0.00213901074329
-0.00220464828596
-0.00162699160172
-0.00133628001179
-0.00152602406545
-0.00113258581282
-0.00101435728547
-0.00147695055152
-0.00193954381757
-0.00240213708363
-0.00286473034968
-0.00332732361573
-0.00378991688178
-0.00344912073878
-0.00386661841208
-0.00400433919129
-0.00383385292273
-0.00406635349998
-0.00549249945627
-0.00860659476839
-0.00793050989439
-0.00811597757178
-0.00808618918978
-0.00811177648589
-0.00848175484191
-0.00827728300569
-0.00773947402401
-0.00847182387032
-0.00954563057448
-0.00942685084333
-0.00885556953117
-0.00921633103106
-0.00957709253094
-0.00993785403083
-0.0108003548309
-0.0102403662942
-0.0099175006738
-0.00988756800136
-0.00979133355917
-0.00899479753619
-0.00881639724296
-0.00832385407001
-0.00842889341152
-0.0117379399247
-0.011483390491
-0.0107769310247
-0.0103156544398
-0.0102292912174
-0.00962693358146
-0.00912461791625
-0.00900004350665
-0.00866676356881
-0.00845005747837
-0.00791582002295
-0.00750153010591
-0.0105955382027
-0.00992634151252
-0.0101665096037
-0.00909479683055
-0.00917077691395
-0.00891497332416
-0.00926417830169
-0.00877906530472
-0.00821877498777
-0.0085823851291
-0.0083435942469
-0.00838282896515
-0.0115850082906
-0.0110181498822
-0.0107507972331
-0.0103813616804
-0.00950782734595
-0.00911442766577
-0.00870254490866
-0.00899481360429
-0.00826335718263
-0.0078584801395
-0.00749091089318
-0.00676659743544
-0.00791302584556
-0.00905945425568
-0.00941195937439
-0.00850156600549
-0.00772343472611
-0.00719868371109
-0.00664225126217
-0.00622913311427
-0.00570885783423
-0.00512647113564
-0.00426769981257
-0.00348786004733
-0.00607849286423
-0.00520345980011
-0.00474954072848
-0.00388922700061
-0.00337158424137
-0.00254987838212
-0.00233975063409
-0.00209346621259
-0.000897396723242
-0.00105601805489
-0.000850293146613
-0.000594693185481
-0.0031068310433
-0.00226315122713
-0.00195399106423
-0.00216451212224
-0.00182040812506
-0.00149127296344
-0.00146136320567
-0.00160355281677
-0.00193125518317
-0.00283724223738
-0.00301414301713
-0.00303763339384
-0.00539064901164
-0.00507920201602
-0.00493499675966
-0.00540517422621
-0.00561020784045
-0.0058410917142
-0.0063152814526
-0.00719378793749
-0.00781930611589
-0.00852825149233
-0.00903294259588
-0.00844342599356
-0.0104434761347
-0.0124435262759
-0.0132339191989
-0.0124886106921
-0.0124120955106
-0.0127113761542
-0.0126297133255
-0.0131789016486
-0.0134427801545
-0.013714528594
-0.0132283789539
-0.0131342161586
-0.0120160673795
-0.0115899459838
-0.0119803257804
-0.0106861782084
-0.011480201489
-0.0110814320871
-0.0107720168008
-0.0105614103846
-0.0102086128301
-0.0094798518572
-0.0097406789011
-0.00940142345768
-0.0105466195953
-0.0113084157979
-0.0111216625656
-0.0104765491001
-0.00975155228529
-0.0104774750646
-0.00976870748838
-0.00908982168994
-0.00899360459361
-0.00888516130918
-0.00865742630004
-0.00829622338594
-0.0115907406618
-0.0105121106787
-0.0107878225519
-0.0103992193189
-0.0104770610678
-0.0104222287345
-0.00984156304583
-0.00929169216358
-0.0086220771305
-0.00847403774829
-0.00821042539435
-0.00832840207825
-0.00903627030553
-0.00974413853282
-0.0104520067601
-0.00977131845535
-0.00878827570907
-0.00873712667554
-0.00771497191302
-0.00727331044455
-0.00677665281856
-0.00612986501582
-0.00591355316957
-0.00540351310185
-0.00812475854687
-0.00673931881946
-0.00699882506872
-0.00631217189518
-0.00586863393177
-0.00521805168626
-0.00435050426725
-0.00362794476265
-0.0026656244365
-0.00233647695449
-0.00188544516381
-0.00164606518618
-0.00374836322883
-0.00192987919201
-0.0018089522822
-0.00110379664317
-0.00163018588337
-0.00107690086682
-0.000552926617748
-0.000825101911926
-0.000944451875098
-0.000908089581953
-0.00109333255812
-0.00246472659178
-0.00589608296069
-0.00525164370473
-0.00502750234131
-0.00467653500697
-0.00508562448843
-0.00517112321846
-0.00466981107275
-0.00588494343625
-0.00603372598489
-0.00618250853352
-0.00632377570362
-0.0075223232884
-0.0094743839193
-0.0114264445502
-0.0111799841268
-0.0107315738467
-0.0118794157001
-0.0114466969047
-0.011190820403
-0.0109142522146
-0.0108646403959
-0.0111190156667
-0.0106574181655
-0.010548138777
-0.0131058458852
-0.0121661480712
-0.0122215228281
-0.011644125233
-0.0116082587594
-0.0105984663886
-0.0110525287737
-0.0103821457449
-0.0106855365774
-0.0101252006074
-0.010479254518
-0.00991110324018
-0.0130072355419
-0.0128790974621
-0.0122493725685
-0.0116882400113
-0.0114834614856
-0.011579395653
-0.0113047841463
-0.0109184849245
-0.0106062702733
-0.0106138963093
-0.0105309175803
-0.0104548232276
-0.013367254855
-0.0123627701293
-0.0123608730474
-0.0121816275737
-0.0118786508431
-0.0115771327646
-0.0120035993104
-0.0116575115284
-0.0112369119326
-0.0112523521616
-0.0111361909489
-0.0111171740367
-0.0145666611597
-0.0135225293456
-0.0129327526766
-0.0127941763205
-0.0122417004009
-0.0111364493121
-0.0111675285339
-0.0106338735348
-0.0100322707108
-0.00927319900231
-0.00876156423311
-0.00809952935344
-0.0108053798557
-0.00995808886272
-0.00949584233316
-0.00898989722691
-0.00799045050215
-0.00744277660308
-0.00690099924755
-0.00608935504147
-0.00557832442641
-0.00496312388391
-0.00470762430031
-0.00355297058349
-0.00604374558632
-0.00578278028208
-0.0051803374158
-0.00395783776586
-0.00340814682361
-0.00336713995604
-0.00209610763547
-0.00218984049689
-0.00173907241148
-0.00139715053957
-0.00124691431291
-0.00193362332819
-0.00628589307546
-0.00469742219243
-0.0051353518408
-0.00456436069717
-0.00458491975301
-0.00416642947374
-0.00445613242353
-0.00459108313177
-0.00483368316195
-0.00483357191559
-0.00538854421155
-0.00571815661837
-0.00762104671908
-0.00952393681979
-0.00969525935365
-0.0101534966195
-0.0103664856576
-0.0107729114448
-0.0109178510921
-0.0111382762406
-0.0109046855213
-0.0107514846946
-0.0112368682712
-0.0111779019338
-0.0107636406997
-0.011602289172
-0.0114442817105
-0.0111874009518
-0.010987094895
-0.0114585569528
-0.0101606258865
-0.0108871803058
-0.0107151830028
-0.0106490380168
-0.00983597293765
-0.0100186783162
-0.0140247466507
-0.0133506368966
-0.01293860739
-0.0126301256779
-0.0123057763221
-0.0118291254626
-0.0117399234889
-0.011288352743
-0.0110676603934
-0.0108322829567
-0.0109960633091
-0.0105345714807
-0.0150635240476
-0.0135906175735
-0.013161370898
-0.0133805757105
-0.0131323673668
-0.0129122997356
-0.01219737436
-0.0125786732189
-0.0128967979562
-0.0123122293873
-0.0128756939544
-0.0124645023205
-0.0144319947388
-0.0140155197393
-0.014019647983
-0.013828389948
-0.0134102818199
-0.0132496557499
-0.0126536138244
-0.0126694190018
-0.0120639730146
-0.0121812285917
-0.0115655567192
-0.010977406261
-0.0124801314005
-0.0119915710613
-0.0110175305378
-0.010125631066
-0.00968436581065
-0.0090871998894
-0.00813090944354
-0.00821315656534
-0.00730588949972
-0.00710629227021
-0.00670139034033
-0.00661571421346
-0.00821712983551
-0.00720838264323
-0.00599295124503
-0.00572565209255
-0.0046608502637
-0.0043692581387
-0.0039751100013
-0.00289706260905
-0.00245139469174
-0.00319328847404
-0.00275940218674
-0.00294801269239
-0.00540276616686
-0.00481650187225
-0.00456465059188
-0.00407984961753
-0.00406256379706
-0.00394744124844
-0.00359511074597
-0.00376623914578
-0.00390161238694
-0.00368101585787
-0.00435062815019
-0.00427900988832
-0.00564584917316
-0.00701268845799
-0.00769035702639
-0.00817062359103
-0.00906771721942
-0.0089443279152
-0.00919349052912
-0.00970019768457
-0.0102350774289
-0.0105002655343
-0.0110727300966
-0.0104785815575
-0.0138446085196
-0.0129879430139
-0.0132695908212
-0.013083279772
-0.012823037823
-0.0124561555981
-0.0123898803544
-0.0143301377691
-0.012669032198
-0.0124321703838
-0.0117489835894
-0.0119233503889
-0.0128462062382
-0.0126597953458
-0.01242771991
-0.0116005156646
-0.0112978561052
-0.0115309673206
-0.0115869918268
-0.0112759737856
-0.0106827098598
-0.0106277213437
-0.0101969560311
-0.00977183346187
-0.0144551287935
-0.0126978124469
-0.0128228609885
-0.0126874098555
-0.0125445059471
-0.0122085159362
-0.0123727270535
-0.0119622255357
-0.0120118348729
-0.011157939545
-0.0109500413894
-0.0113683460334
-0.0128231305569
-0.0126351316774
-0.012749938576
-0.0128341692314
-0.012273958814
-0.0123113596594
-0.012712124113
-0.0124900698578
-0.012006740773
-0.0122624661756
-0.0118882406387
-0.0115592799188
-0.0136243719985
-0.0135102611362
-0.0129453656649
-0.0130946165908
-0.0121251718644
-0.0117287607901
-0.0115854022574
-0.0108984253125
-0.0104133806802
-0.00994587882436
-0.0103793295405
-0.0107278491423
-0.0114941415765
-0.0122604340108
-0.012302898112
-0.0123720157604
-0.0123991758445
-0.0119832266956
-0.0109764986507
-0.00973551205983
-0.00978787581879
-0.00887692751394
-0.00824353380112
-0.0078651356031
-0.00725005795655
-0.00673848800118
-0.00606308533822
-0.00630738560705
-0.00544663282867
-0.00535728163881
-0.00426118744881
-0.00385372757233
-0.00437781491566
-0.00436814078459
-0.00431527740891
-0.0047099892757
-0.00590099030682
-0.00709199133794
-0.0068721370625
-0.00772057803858
-0.00736663712123
-0.00774819782458
-0.00777890281622
-0.00851266412739
-0.00808569941075
-0.00926735315937
-0.00887110598002
-0.00928970709339
-0.0120539109587
-0.0117493126496
-0.0120849963015
-0.0119407352523
-0.0120463914736
-0.011963171475
-0.0117289816206
-0.0115303583079
-0.0117251713983
-0.0112442062398
-0.0110150565445
-0.011013624929
-0.0128515449284
-0.0123272679812
-0.0121302563134
-0.0113412649015
-0.0114096523281
-0.010796640093
-0.0105501794925
-0.0102477101428
-0.010565966159
-0.00971911254776
-0.00975588515769
-0.0100515027861
-0.0128141701543
-0.0137319836257
-0.0129451602568
-0.0132576912252
-0.0134466975918
-0.0127296210465
-0.0127297380102
-0.0122590393864
-0.0124933958456
-0.0122483812001
-0.0126051593391
-0.0120144666756
-0.0145881197026
-0.0140891654658
-0.0141606778215
-0.0137235866672
-0.0130409997204
-0.0130007218843
-0.0129170798613
-0.0130265334299
-0.0134179814369
-0.0130254497333
-0.0129779865707
-0.0128182621208
-0.0141370223022
-0.0142316788678
-0.0134405470111
-0.0138943292609
-0.013643309237
-0.0133684435194
-0.0128498781102
-0.0127279816862
-0.0126310203685
-0.0118797302881
-0.0123719162992
-0.0120675042018
-0.0146375517765
-0.0128469263122
-0.0128804931103
-0.0119775294074
-0.0123615612063
-0.0120181549504
-0.0111227696308
-0.0107456355848
-0.0105801836272
-0.0102842156336
-0.00914770823439
-0.008866347258
-0.0115926177316
-0.0104279373686
-0.00978279098246
-0.00888016253794
-0.00830366533394
-0.0076222843652
-0.0076292813045
-0.00708035904145
-0.00664140395969
-0.0061112199596
-0.00573953832111
-0.00634505238056
-0.0070588884778
-0.00777272457504
-0.0079110013428
-0.00847491105406
-0.00853520878023
-0.00819394515586
-0.00828408181689
-0.00861430494365
-0.00812476902181
-0.00847827814343
-0.00929592531115
-0.00893577881467
-0.0124057402623
-0.0107228342612
-0.0109773520033
-0.0108077512384
-0.0109495180158
-0.0110257929125
-0.0113087604102
-0.011615360706
-0.0112835512308
-0.0110679516783
-0.0109822009178
-0.0105561543216
-0.0142833255725
-0.0140328391565
-0.0131115804636
-0.0131189095991
-0.0132493483888
-0.0125588360625
-0.0120158000516
-0.0119769899071
-0.0117105886415
-0.011299273312
-0.0113760228128
-0.0110567698465
-0.012832526957
-0.0121687884982
-0.0119519920707
-0.012303131836
-0.0114593000818
-0.0117093648649
-0.0116962412091
-0.011362535579
-0.0113872511729
-0.0110956448171
-0.011674550479
-0.0112149586107
-0.0148332263688
-0.0139025049907
-0.0141711879467
-0.0140248673675
-0.0147390046185
-0.0147090553569
-0.0146317601761
-0.0149535641214
-0.014957474339
-0.0151489526875
-0.0153263427189
-0.0158354714075
-0.015653496138
-0.0150655335471
-0.0154640260693
-0.0152799643765
-0.0152144804503
-0.0154994942095
-0.0154748024237
-0.0149741330815
-0.0147928227649
-0.014873014201
-0.0145822481255
-0.0147562267198
-0.0155949019987
-0.0164335772775
-0.015876615748
-0.0160447078331
-0.0147425340719
-0.0148425987068
-0.0144782851453
-0.014178606377
-0.0140589845791
-0.0138649009653
-0.0136744334613
-0.0128803645665
-0.0134904314391
-0.0141004983116
-0.0143146679533
-0.0132046802343
-0.0123717418767
-0.0118704648789
-0.010888687198
-0.0104447892465
-0.0101224142065
-0.00928539292346
-0.00846995860051
-0.00774942401782
-0.00779631317674
-0.00784320233566
-0.00803278293147
-0.00765561756469
-0.00737070201477
-0.00712433944216
-0.00670185672007
-0.00682005168094
-0.00655554812418
-0.00664303106209
-0.0065281203255
-0.00696184827867
-0.00905589433374
-0.00879943409299
-0.00901257707491
-0.00893107137208
-0.00931652076918
-0.00953549109893
-0.0102328151251
-0.0104451108708
-0.0102765158733
-0.0104565911473
-0.0101096734373
-0.0102853250836
-0.0140052308202
-0.0123880982387
-0.0120257688794
-0.0121130149913
-0.0116880090855
-0.0123508324687
-0.0114440937571
-0.0117809820445
-0.0117197305082
-0.0115684841239
-0.0110135778915
-0.0113342134472
-0.01415848457
-0.013148803924
-0.0124855714141
-0.0119625064194
-0.0131605814998
-0.0136654885741
-0.0130701011967
-0.0129532369097
-0.0122333118036
-0.0125734641343
-0.012328581102
-0.0121688440372
-0.0126931156354
-0.0124483225796
-0.0126223158556
-0.0127803592712
-0.0121201004463
-0.0127992302531
-0.0121895328086
-0.0124919630178
-0.0121269388341
-0.0124548491553
-0.0121414004558
-0.0125077094936
-0.0173659209619
-0.0156904494032
-0.0157467420409
-0.0158596378077
-0.0154134433853
-0.0156113349531
-0.0161308743005
-0.0157548897196
-0.0159157863557
-0.0148105649863
-0.0154736809252
-0.0153151886408
-0.0150154444989
-0.0148237571811
-0.0147015350581
-0.0146837968652
-0.0145829023654
-0.0140125943451
-0.013865643363
-0.0138065575131
-0.0135886668137
-0.0135706141525
-0.0131508291789
-0.0134888221726
-0.0142216816936
-0.0149545412146
-0.015717324843
-0.015942915194
-0.0156056942514
-0.0152229643329
-0.0145904328128
-0.0134035371992
-0.0123776898753
-0.0121084196782
-0.0115708195807
-0.0110027146816
-0.0106160203403
-0.010229325999
-0.0100090970576
-0.00955528771403
-0.00859086825098
-0.00847901911414
-0.00718787068875
-0.00790622075085
-0.00733729139759
-0.00677443225705
-0.00669290999211
-0.00735583974104
-0.009066753076
-0.00787122091858
-0.00745825885814
-0.00781769087501
-0.00774824294793
-0.00829156919318
-0.00835587843173
-0.00814772278547
-0.0083496646425
-0.00879948013256
-0.00930561508877
-0.00905957620936
-0.0110156500306
-0.0110921172168
-0.0112706686609
-0.010906580544
-0.0108635982555
-0.0105773692505
-0.010254250641
-0.0103043808995
-0.0105343249832
-0.0105960737627
-0.010320347029
-0.0101738219351
-0.0138069881401
-0.0131727769966
-0.0129419215042
-0.0128602348371
-0.0123417822335
-0.0121229788636
-0.0122142382316
-0.0124227266443
-0.0119613322791
-0.0113608016428
-0.0121434256678
-0.0117498895048
-0.0115960404622
-0.0114421914196
-0.0126543452034
-0.0131464061165
-0.0153575346068
-0.01409344905
-0.0152287308188
-0.0155959153994
-0.0157439144396
-0.015087886132
-0.0153985364273
-0.0154722477339
-0.015014055408
-0.0156025747903
-0.0152266828822
-0.0157150227028
-0.0159198480117
-0.0154202518433
-0.0156439922958
-0.0158210751598
-0.015326675545
-0.0150965330337
-0.0156928457882
-0.0143692054351
-0.0171396762352
-0.0161755749027
-0.0156493265853
-0.0154805245577
-0.0147606648808
-0.0148831696026
-0.0145301915531
-0.0140519955532
-0.0135069837877
-0.0134372140064
-0.0128628817862
-0.0135899128772
-0.0145779316522
-0.0155659504272
-0.0143126955622
-0.0147702440624
-0.0141275117339
-0.0137600916446
-0.0135074659631
-0.0131133874189
-0.0127663770186
-0.0124701544357
-0.0120294264885
-0.0111605752846
-0.0119297382395
-0.0126989011944
-0.0125861649466
-0.0122179070604
-0.0109959410785
-0.00929260323705
-0.00988626020458
-0.00959455640821
-0.00926658395419
-0.00838520580892
-0.00747808126861
-0.00765917656179
-0.0110245288881
-0.0086268820282
-0.00899956562355
-0.00917843282352
-0.0087922093583
-0.00946701624219
-0.00965108382638
-0.00922141153827
-0.00873407300906
-0.00922131183641
-0.00865993138714
-0.00910304099836
-0.0114874072798
-0.0118877152424
-0.0108735884772
-0.010977364205
-0.0107959087106
-0.0115850698199
-0.011602202995
-0.0112241662655
-0.0114453374746
-0.011071909514
-0.010596961392
-0.0107056696762
-0.01333917722
-0.0124379247307
-0.0132578836359
-0.0127713243721
-0.0128165909179
-0.0125507391646
-0.0122417128128
-0.012261583569
-0.0119483402716
-0.0123350303079
-0.0118669537429
-0.0120377299421
-0.0143750151301
-0.0137056476141
-0.0137973398728
-0.0131251874023
-0.0128506990168
-0.0128112205214
-0.0134815377088
-0.0135999732995
-0.0134887897311
-0.0131475585871
-0.0134818038275
-0.013553982725
-0.0153100470288
-0.0149935319192
-0.0148474614491
-0.0144386896432
-0.0144768626278
-0.0152713640635
-0.0147701388123
-0.0150758703925
-0.0146569755017
-0.0148893786257
-0.0148474630468
-0.0143546595082
-0.0181412797907
-0.016583679043
-0.0168568896865
-0.0168216057656
-0.0166296410531
-0.0175306016106
-0.0173622499263
-0.0163147563601
-0.016420738726
-0.016378816084
-0.0162792352238
-0.0158013815442
-0.0157277130989
-0.0156177567535
-0.0154932137712
-0.0154020720008
-0.0147061062087
-0.014427514873
-0.0138213430638
-0.0141587382651
-0.0136476434419
-0.0135560287331
-0.012686742177
-0.0127381361468
-0.0142596435841
-0.0157811510213
-0.014765389768
-0.0147489482873
-0.0132752566841
-0.0128138900449
-0.0129954493109
-0.0119762568207
-0.0116648019422
-0.0107486639055
-0.0103650575851
-0.00949542211832
-0.0121554482204
-0.0108647217855
-0.0096379023585
-0.00905068782786
-0.00913078932793
-0.00854518385286
-0.00768876410567
