0.0
0.0
0.0
0.0
0.0
0.0
0.0
0.0
0.0
0.0
0.0
0.0
0.0
0.0
0.0
0.0
0.0
0.0
0.0
0.0
0.0
0.0
0.0
0.0
0.0
0.0
0.0
0.0
0.0
-0.0201668765415
-0.0177473734998
-0.0128441632617
-0.00406245528922
-0.0016724649229
0.00471988397957
0.007230515542
0.00849103924008
0.00570806826426
0.013927739111
0.0176326783448
0.00831774230831
0.00899941481077
0.00718105232277
0.00379721542845
0.00268967343105
-0.00234459803302
-0.00099547097467
0.00108465838079
-0.000723116265576
-0.00132285474333
-0.00766558676087
-0.0139716813822
-0.0204275627548
-0.0238521496925
-0.0227836839941
-0.0231936132545
-0.0180614620525
-0.0140496204327
-0.0131853156475
-0.00887565957555
-0.0089086800236
-0.00988714008279
-0.0080869928095
-0.00629415176673
-0.0101147826741
-0.0135041155186
-0.010408728694
-0.00223692327506
-0.000251791237386
-0.00342618569852
-0.00531661178064
-0.0111951741345
-0.0163766226837
-0.0214459283069
-0.023057542595
-0.0205481761815
-0.017104040735
-0.00862791857307
-0.0107157774981
-0.00550351692668
0.00195476027345
0.0105597951427
0.0119638792573
0.0150247019538
0.0192150698683
0.0213777974682
0.00851820436586
0.0147351260355
0.014427182376
0.0188865957779
0.02178283048
0.0195104490823
0.0185844706438
0.0211282663291
0.0249080675579
0.0243562038645
0.0269634546839
0.0319500586706
0.0367831526446
0.0378211996125
0.0353107040072
0.0362916413489
0.0369335398977
0.0370919423415
0.0349653670138
0.0326527507526
0.0338625816934
0.0294761425905
0.0335273039034
0.0359670565885
0.0340882690088
0.0332977338353
0.0339261437022
0.0374952897457
0.0375710562536
0.0377266437729
0.0378444121374
0.0397337422623
0.0443928383087
0.038212170932
0.0364425579652
0.0342066191688
0.0
0.0325342521958
0.0295355636368
0.0217480376719
0.0125736392095
0.0108903770243
0.0102911309599
0.00952391630211
0.0127847964605
0.0190398056187
0.0205657165786
0.0205464061405
0.0179818141119
0.0150455114539
0.0184180018045
0.0222488336479
0.0203600934907
0.0184566339736
0.0181968640783
0.0172711628787
0.021592899655
0.0325127728451
0.0303368694376
0.0290422650948
0.0275695000745
0.0297636554402
0.0310548869226
0.0327192926489
0.0307301193132
0.0304481646051
0.0278336288591
0.0282665293409
0.0261747251128
0.0252997715157
0.0247266955275
0.0225733868193
0.0216271443575
0.0218815168929
0.0214327236027
0.0223397851077
0.0249793150414
0.0238050091861
0.023124819341
0.0214743669025
0.0187182964079
0.0131566235529
0.0104576962016
0.00568041881483
-0.000131272676673
-0.00422407398355
-0.00477753592865
-0.00523487878053
-0.00546259680118
-0.00820741415331
-0.00947867393579
-0.0117453578836
-0.0149231001618
-0.0158737762644
-0.018899116325
-0.019659139741
-0.021877821591
-0.0156203244743
-0.00756181823114
-0.0161806005724
-0.0234200084221
-0.0249803123789
-0.0271647172503
-0.0297411914303
-0.02878900512
-0.0251168944286
-0.0216572633336
-0.0173043309374
-0.0115186497198
-0.00697699643069
-0.0085958692698
-0.00972169684265
-0.0143394699319
-0.019046181891
-0.0198355496929
0.0
-0.0151816960032
-0.00945298002963
-0.00522919020747
-0.00502418105772
-0.00732339816301
-0.00717738066694
-0.00822808078376
-0.00283717692196
0.00638298425395
0.0112770576244
0.011532058039
0.0100380413861
0.00908416132089
0.00611439857068
0.00314677331619
0.00456301286728
0.0
0.0
0.0
0.0
0.0
0.0
0.0
0.0
0.0
0.0
0.0
0.0
0.0
0.0
0.0
0.0
0.0
0.0
0.0
0.0
-0.00504543798797
0.0132913343606
0.0158115026692
0.0147085339133
0.0177043637106
0.0128369993963
0.0
0.0
0.0
-0.00583135662573
-0.00874406191396
-0.00334952124093
0.00866541923044
0.0151532199019
0.0184590701658
0.0163794790016
0.0192610984119
0.0216571246338
0.0257407947941
0.0230762795595
0.016183278748
0.0105092182169
0.00605106403255
-0.00358057968721
-0.00717065318731
-0.0100392318465
-0.00883043946168
-0.0117966893862
-0.0124560329182
-0.011729026137
-0.0217961480455
-0.0368448423588
-0.0343711758888
-0.034184672957
-0.0308624551775
-0.0322003891281
-0.0252409260066
-0.0170973565243
-0.0171792388811
-0.0176535748164
-0.0229548638979
-0.0269077046427
-0.0320263657107
-0.0310521342706
-0.0254446499385
-0.0182604150806
-0.0143804299227
-0.0119221339517
-0.0108693451746
-0.00586328385879
-0.00286100467183
-0.00708776892171
-0.0145311285211
-0.0164994446941
-0.018098262257
-0.0140431350872
-0.00722330561616
-0.000530285155207
0.0120528548967
0.0203342818866
0.0268924827245
0.0278531775638
0.0312269457497
0.0304233033527
0.0285007788332
0.0278557400574
0.0329677869874
0.0393898411259
0.0418163568552
0.0417190846574
0.0399629804785
0.037583062486
0.0314709977929
0.0293139396264
0.0319527852588
0.0278341877133
0.0
0.0120865933442
0.0102609160618
0.00981039848185
0.0127671153168
0.014947425726
0.0172392797963
0.0144793000601
0.005978312573
-0.000540391833993
0.00271307737554
0.0114567085949
0.00852401686483
0.00342959733937
-0.00221821669434
0.00179705595137
0.00167204651519
0.00344077836509
0.00290961245081
0.000909376862731
0.00130533494579
-0.00140702254157
-0.00375485863389
-0.00621129306137
-0.0145981783554
-0.0274823850116
-0.0340150298272
-0.0276689010378
-0.0336103793578
-0.037683989045
-0.0342603545186
-0.0227605962116
-0.0184849392318
-0.0120972475622
-0.00983570356869
-0.0101410572376
-0.00796467503138
0.000211321840436
0.00755096407607
0.00750987774213
0.00416031996203
0.00397461132679
0.00494254233138
0.00333983126881
0.00204812551942
-0.00406802846906
-0.00967154153536
-0.0174461920615
-0.0199481038643
-0.0204145250843
-0.0201026520596
-0.0143369613487
-0.00979614354872
-0.00488406690194
-0.00806984202859
-0.000675712339858
0.00466030483388
0.00377636341264
-0.0112873367716
-0.023576269376
-0.0201556555141
-0.0258913090071
-0.0284241591664
-0.0261129164386
-0.0213402000794
-0.0113365139188
-0.0143923459284
-0.0138753542912
-0.012509239652
-0.0130045551677
-0.0169790915334
-0.0237324434772
-0.0220355939486
-0.0251752951328
-0.0225519003166
-0.0310351638154
-0.0316650265024
-0.0304558466304
-0.0313809205109
-0.0383669227991
-0.0412239400968
-0.0500890392506
-0.0578247145782
-0.0669487958791
-0.0703281419398
-0.0681662516734
-0.0620153567089
-0.0513601994492
-0.0468789506981
-0.0454159798718
-0.0454098721215
-0.0363352337997
-0.0295482821741
-0.0195521186369
-0.00937890776043
-0.000267406543133
0.0
0.0
0.0260914466842
0.0223094893634
0.0102394970126
0.00433583788118
0.0102051833514
0.0208684394816
0.0293832728225
0.0435909173389
0.0522622626265
0.0516789345924
0.0565668742628
0.0605310042025
0.0547260210522
0.0513526825124
0.0448160893685
0.0403265357204
0.0403825694011
0.0478490254545
0.0450153902622
0.0401033629032
0.0379152019621
0.0296901646062
0.0232737210653
0.0215905593238
0.0222833307309
0.023384924959
0.0267992050622
0.0246777945489
0.0253793777627
0.0254153978888
0.0261949473021
0.0240431811913
0.0274731748734
0.0300919209081
0.0289482106532
0.0278712145829
0.0257707467336
0.0233509676345
0.0229265059875
0.022764313145
0.0245466151128
0.0228492530107
0.0267577564133
0.0300483653022
0.0314023023353
0.0417401647759
0.0509327935059
0.0491848304101
0.0415966273986
0.0319173179061
0.0327413084325
0.0332918113485
0.0318121134929
0.0371019920095
0.0383592363633
0.0413521466708
0.0429158288384
0.0390214558862
0.0462043571855
0.0481823391858
0.0479766471907
0.0463281233293
0.0440369571692
0.0480570668693
0.0475654518687
0.0484970372367
0.0513166009623
0.046334787941
0.0416578711711
0.0397867483543
0.0379703502826
0.0323992600783
0.0266114685158
0.0155034926789
0.00762719208792
0.0015884166378
0.00428863835179
0.00607399528094
0.00800390868632
0.00698447263659
0.00416482417672
-0.00162898709162
-0.00429005121721
-0.00728402524089
-0.00556506189094
-0.00570782854266
-0.00768230944891
-0.0074659401097
-0.00313237820815
0.000963508558986
0.00130562899192
0.000399012374381
-0.00795920680731
-0.0163127970295
0.0
-0.0302837117893
-0.031626903768
-0.036364573198
-0.0288501029666
-0.0277552074732
-0.0270480708942
-0.0234858594378
-0.0195331310037
-0.0146448647253
-0.00877334332993
0.000978534367108
0.00479508653537
0.0103110381113
0.0232281000706
0.0457950833152
0.0404683221054
0.032535890378
0.0253436611505
0.0212255458488
0.0150599911282
0.0086717714804
0.00332925579541
0.00469510325619
0.0122801673148
0.0310309446233
0.0337276441764
0.0476796035645
0.0454716952268
0.0372784684679
0.0260983610444
0.0139379782713
0.0113687890781
0.0227441760406
0.0167905576218
0.00901949697057
0.00888082234522
0.013774659356
0.0103773296551
0.00197510716644
-0.00100298813591
-0.0140739690805
-0.0172743599465
-0.0247499938125
-0.0211342212202
-0.0208630287424
-0.0238315036681
-0.0198837029001
-0.016756056167
-0.0182969041998
-0.0193317107356
-0.01487855249
-0.0149796104222
-0.0127457434164
-0.0106779628776
-0.008572570029
-0.00374209950695
0.00207475324718
0.00425910095542
-0.00461163383746
-0.0147596728277
-0.0203159877012
-0.0323294001187
-0.0308416101434
-0.024277939553
-0.0183510576345
-0.0150297093449
-0.016374292698
-0.0138710429598
-0.0106434166624
-0.00813278863664
-0.00922051354336
-0.00713524843542
-0.00830679783188
-0.00907139065452
-0.0133936252163
-0.0176361433505
-0.0163688535205
-0.0142533388896
-0.0132920525979
-0.0122822247054
-0.0121969155658
-0.00921316104768
-0.0117218817559
-0.0109899662541
-0.016506585192
-0.0135453330073
-0.0155876659962
-0.0154860462145
-0.00524205687228
-0.00151904611336
0.00049010968317
-0.00175412369796
-0.00360043350469
-0.00747767382612
-0.0142427553739
0.0
-0.0171151882323
-0.0127700876604
-0.00708095978328
-0.00724110803621
-0.00766408408475
-0.00334628471843
-0.00425741789633
-0.00528150045632
-0.00217149000902
0.001472822221
0.00202546088178
-0.00260943152732
-0.00201516515839
-0.00331986297326
-0.00713447329752
-0.0067753019715
-0.00956578787942
-0.0129821961148
-0.0173136160726
-0.0200081851458
-0.0189636104909
-0.0196475453205
-0.014098993014
-0.0104340090596
-0.00421590179305
-0.00101817833864
-0.0012870101525
-0.000264681359328
-0.00200495410284
-0.00130407731386
-0.00051874977142
0.00028402154516
-0.0027849592192
-0.00182980754971
-0.00332624332325
-0.00478517850106
-0.00143118850866
-0.0030904238127
0.00104671530667
0.00555910141969
0.00901613896033
0.00755888990523
0.0112443461049
0.0
0.0157826124818
0.018591996706
0.0175969333851
0.0179486871681
0.0205298185028
0.0214247511617
0.0154383291946
0.0186997684917
0.0194105804733
0.0179571969931
0.0
0.0187477358439
0.0191591655221
0.0184535028186
0.01668228547
0.0137675801835
0.0178557454187
0.0209591550809
0.0226923638014
0.0179318302185
0.0143591309092
0.0105845774394
0.00708845841602
0.0144229930048
0.00554879605255
0.00148664327051
-0.00127063230126
0.00524458333561
0.00144633619531
-0.000690154878847
-0.00266850487351
0.000129678396455
0.000863656108591
0.00194485696013
0.00318807567432
0.00330404367561
0.00384137150328
0.00414090523803
0.00635786895138
0.00887319619019
0.00945569887783
0.0105178729762
0.00570377591061
0.00766972544404
0.00765872018514
0.00794320803623
0.00937899570605
0.0101401175026
0.0122292777709
0.0113586231092
0.00822159294438
0.0
0.0149176594155
0.00999892728798
0.00863744988354
0.0100547066996
0.0110017348701
0.0107226197822
0.00769695478007
0.00101034288736
0.00847313220973
0.0106808027829
0.00535490770953
0.00171484584382
-0.00045475320137
-0.00656676530266
-0.0131151014978
-0.0159651315139
-0.0264401635601
-0.0295419208195
-0.0409476252024
-0.0458214684075
-0.0450570393762
-0.0426001944467
-0.0423122081671
-0.0378259196063
-0.0319849262116
-0.0251614045034
-0.0239087915178
-0.0301268129722
-0.0381651713234
-0.0449804372568
-0.0512149226075
-0.0524217212992
-0.0520212380418
-0.0454552049453
-0.0374391978459
-0.0300176321481
-0.0182041821424
-0.019589141725
-0.0140319805856
-0.00996484393113
-0.00963025956349
-0.00281665856226
0.00249406234685
0.00426562201424
0.00413126647906
0.00691149043723
0.00262676696816
6.46361976855e-05
-0.00454632451703
-0.00860758736001
-0.0108996236337
-0.0189535458911
-0.0216039961827
-0.0240899707669
-0.0255847250978
-0.0247426258198
-0.0222960734325
-0.019513948922
-0.0205318696337
-0.0138490961449
-0.0112361261471
-0.00612805281181
-0.00797606148994
-0.01030656503
-0.0112175286777
-0.0122304688243
-0.0157177663571
-0.0134003465283
-0.0111883720609
-0.00663839495516
-0.00648224387935
-0.00153621634895
-0.000101043101411
0.00133264827822
0.00221235046089
0.00052147438634
0.00141794815171
0.00185542340047
0.00328833583859
0.00532918494454
0.008807991974
0.0112370470538
0.0161074692134
0.0159189770674
0.0212191168955
0.0216242265181
0.0223318066094
0.0217254303148
0.0208352037383
0.0216269935544
0.0206695810639
0.0192590339389
0.019939836503
0.0203336539267
0.0191348579959
0.0
0.0151608808111
0.0137913072254
0.0125909968566
0.0112631557934
0.0142137904433
0.0136300276794
0.0109979043552
0.00954872280188
0.0112322613805
0.0129525414899
0.0113688334815
0.0110197694997
0.00924733748724
0.0108461184423
0.00970212466399
0.00930835251618
0.00987202725914
0.00774003418228
0.00888672926075
0.00890015714436
0.00697373537493
0.00891911327048
0.00288655345495
-0.00183514220848
-0.000395214127013
0.011505861034
0.0128066981581
0.00796165499308
0.00554937626089
0.00308407677937
0.00207882066037
0.00427412972038
0.00396073540492
0.00298770703342
-0.000554522104517
-0.00110605355869
-0.00184617838627
-0.00142840295638
0.000628353743114
0.00157335823659
-0.000595422702009
0.00251362134497
0.00418447787783
0.00335526789782
0.00412483204608
0.00681824378914
0.00324311568726
-0.00194922128915
-0.00726296923913
-0.00707987348306
-0.00815524314923
-0.00598724363668
-0.00363923339312
-0.00126541855125
0.00297457885427
0.00228105759047
-0.00288361215123
-0.0124837640799
-0.019284440232
-0.0218255114685
-0.0195626176326
-0.0172526781226
-0.0134023619461
-0.0132912899297
-0.0209667813474
-0.0287967055947
-0.0286590859696
-0.0365633910633
-0.0381879546775
-0.0424867101057
-0.0511410487916
-0.0532115550938
-0.054342075604
-0.0590153170836
-0.0694776328073
-0.0742498381379
-0.0727788529444
-0.0658035432503
-0.0514064094671
-0.0487280603621
-0.0578837970993
-0.05832199036
-0.0618645711826
-0.0548749596716
-0.053552397357
-0.0591775276928
-0.0676531724954
-0.0795727406701
-0.0858451135531
-0.0864554228875
-0.0792867324935
-0.066308686676
-0.0619689291536
-0.0648958083738
-0.0653110402033
0.0
0.0
-0.0498121622442
-0.0378638732408
-0.0259375877128
-0.0128109261605
-0.0155617275351
-0.0116659775931
-0.00531613734237
0.00531811983679
0.0192617472077
0.0250855480869
0.0242697124112
0.0309656788357
0.0337907756618
0.0271729856351
0.0279035837287
0.032241039081
0.0360947790335
0.045028893618
0.0486405850711
0.0475348583523
0.0323054887043
0.0445032956259
0.03560396532
0.0
0.0432159089515
0.0431981999633
0.0557617399759
0.0501662680555
0.0609912763004
0.0632784474244
0.0587955378033
0.0506542115553
0.0396277896411
0.028196079081
0.0169072618391
0.010695246188
-0.000285568163633
-0.00126223826841
0.00220113388637
-0.00297517416223
0.00238188482114
0.00281478619066
-0.00311569025819
-0.0040503634308
-0.0113100818199
-0.016682691137
-0.0191278506527
-0.0148881462365
-0.0205969188982
-0.0228396467099
-0.0227197617226
-0.0196407333929
-0.0191827520803
-0.0159082809767
-0.00619934579052
-0.00316132274999
-0.00766287792957
0.000594010121825
0.00687400774719
0.00658018523011
0.00439583948421
0.00639824561478
0.0184472244054
0.0249150184126
0.0258769847252
0.0294983974581
0.0342280299171
0.0442526071587
0.053525702958
0.0617831602485
0.0598997854096
0.0587274896646
0.0565345444303
0.0623329351095
0.0713765879083
0.0776530743459
0.0782423476793
0.0709083801663
0.0677499308197
0.0593373890448
0.0514727434543
0.0505649083009
0.0609111742904
0.0597375133836
0.0461234990425
0.0372419641407
0.0310953974348
0.0236462953665
0.0220721292959
0.029059158096
0.0232621670037
0.0252138297002
0.0394112545809
0.0402714718301
0.0
0.0419636104511
0.0428487990598
0.0397725215774
0.0410828742522
0.0382224374071
0.0352016547874
0.0258125200038
0.0157632265144
0.00643336589477
-0.00317449950218
-0.0112427662393
-0.0159378158758
-0.019089285663
-0.0218174364788
-0.0264204122491
-0.0205693386886
-0.0172961836177
-0.0264433340162
-0.0425439626409
-0.0462617095137
-0.0468868768478
-0.0388379173284
-0.0357963671697
-0.0497892978576
-0.0613924467831
-0.072224532795
-0.0856548564265
-0.0909271140627
-0.0927526865044
-0.0866237751725
-0.0855873608256
-0.0696910429898
-0.0565174836265
-0.054386086326
-0.0532416590386
-0.0401561507507
-0.0346744165428
-0.0310468219776
-0.0355347856518
-0.0313323762029
-0.0296546040832
-0.0312786822825
-0.0293961542699
-0.023526040758
-0.0189897511772
-0.0217469264979
-0.0190700386394
-0.0230821081798
-0.0253067250177
-0.0268026622821
-0.0273469180748
-0.0331548723366
-0.0414413359765
-0.0502492820533
-0.0593233460224
-0.0575644214016
-0.0622561972666
-0.062897526134
-0.0542565235723
-0.0425880563042
-0.0397197619509
-0.0426435165101
-0.040864874872
-0.0398032443609
-0.0337250864416
-0.0348251326812
-0.0279004090648
-0.024889538139
-0.0193571433351
-0.0137605796114
-0.00404083374322
-0.00367290904996
-0.000956001652949
0.000772723501675
-0.00244279769847
-0.00329296047117
-0.0014835046104
0.00177311917478
0.0142057612109
0.0183932616937
0.0139742484883
0.0134368985151
0.0207621529895
0.025637116963
0.0259189222957
0.0237681513224
0.0253062691415
0.0277570227744
0.0285722507512
0.0329636724923
0.0284817676721
0.029539360952
0.0349765693249
0.0375953242623
0.0374518789292
0.0
0.0
0.0417918172746
0.0428089304682
0.0418597513233
0.039335520556
0.0418648757202
0.0418807301461
0.0421290695777
0.0438680046284
0.0380585816932
0.0372422117044
0.0360219432944
0.0344762126521
0.0373078727263
0.040054978808
0.0354425563316
0.0302596092334
0.0261486069945
0.0242641931513
0.0242053201891
0.0220829928273
0.0225195796199
0.0221861579807
0.0194314834267
0.0240947333921
0.0294474178479
0.0337809089492
0.0377776338816
0.0487307964431
0.0446151711174
0.0414468780706
0.03921583386
0.0294443635424
0.0279252772557
0.0269232854382
0.0224980284453
0.0233865847912
0.0303490046129
0.0267874103812
0.0239298405968
0.0310935366426
0.0458382636674
0.0578628506727
0.0536015945566
0.0
0.0
0.0
0.0
0.0718299098006
0.058636479774
0.0531232386401
0.0443764809719
0.0385781967909
0.0276450970833
0.0192702331766
0.0303197416141
0.0449338992839
0.0462665656417
0.038390756272
0.0425320825739
0.0573157658715
0.0619068349107
0.0545280228386
0.0495079250893
0.0422015424978
0.0488966609061
0.0283230892845
0.0172573994543
0.022474478945
0.0257830815701
0.0234941282834
0.0177419907354
0.0126870902912
0.00872914442898
0.00291296435907
-0.00479172251545
-0.0079013210646
0.00145871799163
0.00526088718164
0.0114708743575
0.0297516703119
0.0
0.0
0.0
0.0296642304371
0.0102919068345
0.0055305802934
0.00456016808296
0.00461455471807
0.00794653653597
-0.00708607936955
-0.015973241615
-0.0256508296073
-0.0283254754637
-0.0271557917506
0.0
-0.0327924802063
-0.0328488741033
-0.0420535262286
-0.046709422379
-0.0419445966535
-0.0439464429057
-0.041293925715
-0.0471884326337
-0.054665566911
-0.0568641564399
-0.0553539061425
-0.0606752988843
-0.0658478618479
-0.0744571230735
-0.0770793416427
-0.0762289846691
-0.0747432130345
-0.0759247904348
-0.0768796950986
-0.0822110685198
-0.0842531542624
-0.0819332670454
-0.0793000918063
-0.0817881151753
-0.0856658374604
-0.0888098979404
-0.0924150480132
-0.0933954172914
-0.0947238383392
-0.0896480369018
-0.0851684199094
-0.0747131865434
-0.0702961862154
-0.0709933008183
-0.0623916164632
-0.0522087325711
-0.051768596527
-0.0481109603512
-0.0422161032416
-0.0312129874514
-0.0246925845581
-0.0213452658171
-0.0171009658021
-0.00985901447067
-0.00283204529981
0.00193080808068
0.00476561650496
0.0112927910979
0.0144382503249
0.0193354076635
0.0260071423473
0.0189938323518
0.00968500719662
0.00576117060986
0.00453964413254
0.00665467772952
0.00900819169749
0.00644830426776
0.00998844537018
0.0119035274964
0.0175459644492
0.015968454908
0.0165992313672
0.0121308886654
0.00970579784464
0.0102661053073
0.00953291997111
0.0168218523436
0.020351528934
0.0173485997284
0.0163515464016
0.0134095549862
0.0117569658918
0.0140642090865
0.0150896324753
0.01574385652
0.0181424299562
0.016540618274
0.0176022895179
0.0115229052935
0.0078816274902
0.0145934274464
0.0132867359724
0.0160905745588
0.0211837659737
0.0208027244641
0.0294368882406
0.0350477071065
0.0461975355276
0.0534866189268
0.0489711433626
0.0417502881871
0.0390128569488
0.0371182025892
0.0393895484673
0.0
0.0385956845685
0.0377340290805
0.0371241381362
0.0373522147026
0.0383830496176
0.034839202914
0.0313771753333
0.0321063899968
0.036394615007
0.0
0.0
0.0511093758296
0.0297074828535
0.00720391532344
-0.0176024768687
-0.0311856476367
-0.0382960573718
-0.0356939183712
-0.031183216391
-0.022627900764
0.0
-0.0251986602891
-0.0276128967574
-0.0249119051029
-0.0159514998934
-0.0142166001512
-0.0100466523829
0.00170064118483
0.0
0.0153925029558
0.00891855763435
-0.00423762656299
-0.0240766410799
-0.0430152844151
-0.058139307621
-0.0745422185073
0.0
0.0
0.0
-0.0537955926204
-0.041095423053
-0.0420887190281
-0.0384730569949
-0.0338715853918
-0.0416752155735
-0.0513408362655
-0.0516227903345
-0.0300723753408
0.0
-0.0364790313174
-0.0539629232361
-0.0517605738724
-0.046801189283
-0.0318910193252
-0.0308216860834
-0.0332474985923
-0.0325492190669
-0.0336043050319
-0.0333555525341
-0.0295980590032
-0.0213438941072
-0.0227007595148
-0.0215056763971
-0.0134777727498
-0.00571008735562
0.00393453750581
0.0171920110462
0.028884019731
0.0277249219957
0.015733746867
0.00859754648987
0.00173086545468
0.00532114898391
0.00664267226917
0.00549533605694
0.00941714836436
0.00869703667215
0.00748058844453
0.00181480387952
-0.00149690193976
-0.000547592688258
0.000359838934978
-0.0055850221573
-0.013329878593
-0.022812244653
-0.029102508818
-0.0315721640464
-0.038329069724
-0.0490457996544
-0.0617390030193
-0.0683478928246
-0.0774544673594
-0.0807630586648
-0.0844212249374
-0.0905777271326
0.0
-0.0879278402555
-0.082602881345
-0.0763039187886
-0.0637350829862
-0.0506013183051
-0.044820974392
-0.040748475186
-0.0385461883302
-0.0350328444266
-0.0323919971856
-0.0280594333966
-0.0257184949432
-0.0258117667159
-0.0235119432118
-0.0209550204469
-0.0140333823986
-0.00729752264799
-0.00652729641532
-0.00732488478707
-0.00424261427778
-0.000472812808717
0.00120393063109
0.00221651200387
-0.000164334340107
0.00052713075418
0.00211594668995
0.00689750990945
0.00907799085544
0.0140958372315
0.0155670586588
0.018702535458
0.014537265026
0.00994762490204
0.00686885252799
0.00536575042742
0.00177404519087
-0.00189230006093
-0.00771399605161
-0.00978608309069
-0.00999654838747
-0.00435346686499
0.00436118566528
0.00998414360821
0.0161892867672
0.0201397664685
0.0207413627362
0.0247397168069
0.0223539867479
0.020825622191
0.0225027976688
0.0236696270639
0.0221857911139
0.0166024862803
0.0160660645846
0.0147421499167
0.0130919349111
0.00913756771838
0.00870115785569
0.0105386943389
0.0154699081075
0.0170156880238
0.0193087609162
0.0191715213813
0.0138572384546
0.00578673904495
0.0103905479643
0.0146321075929
0.0229293852719
0.0208204083685
0.0264874143247
0.0261329588999
0.0212975539998
0.0204166156831
0.0167908958336
0.0131686640337
0.0124801300008
0.0103025669816
0.00433358998316
-0.00725094202384
-0.0247393010692
-0.0446215513194
-0.0648040145757
-0.0708991796258
-0.069153229797
-0.0623740290511
-0.0587138010114
-0.0522720910456
-0.0454430143344
-0.0409798341734
-0.0463976048719
-0.0546465873409
-0.0549280135245
-0.0552750951053
-0.042883007907
-0.0334130315824
0.0
-0.0293183929356
-0.0316843259013
-0.0350502448035
-0.0393446696802
-0.0379791396922
-0.0378137154041
-0.0384088382034
-0.0325711819003
-0.0286596789126
-0.0276262661639
-0.0324050105134
-0.0404747396404
-0.04237824761
-0.0406477145064
-0.0439798476223
-0.0497300020434
-0.0651990221737
-0.0820684464885
-0.100599562568
-0.104964463807
-0.100005451456
-0.0948330771556
-0.0898957648844
-0.079716460492
-0.0771701398903
-0.0738187925772
-0.0759947899394
-0.0785648270312
-0.0729294633593
-0.0680855378091
-0.0620470398425
-0.0597582101533
-0.0544444758764
-0.0395117912366
-0.0212376076581
-0.0181151295292
-0.0188849988548
-0.0251143860388
-0.030461654558
-0.0315544660115
-0.0281731897079
-0.0289017124444
-0.0265264078406
-0.0275517921193
-0.027010778979
-0.0236677988982
-0.0240090860792
-0.0232336651286
-0.0213158223567
-0.0219391018358
-0.0174809524978
-0.0156915195857
-0.011410684153
-0.00959538302906
-0.0138033879109
-0.0182932677138
-0.021648984957
-0.024438128758
-0.0281640292007
-0.0309773835678
-0.0301058853793
-0.0289402217307
-0.0296963987816
-0.0320945542643
-0.0352641692423
-0.038368652434
-0.0427685606684
-0.0460818923874
-0.0467346881135
-0.0489298009424
-0.0471144504179
-0.0372739327301
-0.027823955918
-0.031728377346
-0.0320850675939
-0.0263054535662
-0.0219876304848
-0.0181931092446
-0.0151515918322
-0.00685856077123
-0.00121100757011
0.00201499183312
-0.0015000260388
-0.00306049851556
-0.00793272459671
-0.00812246741359
-0.00431958310373
0.00169050904852
0.00111272769534
0.000957310058733
0.00242318327387
0.00446617044263
0.00108864224683
-0.000521285840584
-0.00286877089131
0.0
0.0
0.00484105672885
0.00921461623903
0.0106163166102
0.012978033901
0.0103518961214
0.00999110952113
0.0101900556314
0.0147667902539
0.0136619397914
0.0138526885469
0.0150454632428
0.017621137785
0.0190865493674
0.0246581412653
0.0277583900826
0.027301009393
0.0240009404113
0.0256233385392
0.0279940266006
0.0261819021677
0.0238528551985
0.0252136961518
0.026908906679
0.0281487114641
0.0256086518468
0.0287667158624
0.0277602728354
0.0321976890876
0.038291842331
0.0376787982449
0.0370444813177
0.0335397275858
0.0326057627067
0.0324935514366
0.0310291487498
0.0281085826424
0.027983701814
0.0267893456295
0.0284916725569
0.0303775986009
0.0286505989821
0.0276314428124
0.0280142693541
0.0252035777799
0.0219079310688
0.021231028653
0.0193083539476
0.0271001563207
0.0293200847626
0.0256662287895
0.0232587147719
0.0190649118359
0.0176487972161
0.0177786548438
0.012692705607
0.0114338364143
0.00879264303506
0.00656438902891
0.00318146435868
-0.000782579119226
-0.0026479323548
-0.00393613413566
-0.000234426433314
-0.00252225654133
-0.00871012937937
-0.00787781979139
-0.0106028319171
-0.00477186926312
0.000316473350707
-0.00718061754989
-0.00967644202907
-0.00900476484183
-0.00737214815939
-0.00511774180559
-0.00185012099996
-0.000491115715111
-0.00334505210069
-0.00501288536878
-0.00473883576802
-0.0042881288345
-0.00758421276581
-0.00824237248449
-0.00980498287329
-0.0176647057442
-0.0243594531657
-0.0281914633908
-0.0370345967302
-0.0412071100965
-0.0390237572253
-0.0332359413448
-0.0286850077338
-0.0258391588813
-0.0290178112314
-0.0311965859179
0.0
0.0
-0.0166388321053
-0.0143260442033
-0.0153673637329
-0.00550475960692
0.00875566054297
0.00642974545005
-0.00893009419719
-0.00791490188536
-0.00989276947309
-0.012935223231
-0.0223803383914
-0.0336662188605
-0.0424283359643
-0.0364443218351
-0.02614922695
-0.0217714164857
-0.0174185983153
-0.018154029709
-0.023017468616
-0.0218240576945
-0.0252920650524
-0.0304978400173
-0.0338904195109
-0.0375691559529
-0.0390048384322
-0.0412172175257
-0.0440418195669
-0.0507619698245
-0.0555425131963
-0.0597525488715
-0.0592860842807
-0.0562743187319
-0.0557493818787
-0.0573925926068
-0.0609883042053
-0.0578184622437
-0.0534602675668
-0.0508785679266
-0.0526568639768
-0.052357901385
-0.0513893044324
-0.0507946105606
-0.0470647955464
-0.0491892669894
-0.0467847662333
-0.0387165053068
-0.0335992055007
-0.0288496531062
-0.0200222338125
-0.0166432225235
-0.0182809182338
-0.0243909026784
-0.0250979715189
-0.0247299133184
-0.0198529816444
-0.0168187529941
-0.0175935393577
-0.0224209473241
-0.0354011803459
-0.0353920790884
-0.0326176694409
-0.0228512416643
-0.0200520316007
-0.0244021521359
-0.0248819505168
-0.0242183862068
-0.026026885717
-0.0242875228043
-0.018584355366
-0.0144281981408
-0.00926890815359
-0.00707026732278
-0.00413554450742
-0.000550156249347
0.000421092798118
0.000740826383772
0.00252277370219
0.000810180650168
0.00123411910645
0.00402361961286
0.00424279725037
0.00108051906664
-0.00161273603871
0.000517462098328
-0.000222878976706
-0.00383043826611
-0.00758597613092
-0.00557395328635
-0.00868718845254
-0.0132288488865
-0.0175226206776
-0.0204290508679
-0.0212719751798
-0.0163327395369
0.0
-0.0100214148084
-0.0127709723857
-0.0133253843636
-0.0144336972169
-0.0155876772331
-0.0151099628893
-0.0160872122665
-0.0168909981557
-0.016378026411
-0.0151405514734
-0.010895118318
-0.00683447132298
-0.00565826155491
-0.00421238769315
-0.00396006975236
-0.00486026731714
-0.00257287096072
-0.00301121715715
-0.000813200588828
0.00385912460617
0.00583306071732
0.00856692119307
0.00963842428714
0.0114794526001
0.0131747882193
0.0154392163907
0.0152929371637
0.0117392989685
0.0129803368469
0.0123076637714
0.016251887751
0.015716589916
0.0143069183804
0.0151176194265
0.0205683759004
0.0263966403852
0.0269922059602
0.0243519183291
0.0171042606193
0.00675188831756
-0.00819611085774
-0.00995596864869
-0.00379425891185
-0.0024257594965
0.0100950780769
0.00555297104456
0.000488068486091
0.007599134276
0.00864239859539
-0.00822855632535
-0.0203830120826
-0.0302099712331
-0.0318010904731
-0.0333285392787
-0.0364483942757
-0.0336028851192
-0.0301801192068
-0.0261500161992
-0.0336366443317
-0.0505910740919
-0.0736643837344
-0.0869048697376
-0.0829319935536
-0.0844440626558
-0.0893370948256
-0.0942242182645
-0.0937934866417
-0.0749033971411
0.0
-0.0774993577133
-0.090224899431
-0.0899967721776
-0.0869101333643
-0.0841484843296
-0.0815981216842
-0.0911373685954
-0.0991227464722
-0.100514932756
-0.0894597216271
-0.0861972023528
-0.0851782127933
-0.0840144501542
-0.0922218240396
-0.0951328702959
-0.0926484992629
-0.0927119058828
-0.0857642511477
-0.0828962995614
-0.0863368077121
-0.0884179510882
-0.0850492431657
-0.0799921618976
-0.075486151871
-0.0774886218765
-0.0744259265214
0.0
0.0
-0.0694901453173
-0.0732237117257
-0.0717185273502
-0.0669759723057
-0.0653199401847
-0.068593163892
-0.0690776270733
-0.0710719338142
-0.0766362642295
-0.0801684674442
-0.0815550956912
-0.0830841412824
-0.0784475194217
0.0
-0.0762753718813
-0.0740241506396
-0.0673113488884
-0.0637091779906
-0.0518091633273
-0.0396786246909
-0.035686547461
-0.0332590992932
-0.0249827144565
-0.0177895648503
-0.0208018360234
-0.023688488399
-0.0308484044706
-0.0335595729453
-0.0320120336275
-0.0297055298085
-0.029739827874
-0.0366698934496
-0.0403197757362
-0.0435719710286
-0.0417689607261
-0.0344565650117
-0.0296588880141
-0.0203833440588
-0.0122357548741
-0.00637974561798
0.00211054490778
0.0045032522552
0.00677624994981
0.00931456980204
0.00924621837589
0.0128331219373
0.0153310185475
0.0208343351155
0.0362893476451
0.0274595489835
0.0273054534768
0.0272655373598
0.0297570403375
0.0343651227424
0.041427663024
0.0410987464985
0.0384372540754
0.0339497669787
0.0297440807283
0.0286228335165
0.0308786026247
0.0369726598658
0.0458495718492
0.0426215667477
0.0349380438724
0.0329233333179
0.0327922150898
0.0301482913657
0.0284888705745
0.0183183042771
0.0122685192614
0.0107925404299
0.00756776090016
0.00513188648653
0.00253145485731
-0.00190945341145
-0.00487681100063
-0.00402471576373
-0.00645794234142
-0.00626316275773
-0.00707462066061
-0.00656205416571
-0.00446258953108
-0.00821523914876
-0.0118496280071
-0.0200314733167
-0.025833657489
-0.0323776316233
-0.0265024217385
-0.0224395343872
-0.0310849767422
-0.0399796598457
-0.0389517262564
-0.0222154999017
0.0
-0.00032168044178
-0.00312461114246
-0.00067677997716
-0.00107189345297
0.000625088494535
0.00190747537133
-6.46361976854e-05
-0.0087084110205
-0.017675459071
-0.0270963012359
-0.0359810125841
-0.0387539045114
-0.0414118467177
-0.0431018243064
-0.0419421181722
-0.0411070762387
-0.0392551025873
-0.0452539801544
-0.0494929423569
-0.0510223149811
-0.051741374932
-0.047231564968
-0.0447375488995
-0.037284964609
-0.0299298206702
-0.030006101685
-0.0261911997101
-0.0229382962704
-0.0222501598063
-0.0212650337327
-0.0206206907346
-0.0272944749833
-0.0322785833732
-0.0393046353685
-0.0506223867239
-0.0603300485829
-0.0618584139415
-0.0572712559742
-0.049662913685
-0.0513874383902
-0.0593279128534
-0.0636475535619
-0.0717400263194
-0.0732605244709
-0.0674141388281
-0.0584623085227
-0.0532173492773
-0.0501041826855
-0.0486603293881
-0.0437688242881
-0.040568534323
-0.0441205700477
-0.0487420440521
-0.0555162407614
-0.0625239899172
-0.0733066102072
-0.077645523014
-0.075649434643
-0.0730581469461
-0.0688275148236
-0.0573444507904
-0.0516482244298
-0.0415019424924
-0.0466080399728
-0.0496505841025
-0.0450488840189
-0.0367046988541
-0.0334434928098
-0.0365271974781
-0.0372475619296
-0.0387956063395
-0.0413380675093
-0.038578798208
-0.0429197349101
-0.0362990379546
-0.0278169686115
-0.0213121093717
-0.0157418290908
-0.0138189055224
-0.0071335343837
-0.00535486796812
-0.00810754668911
-0.0133942115427
-0.0234320252909
-0.0281366866969
-0.0228748882637
-0.00545036391744
0.00645050962146
0.0125328152854
0.0119435421567
0.00834980439389
0.00909619746303
0.0105243037569
0.0173719944195
0.0180920456097
0.0
0.0124481912384
0.0087586869144
0.0128257258695
0.011971552172
0.0118499755057
0.0114272604292
0.00360328748503
0.000686179194223
-0.000144279889356
-0.00238761974687
-0.00513360852208
-0.0033776563664
-0.00474407441401
0.00230108065845
0.00479774504167
0.0
0.0
0.0
0.0
0.0
0.0
0.0
0.0
0.0
0.0
0.0117229609661
0.0125951865683
0.0116581308594
0.0136877874741
0.0301920803887
0.0297040252655
0.0297313230086
0.0292365775376
0.03283104898
0.032906351747
0.0321731958557
0.0303921202639
0.028704291421
0.0303135992399
0.0300466476816
0.0281766331706
0.0275115277417
0.0279963960981
0.0286866786743
0.0323465962041
0.0363372940433
0.045099196108
0.0457116909765
0.045503314539
0.045653229771
0.0515991367923
0.0482762177116
0.0445595618953
0.0371262089572
0.0268563117497
0.023266246757
0.0237535754211
0.0273957938701
0.042210468288
0.0448883852135
0.0417479068587
0.0459519461153
0.04483914983
0.0433825139016
0.0432104747586
0.0490060699725
0.0484334727895
0.0398529158155
0.0306141374858
0.0265215728865
0.0276345527868
0.0213434655342
0.0153933683486
0.0102675859623
0.00326350655806
-0.00858427934737
-0.0166774975269
-0.024022616777
0.0
0.0
0.0
-0.0223114761007
-0.0217639241827
-0.0335790120166
0.0
0.0
0.0
0.0
0.0
-0.0350289814787
-0.0266949420234
-0.0200929163878
-0.00909932822668
0.0
0.0
0.0
0.0
0.0
0.0
0.0
0.0
-0.0122061612939
-0.0130190939138
-0.0167201913468
-0.0206042021373
-0.0196870276136
-0.013140882439
-0.006617656495
0.00171165476451
0.00342240673067
0.00625091254817
-0.00773048831783
-0.0273824779395
-0.0320476178974
-0.0361176983216
-0.0451342996618
-0.0584570779683
-0.0583845724242
-0.0651739010594
-0.0893110415963
-0.104117419827
-0.109266976459
-0.112720752523
-0.115940637604
-0.106747004615
-0.104626527928
-0.0942298803054
-0.102627020624
-0.115084243365
-0.131819031541
-0.14284630856
-0.137083581053
-0.136653597892
-0.136027779421
-0.126444197591
-0.11710126143
-0.111459235541
-0.111658565263
-0.107349303652
-0.105023045965
-0.104095751188
-0.101812457001
-0.0962499597595
-0.0800300649944
-0.0787068493389
-0.0691869083331
-0.0669420477938
-0.0580997756557
-0.0553441092042
-0.0471298345933
-0.0392610323584
-0.0294741562468
-0.0225114319899
-0.0209057480322
-0.0183625808837
-0.00909833533976
0.00402690823776
0.00912360344014
0.0149249687333
0.0148994551409
0.0115970912943
0.0145152681412
0.014946637547
0.0132538806174
0.013809351565
0.0110220927398
0.013461002529
0.0137039157691
0.0195086312536
0.0268390933734
0.0281295881122
0.0328361598858
0.0377759232335
0.0403798677244
0.0412810799953
0.0454498667193
0.0498413541002
0.0543652421511
0.0399356381636
0.0542723746491
0.0
0.0597965606754
0.0
0.0483449986167
0.0
0.0
0.0
0.0
0.0
0.0
0.0
0.0
0.0
0.0
0.0
0.0601615009959
0.0543371328267
0.0523416720633
0.0481369506561
0.0526281341696
0.0482906749368
0.0444959331075
0.0409002865291
0.0387572015652
0.0364944870983
0.0390946172289
0.0469906227653
0.0521812833957
0.04869903138
0.05399548677
0.0531562147156
0.0451873108733
0.042510108337
0.0441728087396
0.0462176978359
0.0497056330888
0.0539779438606
0.0615977804094
0.0617420772607
0.0544381380547
0.0530152736425
0.051089586279
0.0447946692987
0.0427915765683
0.0423659276013
0.0451391002911
0.054348958008
0.0561892046397
0.0557138538712
0.055590681181
0.0485652463421
0.0464419780014
0.0425701280332
0.0388510099019
0.045915089812
0.0360223962526
0.0278646299958
0.0241560305629
0.0215780127331
0.0117579538764
0.01673877774
0.0328577539219
0.0425263583466
0.0292337499202
0.0216818399253
0.0259858209671
0.0286894260748
0.0
0.0231021502744
0.00329551316962
0.0
0.0
0.0
0.018169520296
0.0388304071721
0.0
0.0
0.0455705874244
0.028487941994
0.0325227316466
0.0242882964483
0.0271972579493
0.0157331970195
-0.00723886430074
-0.0207138632403
-0.0166848941131
-0.00332196088036
-0.00358624597228
-0.0161040202248
-0.0235794965224
-0.0250459304154
-0.0117992212341
-0.00691262819695
-0.0151807389276
-0.028640459453
-0.0454706373826
-0.0525648363703
-0.0586640090859
-0.0704847620457
-0.0709319706709
-0.0672924026036
-0.057626416748
-0.0514913447951
-0.0462206603351
-0.0349966988405
-0.0212925702931
-0.0116229729809
0.0
-0.0213388735692
-0.0296575962719
-0.0288324650273
-0.0285896555441
-0.0183331912059
-0.0148840938139
-0.00959982685101
-0.0124376529276
-0.0139488901553
-0.0175283794126
-0.0169745491926
-0.0172855841708
-0.0190271715103
-0.0206875423684
-0.0247284634163
-0.0257436979779
-0.0225755817841
-0.0234961506525
-0.0196440606595
-0.0183325013413
-0.0127320951853
-0.00797065722498
-0.00606730531379
-0.0027689954182
0.00100126526842
-0.000653556923676
-0.00131803353042
-0.00559327266655
0.00285616816088
0.00814695892982
0.00751865549981
0.0100926038783
0.0180148955302
0.0251304247584
0.0352086462477
0.0292113891972
0.0344246327132
0.0387659660548
0.0403825286437
0.0403597143156
0.0440501236875
0.0450063679041
0.0486020594067
0.0522525179294
0.0592316258041
0.0575540159569
0.0648326043171
0.0613980400041
0.0618537462656
0.062364416775
0.0572919367442
0.0555130321458
0.0518060093973
0.0442937288125
0.0350029185357
0.0266104495657
0.024771980441
0.0290512555183
0.0335663851131
0.0357522637432
0.040131917681
0.0427571044083
0.0541429118202
0.0614114760556
0.0620717706278
0.0467978211363
0.0372894499826
0.0323712146141
0.0299681362258
0.0314042283005
0.0334035496561
0.0340960884352
0.0422532999233
0.0439223648488
0.0456068478863
0.0414614901944
0.0397647305412
0.0389777608856
0.0371290461818
0.035144397235
0.0322521708615
0.0356396087697
0.0371259113636
0.0358190122845
0.0399729216142
0.0393723991814
0.0358864175824
0.0293673820438
0.0245776950429
0.0239433785754
0.0211794517368
0.0195465882803
0.019614564984
0.022485829629
0.0212863900478
0.0
0.020422783163
0.0245487883188
0.0244291086255
0.0233849597099
0.0228959477945
0.0207493874076
0.0215815482335
0.0187617855163
0.0194361190397
0.0233774026268
0.0267827161242
0.0295456932278
0.0349117200987
0.0371391241134
0.0402758101201
0.0416482975067
0.0404152944813
0.0369309180614
0.0312197025342
0.0338728688455
0.034405896463
0.0383954406305
0.0400362045945
0.0377047627878
0.0463123996921
0.0480802382345
0.0492788657777
0.0528507033035
0.0589791129581
0.0569468932271
0.0548463006243
0.0550589263266
0.0543775418125
0.0516829045073
0.0489673583706
0.0
0.0577652381087
0.0527212222483
0.0484219687347
0.0438032892963
0.0443672995362
0.0350601848951
0.028229482728
0.0236940606979
0.0221542062466
0.0208271730609
0.0128968479958
0.0101588116812
0.0177538948835
0.015645661882
0.010298940802
0.00365949404365
0.00127542833629
-0.00564828614151
-0.00792072928324
-0.00970424445397
-0.0173277260763
-0.0168934750851
-0.0200704728967
-0.0441983717752
-0.0587161254073
-0.0759123822862
-0.0896489247225
-0.0914782858248
-0.0875712715753
-0.0706443072017
-0.0659633973692
-0.0650457113769
-0.0627727535254
-0.0706398549604
-0.0679926022484
-0.0685767266251
-0.0651962633163
-0.0636605736063
-0.0613376559398
-0.0633825827582
-0.062543325601
-0.0594064373065
-0.0595621157854
-0.0553031686022
-0.0496527268519
-0.0470536519618
-0.0472716129194
-0.0434839584578
-0.0379895620902
-0.0373868904976
-0.0341042983442
-0.0270287428559
-0.0206829404627
-0.0224557628502
-0.020892209794
-0.0248239831242
-0.0272334165481
-0.0263443966125
-0.0275993530727
0.0
-0.025813964956
-0.0208537713529
-0.0183575977129
-0.00723571684549
-0.0027996279145
-0.00241499814209
0.00126598090786
0.00632797207878
0.00338716263341
0.00475394667423
0.00648778052828
0.00460266277523
0.00626446890283
0.000291288710704
-0.00505040350844
-0.0094583331051
-0.00801286457474
-0.00402636949706
0.00256389411238
0.00699034021512
0.0118725167549
0.0161419186387
0.0189453205897
0.0257294022041
0.0300960295563
0.0314808001665
0.0340605277981
0.0399135985503
0.0415636516515
0.0446835735728
0.0452325795481
0.0467953910536
0.0469678035013
0.0416490780407
0.0409764097064
0.0381385787958
0.0413815652022
0.0344626134478
0.0320858251411
0.029663286664
0.0267337114793
0.0244847256949
0.0234307829307
0.024128360175
0.0207682628374
0.0199760120649
0.021802235633
0.0234808259338
0.0257838425099
0.019285366891
0.0170087466033
0.0179505315903
0.0151321540189
0.0162268585948
0.0192620846585
0.0236924311428
0.02454467262
0.0271756491469
0.0300253509051
0.0285286636158
0.0281470704539
0.0256205911761
0.0223944230914
0.0271773171625
0.0336471196685
0.0384224958093
0.0369392645923
0.0299315229606
0.0116431824077
-0.00670178497016
0.0
-0.00316299459179
-0.0083656672199
-0.0119935946318
-0.0152828724426
-0.00897263499719
-0.0139948566269
-0.0313921327806
-0.0363244460533
-0.036447530541
-0.0337682268569
-0.0297296373268
-0.0322819802641
-0.0335571398417
-0.00295173210894
-0.00144647763061
-0.0076307974442
-0.0109845097402
-0.0115225223379
-0.0190063200209
0.0
-0.0318871062297
-0.0302951417463
-0.0283483309962
0.0
0.0
-0.0120641473077
-0.0174749391025
-0.0211128409069
-0.022408324224
-0.0236660900232
-0.0217350090415
-0.015208978802
-0.00901369690943
-0.00400281851191
-0.0135488664248
-0.0166653172969
-0.0214956618906
-0.0263979964243
-0.0276393702052
0.0
-0.0343026062188
-0.0510790628973
-0.0605017481493
-0.065830812308
-0.0659891146084
-0.0534092627127
-0.0567422192252
-0.0651972268816
-0.0821176366118
-0.093864175233
-0.100350847776
-0.118239647138
-0.131503402114
-0.133938199938
-0.127384948508
-0.117422043957
-0.120562299162
-0.130333950713
-0.137939569203
-0.13552826448
-0.140131295605
-0.131697857644
-0.125808097481
-0.12438417436
-0.132971057152
-0.129471071293
-0.138964854836
-0.142285287684
-0.142254620388
-0.143026236785
-0.134505892269
-0.125517176652
-0.117647222469
-0.103245516022
-0.0914529383587
-0.0787730611311
-0.0521140415943
-0.068419150236
-0.0505998505228
-0.0428296138328
-0.0448179614782
-0.0432123882502
-0.0400941141021
-0.0410925577673
-0.035202669279
-0.0356772273557
-0.0369016992385
-0.0309957572861
-0.0236374078803
-0.0197209479308
-0.0165937589274
-0.0142741486809
-0.00705702644441
-0.00244250715812
0.000238098381823
0.0103108693841
0.0206082330565
0.0285463972495
0.0321665562643
0.0354775853965
0.0293398826459
0.0233865548999
0.0186013648407
0.0168833236373
0.0146077076831
0.0156165489258
0.014618806796
0.0156060529489
0.0113337976469
0.0129403283734
0.0176573376577
0.0256587100896
0.0301481348415
0.0353485457788
0.0412608485266
0.0399997163178
0.0387845427816
0.0410486934672
0.0432053861927
0.0386231443705
0.0
0.04710412327
0.0521632028843
0.0514814399495
0.0490949809863
0.0472096330489
0.0555621592708
0.0550193194802
0.0666431339566
0.0618677737105
0.0500237695378
0.0466044390202
0.0469195781103
0.0453400382476
0.0499069940067
0.0402824445785
0.035747916886
0.0325596090833
0.0308730884055
0.0254673583655
0.0227662534716
0.0203722672548
0.0180240628115
0.0250111384795
0.0373693333854
0.0329077688423
0.0245604862913
0.0243618266276
0.0241209257736
0.0236550369735
0.0251126432196
0.0214572214804
0.0205991572582
0.0220185189644
0.0189360601725
0.0180772753548
0.0166841726346
0.0245509458353
0.0146898050407
0.00311779775491
0.00149284765107
0.00205792281672
0.00127453794413
0.00589529538903
0.00565868015727
0.0164531303098
0.0249326081214
0.0246048321227
0.0268537565823
0.0297969390426
0.0290740966643
0.0204419270392
0.0170780941294
0.0113287122354
0.00390481055011
-0.00161822912692
-0.0151814118122
-0.0182371222974
-0.023011680733
-0.0240784099868
-0.0282264432059
-0.0316973095718
-0.0149906717453
0.016153893506
0.0234764557983
0.0337780621741
0.0305194093117
0.0241992482322
0.0296722183189
0.0329400745365
0.0252252075643
0.012842215317
-0.00412350078394
-0.00778403458893
-0.0136579529312
-0.00847682995638
-0.0108295401492
-0.0162647002414
-0.0198778489413
-0.0217625550867
-0.0299787829942
-0.0403871089358
-0.0461673106358
-0.050561760338
-0.0542555662707
-0.0654426147708
-0.0724291647379
-0.0509351304577
-0.0506124026635
-0.0679436538141
-0.0706739410638
-0.061142387044
-0.0565429394535
-0.0668203747719
0.0
0.0
0.0
-0.124963603015
-0.138465954099
-0.143770109721
-0.13626191589
0.0
-0.135541175535
-0.143114487892
-0.15153334575
-0.1640835896
-0.175871313848
-0.178470538618
-0.178573153363
-0.178114484814
-0.179415928117
-0.180460988922
-0.189346810752
-0.188337729302
-0.175953322099
-0.167031794085
-0.15032679253
-0.136522798692
-0.129010127949
-0.117334204202
-0.112458890881
-0.104392418571
-0.0926651259012
-0.0808529922116
-0.0698881860351
-0.0640322348105
-0.0602995914933
-0.0559212281873
-0.0540990975568
-0.049366532558
-0.0459238612948
-0.0359908530318
-0.0346898351036
-0.026513642594
-0.0227214499864
-0.0140058991924
-0.0090180969835
-0.000671768876104
0.0049080227081
0.012035227798
0.0143826988379
0.0135696871035
0.01964908306
0.0375347318102
0.0431491609218
0.0516326474539
0.0518960993702
0.0459811578251
0.0404814634681
0.0381300924742
0.0334357625875
0.0292774029508
0.0250397358405
0.0268187957696
0.0260497523142
0.0251173571305
0.0290148018248
0.0354882547464
0.0418039577227
0.0412259529375
0.0350945531865
0.0354320229254
0.0357339866723
0.0349348312535
0.0378906194744
0.0399632741686
0.0417930294072
0.04559712253
0.0
0.0
0.0
0.0
0.0
0.0361653994009
0.0351013539067
0.0354546352044
0.0397817757115
0.0388152331228
0.039892751912
0.0419170871995
0.043118044708
0.0433933223593
0.0428292382267
0.038989100075
0.0394826806251
0.0411271805294
0.0409600473581
0.0419241255339
0.0465519911427
0.046871767385
0.0373086803076
0.0322124348518
0.0
0.0272485724976
0.0258938113683
0.0211802490982
0.0155633569866
0.00906021534988
0.00470182792206
-0.000234433490736
-0.00390815841997
-0.00554469440793
-0.00405678573866
0.00362486000339
0.00641345821161
0.0137523070718
0.0195020737036
0.0211873459802
0.0259379535034
0.0313593015935
0.0364832851612
0.0358861004343
0.0404975895319
0.0521958700945
0.0545127931503
0.0542955659397
0.0444814841438
0.0435682575943
0.0321629837047
0.0234846849366
0.0110470512593
0.00977455686969
0.0197212085354
0.0210275029166
0.0179824858774
-0.000858125801187
-0.0228414728579
-0.027954169739
-0.0293469142906
-0.0428772922716
-0.0433662800817
-0.0466532740935
-0.0478000664454
-0.0463997463757
-0.0297622298328
-0.000754256930281
0.0
-0.00440432314779
-0.0181038930103
-0.00804211120737
-0.000955296888216
-0.00913346683062
-0.031717893649
-0.0375175066482
-0.0248582511883
-0.0252026183841
-0.0454101151668
-0.0543724515982
-0.0564176081498
-0.0630094677833
-0.0699133303305
-0.072503779797
-0.0589370401073
-0.0488023178803
-0.0639151640646
-0.07338157307
-0.0698738601103
-0.0765644766895
-0.0682667163949
-0.0661680733318
-0.0780615722856
-0.0920719591428
-0.105562849282
-0.111680204557
-0.117185407589
-0.114945488539
-0.118159660197
-0.113171312619
-0.0996593155099
-0.0925797408754
-0.0839351862474
-0.0811353490549
-0.0791695558295
-0.0759195126752
-0.0735163401057
-0.0718688897812
-0.0768603459795
-0.084443508055
-0.0890623303035
-0.0880126395394
-0.0840413745278
-0.0780626777351
-0.0717777941077
-0.0685187819937
-0.058655109978
-0.0498695119259
-0.0438282370831
-0.0383007474807
0.0
-0.0296756088505
-0.023223507349
-0.0135807047718
-0.0094788258535
-0.00406082119293
-0.00065359879193
0.00482238790157
0.0130528288693
0.017297547645
0.0230750201247
0.0283753376255
0.0332680926022
0.0359283379307
0.0398299594212
0.0505361910522
0.0596798156884
0.0630648823748
0.0664462426632
0.0690713292296
0.0
0.0
0.0
0.0916660208261
0.0703411608601
0.0704120136935
0.0767635485208
0.0639403410428
0.0528354289074
0.0465168408902
0.0446723515146
0.0409047598442
0.034376234245
0.0383780139003
0.0436630997293
0.0405576953408
0.0332581926851
0.0274182538468
0.02768645931
0.027806018978
0.0264388483666
0.0267375165533
0.0236351733909
0.0244459173054
0.0235869504922
0.0170005830061
0.0176089866286
0.0166382227428
0.0132467645456
0.0138646190865
0.0144750919799
0.0162870469246
0.0164931149788
0.0174752028499
0.0221013932367
0.0245881616164
0.0237056505323
0.0258294132774
0.0266063428415
0.0258229749116
0.0292055938318
0.0307520845709
0.036167110458
0.0361334802607
0.0384663781712
0.0381134030615
0.0529590511881
0.052486540551
0.0454820970719
0.0383018141204
0.0401139007742
0.0479219709079
0.0559842728941
0.0561146090401
0.0509692875241
0.0519593446966
0.0481352708008
0.0425155806647
0.0455464127519
0.0455695662534
0.0440044121996
0.0434999192833
0.0442698293687
0.0472928148707
0.0478422021299
0.0490435009839
0.0469869556494
0.0375359413349
0.0286920600717
0.0251386356186
0.0207859418993
0.0163796623645
0.0155395110085
0.0213749095809
0.025105850614
0.0292426577216
0.0
0.0294941599689
0.0286541821907
0.0329977052653
0.0257801964938
0.0228130970049
0.0159079945506
0.0071474704805
0.00374060596449
0.00969381557549
0.0103969958886
0.0118256725915
0.00153192224209
-0.00926654508583
-0.0218005601452
-0.0318376848056
-0.0391609456833
-0.0507419817326
-0.0640248503922
-0.0655918665992
-0.0700538792338
-0.0729469761891
-0.0790130010376
-0.0822623452699
-0.0820278604743
-0.0802665861437
-0.0819655628714
-0.0897521706656
-0.0933259206428
-0.0944120137524
-0.0939960665072
-0.091051202071
-0.087308696014
-0.0832022503793
-0.0760087560161
-0.0847301188545
-0.0887490046669
-0.0897291506136
-0.0897326357058
-0.0910486580358
-0.0857242277758
-0.0778596248204
-0.0697887907332
-0.0672004060337
-0.0587967016912
-0.0462150485759
-0.0311849624671
-0.0331827464083
-0.0373368091968
-0.0465852386092
-0.0512883162678
-0.0577293389826
-0.0636527081571
-0.0655644138457
-0.06744672761
-0.0683520182633
-0.0680132031642
-0.0731087326329
-0.070823487998
-0.0618293336904
-0.0520920039869
-0.0454917144805
-0.0453608804448
-0.0447119966676
-0.041668513072
-0.0392937828972
-0.0403307537995
-0.0372859628579
-0.0353931596414
-0.0308407183795
-0.0303885412833
-0.0278160735518
-0.0223159672202
-0.0206849788099
-0.0191155041021
-0.0149413100175
-0.0133089685552
-0.0124293630625
-0.01113015052
-0.00402245993501
8.74815589136e-05
0.00444826925777
0.00796067592465
0.00889951453461
0.00897420731236
0.0155370224042
0.0219988858193
0.0231325801103
0.028078415171
0.0304617482852
0.0457772548439
0.0505158165561
0.0555450616804
0.0487063661597
0.0443393742864
0.0390264894195
0.0
0.0488687581601
0.0527074739966
0.0484533864437
0.0507090595288
0.0494127577072
0.0528864931169
0.0550653296406
0.0622578873759
0.0643219224527
0.0676590124997
0.0684880923857
0.0709250096196
0.0733194294054
0.0712319006239
0.0751606720332
0.0721639795166
0.0720929314749
0.072369207199
0.0711908663761
0.067528940412
0.063023905519
0.0616464656478
0.0576134944143
0.0605887080361
0.0635960066279
0.0654772067157
0.0635825226154
0.061990299873
0.0624548373856
0.0551464375205
0.0529977203713
0.0542073972044
0.0533552701796
0.0518547519185
0.0495839966738
0.0445974262887
0.0395251168967
0.0332703101115
0.031356480962
0.0271011651402
0.0245809891576
0.0198202916207
0.0122792879723
0.00497679788852
0.000618958464895
-0.00304604893171
-0.0136560135511
-0.0173412994704
-0.0115291840917
-0.0191568164153
-0.0326269616978
-0.0457259968709
-0.055111313671
-0.0450405743566
-0.0372074522604
-0.0311857383114
-0.0296751756952
-0.0275347751239
-0.0153579306134
-0.0159338309068
-0.0149421837402
-0.0198720163008
-0.0260653029395
-0.0293451191791
-0.0265118043629
-0.0186739137239
-0.0124374238972
-0.0081150978574
-0.00527651192517
-0.00423670600498
-0.000472405530019
0.00380382201439
0.00752615241834
0.00296408769825
0.0053977450227
0.00697098624404
0.00770346574632
0.00427338126464
-0.000470233841177
-0.00773459430117
-0.0198521042896
-0.033522316133
-0.056556171801
-0.0756217529819
-0.0813275289534
-0.0773496773691
-0.0613517130371
-0.0605709016983
-0.0678014780247
-0.0737040752477
-0.0797824137573
-0.0823590692641
-0.0853850664941
-0.0923098066621
-0.0942697543302
0.0
-0.0922203818867
-0.0854474882127
-0.0844504453635
-0.0919171358042
-0.0963025441397
-0.0912641722124
-0.0889686298467
-0.0960912695327
-0.0988370188333
-0.0968287386991
-0.09702596335
-0.104526852447
-0.103951317053
-0.105139548387
-0.106390105172
-0.110579537254
-0.113668892836
-0.115587180464
-0.116500789207
-0.118178184117
-0.116319628275
-0.107662611421
-0.110239884773
-0.104848203838
-0.105139472588
-0.101174598937
-0.101420617869
-0.0983834676354
-0.0999745902073
-0.095108353394
-0.0856621232077
-0.0785593474409
-0.0732605363731
-0.0634546489739
-0.0512188124027
-0.0433101771396
-0.0292730986718
-0.0250103168931
-0.0154853597969
-0.0179859448367
-0.0214906964853
-0.0166779089583
-0.0116112340498
-0.00172506922199
0.00129338722795
0.00522962655508
0.00416945248861
0.00298114761582
0.00736520348332
0.0110084386091
0.0144270003974
0.0185066852055
0.0216204629841
0.0223142845082
0.0242127331216
0.0253350158621
0.0261284977311
0.0270462526938
0.0294214507944
0.0283795309555
0.0330185238488
0.0311877048026
0.0273548098644
0.0193276975564
0.02285005723
0.0233748638092
0.0292055938452
0.0401560221515
0.02762638034
0.020350923835
0.0203638398154
0.0176974721196
0.0170982436759
0.0175801864856
0.0198687910719
0.0211605573242
0.0222477472389
0.0246825179074
0.0248480801933
0.0256098064461
0.0282997162644
0.0299634937912
0.0354795566648
0.0459811686978
0.0423214041161
0.0367602781737
0.0352012997874
0.0367591041802
0.0352493499294
0.0296909083337
0.0218913774701
0.0188778164806
0.017703987956
0.0282627518912
0.0140913787849
0.0
0.00733386979097
0.00872778413415
0.0119248552986
0.0122330600155
0.0147458982594
0.0156841056509
0.00762723286281
0.0102909138141
0.0119516418435
0.0116374832412
0.0118060204246
0.00919731236399
0.0087066794924
0.00789004202685
0.00490042899295
0.00556698632022
0.00227072773963
-0.00250658249985
-0.00559320056955
-0.0129972794506
-0.0180571167812
-0.0239038277039
-0.0298737306661
-0.0323361116384
-0.0330113505276
-0.0368721802723
-0.0403789247132
-0.0463128218259
-0.0503563209839
-0.0541291664169
-0.0572725489524
-0.0578686140702
-0.0552607096142
-0.0624732789671
-0.0679273753415
-0.0766756513815
-0.083415504138
-0.0912961758834
0.0
-0.102235502372
-0.103319877967
-0.105288327452
-0.104135919487
-0.0973202307786
-0.0869135496977
-0.0800059530567
-0.0779186051141
-0.0795955114822
-0.0764869088347
-0.0722395227966
-0.0700070789486
-0.0698880610636
-0.0613829090609
-0.0476520219995
-0.040848225413
-0.0417407680839
-0.0354401159394
-0.0350665181228
-0.0309203799416
-0.0230896440144
-0.00926514912477
0.00106870123291
-0.00193661907635
-0.00125451973706
-0.00373819890259
-0.00763135005073
-0.0126477044061
-0.0183346372672
-0.0143771579386
-0.0136413149158
-0.0207805099991
-0.0276142540821
-0.0343436419065
-0.0381905944235
-0.0381172493437
-0.0565675679603
-0.0664014110357
-0.0732993229138
-0.0811661885475
-0.0919822878069
-0.0969367315482
-0.0933608582798
-0.0933817884678
-0.0989791701381
-0.0987297621933
-0.0941894500077
-0.0899755001737
-0.0875322052329
-0.0836909652842
-0.0823770017247
-0.0783191663881
-0.0798280403508
-0.0820560592009
-0.084471087511
-0.0816229593165
0.0
-0.084265761441
-0.0882614239491
-0.0839531584801
-0.0755093648307
-0.0667832701291
-0.0625031834168
-0.0568750852987
-0.0531341509354
-0.049892121514
-0.0438453157943
-0.0371149092376
-0.0373150080677
-0.0284749804982
-0.0211242443364
-0.0231187156898
-0.0149779927992
-0.00578048637847
0.00287300985198
0.0117349741606
0.017902404027
0.0221361056673
0.0231081430056
0.0248507520979
0.0273815535483
0.0269160749674
0.0316865851241
0.0306032801614
0.0315612581008
0.0304436547354
0.0328785877062
0.0341440948272
0.0390466696668
0.0385888356401
0.03940834903
0.0392450093214
0.0396020170736
0.0432988675127
0.0446651245189
0.0461314243951
0.0411455664722
0.0344933096636
0.0285553534909
0.024829929543
0.0252454741879
0.0259682895831
0.0300458236095
0.0308248121205
0.0318483361393
0.0368385343102
0.0409472645879
0.0435111346591
0.0485736278195
0.0552313191585
0.0585937698919
0.0537003379795
0.0498827382819
0.0446349455741
0.0441873330801
0.0414621344527
0.046771854561
0.045945326598
0.0326903859093
0.0213952639806
0.0216194025453
0.0158523504175
0.0156961213445
0.0127443218431
0.0127943475932
0.012865403244
0.0124833759757
0.0142605135261
0.0165867094683
0.0179820537433
0.0168987835132
0.0188333612679
0.0179070772834
0.0132628616893
0.0108263381107
0.0117101567976
0.00335607218204
-0.00426445909453
-0.0077564044836
-0.0077272693398
-0.00887448613719
-0.00289160784224
0.003380115386
0.00761907944597
0.0184614141159
0.016183700073
0.012753866864
0.00957480284924
0.00583276668348
0.00112576875567
-0.00638690121836
-0.0180755763099
0.0
-0.0199228221678
-0.0234231604571
-0.0262767352794
-0.0265012861805
-0.0274707828039
-0.0209642192738
-0.0106089691354
-0.000756088705378
-0.00345048628173
-0.00239420120578
-0.00202789901283
0.00048828275498
0.00510481837141
0.00854283808028
0.00955509901441
0.0108255993841
0.00301314919295
0.00366490870122
0.00400210786119
-0.0109111396031
-0.0238668902654
-0.0304826053154
-0.0281356981468
-0.0243865654276
-0.015643150053
-0.00846958612085
-0.0140880979085
-0.0261953090711
-0.0410956824237
-0.0405228313229
-0.0373627337965
-0.0353549945875
-0.0293923557402
-0.0206643812725
-0.0194026533353
-0.0192519675478
-0.0141448665074
-0.00727150551571
-0.00623579578128
-0.00696733214865
-0.0121553665533
-0.0139941067591
-0.0170390333602
-0.0185654576599
-0.0245282600822
-0.031601752061
-0.0339446352116
-0.0329552991233
-0.0257702808362
-0.0244207181948
-0.026156948936
-0.0323287200499
-0.038094240419
-0.0394012873348
-0.0404472459409
-0.0351061470747
-0.0347779507909
-0.030729367065
-0.0272771117828
-0.0257909425503
-0.0180142825561
-0.0199368131982
-0.0207298963729
-0.0227253269331
-0.0258600287676
-0.0275357355839
-0.0292793990907
-0.0296620867425
-0.0333898876618
-0.0383793659786
-0.0349045270032
-0.0421448023484
-0.0396308791307
-0.0402539118579
-0.0359964180921
-0.029763660669
-0.0301946658212
-0.0221586944951
-0.0205927663399
-0.0180524557547
-0.0171442258924
-0.0151584441081
-0.0115666428005
-0.00568562602413
-0.00532985905423
-0.00384999865045
-0.000334654820956
0.00360435322461
0.00964676030441
0.0136492638185
0.0165012527353
0.0159049033511
0.017590226246
0.0165408801886
0.0185511586221
0.0
0.0175958028977
0.0137209736019
0.0172943356488
0.0113731608603
0.0128625691585
0.0149526409466
0.015899323419
0.0169770914707
0.0179967056185
0.0187985999308
0.0189328491901
0.0233897209207
0.0251117456274
0.0246252632096
0.0253990137378
0.0265939184484
0.0257543993914
0.0259675407588
0.0
0.0296750686852
0.0294112180692
0.0301543691416
0.0289649503443
0.0274796529586
0.0261040757012
0.0273107021728
0.0315423276554
0.0302893605263
0.0333194913344
0.0350977712997
0.0340268522565
0.0371453230541
0.0349731041349
0.0337610119895
0.0334616718991
0.0299830060278
0.0296635153748
0.0289137956292
0.0300450627339
0.0289111468689
0.028525104829
0.0286213864629
0.0284111221578
0.0282325463148
0.0262241051236
0.0220771113931
0.0186641883391
0.0165380349632
0.0240342488803
0.0249429469814
0.0254051812744
0.0235389164567
0.0243659046737
0.0203116950704
0.0188244199054
0.0161154753931
0.0187952984609
0.0164542180628
0.0136891227501
0.00847836933394
0.0112732343783
0.0120661131897
0.0128153179179
0.0137683410935
0.0151180949408
0.0141444205429
0.0142545352718
0.0131733497333
0.0123570641085
0.0115006231235
0.0124462597756
0.0121421096906
0.0183739254487
0.019430208622
0.0139540167342
0.0184956086105
0.0189227776772
0.0156625677026
0.0161850186231
0.0161562252253
0.017923350479
0.0188428579402
0.0196291810869
0.0243504505401
0.0255567564171
0.014978250539
0.0122690762553
0.0127936905679
0.0119835726501
0.0115902833619
0.0133032916732
0.0136488564838
0.0134409174396
0.0104812284696
0.0113129616858
0.0
0.00591376170977
0.00156686436612
-0.00121768890768
-0.00627492050341
-0.0114510221956
-0.0231978022954
-0.0288719250495
-0.0338498909815
-0.035906914858
-0.0375805038387
-0.0393411760614
-0.0427507488135
-0.0376563553819
-0.0383561658343
-0.0406659529836
-0.0403387045972
-0.0378905119258
-0.0306033040817
-0.0271088640187
-0.0236463230955
-0.0202809773277
-0.0194719038463
-0.0212591666304
-0.0211045664815
-0.017562339274
-0.012431403438
-0.0150577543168
-0.0170885989017
-0.0183625672911
-0.0210717857398
-0.0277478041362
-0.0350067232681
-0.0395021417422
-0.0369256509451
-0.0304212406697
-0.0352649810552
-0.0365113569806
-0.0348223780137
-0.0344462213222
-0.0314723819585
-0.0279371524789
-0.0251431062194
-0.0228282432429
-0.0195516463267
-0.0208200392038
-0.0215641575894
-0.0203289797895
-0.0231554926357
-0.0200761280723
-0.0150899054357
-0.0123628840067
-0.00988514005573
-0.0105814399059
-0.00692228589796
-0.00259998162779
0.00120161390934
0.0198013977166
0.0164863587765
0.0150757541576
0.0111974205127
0.0155841446439
0.0221390230108
0.0244389222447
0.0272434787104
0.027166633424
0.0269490934626
0.0285249400897
0.0291320892112
0.0287495776039
0.0285647671254
0.029944834991
0.0246550323754
0.0293520738406
0.0276707580741
0.0300509216313
0.033668857017
0.0312447221907
0.0296491553388
0.0260892825787
0.0262367149006
0.0251279308375
0.0243796547639
0.02256871389
0.0194405076311
0.0201365876118
0.0186151782481
0.0188244925754
0.0176191039369
0.0156356081781
0.0149415898494
0.0152298303055
0.016072993027
0.0195887570826
0.0171764329509
0.0192316532618
0.0157531190735
0.0176103906171
0.0203658495894
0.0204286380335
0.0212445976427
0.021578591231
0.0228470537685
0.0230257394641
0.0248162366267
0.0260106035149
0.0264423001936
0.0276822751771
0.0244103557079
0.0273765062135
0.0328391524759
0.0318197705724
0.0325077961811
0.0297959135574
0.0271051811351
0.0
0.0
0.0
0.0
0.0
0.0
0.0
0.0
0.0
0.0
0.0
0.0
0.0
0.0
0.0
0.0
0.0
0.0
0.0
0.0
0.0
0.0
0.0
0.0
0.0
0.0
0.0
0.0
0.0
0.0
0.0
0.0
0.0
0.0
0.0
0.0
0.0
0.0
0.0
0.0
0.0
0.0
0.0
0.0
0.0
0.0
0.0
0.0
0.0
0.0
0.0
0.0
0.0
0.0
0.0
0.0
0.0
0.0
0.0
