0.0255368079396
0.0241093724141
0.0226819368886
0.0212545013631
0.0198270658376
0.0183996303121
0.0169721947866
0.0155447592612
0.0141173237357
0.0126898882102
0.0112624526847
0.0098350171592
0.00840758163371
0.00698014610822
0.00555271058273
0.00426133379349
0.00272938853546
0.00319784561956
0.00139177013185
-0.000776090041268
-0.00151388987268
-0.00323705441791
-0.00460679005345
-0.00533512360975
-0.00530772207922
-0.00648822632499
-0.00730323584266
-0.00766770240698
-0.00984206870509
-0.0101362957215
-0.0111550037257
-0.0112512348481
-0.0113726898208
-0.0107719238351
-0.0104756722001
-0.0097627318691
-0.00855425094429
-0.0074227059976
-0.00727035321054
-0.00739600460474
-0.0068068148851
-0.0048465213578
-0.00619917141037
-0.00402154433346
-0.00555945419862
-0.00598344729477
-0.00714917317688
-0.007346403999
-0.00795953720123
-0.00811602330868
-0.00877608713748
-0.00771524016803
-0.00707190459865
-0.007010900655
-0.00584060142377
-0.00541188214712
-0.00548709613983
-0.00608976881128
-0.00556486248584
-0.00556188214496
-0.00643729485144
-0.00491883773329
-0.00608144761698
-0.00418720144062
-0.00598614462823
-0.00857380909563
-0.00994338612464
-0.00977025230037
-0.0101979744101
-0.00955626858333
-0.0136504752792
-0.00964089645854
-0.00769906572311
-0.00580014474962
-0.00338130525102
-0.000866892923921
0.000375864090231
0.00160761160325
0.00156420063605
0.00135530753419
0.00288540994432
0.00140704081852
0.00062291865471
0.000205854835053
6.45014830332e-05
-0.00100617277617
-0.00169657737143
-0.00140078932771
0.00182481517854
0.00313961249605
0.00437392016084
0.00471682166771
0.00558948639797
0.00804997985222
0.0090815090085
0.00938269849064
0.00987098269434
0.00889062096205
0.00769681405188
0.00216721865799
-8.73739066658e-05
-0.00791772119929
-0.0216498812426
-0.0304207732389
-0.0391916652352
-0.0387592273657
-0.041206178778
-0.0436531301902
-0.0461000816025
-0.0485470330148
-0.0509939844271
-0.0534409358393
-0.0558878872516
-0.0570332731001
-0.0581786589485
-0.059324044797
-0.0604694306455
-0.0664510049728
-0.0758403322355
-0.0837087482672
-0.0918763496882
-0.0964568306922
-0.102894709933
-0.10575633114
-0.106273581
-0.101161598021
-0.101455563315
-0.105753046535
-0.110587105262
-0.116309174934
-0.116199463185
-0.116089751436
-0.115980039687
-0.10993084471
-0.100203086489
-0.0931168596735
-0.0847754150187
-0.0755273360326
-0.0697087566682
-0.0681440741448
-0.0660755843482
-0.0635058223292
-0.059456557349
-0.0552984335331
-0.049313736823
-0.0396444879023
-0.0333918509904
-0.0288722721783
-0.0242852194567
-0.021163426367
-0.0191865474136
-0.0172977551838
-0.0161560551751
-0.0138120560047
-0.0107309423001
-0.00992480317824
-0.00979125174693
-0.01086559865
-0.0114358590767
-0.0093776125128
-0.00680920049531
-0.00614676157506
-0.00612566000432
-0.00640141327052
-0.00512622805033
-0.00354715240604
-0.00118978197502
0.00195644193236
0.00561951341989
0.00919647556226
0.0132799905824
0.0150652895624
0.017148140398
0.0202503544069
0.0220802630165
0.0226679196541
0.0230908870236
0.02312974356
0.0207226276407
0.0218042184541
0.0196060237379
0.0196879743165
0.0182691587231
0.0178028759897
0.017955258332
0.0185952219482
0.0198159239559
0.0197595480571
0.0221811569562
0.0234758490158
0.025051156169
0.0257458677231
0.0269542948505
0.0273029340731
0.0257773893689
0.0250858035573
0.0278871885291
0.0296910414124
0.0304236032677
0.0284563960255
0.0270714663329
0.0231679423647
0.0215306553156
0.0198933682665
0.0182560812175
0.0166187941684
0.0149815071193
0.0133442200702
0.0117069330211
0.0100696459721
0.00843235892299
0.00679507187391
0.00515778482483
0.00352049777575
0.00188321072667
0.000245923677592
-0.00139136337149
-0.00302865042057
-0.00466593746965
-0.00630322451873
-0.0079405115678
-0.00957779861688
-0.011215085666
-0.012852372715
-0.0144896597641
-0.0161269468132
-0.0106229364067
-0.00840377572814
-0.00720330401793
-0.00600283230771
-0.00480236059749
-0.00360188888728
0.00282254562029
-0.00338397426504
-0.00247069706432
-0.00332000485892
-0.00107985080048
-0.00207573649695
-0.00214617778773
-0.00122031736302
-0.00179458240614
-0.000131784684082
0.000195170748486
-0.00148817300354
-0.00192450886337
-7.54734964477e-05
-0.000901514712212
-0.00153485881847
-0.00406694466978
-0.00454649688064
-0.00751670058879
-0.0108504139767
-0.0114152596145
-0.0140505945203
-0.0160743767188
-0.0155191927278
-0.0135685714751
-0.0123016140055
-0.0125765428036
-0.0151292818958
-0.0184435191914
-0.0204320529421
-0.0254346030381
-0.0254967992927
-0.0312320619091
-0.0382925585219
-0.0418895279116
-0.0453335082287
-0.0556860450332
-0.0654423853965
-0.0717687607
-0.0743413243282
-0.0765674053866
-0.0767638154195
-0.0773951102404
-0.0789898502935
-0.0821339882521
-0.0832672900145
-0.0823281959857
-0.0787733807033
-0.0769345144514
-0.0731053841165
-0.0726149890414
-0.0723907765573
-0.0740114369092
-0.0766635111152
-0.0776531336624
-0.0755488176023
-0.0695938302417
-0.0628089135214
-0.0576481085816
-0.0543938421769
-0.052560355125
-0.0506278316664
-0.0476823196862
-0.0436378312751
-0.0394528115218
-0.0346798251874
-0.0333114935764
-0.0319431619654
-0.0317178328577
-0.0325013400137
-0.0310003700962
-0.0303239736493
-0.0266659140738
-0.0233161130373
-0.0194733235565
-0.0137273479237
-0.00895422789701
-0.00395634712585
-0.000634024078264
0.00246111557502
0.00326957013855
0.00257955907321
0.00295064309232
0.00421442216527
0.00385091253257
0.00482636839074
0.00594583855229
0.00575836988581
0.00696944843126
0.00911087876059
0.0106235761733
0.0133422280375
0.0161499339911
0.0182740125673
0.0197981863929
0.0211395099887
0.0232146488764
0.0253002776764
0.0261363938978
0.027807666215
0.0288054384157
0.0303699788183
0.0300699738985
0.030217213105
0.0277621180403
0.0265700794497
0.0238510528998
0.021788232541
0.0171678268945
0.0120611594529
0.0103427407851
0.00863685342192
0.00904765765829
0.0102619004882
0.0131955939992
0.0163009329882
0.0197876347754
0.0232384242106
0.0229606880974
0.0266411173516
0.0281953975063
0.029361636482
0.0298270234546
0.0300762600982
0.028835330473
0.0281203387905
0.0245179942704
0.0220376102719
0.018927622766
0.0171337530376
0.0149739157635
0.0133563192282
0.00922629608529
0.00606908406022
0.00704720173837
0.00660172856872
0.00706766503863
0.00959815382351
0.0122030358085
0.0149554056281
0.0167214392536
0.0203909860382
0.0225128582491
0.0251359672705
0.0255870393251
0.0274753510498
0.029025221183
0.0307248755008
0.0314067148384
0.0331567397563
0.0332391805746
0.0336054908661
0.0349223173267
0.0352806015881
0.0351750286251
0.0354510121267
0.0360960938229
0.035689024264
0.0371091829737
0.0357713592353
0.0351173307267
0.034238375339
0.0328314153658
0.0314244553927
0.0300174954195
0.0302192659205
0.0287884496952
0.0284869582072
0.0258700130485
0.0240611673499
0.0227081123636
0.0216996654373
0.0201722260376
0.0194716096069
0.0171026199627
0.0177094571717
0.0172119698255
0.0158038021523
0.0164856267361
0.0180045869801
0.0171056312183
0.0156812141908
0.0151319086699
0.0137084067422
0.0110904775719
0.0115532264427
0.00718824322579
0.00421523476943
0.00141673965458
-0.00141552184189
-0.00350717542282
-0.00809242805037
-0.0128980133962
-0.0205189781264
-0.0245989855168
-0.0291271461057
-0.0353527410609
-0.0422274479358
-0.0435523316118
-0.0427991694216
-0.0442042349828
-0.0483975620391
-0.0557456682573
-0.0634759921471
-0.0691634406289
-0.0742200853074
-0.0752974733797
-0.0756656439093
-0.077508744563
-0.0821928103351
-0.0852139225938
-0.0904088715392
-0.0931123747345
-0.0930031774634
-0.0942648099322
-0.0972023086232
-0.0972820074663
-0.0983252148714
-0.0990031042673
-0.0953244321398
-0.0896498365891
-0.0848809878996
-0.0783291564512
-0.0726125593661
-0.0692459388838
-0.0657728366744
-0.0634542292471
-0.0678966888362
-0.0701076617346
-0.0686632978645
-0.0675908905281
-0.0687767696781
-0.0732431364258
-0.0759368094124
-0.0776055924371
-0.0803104829687
-0.0822188730678
-0.0831652176136
-0.082949702456
-0.0814418082476
-0.079976020644
-0.078429448536
-0.0766845104686
-0.0734791339587
-0.0725970731859
-0.0700561846184
-0.0689789767315
-0.0650980476767
-0.0626216912056
-0.05784579683
-0.0540545751831
-0.0530520664305
-0.0526179814855
-0.0481259772396
-0.0483657363732
-0.0456602014334
-0.0420033970347
-0.0386007244742
-0.033961047685
-0.0293213708959
-0.0235669300305
-0.0197542599858
-0.0156090412069
-0.0108340682983
-0.00663191296205
-0.0026203508769
0.00262880010689
0.00745963979446
0.00827058966285
0.0110435551451
0.0100025555194
0.00915010311634
0.00864042564287
0.00610459657151
0.00357324834626
0.00330397707299
0.00498346615136
0.00642070964609
0.00899304028324
0.0110322065318
0.012777279432
0.0159967773713
0.0158293739794
0.0175656338777
0.0190694911527
0.0157681720064
0.0148498556033
0.0134162465975
0.0118427586899
0.0126210692087
0.0136353176072
0.0150326791528
0.0154136322013
0.0153387954908
0.0125054803694
0.0157263947633
0.0133028424534
0.01172636549
0.0128494540471
0.0121213311593
0.0109952374593
0.010765839941
0.0105120603378
0.0151556682014
0.0183637857505
0.0256634666664
0.0268026562176
0.0297834958876
0.0322279617491
0.033303417076
0.0352880639455
0.0461099338924
0.0398092958783
0.0415990699071
0.0412624657105
0.042646259823
0.0426107164352
0.0428831425927
0.0421963488853
0.0446699518714
0.0412822570328
0.040166599386
0.0425516027228
0.0419453670495
0.0412201573353
0.0415410625499
0.0413642863832
0.0409639135357
0.0401566778288
0.0388850949111
0.0397769132839
0.0416336183555
0.0412852833849
0.0409310446103
0.041480698384
0.0408565062936
0.0403933254194
0.040078437031
0.038511298887
0.0371248719226
0.0347992027694
0.0331309517009
0.0349147173294
0.0345482458702
0.0317738923683
0.029078200752
0.0272242927653
0.0251409351948
0.0222411764062
0.0213268915689
0.0196585674201
0.0175375812577
0.0136725501112
0.00997989697127
0.00652028682489
0.00306067667851
-0.00023760253008
-0.00364949742583
-0.0119509686788
-0.0224196110544
-0.0290692891895
-0.0366761408007
-0.0450875444534
-0.051266138004
-0.0590265390175
-0.0679445096557
-0.07552291268
-0.0816681778795
-0.0850193332188
-0.0874153586134
-0.0925188623073
-0.091466543984
-0.0904142256606
-0.0893619073373
-0.088309589014
-0.0843219781955
-0.080334367377
-0.0790461574547
-0.0799122734106
-0.0793780035562
-0.0781304491384
-0.0729258375401
-0.0682415415401
-0.0639114026165
-0.0588462288092
-0.054631806531
-0.0496494100941
-0.0456803199386
-0.0441263748208
-0.0414774813936
-0.0375650939082
-0.0329578513748
-0.0341153323499
-0.0343746607822
-0.0376629551246
-0.0413502214342
-0.0479550753135
-0.0499485074943
-0.0535902425533
-0.0574594352131
-0.0613605571376
-0.0614331123752
-0.0583626107706
-0.0562757010154
-0.0537301332014
-0.0534669474922
-0.0508004588775
-0.0498588615075
-0.0490725471973
-0.0480482616073
-0.0458282391306
-0.0443643945057
-0.0423197537289
-0.0382015028376
-0.0353363221486
-0.0297122431117
-0.025128163771
-0.0214527569872
-0.0191944082459
-0.0188484281627
-0.0162688087834
-0.0130818058532
-0.0118333550262
-0.00858205920229
-0.00742269270707
-0.00574892154756
-0.00459719681844
-0.00565348225685
-0.0054246131112
-0.00896499442803
-0.00852018282998
-0.00727278451731
-0.00852633432381
-0.0109612178523
-0.0121286231408
-0.0122312465946
-0.0119489261964
-0.00804469978763
-0.00888931753448
-0.00696655240395
-0.00542178254936
-0.00536281492228
-0.00221259269694
-0.00115656008725
-0.00114759752761
-0.000290240032017
-0.00219822492668
-0.00200786761812
-0.00372391285528
-0.0031835020108
-0.00389937303917
-0.00461524406753
-0.00561648906185
-0.00624849020284
-0.00629811586941
-0.00546679545854
-0.00375449435627
-0.00123572553227
0.00122832144158
0.00311738889859
0.00590576962478
0.00801730167217
0.011778468512
0.0138918973159
0.0162293028983
0.019282238145
0.020406678874
0.0223294238905
0.0242271599116
0.0267333361403
0.0288844387039
0.0311337632544
0.0341586576699
0.0352178774345
0.0347099819012
0.0346955932203
0.0349128455935
0.0358195719954
0.0355050702285
0.0350170305115
0.0378770198787
0.038094954241
0.0377468748671
0.0385007540716
0.0400608716704
0.0402724607185
0.039849002459
0.0402619608903
0.0406225286308
0.0396549286243
0.0400118648988
0.0389101926806
0.0396335783936
0.0408993860359
0.041989292447
0.0430044262299
0.0444049658172
0.0466126958344
0.047542148444
0.048563575349
0.0472235696847
0.0467029668368
0.0457619902715
0.0437543120129
0.0433109484087
0.043165814511
0.0417465288106
0.0386329290259
0.0382063777924
0.0334267981137
0.0300942072916
0.0264299673665
0.0243110459712
0.0164417281274
0.00825152749819
0.00172944222455
-0.000629108208066
-0.00178694938229
0.000544346650664
-0.000226143702777
-0.00117376108049
-0.0062525774789
-0.014660250664
-0.0210932277995
-0.0257548148576
-0.0303970194899
-0.0359851253941
-0.043983620195
-0.0484297926053
-0.0517290301646
-0.0531668783398
-0.0526761931127
-0.0495248346706
-0.0491252721519
-0.0466713788101
-0.044549284712
-0.0426601898878
-0.0363250025263
-0.0297072756694
-0.0306273329677
-0.031547390266
-0.0324674475644
-0.0333875048627
-0.0407050977964
-0.0452349248094
-0.0485640178388
-0.0500992266346
-0.0516344354303
-0.0589487002725
-0.067542046646
-0.0780662117873
-0.0854241980862
-0.0933158844366
-0.0957717197776
-0.0967110503484
-0.100531509195
-0.104351968041
-0.102545639296
-0.100739310551
-0.0989329818068
-0.097126653062
-0.0865194197137
-0.0739969768649
-0.0652745853431
-0.0565521938213
-0.050683952479
-0.0461979466961
-0.0438382200825
-0.0390260556761
-0.0355299478801
-0.0317760452453
-0.028688238805
-0.0253195279479
-0.0217215084929
-0.0185694539606
-0.0168858093653
-0.0153812728893
-0.0150330524382
-0.0137333086331
-0.0117358733981
-0.011206199202
-0.0105637636402
-0.01083037515
-0.00914601452569
-0.00790458587267
-0.00718945709101
-0.00641294910595
-0.00610868551771
-0.00619412639995
-0.00530388761611
-0.00476240816407
-0.00414610980898
-0.00445139054309
-0.00432722157468
-0.00451266394984
-0.00241344684998
-0.00119326812601
-0.00387281350116
-0.00533931037608
-0.00567655929527
-0.00706825307199
-0.00751635571782
-0.00801994254623
-0.00936359600755
-0.00927055147743
-0.0109467878405
-0.0111136773683
-0.0108004395381
-0.0113777467062
-0.0132746485186
-0.01650461074
-0.0174949082743
-0.0173210928103
-0.017979248616
-0.0168366359259
-0.0166258228314
-0.0143839079189
-0.0109585191696
-0.0106521644863
-0.00903479193406
-0.0074038152437
-0.00498841973122
-0.00469087309181
-0.00337324881336
-0.00205667212036
-0.000291106001311
0.00217543247164
0.00238233112979
0.00404098030683
0.00491161135442
0.00558096708814
0.00745983123403
0.00844332315973
0.00958789111172
0.0114636892148
0.0121963807601
0.0124229074848
0.0138820048034
0.0155105119715
0.0150836166719
0.0160581597063
0.0160194206241
0.0156346337865
0.015249846949
0.0148650601114
0.0148392868898
0.0159830734622
0.0183672490865
0.0182264683703
0.0199854881618
0.0227485888229
0.0249818831009
0.0260857856463
0.0265016768927
0.0266885464434
0.0289949849328
0.0313870710349
0.0325860695089
0.034638189318
0.0328861603062
0.0319673509924
0.0295733555457
0.0309812911441
0.0314410191031
0.0259563418699
0.0242779534888
0.0227345008643
0.0247119410968
0.0244062731403
0.0232042249912
0.0190724618278
0.0182877202136
0.0135677000564
0.0148951665235
0.00630003612136
0.00576733198404
-0.00164813670734
-0.000429770473567
-0.00473158964032
-0.00814779931137
-0.00703693230808
-0.0127223105472
-0.0191124406148
-0.0225456805202
-0.0324332259783
-0.0320221906687
-0.0371186503509
-0.0420448042826
-0.0513093668443
-0.0626153258501
-0.0728728315449
-0.0785009979879
-0.0807575299822
-0.0854916668024
-0.0863455753011
-0.0870740330439
-0.0840798879388
-0.0810857428337
-0.0749981257025
-0.0673770732629
-0.0574975122998
-0.0460399992954
-0.0359016696602
-0.0244609094621
-0.0170111048036
-0.0101868468008
-0.00505251435346
-0.00149543597549
0.000786665936486
0.00128587667958
0.0026733468031
0.00151931016221
-0.00180091214952
-0.00377824932161
-0.00898465235909
-0.0157625404613
-0.022583468776
-0.0294472235678
-0.032432692794
-0.0329043995892
-0.0316634632289
-0.0288842654504
-0.0252764148451
-0.0241657616113
-0.0197134670086
-0.0155348330972
-0.0130257397407
-0.0132393268768
-0.0160584253877
-0.0215777454273
-0.0267950467409
-0.0336903835496
-0.0345605577245
-0.0354307318995
-0.0363009060744
-0.0294813081793
-0.022641393919
-0.0148155571265
-0.00844464962722
-0.00207374212794
0.00268101002424
0.00617207745285
0.0114444405719
0.013833186675
0.013182006793
0.0162468064192
0.0170675354835
0.017343737623
0.0191606395092
0.0203158167368
0.0185971460301
0.0173542290629
0.0172124190771
0.0147175967216
0.0154414355801
0.0143560383354
0.0127187109243
0.0132806284061
0.012686373984
0.0129081973565
0.0110452680932
0.011078033765
0.00877034264134
0.00905073859196
0.00858940382409
0.0085643749073
0.00835626129522
0.0100525972875
0.0100772839662
0.00990797256631
0.00919824323863
0.00892851593257
0.00697065157453
0.00512853804589
0.00686612334974
0.00595816714233
0.00731693005345
0.00705466346539
0.00740108319192
0.00647342544658
0.0067622102414
0.00797029030528
0.00746071188543
0.00637084108414
0.00587714844161
0.00470415119249
0.00222544895018
0.00195840379139
0.00157292864112
0.00116720219558
0.00109096799154
4.18322153448e-05
0.0004356101806
0.000309441562135
-0.00175212024067
-0.00205424021118
-0.00346807369079
-0.00495890291808
-0.0058921357273
-0.00706468237365
-0.00668371130761
-0.0049103089897
-0.00306413996958
-0.000951086967322
0.00176527487886
0.00283051172362
0.00493842909186
0.00454979010286
0.00664232944119
0.00602292485316
0.00862177159592
0.00857513581864
0.0074544885159
0.00822681009228
0.00742347756233
0.00873776863423
0.00962024894715
0.00915087584339
0.00891082482739
0.00960851362471
0.00836627676711
0.00977829167972
0.00920591051508
0.010421621366
0.0112923135002
0.0114359093894
0.0104087359984
0.00741206799033
0.0052415667979
0.00345927484574
0.00396397273369
0.00395149544386
0.00454043819645
0.00297683425414
0.0035712317627
0.00416562927125
0.00476002677981
0.00529547344027
0.00447093168587
0.00263856454666
0.00149590260306
-0.000464604371521
-0.00187564157103
-0.00350355043485
-0.00632779778984
-0.012561381142
-0.0188482563325
-0.0209491322022
-0.0218521920434
-0.0233412457445
-0.0244345390651
-0.0249312655012
-0.0267528745118
-0.0271494432167
-0.0290521903744
-0.0310134782795
-0.031820090495
-0.0317031858792
-0.0359651479586
-0.0435069676973
-0.0480456346111
-0.0515429184693
-0.0517867232253
-0.0505296391648
-0.0497198180009
-0.0485846544125
-0.0448707378833
-0.0469318421294
-0.051797448257
-0.0566584659242
-0.057690070999
-0.0587216760737
-0.0597532811485
-0.0607848862232
-0.0536782702594
-0.0506749305038
-0.0479913302029
-0.0460833208219
-0.0459100140182
-0.0516737413629
-0.0582101100334
-0.0642780454269
-0.0708661881743
-0.0700734492344
-0.0692807102946
-0.0684879713547
-0.0629645555183
-0.0550285874902
-0.0469096281767
-0.0381671183304
-0.0278549281725
-0.0179422502777
-0.00596571525726
-0.00299258513006
0.00664596651889
0.0136506135274
0.0177463763254
0.0234860893216
0.0271592793525
0.0291134252896
0.0320547620761
0.0343900619241
0.0354982570014
0.0366419959918
0.03830438683
0.0390052659946
0.0410280640179
0.0413202315939
0.0413283410472
0.040124040437
0.038874247854
0.0384326572033
0.0363037680893
0.0351156812717
0.0335098938086
0.0332720460105
0.0336324995812
0.032343078471
0.0314810287597
0.0325061111759
0.0319431451479
0.0328211722694
0.032798718202
0.0308448943946
0.0285891882291
0.0283739999745
0.0283266351735
0.0269959477763
0.0255151696705
0.0237740399433
0.0234991896926
0.0232243394418
0.0219447580477
0.0196890795701
0.0156378235078
0.0107416077436
0.00377197580982
-0.00343424857478
-0.00552998245349
-0.0126471231123
-0.0185961842906
-0.0235900836602
-0.0267512079086
-0.0293828855529
-0.0290869177226
-0.0259727369377
-0.023689216497
-0.0189945094112
-0.0147500979558
-0.0113413798093
-0.00618498110371
-0.00201765620424
0.00260998431279
0.00644443164476
0.00840158762876
0.0111976855595
0.0146857493456
0.0188449987159
0.020099832866
0.0214115969369
0.0199771400609
0.0195773738481
0.0203546163601
0.0218789660786
0.0217954918822
0.0224693735337
0.0214591930532
0.0205148514118
0.02061412908
0.0173829721415
0.0140053075137
0.0131610251625
0.0111928202036
0.0111959369037
0.0109825744772
0.0105142860333
0.00928096395845
0.0072026835182
0.0063644461355
0.00451112108714
0.00305790601678
-0.0024122690974
-0.00539230712211
-0.0146224622064
-0.024534108534
-0.0338011151736
-0.040141369767
-0.0508892001158
-0.0602585707893
-0.0728194192496
-0.0874078820534
-0.0970270220315
-0.105057321723
-0.113193480969
-0.121253804842
-0.128162419318
-0.137845316217
-0.151261339304
-0.156575751883
-0.161890164463
-0.167204577042
-0.172518989622
-0.177833402201
-0.178861782239
-0.180343185542
-0.183169732175
-0.181985565298
-0.177745221603
-0.165169574898
-0.159614481765
-0.154059388633
-0.1485042955
-0.14000478154
-0.13150526758
-0.12300575362
-0.110366604665
-0.102692965077
-0.0954803834353
-0.0964989608896
-0.097517538344
-0.0985361157983
-0.10855604537
-0.107233938818
-0.105911832266
-0.104589725715
-0.103267619163
-0.101945512611
-0.100623406059
-0.0847805053503
-0.0733050371041
-0.0640092286902
-0.0596207651403
-0.0576089441738
-0.0549449074189
-0.0467420791998
-0.0467568067824
-0.0434056090829
-0.0413616805128
-0.0389858741791
-0.0392420181124
-0.036741244008
-0.0341584565585
-0.0300365974478
-0.0267461147247
-0.0237960636398
-0.0219855901501
-0.0200711872912
-0.0182050939655
-0.0158995075235
-0.0119322373703
-0.00852850747488
-0.00528217516726
-0.00159808391561
0.00168523689919
0.00529096594526
0.00919944570515
0.0116068798309
0.0149811847922
0.018317639975
0.0205867621072
0.0218078112382
0.0257221237968
0.0285062619241
0.0306248526179
0.0315501851236
0.0344653226475
0.0348817704101
0.0346911787228
0.035852846628
0.0345893821282
0.0348688509757
0.0322739606447
0.0326802427249
0.0330101271128
0.0302322758206
0.0289678554601
0.0259618398815
0.0244415795924
0.0226184502918
0.0217849222492
0.0217364287869
0.0211847161331
0.0194532038852
0.0195950604407
0.0171485657275
0.0167620773915
0.0156793531496
0.0151712779662
0.0138162459755
0.0121456132277
0.0104319765513
0.00801100366137
0.011392515194
0.0144519029098
0.00595073682582
0.00283747745249
-0.00275039604821
-0.0071736969308
-0.0131706031869
-0.0148550262692
-0.0169437197555
-0.0225127031587
-0.0263953151589
-0.0309152198306
-0.0320751933043
-0.0308266251721
-0.0250325803769
-0.018437939689
-0.0108893851533
-0.0049135651528
0.00131677078518
0.00804060683001
0.0123571891516
0.0157561372276
0.0160976666575
0.0151371121262
0.0164335464765
0.0167436167968
0.017220526156
0.0167357686292
0.0154027380985
0.014897730534
0.0142637685773
0.0136298066205
0.0128618221465
0.0132081781474
0.0127838945125
0.0130922857663
0.0130354084473
0.0156364358304
0.016314513348
0.0186433315167
0.0185558795728
0.0197275273104
0.0191138744261
0.0195133172526
0.0213896940936
0.0198845027296
0.0189629387162
0.0180648473926
0.0175552649065
0.0155437326588
0.0143651639252
0.0119585638711
0.00974992756743
0.00880697898855
0.00794711461736
0.00860854925364
0.00610850164664
0.00477039460069
3.95908254218e-05
-0.00526292419156
-0.014202704027
-0.0205222116081
-0.0215945285301
-0.0266578709772
-0.0321436799435
-0.0393766545549
-0.0446106824058
-0.0498447102567
-0.0550787381076
-0.0587811854262
-0.06503548902
-0.0746380096253
-0.0876199339734
-0.107794475589
-0.119200530466
-0.130606585343
-0.14201264022
-0.139260124871
-0.140831073473
-0.142402022076
-0.143972970678
-0.145887873278
-0.143893160754
-0.139307316502
-0.132557130282
-0.125120842067
-0.118305798195
-0.114673963489
-0.114659841446
-0.118120651478
-0.114555645244
-0.109896951173
-0.106288906715
-0.104590079902
-0.102380492912
-0.0986103149101
-0.0948401369081
-0.0943740739923
-0.0929598448731
-0.0889484576092
-0.0882614193031
-0.0839532635375
-0.0794335808002
-0.0729565234574
-0.0713153721912
-0.0694890168901
-0.071549961118
-0.0715732369906
-0.0708657445749
-0.0699318873729
-0.0669744121919
-0.0639436388159
-0.0630886089838
-0.0615972327064
-0.0592333882382
-0.0553846511042
-0.0509123410564
-0.0468145881202
-0.044466679875
-0.039504061677
-0.0350678369695
-0.030104353353
-0.0269770339115
-0.0244732531384
-0.0223978677734
-0.0209650213541
-0.0195812492321
-0.0181974771102
-0.0140016451071
-0.0139875811771
-0.0124556749445
-0.0103394517028
-0.0104456438331
-0.00926310758325
-0.00808080667978
-0.00400570659148
-0.00273819080752
-0.00200146499328
-0.000696748854219
0.000419710340595
0.00064274742945
0.000847875210217
0.00154002678472
0.000849763987218
0.00207663082382
0.00317825301089
0.00391764362411
0.00466646830691
0.00600743452859
0.0070746810549
0.00743533797729
0.00892464441629
0.00920112141184
0.00747481839324
0.00550783043045
0.0013627165155
-0.000263011525019
-0.00288554852811
0.00127325668162
0.00353757705469
0.00387720467339
0.00180956186699
0.000292228453688
-0.000391385486312
0.000103547706081
-0.00246465798723
-0.000650420052718
0.00384546687213
0.00671517827306
0.0134965854385
0.0186401226094
0.0190964030539
0.0178360345605
0.0162655708896
0.0149194984776
0.0128803489716
0.0089914321667
0.0052804414712
0.00442082238916
0.00165543945776
0.000471396309162
-0.000326883681475
0.00201653934681
0.00512849731287
0.00685327891016
0.00905018770849
0.0110450772351
0.0138336644976
0.0141290150597
0.0156080599154
0.0188840192074
0.0207990312099
0.0235930764206
0.0271200838404
0.0295514363542
0.030670725384
0.0328825804688
0.0344797442702
0.0360543909538
0.0386030944967
0.0404838095504
0.0380249377986
0.0351799229044
0.0349350050378
0.0332365787922
0.0325908538317
0.0333971101432
0.0323418462938
0.0312906357499
0.0312454190469
0.0307717943631
0.0309772521928
0.029480216655
0.0290871180016
0.0279546689499
0.0264904566391
0.0247899701946
0.0187792410961
0.0144215432995
0.00960878271753
0.0062370736263
0.00340960212419
-0.00254908602797
-0.00850777418014
-0.0144664623323
-0.021547653587
-0.0283338664639
-0.0309045321188
-0.0302452624581
-0.0262962127578
-0.0258767662578
-0.0275800090511
-0.0314902309143
-0.0355213015404
-0.0450342735765
-0.0518974126189
-0.0587605516614
-0.0611017766525
-0.0611486820269
-0.0677256185392
-0.0743025550515
-0.0808794915638
-0.0975416883168
-0.0984804857021
-0.0994192830874
-0.100358080473
-0.101296877858
-0.0967693170004
-0.0865626575687
-0.078987987116
-0.0697053668518
-0.0665923045139
-0.0607886434368
-0.0552795236803
-0.0505613960079
-0.0474843681753
-0.0474212973072
-0.0472064863658
-0.0461952155706
-0.0446808912159
-0.0438879435596
-0.0398858274351
-0.0383767834325
-0.0386114692895
-0.0410604910151
-0.0418895336534
-0.0433799833732
-0.0450728882181
-0.0463228599258
-0.0480958261523
-0.0477839742033
-0.0456196433348
-0.0431870699445
-0.0440847361882
-0.0437118836418
-0.0411190090196
-0.0394123500092
-0.035945761772
-0.0319924948215
-0.0296673089689
-0.0289283102622
-0.0267030553532
-0.025607137989
-0.0274817002042
-0.0269944959403
-0.0261057355562
-0.0246989347349
-0.0255897661037
-0.0240746795679
-0.0226208115572
-0.0226323997702
-0.0238433571475
-0.0246556555634
-0.0247092216025
-0.0251118678671
-0.024689483882
-0.0241246145841
-0.0244619131258
-0.0257173792028
-0.0237984695397
-0.0238881859003
-0.0213352828812
-0.0194660647988
-0.016576825572
-0.0143619981793
-0.0109787544777
-0.0126330358358
-0.0110023986346
-0.00977636373341
-0.011072212244
-0.0109886390299
-0.0109111071877
-0.00966547535616
-0.00796902697287
-0.00783502135863
-0.00658423811509
-0.00612825355449
-0.00654201828657
-0.00547353048579
-0.004405042685
-0.00333655488422
-0.00396586815408
-0.00320350728615
-0.00293946582773
-0.00232258880288
-0.00172350778907
-0.000551279704415
0.00115816904609
0.00281443230586
0.00384886151742
0.00567838137805
0.00604959941313
0.00642081744822
0.0067920354833
0.00774741811876
0.00597363554952
0.00584068422415
0.00719467734746
0.00943088580315
0.0111704232933
0.0126910164483
0.014844249326
0.0176202261171
0.0211273096986
0.0241178554371
0.0270373736183
0.0306658226825
0.0312070017528
0.0333058008216
0.0344679299151
0.0367246835232
0.0380476935032
0.0369450115815
0.0370507128352
0.037861857989
0.040253994725
0.0412564602615
0.0417680536126
0.0413384241247
0.0430848962562
0.0426605204287
0.0432281294301
0.0437674805962
0.0449802531895
0.0470231471851
0.045990452892
0.0466970666859
0.0467804527195
0.046864904832
0.047106884627
0.0465867843252
0.0463682609259
0.0457694238598
0.0457995246786
0.045701315156
0.0452940065365
0.0436359329208
0.0405953388658
0.0390129124626
0.0378072523706
0.0369481614456
0.0363224207849
0.0360083071154
0.034174865204
0.0341566856657
0.0290752104831
0.0232477630955
0.0172488616581
0.0112004365869
0.00637417810568
-0.00108267575353
-0.0100837498481
-0.00970232166648
-0.0138571758117
-0.0192565272182
-0.0268364358922
-0.0271775366508
-0.0270292869317
-0.0278829508115
-0.0325391017197
-0.0412330260954
-0.0478118227683
-0.0483154963872
-0.0467880178771
-0.0472405484706
-0.04810614315
-0.046225687711
-0.043220269755
-0.0360797863022
-0.0352091450531
-0.0372717739983
-0.0400396712539
-0.03546912751
-0.0338133785372
-0.0312452186202
-0.0286770587032
-0.0263226480436
-0.0234917660654
-0.0211435818125
-0.015710070268
-0.0134261776068
-0.00962716945323
-0.00676807563667
-0.00481775971277
-0.00395198947559
-0.00260739985211
-0.00117943748528
-0.00192320046111
-0.00179985415861
-0.000187806627638
0.000343761356496
0.000819802151401
0.00105937251442
8.77658587408e-05
1.20727976576e-05
-6.36202634255e-05
-0.000108658288796
0.000989082457414
0.002724386793
-0.000600763651113
-0.000495473873887
-0.00116929352277
-0.00141970868143
-0.00185550895946
-0.00102561958758
-0.00139281461505
-0.000916637652408
-0.00158680282405
-0.0012211881773
-0.000849510902404
-0.000494362827978
0.00109089952834
0.00133161434323
0.00172486520183
0.00344306565271
0.00195273450241
0.000310216038448
0.000304315275356
-0.00229005086687
-0.00256660787622
-0.00257567795161
-0.00365223215207
-0.00313976785871
-0.00257809376645
-0.00382186382322
-0.00546981505947
-0.00833572525169
-0.00836054470772
-0.0121222563387
-0.0155484687573
-0.0174145600035
-0.0167639443609
-0.0168424271413
-0.0161400898607
-0.016180846677
-0.0138417132911
-0.0145883894167
-0.0165029559288
-0.0178503079912
-0.0185500189931
-0.0188844182161
-0.0209225175692
-0.0242393295805
-0.0265477459447
-0.0291166172681
-0.0306415616204
-0.0294726858098
-0.0302324466705
-0.0298324773904
-0.0310271820035
-0.0334532419556
-0.0360549436845
-0.0377876818669
-0.0405650276025
-0.0406836891617
-0.0398817175574
-0.0388661231928
-0.0348572485089
-0.0315193569033
-0.0263062512105
-0.0219778966379
-0.0164203758332
-0.0117815266231
-0.00866409107448
-0.00442870660347
-0.00106741504248
0.00182508211784
0.00649354269676
0.00826279438827
0.0100441276748
0.0121462332693
0.0142483388638
0.0163504444583
0.017032102961
0.0179010380101
0.0185178055697
0.0195814548055
0.0194670108399
0.018764387496
0.0189529076015
0.0192455863541
0.0183013604657
0.0193055810853
0.0189878080061
0.0193884685044
0.0206549781326
0.0219214877608
0.0247756531112
0.0274545247417
0.0301375111626
0.0325404573603
0.0318765039387
0.0317911928931
0.0321814095078
0.0328065371226
0.0336902941318
0.0336600631864
0.033518239213
0.0321709627288
0.0325326445318
0.0292487458741
0.028898173614
0.0285476013539
0.0289325617218
0.022887629526
0.0162858086181
0.0109577389907
-0.00214651579105
-0.0152507705728
-0.0252963711149
-0.035341971657
-0.0453875721991
-0.0513267165464
-0.0600338356878
-0.0687409548292
-0.0774480739706
-0.0907009351835
-0.09441761226
-0.0981342893365
-0.0970411005006
-0.098905857147
-0.104771643302
-0.100070885576
-0.101352054251
-0.102633222925
-0.103569219366
-0.104505215807
-0.105441212248
-0.0922823544174
-0.0822963943996
-0.0743525802359
-0.06565377469
-0.0600445723851
-0.0506425469512
-0.0498920441823
-0.0491415414134
-0.0483910386445
-0.0515367457025
-0.0591310539122
-0.0650539508975
-0.0696188949104
-0.0701911580271
-0.072352256436
-0.0708538360199
-0.0684501474575
-0.0623832540568
-0.0582443065408
-0.0522244491752
-0.0444955120931
-0.0371643132056
-0.0315663337263
-0.02412979154
-0.0207412415353
-0.0175633193215
-0.0111629439464
-0.00800544076426
-0.00488743041459
-0.00126485724706
-0.00122952302492
0.00173747453425
0.00416480658236
0.0076915074428
0.0125659058816
0.0147193502633
0.0151916985174
0.0170951509219
0.0191967912049
0.0212984314879
0.0226625527192
0.0220353995842
0.0227265700722
0.0233568301963
0.0221452311043
0.0195766257928
0.018994330787
0.0164893109383
0.0157574892211
0.0121017579596
0.0117895009986
0.0118285213352
0.0114490670057
0.0120436731817
0.0117057460115
0.0114846332961
0.0119418247566
0.0118728262671
0.0126992874545
0.0129217916562
0.0119768294436
0.0108372504858
0.0104265025434
0.00929136660833
0.00912943554855
0.0052654974873
0.00185193973488
-0.00239702470172
-0.00679796118568
-0.0124606015682
-0.0163452403938
-0.0173567963757
-0.018029968509
-0.0162636705895
-0.0126391291705
-0.012330680545
-0.0122532230936
-0.0118858573532
-0.0111628404052
-0.0121222506541
-0.01117584324
-0.0115755878437
-0.0130997463396
-0.0162334966155
-0.0189397248528
-0.0217178494211
-0.0223490720409
-0.0255795672184
-0.0249066146247
-0.0239490357333
-0.0217549812375
-0.019488161921
-0.017401343304
-0.0179857292804
-0.0170820565833
-0.0177310445594
-0.0186679882935
-0.0203654064773
-0.021383973048
-0.0217373954949
-0.0208833070845
-0.0196694730881
-0.0189484944645
-0.0236655215204
-0.0262726010293
-0.028086761102
-0.0253722873734
-0.0208611444163
-0.0182307170503
-0.0149208797128
-0.008615282616
-0.00639559380556
-0.00189396861746
0.00011023709715
0.00147949263845
0.00345581158609
0.0049613251509
0.00507976270537
0.00570910964722
0.00690124046269
0.00813696890493
0.00987400981141
0.00901308868098
0.0105065230387
0.0116499444638
0.0116389220421
0.012302086561
0.0146308979102
0.0160019217226
0.014252556881
0.0117960214963
0.0124546925497
0.0140330562912
0.0168099386168
0.0116519180096
0.00649389740232
-0.00224170406735
-0.00684523449082
-0.0139840585324
-0.0318612205292
-0.0342273574131
-0.0365934942969
-0.0389596311808
-0.0369578476714
-0.0349560641619
-0.0396759533179
-0.0424571451115
-0.0442235929585
-0.04539602472
-0.0469267836867
-0.0458102584048
-0.0478169890865
-0.0482731003127
-0.0478014392898
-0.0481027465141
-0.0501644799885
-0.0589438116067
-0.0650395305034
-0.0712705231799
-0.072603526225
-0.0741831097126
-0.0760620483886
-0.0752673757991
-0.0657651610447
-0.0562629462904
-0.0456720719303
-0.0290600289342
-0.0121904794377
0.00136973380223
0.0113868245345
0.0131343079335
0.0148817913326
0.0166292747316
0.0151254308402
0.0157775474874
0.0154616448339
0.013798381035
0.0124832400804
0.00932635810726
0.00779967407731
0.00690460407761
0.00708558389591
0.011966186168
0.016151437769
0.0221458923913
0.0247969401841
0.0271005804517
0.0297995640407
0.0330760566722
0.0377965064164
0.041631633808
0.046182310266
0.0493227801415
0.0533416831614
0.0567879574774
0.0605996373907
0.063324386385
0.0654818921939
0.0667221779966
0.0662080195614
0.0650372620635
0.0680815781242
0.0677082190134
0.0679632889976
0.0676647347658
0.0660208966177
0.064071452409
0.0628054474817
0.0613473343429
0.0583965184836
0.0498100136759
0.0448507188008
0.0451949509134
0.0469634930298
0.0490809637521
0.0500206603522
0.05183015529
0.0512451464083
0.0516232434393
0.0503420473157
0.0487765713877
0.0468145110023
0.0458084797806
0.0454817952737
0.0447620898747
0.0440787985048
0.0443826976441
0.0394347045171
0.0338786249142
0.0373243797969
0.0372124643809
0.0371005489649
0.035826154823
0.0307858014439
0.0245611705537
0.0151164681438
8.51759183405e-05
-0.0146544586424
-0.0281029162796
-0.0406751389243
-0.0474345469907
-0.0525547232315
-0.0574018258676
-0.0681449905058
-0.0824322821705
-0.090093822289
-0.0963754062309
-0.102420658139
-0.101554119924
-0.100687581709
-0.0998210434934
-0.088571768183
-0.0785684447897
-0.0649712647268
-0.0486162769654
-0.0339246993503
-0.0215964195525
-0.00887571226787
0.00309950046386
0.0137335540998
0.0203523894517
0.0236937892477
0.0272821121259
0.0287229757585
0.030779543258
0.0317888139296
0.0305175875053
0.035162630619
0.0351264290377
0.0370142252399
0.0376652952895
0.0392797968095
0.0400508171179
0.0417953411814
0.040904008996
0.0417913803415
0.0407158736357
0.0395589538748
0.037249881675
0.0357777036662
0.0366673931654
0.0343626171048
0.033242732581
0.0327587564677
0.031251615106
0.0279248899942
0.0250215609023
0.0234291098943
0.019593082061
0.0169655731635
0.0131025629634
0.00836849460576
0.00324492978358
-0.00577685190928
-0.0156373585746
-0.0272403325154
-0.0359310304766
-0.0416600725908
-0.0430433740848
-0.0435448614409
-0.0450825089252
-0.0478502355258
-0.0517945035448
-0.0544819814433
-0.0608976463555
-0.0670496390827
-0.0709232971922
-0.0741260194374
-0.0794783510567
-0.0825249578647
-0.0806793509195
-0.0819874583751
-0.0826282915628
-0.0856225752452
-0.0821978148525
-0.0787730544597
-0.075348294067
-0.0620872197022
-0.0594026597692
-0.0567180998363
-0.0540335399033
-0.0585373883965
-0.0575704454509
-0.0566035025052
-0.0556365595596
-0.054669616614
-0.0537026736684
-0.0527357307227
-0.0517687877771
-0.0495235177926
-0.0453145124851
-0.0414612785748
-0.0396305975468
-0.0394625423327
-0.0412694157198
-0.0433416944138
-0.0409928310308
-0.0382084174081
-0.0331502912086
-0.0275853685093
-0.0231365967638
-0.0194035611618
-0.0168028892994
-0.0144155106268
-0.0110595843844
-0.00633010010245
-0.00415407707166
-0.00414289665166
-0.00301536432186
-0.00327681449879
-0.0010443069043
0.00269601133269
0.00735769528003
0.0103886699387
0.0156352139906
0.0204806099085
0.0236663648056
0.0288375418232
0.0334451342645
0.0374836301975
0.0387438299034
0.0421204718771
0.0442878034121
0.0467177280078
0.0488978626152
0.0501787498822
0.0491677825415
0.0505928713112
0.0512000642926
0.0494777559988
0.0487485668938
0.0467459054587
0.0420542956192
0.0382017623865
0.035134851382
0.0360353687895
0.036023490882
0.0332076055434
0.0291823282143
0.0250588365678
0.0235876368114
0.0227656866222
0.0231952715053
0.0237351254271
0.0247693623226
0.0252233594122
0.0245870822344
0.0247047000275
0.0215271114786
0.0176353447966
0.0158919724109
0.0139902656851
0.0140824922292
0.0158375996437
0.0188093671006
0.0231082050719
0.0253393168429
0.0277287999157
0.0282797794757
0.0293942359513
0.0322425672267
0.0324218230483
0.0313657068927
0.0259617500425
0.0176166876381
0.00657247992403
0.000759524212511
-0.00256475343275
-0.00401555031629
-0.00340736125946
-0.00210752262085
-0.00124497646215
0.000544576426796
0.00275046368546
0.00321436534703
0.00286342366054
0.00208106095652
-0.00146712303918
-0.00464640442767
-0.00834194790562
-0.00578865077685
-0.00323535364807
0.00832696168247
0.019889277013
0.0353160818039
0.0469879431339
0.0550035732185
0.0604388739133
0.0659663109101
0.0677438748577
0.0673163101466
0.0684514076851
0.0681425269625
0.0659179951338
0.0629602259607
0.0607870061052
0.0599231301627
0.0576427462771
0.0555756769916
0.0546354713243
0.054370580411
0.0546628991297
0.0543256099361
0.054417484459
0.054629639133
0.0554900478549
0.0546400676736
0.05375391148
0.0508598624769
0.0479810863326
0.0454589800351
0.0431767989502
0.0432355052575
0.0451894977847
0.0428008413605
0.036113781562
0.0297393341524
0.0229536560324
0.0153731102156
0.0108980849184
0.00572174409695
0.0018018611602
-0.00125920094208
-0.00397583175926
-0.0069534307898
-0.014502740502
-0.0198313593964
-0.027705216047
-0.032088560458
-0.0347010681925
-0.0360742546208
-0.0374080634719
-0.0435724398002
-0.0498434681615
-0.0523434265802
-0.0546572282979
-0.052878487889
-0.0517630410249
-0.0504359475182
-0.053029260047
-0.0530164117238
-0.0527916645695
-0.0506913959821
-0.0520037476532
-0.0536164323072
-0.05525710915
-0.0590067522788
-0.0637203397576
-0.0700591896774
-0.0685122788511
-0.0669653680247
-0.0654184571984
-0.0570677344796
-0.0478068634822
-0.0369454747127
-0.0309507241765
-0.0256245936783
-0.0243252835957
-0.019092643087
-0.0192535316984
-0.018569354905
-0.0194918459127
-0.0215835389341
-0.020567831488
-0.0219659780393
-0.0239461469493
-0.0252619374524
-0.0296264803007
-0.0353042248891
-0.0377958488042
-0.0392231986418
-0.039436830764
-0.0386352509666
-0.0384970902675
-0.0359024549826
-0.0331673764547
-0.0313315711639
-0.0279914803645
-0.0222298781318
-0.0164682758992
-0.010502984292
-0.0060586511986
-0.00125775308184
0.00127535744531
0.00206502701683
0.00478592863133
0.00621802363629
0.00991181367508
0.010720620795
0.0123838573667
0.0127540315385
0.0147790180891
0.0165887497387
0.020338143043
0.0214409910515
0.0226821883315
0.0200895498383
0.0139565543082
0.0142061277637
0.0172013314046
0.0200094015753
0.0230414482038
0.0255692632149
0.0285271550214
0.0284516588855
0.0247939837014
0.0280370665443
0.0254197890153
0.0242013072664
0.0224604115516
0.0203085893145
0.0207518249638
0.0212166083638
0.0218145068867
0.0219999951166
0.0230001598885
0.0226429687588
0.0226382843241
0.0215007238173
0.0207839492817
0.0204707181076
0.0231809748551
0.0256476929509
0.0272187569822
0.031637703577
0.0302250112639
0.0293265923749
0.0297917568556
0.0317363063646
0.0330443899076
0.0337455604248
0.0328643102693
0.0330848235803
0.0350023195697
0.0372933498636
0.0430832030099
0.0488857304623
0.0542317244012
0.0575489494543
0.0634121844727
0.068951572047
0.073205052574
0.073486426868
0.0749199065688
0.0754318316186
0.0756146830432
0.0740773920015
0.0752320618515
0.0743943521813
0.0749335215852
0.0740939167141
0.0752191215809
0.0742118920754
0.0722426991932
0.0716991705447
0.0714313847753
0.0697344218274
0.0706796056011
0.0690177808339
0.0669460173412
0.0649956953326
0.0623828859492
0.0620122073763
0.0592038776724
0.058312877377
0.05805041303
0.058930409419
0.0564977589479
0.0514034905794
0.0531297787492
0.0507309681171
0.0491355622729
0.0461949203858
0.0414478555493
0.0424372537885
0.0434266520278
0.0426715826034
0.0352968137691
0.0249117745995
0.0132877340374
0.00561920609829
-0.00133659706025
-0.0142409477647
-0.0279219704387
-0.0425128588663
-0.0597920921137
-0.0744515081602
-0.0824067073736
-0.087702432815
-0.0921179496377
-0.0957347204463
-0.101259022421
-0.101604655267
-0.101950288112
-0.099961273538
-0.0940312779409
-0.0950959652091
-0.0961606524772
-0.0972253397454
-0.103262504664
-0.114252434034
-0.121176012428
-0.120915926453
-0.120655840477
-0.120395754502
-0.115880771664
-0.111539718662
-0.103718588868
-0.0960966830251
-0.0884281667455
-0.0835497858438
-0.0777424201701
-0.074027604239
-0.0697169058023
-0.0678960042504
-0.0654138243724
-0.062226035166
-0.0606279202139
-0.0568199832987
-0.052719865652
-0.0463326072359
-0.0403570277289
-0.0361538108504
-0.0308943571657
-0.026210588529
-0.0209098371858
-0.0161535645348
-0.0132310602692
-0.0100952741908
-0.00697440946374
-0.00426470448872
-0.00272870567745
0.00116520633856
0.00483325160045
0.00571054447987
0.00877234300845
0.0101676467962
0.0107764455164
0.0156255522042
0.0164638000562
0.0172107848513
0.0169679252285
0.0194747117208
0.0222137464422
0.0221045569669
0.0191553528216
0.0181139274876
0.0173816480261
0.0159850622472
0.0128650468402
0.0128933601729
0.014442919077
0.0143576386594
0.0159066908022
0.0141490555757
0.0145120148801
0.0105220070924
0.00989525527028
0.00857067220302
0.00783337430882
0.00612766567109
0.00579248971482
0.0054990792916
0.00492842458758
0.00325109030486
0.00336789255297
0.00424487719591
0.00530957339078
0.00659180631678
0.00806334766593
0.00959240765236
0.0111214676388
0.0151968346835
0.0169472009867
0.0167593051224
0.0172880947769
0.0152035505881
0.0137534055841
0.0125948811512
0.0115213357595
0.0109858751676
0.00970703836042
0.0135500587164
0.0147498315805
0.0162229538056
0.0195722505801
0.0201296331208
0.0223486238678
0.0263073566012
0.0285703069614
0.0332977555817
0.0377916640007
0.0425447796252
0.0472377656282
0.0505659803433
0.055609543582
0.0582929186467
0.060580832667
0.0602072847096
0.0626492724098
0.0625644815377
0.05994972654
0.0573754265109
0.0598177554572
0.0593093353302
0.0589978646666
0.0551080781019
0.0534604031443
0.0556793086414
0.0572248351027
0.0612930119881
0.0644991072465
0.0656611339798
0.0683414291928
0.0690170355142
0.0735848849761
0.0792340105259
0.0798543513661
0.0787478698322
0.077930539343
0.0739938699254
0.0737880420453
0.0682428918354
0.0573810790811
0.0471216467879
0.0427484393097
0.0384955106067
0.0366729687999
0.0336476555153
0.0318867317214
0.0289434070214
0.0258701935525
0.0199316563548
0.0147029891024
0.0094278539308
0.00346942028722
-0.000431257875118
-0.00347574290263
-0.00548204368853
-0.00925518547369
-0.0102980544079
-0.00914570635268
-0.00698624949043
-0.00788489487195
-0.00716598747087
-0.00406837422607
-0.0017788128615
-0.00294774440361
0.00617764739604
0.0019537852198
0.00667068052381
0.00807863188456
0.0101545602356
0.0115229773283
0.011144370367
0.0126832183611
0.013175379493
0.0115786584419
0.00862976732906
0.00588552900475
0.00580581363681
0.0045993322445
0.00375840354506
0.00104039268339
0.00112338940321
0.000695937227589
-0.000246912652905
-0.0011897625334
-0.003697589471
-0.00563284273466
-0.00691737043048
-0.0101313477392
-0.0102429537136
-0.00942149131615
-0.00783000693438
-0.00658150629441
-0.00636967473945
-0.00855321771907
-0.0121659112046
-0.0140609166541
-0.0147721119518
-0.0161118473014
-0.0142560631168
-0.0105418472754
-0.00650545666018
-0.00330188375269
-0.000841507927601
0.00215983007279
0.00407653036636
0.00469414825221
0.00626781381978
0.00733152692729
0.0042915029971
0.00408265949652
0.00355930583911
0.00441856905441
0.00489150762744
0.0070531507514
0.00822286738621
0.00980464291881
0.0104442299036
0.0106090625404
0.0120329487541
0.013041277524
0.0145976444919
0.0160475142424
0.0166063792549
0.0187690944131
0.0181136362603
0.0198127540889
0.0172857407931
0.0180591842092
0.016472859124
0.0163231959661
0.0153138578493
0.0133489940716
0.0112732410832
0.00991933221999
0.00682043279121
0.00228868016019
-0.00245324356321
-0.00980893534783
-0.0165878671998
-0.0167455794758
-0.0220228071785
-0.0209388290419
-0.0183610641611
-0.0201538668936
-0.0251949341781
-0.0342508844047
-0.0437291168309
-0.0508751658212
-0.056082089293
-0.0622236044008
-0.0679357893438
-0.0731603403229
-0.0798649312471
-0.0843709574665
-0.0904950190799
-0.0899759296171
-0.0894568401542
-0.0838855166984
-0.07569403766
-0.0656293194926
-0.0570031500562
-0.0502686558113
-0.0422211943902
-0.0350855374598
-0.0297599597552
-0.0276529223276
-0.0251475571071
-0.0162465596876
-0.0148785145422
-0.0143264616402
-0.015111988934
-0.0187102555241
-0.0260615052315
-0.0327187342748
-0.0365860186147
-0.0379858231408
-0.0357999926553
-0.0380156326243
-0.0388616420323
-0.0397076514403
-0.0396343672894
-0.0367414309196
-0.0306379064291
-0.0281402679832
-0.018809746997
-0.0111643426155
-0.00386107161717
0.00306004081904
0.00902236253226
0.0125256907146
0.0159356433552
0.0218362096458
0.0256421530194
0.0306155491754
0.0329496006772
0.0354222960458
0.0381801637454
0.0382064571195
0.0399138701514
0.0386131767979
0.0409381360506
0.0420130791456
0.0412997683373
0.0434665298686
0.0442809591636
0.0455512066707
0.0486106227057
0.0494189799975
0.0494375563357
0.0460664784148
0.0382230467263
0.0312616468617
0.0230688339167
0.0187135074818
0.0173974666658
0.0204561200162
0.0200051429622
0.0163913881209
0.0158183238145
0.0202903849648
0.0171143732026
0.010830894679
0.00296812193273
0.000214352633644
0.000241026063704
0.00136047189246
-0.000510256399819
-6.83996045598e-05
-0.00274087425935
-0.0080018124727
-0.0113465060247
-0.0131279687908
-0.013301717914
-0.00959802989394
-0.0076842432479
-0.00513522196178
-0.00151720822353
0.00127114279944
0.00181958563892
0.00430333703813
0.00339335399594
0.00559637704698
0.00391627287359
0.00225714428663
0.00105553045002
-0.00254477524502
-0.00599396017583
-0.0104478459326
-0.015573799895
-0.0135643760309
-0.0115549521668
-0.00954552830265
-0.00753610443853
-0.00552668057441
-0.0035172567103
-0.00150783284618
0.00239789057442
0.00518415927799
0.00885810942918
0.012681096429
0.0140133435009
0.0186925496686
0.0227165532285
0.0280814402715
0.0337455879134
0.0372478429983
0.0407053171726
0.0438676521039
0.0463373948513
0.0480711076699
0.0457655686962
0.0460847729952
0.0439425763282
0.0415214814306
0.0344057191398
0.027289956849
0.0219267252279
0.0158767951762
0.0121731775015
0.00899157508551
0.00696510793169
0.00095462585946
-0.00378504830698
-0.0129848086206
-0.0138041275883
-0.0146234465559
-0.0154427655236
-0.0162620844912
-0.00969094569374
-0.00911755349391
-0.00422485128138
0.00169616741362
0.00467523542596
0.00483491680644
0.00632042067809
0.00963811758566
0.0125983964193
0.012965651551
0.0134774660646
0.0168294908519
0.0168791905783
0.0176958339086
0.0165310202871
0.0180753270783
0.0116938260258
0.00441270559892
-0.00461800991122
-0.0126350842536
-0.0223543057763
-0.0315349881596
-0.046409542521
-0.060310862784
-0.0767661628443
-0.0921080535969
-0.107520882118
-0.123685053861
-0.132680547428
-0.133325562282
-0.133970577136
-0.13461559199
-0.130490558654
-0.129069539098
-0.129469517871
-0.13369437493
-0.140281099035
-0.147749457716
-0.156489536237
-0.162679737032
-0.160470767829
-0.158261798625
-0.156052829422
-0.143454659131
-0.131225445252
-0.124309186738
-0.114314531881
-0.101879726816
-0.0910065595491
-0.0844455867624
-0.0784901734487
-0.0701193806721
-0.061057188371
-0.0522192053652
-0.0430380259772
-0.0380614242995
-0.0331866284067
-0.0285108689945
-0.0264077590531
-0.0229865740345
-0.0125118801411
-0.0102072056363
-0.0084169934911
-0.00506365356259
-0.000419240358832
0.00134829463561
0.00278710644694
0.00496045028869
0.00704466983806
0.00894659027278
0.0116675086723
0.0117920220038
0.0128082957481
0.0153210846169
0.0164512192232
0.0170032418382
0.0176486251134
0.019139037577
0.0207609438955
0.0215104853616
0.0229296180113
0.0197610129177
0.0187286216542
0.0176962303907
0.0123072995167
0.0064420428247
0.00164820997864
-0.00575714584983
-0.0107206194536
-0.0142956116487
-0.0188279373443
-0.0252486821167
-0.0293089028517
-0.032987334685
-0.0387097937288
-0.0454769990697
-0.0553586930842
-0.059419201935
-0.0616599527438
-0.0612655927278
-0.0591852724322
-0.0604319611039
-0.0623993961588
-0.0615766609891
-0.0601823072637
-0.0578431595035
-0.0550702160608
-0.0525398509241
-0.0556104986974
-0.057153703736
-0.0573986791737
-0.0562508744173
-0.0515266081128
-0.0412057825315
-0.0317534734384
-0.019832939342
-0.0124957247882
-0.00370910169034
0.00129201604945
0.00700115291779
0.00965633697435
0.00931806289221
0.00753079964237
0.00267056343497
-0.00167604565227
-0.00824675964108
-0.0113598771812
-0.0150559376839
-0.012605975295
-0.00879367692698
-0.0124421400405
-0.00913786091602
-0.0144256378801
-0.0163058548681
-0.0215255760019
-0.0234035774275
-0.0266023926232
-0.0278537458995
-0.0296754833343
-0.0294446348585
-0.0312620339959
-0.0300625986343
-0.0291915970304
-0.0279042676128
-0.0249962138259
-0.0200172884363
-0.0169351659147
-0.0144634448362
-0.010057850886
-0.00767143710186
-0.00891433386313
-0.0101572306244
-0.0156838640019
-0.0177069466882
-0.0207607865005
-0.0205840441544
-0.0225332257463
-0.0235847584664
-0.0249900102117
-0.0237502047255
-0.0221349963718
-0.0217901240778
-0.0210614567644
-0.0193168508074
-0.0157889266152
-0.0126696131518
-0.0102199192904
-0.00512311798057
-0.00316698639402
-0.00168729457401
-0.000268613441347
0.00238795459304
0.0125307067318
0.0092419625919
0.00963220850576
0.00701786160242
0.0064391152627
0.00729879612419
0.0134105291788
0.0195222622334
0.0250332828133
0.0303820782187
0.0316612343094
0.0327006749287
0.0343753735112
0.0342930793632
0.0358578976553
0.0328996784324
0.0314875918345
0.031241044092
0.0317065118634
0.0335872587544
0.0362529747549
0.0383832203005
0.0408570449478
0.0429059198079
0.0444728278638
0.046659275401
0.0481231352655
0.0488100314481
0.0488482189618
0.048757117443
0.0463623183781
0.0435214106508
0.0421028629678
0.0391613759304
0.0391728112037
0.0404793387992
0.0406108910069
0.0387073703041
0.0380228539838
0.0357797355786
0.0357414867895
0.0349664485887
0.0329356099412
0.0328582378598
0.0311748271428
0.0301053646156
0.031068426266
0.0297108681032
0.0284708831473
0.0292447848294
0.0285736296732
0.0296411222504
0.0306036987168
0.0305478091778
0.0284160396567
0.0289734341981
0.0280261636131
0.0264142824197
0.0242011198961
0.0240440834655
0.0238385916029
0.0237074472226
0.0261176886888
0.0235679221247
0.0191296870354
0.0157284525564
0.011250864976
0.00847584850636
0.00178341574171
-0.00461525907343
-0.0104952330015
-0.0164121995364
-0.0213100973898
-0.0233809201241
-0.0291739864166
-0.0366242122715
-0.0437736533505
-0.0506961113569
-0.0595938860075
-0.0653175505559
-0.0636251513485
-0.0638856757363
-0.0636146052205
-0.0656012389599
-0.0663749157995
-0.0679393705144
-0.0700250449373
-0.0701374734802
-0.0683003339163
-0.0684123948953
-0.0723756638681
-0.0681214212334
-0.0667393623468
-0.0648292912273
-0.0629142157948
-0.0574174842475
-0.0539752212044
-0.0494868109726
-0.0434723798558
-0.0390524917037
-0.0359255616103
-0.0337969581839
-0.0320891588422
-0.0303813595005
-0.0293148470635
-0.0282483346265
-0.0342509884911
-0.0431137816368
-0.0468398892174
-0.04859710379
-0.0487375742137
-0.0489860502276
-0.0489523951384
-0.0518651048982
-0.0535538878241
-0.0583453302596
-0.0630026915257
-0.0683931551747
-0.0738072512551
-0.0778102875256
-0.0803740789248
-0.0821124984164
-0.0855981756928
-0.0864696534218
-0.0886369132686
-0.088157265769
-0.0880133388944
-0.0812399336877
-0.0737278125539
-0.0631615041339
-0.0540540987552
-0.0441251674608
-0.0355528539413
-0.0266515576711
-0.0215909242244
-0.0167360334723
-0.0142882500695
-0.00915385326108
-0.0102547260772
-0.00484896306278
-0.00690437241933
-0.00674548599178
-0.00657065294422
-0.00598449968689
-0.00443271306477
-0.0027788341991
0.000163331137721
0.00183304229197
0.00458729384876
0.00678456593997
0.0082411180134
0.0103497450042
0.0110956343481
0.0127847520564
0.0164741439206
0.0168257881793
0.0147221198279
0.0153066264081
0.0153884287986
0.0152803844488
0.0168827168499
0.0191928776336
0.0215641238243
0.0254207508793
0.0273486353854
0.029757189317
0.0312416203884
0.0345597231623
0.0351000429205
0.0346254457048
0.0341096712051
0.0347956299212
0.0334437832788
0.035960622947
0.0371032237546
0.0397721882865
0.0411349210712
0.0432097290714
0.041675277281
0.0433197776342
0.0429504747867
0.040934966902
0.043405453207
0.0441927907106
0.0441535461049
0.0420440442042
0.0367441955186
0.036300036514
0.0364198500969
0.0377227943533
0.0390050655889
0.0437916762798
0.0490533280931
0.0517757584532
0.0539236640723
0.0571250883834
0.059461235252
0.0592697937703
0.0588934844192
0.058517175068
0.0590145526065
0.0578357264354
0.0572240919371
0.053694492383
0.0503918429426
0.0455550766027
0.0434256748847
0.0430613790315
0.0425750760672
0.0400032102843
0.039452973599
0.0394952431448
0.041370730264
0.0410543837844
0.0420562200005
0.0414516573607
0.0405468583066
0.0386239588839
0.0377034592892
0.0351154129338
0.0308557876118
0.0265961622897
0.00936235707402
0.00331234176008
0.00157227893392
0.00121071620481
0.00611107836217
0.00901024460115
0.00781025975187
0.00567427646388
0.00133409891539
-0.000389036812479
-0.00215876513046
-0.00408889326403
-0.011631975228
-0.0152822961157
-0.0215853504894
-0.0275819758637
-0.0368097206958
-0.0502872628441
-0.0620004236785
-0.0737402122798
-0.0809148452932
-0.0898180273244
-0.0954332308933
-0.0998287220688
-0.100859945226
-0.103147315801
-0.105010570493
-0.108389044627
-0.111441873373
-0.118947232214
-0.124742954287
-0.133444295159
-0.141436116681
-0.145527257886
-0.146151851492
-0.145601320543
-0.143236713855
-0.136748741582
-0.129178395371
-0.122897213415
-0.120323347895
-0.115013642308
-0.111425766729
-0.105083155455
-0.0997604126442
-0.0936928143922
-0.0855027759327
-0.0824568632241
-0.0795191492008
-0.0737015316458
-0.0653456612155
-0.0605992976252
-0.0556848342674
-0.0502354314107
-0.0444310903684
-0.0396840720851
-0.0373138497237
-0.0380785773633
-0.0376330815976
-0.0371752987089
-0.034289349323
-0.0328551920773
-0.0310504433579
-0.0303869221664
-0.0298301401371
-0.0273661651003
-0.0260215936252
-0.0226743422626
-0.0226903720808
-0.0197663413942
-0.0169287629521
-0.00601063198929
-0.00656755730644
-0.00712448262359
-0.00506839692763
-0.00203755941262
0.000205058065004
0.00109563488705
0.00416126362415
0.00436054531558
0.00545892251605
0.0057404096298
0.00619936927202
0.00309406347727
0.00202153163585
0.00290966474001
0.00232822932393
0.00217189930833
0.0039974447535
0.0032895983032
0.00607986650805
0.00744787751458
0.00829470242102
0.009228534805
0.00891944034213
0.00827435983289
0.00869001081463
0.011249529308
0.0129981132382
0.0183514410922
0.0213751822634
0.0222649203021
0.022892169766
0.0260392682385
0.0268292554774
0.0292886878865
0.0298397375576
0.0305184611979
0.0287837921663
0.0305376987693
0.0310133197196
0.0301078475494
0.0300941001772
0.0300482314907
0.0209456939075
0.0154518905971
0.00943855164882
0.00734855002273
0.00712543720551
0.00738961993813
0.00549265288708
0.00345893763783
0.00522807783953
0.00379379571522
0.00231990196882
0.00635449015554
0.0107093336887
0.0134492751925
0.0172981664228
0.021415700737
0.0279786428494
0.0301028605049
0.0352656050831
0.0427644265792
0.0480448611906
0.0549880554295
0.059536013382
0.0632789030902
0.065545646242
0.0664037384385
0.064355697749
0.0656945683547
0.0662746843089
0.0654040612014
0.0630312097711
0.0643960648392
0.0670883018115
0.0662411198948
0.0632185382406
0.0612411037442
0.0595604742211
0.0613281847576
0.0597864745461
0.0603553824772
0.0607077446902
0.0605622845613
0.0602703422308
0.0623298561451
0.0611481907021
0.0616518527932
0.0600727955933
0.0596306174738
0.0580343342379
0.0569164981482
0.0526374615232
0.0525859967602
0.050625051627
0.0502272091511
0.0485159237659
0.0468046383807
0.0428793456888
0.0383054631428
0.0383103191484
0.0329949981704
0.0261833025046
0.019067762103
0.0108938247663
0.00307599374657
0.00150955787304
0.00317994501736
-0.00163232026935
0.000151705280478
0.00187886298361
0.00260447988608
-0.00245099573623
-0.00743099617291
-0.0114328651533
-0.0141439175321
-0.0151382972766
-0.0173577916517
-0.0210092861976
-0.0299144501786
-0.0388196141596
-0.0532892159365
-0.0613898986884
-0.0694905814403
-0.0670873999618
-0.0665558960026
-0.064399849135
-0.0640468207903
-0.064880614556
-0.0638838310409
-0.0620979627413
-0.0580137226634
-0.0554937315309
-0.0537484731806
-0.0520032148304
-0.0502579564801
-0.0533135242047
-0.0582631840487
-0.0665880342691
-0.0729891997707
-0.0706993718708
-0.068409543971
-0.0661197160711
-0.0638298881712
-0.0591815448054
-0.0521788858175
-0.0466943314034
-0.0435105717127
-0.0394687067185
-0.0350928322043
-0.0348742010768
-0.0332574284304
-0.0296691983366
-0.0271589036156
-0.0260298938518
-0.0243740604493
-0.0238690625199
-0.023757001839
-0.0250947897902
-0.0249920766283
-0.0245197084949
-0.0249215466146
-0.0250857907801
-0.0259754707953
-0.0265148594023
-0.0274625705101
-0.0283281603799
-0.0272081139929
-0.0281488747923
-0.0262543354996
-0.0241257857286
-0.022887188498
-0.0224382247861
-0.0219865397393
-0.0197888454094
-0.0203270132552
-0.0222339964493
-0.0215926254821
-0.0222869100198
-0.0222984231909
-0.0269622043188
-0.0243952009196
-0.024187334677
-0.0231744938478
-0.0213152305709
-0.0219623844132
-0.0213236328196
-0.020342955087
-0.0204537941485
-0.0235957397429
-0.0255463972234
-0.0276367278132
-0.0284830655455
-0.0293294032779
-0.0275316447923
-0.0277850829275
-0.0243314601666
-0.0198230615349
-0.0169508383249
-0.0147012680509
-0.0142305172123
-0.0114982588149
-0.0103672341924
-0.00866304938497
-0.0113645683142
-0.0094532288122
-0.010184695527
-0.0112859489005
-0.0121213155619
-0.00946467749412
-0.00786522252087
-0.00390762890181
-0.000167884140407
0.00436606877829
0.00597111093593
0.00996642024522
0.00774994023161
0.0118493075795
0.0138669849082
0.0167452670509
0.0169306645551
0.0174302503327
0.021845971122
0.0225903481636
0.022732305379
0.0248951701016
0.0269826624857
0.0275095664548
0.0259368452215
0.0303275482966
0.0307986468678
0.0331118974387
0.0342585301112
0.0371558448731
0.0397554129435
0.0414872989296
0.0447953300695
0.0458739697238
0.046826844016
0.0490271691609
0.0469847986289
0.0466884401948
0.0485136306988
0.0496223935126
0.0503990016744
0.0483663989354
0.050519325677
0.0491517398931
0.0500080950618
0.050210128076
0.0504976735971
0.0457542240793
0.0377391241527
0.0389994936622
0.0352153055986
0.0292991505168
0.0263963638565
0.0241341504855
0.0237634266075
0.0228844861587
0.0212785075264
0.0231267701931
0.0226599635289
0.0212436240178
0.0189316081993
0.0166512036103
0.0151389754311
0.0105558218761
0.0040980462727
-0.00191167250641
-0.00798640896997
-0.00777151458322
-0.00875801959703
-0.00978351621485
-0.00843340424001
-0.00730602673726
-0.008623681907
-0.00265613892224
-0.000787882438848
0.00123166221677
0.00275345308929
0.00355652215351
0.00434352432287
0.00608026182285
0.000936541924475
-0.0042071779739
-0.0154563457918
-0.0316720112224
-0.0428099215903
-0.0539478319583
-0.0650857423262
-0.0762236526941
-0.075342852828
-0.0748306873146
-0.0723685650803
-0.0727702830341
-0.0725001456987
-0.0693246477428
-0.0622982373046
-0.0531484016158
-0.0455689539069
-0.0337128217126
-0.0267230178712
-0.0204083450451
-0.0147071458052
-0.015118953479
-0.0165890448433
-0.0152397691198
-0.0185746874819
-0.0214691144812
-0.0217423005008
-0.0196587679287
-0.0192518742275
-0.0164580216207
-0.00956867251178
-0.00298488003411
0.00169664817264
0.00573785044934
0.00784600058285
0.00943261496839
0.0114606049271
0.0105178096498
0.0107945092332
0.00988374239846
0.00409615546559
0.00460446161888
0.00143785095536
-0.00070111525317
-0.00392991974856
-0.0070627799622
-0.00942616887399
-0.0117231163435
-0.0116890080363
-0.0142970631973
-0.0125667311495
-0.0119693422387
-0.0157156506875
-0.0107864147466
-0.0106064564247
-0.00855350007944
-0.00965095235567
-0.00914006519436
-0.00823648788275
-0.00572692858056
-0.00542673888854
-0.00688740259145
-0.00909116380564
-0.0123262319363
-0.0106145509218
-0.0103255952323
-0.0102052772577
-0.0104556050722
-0.00933888872715
-0.00948708444719
-0.00857161287703
-0.00766495956787
-0.00355122051744
-0.00269021899817
-0.00128454858838
-0.00140864991521
-0.00425527424457
-0.00338499396636
-0.00423989493273
-0.00791127684122
-0.00949963129017
-0.012605444567
-0.0142958489026
-0.0154052220234
-0.0144058897799
-0.0107468534529
-0.00979342174241
-0.00634473444977
-0.00632777499591
0.000439024844123
0.0037751662673
0.00739071818393
0.0074147167551
0.0099436010242
0.0114005646208
0.0127001922217
0.0129867745227
0.0158890074187
0.014288733763
0.0156843291567
0.0150085606582
0.0143327921596
0.0149768934986
0.0145367032995
0.0143307796848
0.0150590953959
0.0149167414181
0.0146613925363
0.0155809312505
0.0162276831359
0.0179337355643
0.0155195079863
0.00857575090744
0.0105733242242
0.00585194533418
0.00811762740909
0.00485593665834
0.00670361602153
0.00935860427946
0.0101921346034
0.0111069052134
0.0142151936904
0.0138505615552
0.0155301667552
0.01534361323
0.0166948614833
0.0192941873182
0.0148768720159
0.0203426637717
0.0203121499812
0.0214243568147
0.0202967367968
0.0188767023023
0.0189982485727
0.0157848483826
0.0171689456404
0.00869307156991
0.0108427256645
0.00557535647133
-0.00576025291226
-0.0207438459965
-0.0320083301904
-0.0387831139804
-0.0428365564991
-0.0516023582594
-0.0521367302359
-0.0526711022124
-0.0471593078211
-0.0475289457699
-0.0548156217891
-0.056715477443
-0.0569185736604
-0.0580906438908
-0.0624818700244
-0.0685264085354
-0.070934743182
-0.0675601006452
-0.0705423149799
-0.076818857782
-0.0799181917555
-0.0779935445939
-0.0760688974323
-0.0741442502708
-0.0722196031092
-0.0702949559476
-0.0591102505263
-0.0511435453926
-0.0493098429057
-0.0474761404188
-0.0471593156755
-0.053533743672
-0.0529437250213
-0.0618760001379
-0.0623140380238
-0.0682425694747
-0.072535873915
-0.0750481810631
-0.0736909035116
-0.0743478483791
-0.072036967097
-0.0706255288677
-0.0694755323314
-0.0702569481071
-0.0671964307381
-0.0638213318491
-0.05883878159
-0.0531613952852
-0.0428395067397
-0.0337370268478
-0.0238540188754
-0.0174194324335
-0.00793851183324
-0.00139851076984
0.00427742012267
0.0074460855816
0.00985675888383
0.00723123940927
0.00732286846022
0.00799697693563
0.00889158963989
0.012666168162
0.0127128976682
0.0137631135195
0.013273587836
0.0165828008819
0.0184067118741
0.0189041690902
0.0213913647925
0.0201553201309
0.0206732583926
0.0238985838775
0.0268276148
0.0238774458256
0.0241321402149
0.0206080829388
0.0170840256627
0.0135599683866
0.0100359111105
0.0065118538344
0.0029877965583
-0.0005362607178
-0.0040603179939
-0.00758437527
-0.0111084325461
-0.0146324898222
-0.0181565470983
-0.0216806043744
-0.0252046616505
-0.0287287189266
-0.0322527762027
-0.0357768334788
-0.0393008907549
-0.042824948031
-0.0463490053071
-0.0498730625832
-0.0533971198593
-0.0569211771354
-0.0604452344115
-0.0639692916876
-0.0674933489637
-0.0710174062398
-0.0745414635159
-0.078065520792
-0.0815895780681
-0.0851136353442
-0.0886376926203
-0.0921617498964
-0.0956858071725
-0.0992098644486
-0.102733921725
-0.106257979001
-0.109782036277
-0.113306093553
-0.116830150829
-0.120354208105
-0.123878265381
-0.127402322657
-0.130926379934
-0.13445043721
-0.137974494486
-0.141498551762
-0.145022609038
-0.148546666314
-0.15207072359
-0.155594780866
-0.159118838142
-0.162642895418
-0.166166952695
-0.169691009971
-0.173215067247
-0.176739124523
-0.180263181799
-0.183787239075
-0.187311296351
-0.190835353627
-0.194359410903
-0.197883468179
-0.201407525456
-0.204931582732
-0.208455640008
-0.211979697284
-0.21550375456
-0.219027811836
-0.222551869112
-0.226075926388
-0.229599983664
-0.23312404094
-0.236648098217
-0.240172155493
-0.243696212769
