-0.000839388574704
0.000711882723076
0.000779564541614
0.00102580935984
0.000748103849393
0.000338248130491
-0.000379053020357
0.0017790039443
0.00257148953118
0.00229413632142
0.0024101421294
0.00281897200236
0.00202111427851
0.00203361772079
0.00251085025748
0.00234115361632
0.00349285495375
0.00395569614991
0.00407875346252
0.00286589031822
0.00264443146861
0.00562418193919
0.00468986795622
0.00363232062879
0.00461553020137
0.00495384095587
0.00319189354905
0.00246703116302
0.00319578155337
0.00451907607375
0.00499952931117
0.00309414765074
0.00542447289532
0.00590700045764
0.00478789798839
0.00715091224793
0.00687389571507
0.00595154963904
0.00675837770648
0.00792558707817
0.0083171366362
0.010187846215
0.00945343738101
0.00868343824589
0.00985796761525
0.011756185385
0.00974062308805
0.0118304112682
0.0115525154869
0.0125950192995
0.0136375231121
0.0118333322645
0.0160654659475
0.0157708738894
0.0162938737583
0.0177123781254
0.0190375253119
0.0181020856875
0.017166646063
0.0179325401798
0.0187426093992
0.0186186900582
0.0188960832203
0.0200398096367
0.0204442309987
0.0214200299633
0.0199677149588
0.0224640188233
0.0214722822419
0.0216343854184
0.0210752690657
0.0201280758219
0.0211382768784
0.0219134235144
0.021045387861
0.0201395278022
0.020587022478
0.0201064349695
0.0194220311038
0.021349383646
0.0185431019943
0.0181276400903
0.019707365703
0.0176515695345
0.0159191955454
0.0169038700105
0.0166378203703
0.0152661543284
0.0147884752892
0.0125659397985
0.0136430530891
0.0125714494792
0.0130102912568
0.0118349588885
0.0106596265202
0.0112334998331
0.0101574297014
0.00882766831682
0.0071331021576
0.00792033339272
0.00772099942263
0.00790951213853
0.00845824400792
0.00672432497577
0.00751633315342
0.00692003751323
0.00643547158723
0.0065944466794
0.00656750700663
0.00586478619573
0.00653113030468
0.0087880101797
0.00859259553602
0.00667580659289
0.00775697727208
0.00621393795182
0.00706066834205
0.00554330154948
0.00561313761922
0.00705171319969
0.00639839757178
0.00944765562336
0.00929481403472
0.00989021227567
0.00809647741308
0.00806200219045
0.00884058637522
0.0105613058111
0.00994474937263
0.0107163400751
0.0109816335835
0.013404836661
0.0131314232408
0.0127262225655
0.0131187860673
0.0146877982241
0.0156438649054
0.0150348335601
0.0233252426989
0.0212268240427
0.0201142936557
0.0194513409206
0.0203045138103
0.0183955031897
0.0209203139796
0.0232102638341
0.0275189682072
0.0266846116833
0.0239428652961
0.0250096484333
0.0247831099986
0.0252346569059
0.0249824048253
0.0246669669507
0.0240053558827
0.024250707791
0.0240878252285
0.0232172632841
0.0234378538299
0.0283647968035
0.0267234153123
0.0250820338211
0.0230785422416
0.0224661611711
0.0228306384223
0.0223485819983
0.022592564738
0.0230069154341
0.0208556113877
0.0213149545332
0.0211550067204
0.0225207261198
0.0202018907498
0.0192967162552
0.0204201605539
0.0207056433492
0.0194976356253
0.0190608348338
0.0183000189671
0.01802054098
0.0165387101295
0.0153385271831
0.0162733250822
0.0152486453734
0.0140590396674
0.0145415343496
0.013870096254
0.0135274696248
0.0128050046998
0.0124993353769
0.0121936660539
0.011887996731
0.0115823274081
0.0112766580851
0.0109709887622
0.0106653194392
0.0103596501163
0.0100539807934
0.00974831147043
0.00944264214749
0.00913697282455
0.00883130350162
0.00852563417868
0.00821996485574
0.0079142955328
0.00760862620987
0.00730295688693
0.00699728756399
0.00669161824105
0.00638594891812
0.00608027959518
0.00704895725613
0.00879398224575
0.00938178728467
0.0100676103861
0.00988974307721
0.00971187576832
0.00953400845944
0.00935614115055
0.0100326165971
0.013923862427
0.0123173660856
0.01357464817
0.014284073626
0.0162059902724
0.0135123396467
0.0144477529714
0.0158462954499
0.0156005057218
0.0151614753295
0.0171360151949
0.0167742874332
0.0175033614006
0.0183639132289
0.0175278937832
0.019974624935
0.0191439143548
0.0207567023018
0.0229958607926
0.0212037115719
0.0235061369914
0.0245612991609
0.0256164613304
0.0266716234999
0.0277267856694
0.0251114060198
0.0250966399278
0.0241718060955
0.0240216313507
0.0247353869851
0.0249885538087
0.02476158519
0.0239105064788
0.0239615075857
0.0236820640265
0.0232343548694
0.023662571488
0.0228745743809
0.0240948630665
0.0216667047703
0.0227699337287
0.018242212436
0.0213656633703
0.0207226489804
0.0191979034917
0.0194572580749
0.0193514803638
0.0192171788962
0.0172226326679
0.0183996148923
0.0166220788473
0.0149292886738
0.0138851484482
0.0141168473161
0.0147579258164
0.0135306563666
0.0138902219959
0.0124300137861
0.0143217464853
0.0130777645311
0.012211110359
0.0112360435944
0.0116159083667
0.0105447517775
0.0114225025418
0.0130344462222
0.0146463899026
0.0114196494592
0.00833951978243
0.0100957268563
0.0084892631856
0.00831574921607
0.00822279215015
0.0105500892831
0.0104794600992
0.00886789615509
0.00737033400906
0.00543301155253
0.00677237067784
0.00807608621758
0.0096152232844
0.00837943290966
0.00845161571854
0.00803188425542
0.00843504131937
0.00931633707729
0.0088576166984
0.0101013114967
0.0102732316076
0.00931336229856
0.0116850110575
0.0124091239396
0.013021923194
0.0142481460982
0.0142978683582
0.0150465634357
0.0144698986038
0.0143376579671
0.0157659942057
0.01699504626
0.0177340755399
0.01566888215
0.0184232324941
0.019754377979
0.0195374747834
0.0194971970542
0.0203491746459
0.0200303460539
0.0209096591413
0.0216045156255
0.0212665416116
0.0212191657743
0.0232217348807
0.0229611720857
0.0231493212166
0.0247061917087
0.0239222405949
0.0232508149604
0.0247781090404
0.0248155285411
0.0249198344606
0.0239003349904
0.0246287209331
0.0238319228143
0.0240607641394
0.0225142560787
0.0226521920883
0.0240120672786
0.0235565716217
0.023079753609
0.0215499499832
0.0220020097589
0.0231054886557
0.021967622676
0.0212509402127
0.0207569286044
0.0222270264215
0.0209184107516
0.0197756832142
0.0194810065457
0.019114744915
0.0190462455215
0.0163112843564
0.0160227355323
0.0164030321661
0.0144666872847
0.013043141535
0.012776497467
0.0116596356791
0.00980875851414
0.00985503923254
0.0100981303895
0.0110128513288
0.0116316448399
0.0109752915642
0.0107176703472
0.0104097490721
0.00964912462651
0.00858412651365
0.0118620548087
0.0102664914426
0.0094991286886
0.00873176593459
0.00796440318059
0.00739214911396
0.00582653897131
0.00765672834991
0.00767879371394
0.00725182495697
0.00717507606155
0.00841909634224
0.00735449388926
0.00779147193812
0.0105319984274
0.00921217280988
0.00974398195786
0.00831988190357
0.0093587670795
0.00935525144763
0.00953203584345
0.0173584188522
0.0147013599713
0.0141307679687
0.0129895066365
0.0130393611828
0.0114637298218
0.0135179426855
0.0144827338143
0.0149655696381
0.01583714801
0.0183940332288
0.0178105081872
0.0165435492639
0.0179609408917
0.0184489637217
0.019578352061
0.0182829481411
0.0187854035859
0.0208333403354
0.0208876714813
0.0218874562591
0.0212212157176
0.0222088119322
0.0226790551994
0.0227619223916
0.0223157820556
0.0225246689272
0.023581056759
0.0236983892387
0.024753222217
0.022907863788
0.0236462061835
0.0253359654962
0.0229567254792
0.0241588388107
0.0240765010814
0.0245531485004
0.024250363466
0.0269291941434
0.0249265161797
0.0240823948419
0.0223001658251
0.0232593073442
0.0221721187897
0.0224377493982
0.0230915614318
0.0217814466792
0.0212371359213
0.021524090733
0.0231012776622
0.0207400453794
0.0202405110132
0.0185165184722
0.0161977048871
0.0178691041015
0.0157087388682
0.0168762145919
0.0173391411039
0.01513299404
0.0156739113749
0.0166185608501
0.0156969426908
0.0137659642424
0.012012383995
0.0124031414289
0.013562854407
0.0106305318771
0.0113274385968
0.00892003105067
0.0089782130862
0.00954613168986
0.00807968586857
0.00805207140316
0.00910784766133
0.00977883045918
0.00795879708364
0.00979430862979
0.00808981853726
0.00638532844473
0.0064357767973
0.00870843625616
0.00730900368204
0.00729378807135
0.00715458111665
0.00749355823509
0.00778539341121
0.00913126754499
0.009563194667
0.00804022314616
0.00762644407141
0.00900145742769
0.00837006740794
0.00974952974405
0.0100233176832
0.0127953118047
0.0117773582234
0.0143753937993
0.0129949368214
0.0137693703248
0.0129208427832
0.0147021892888
0.0155513001516
0.0156844703397
0.0155810774555
0.0220775337984
0.0190044892885
0.0186249304628
0.0194407987515
0.0198340558615
0.0197028317555
0.02047953229
0.0195394884113
0.0196349406073
0.0196177229616
0.0207421956639
0.0214890050002
0.0220016131571
0.0206090876666
0.0194342355232
0.0202562473833
0.0230623399306
0.0196661313259
0.0221540284403
0.0226016815275
0.0198956350568
0.022155283721
0.0229288410003
0.0229857529576
0.0232155743257
0.0230443033189
0.0209600787131
0.0215891882675
0.0249906461732
0.0207779228416
0.0195148515046
0.0210018163525
0.0204325678482
0.0192454571062
0.0193317586006
0.0184571735636
0.0178942692592
0.017129133738
0.0175128361723
0.0163361404289
0.0178182444109
0.0156933547899
0.0143375411409
0.0181372228609
0.0121761326456
0.0138072564465
0.0124280590476
0.01136606583
0.0131752204649
0.00925079580526
0.0117154684569
0.0106851996975
0.00982550443278
0.010021620589
0.00993161772065
0.00930043704048
0.0097055106481
0.0083964447323
0.00794782209198
0.00727125949768
0.00740593569632
0.00422716076834
0.00382011241755
0.00883569511658
0.00297014230055
0.00477361238077
0.0021383343147
0.00643689899493
0.00295977386328
0.00288216145048
0.00280454903768
0.00516833933782
0.00792497312185
0.0077332921648
0.00761763844334
0.00740817903546
0.00907721849253
0.00829923269236
0.00953044230519
0.00744580472609
0.00878738054558
0.00952997506617
0.010479611305
0.0119475304317
0.0115232785376
0.0129732278257
0.0131791821513
0.0134586906763
0.0157589466579
0.0173470207946
0.0189350949312
0.0205231690679
0.0221112432046
0.0236993173413
0.0252873914779
0.0268754656146
0.0284635397513
0.030051613888
0.0316396880246
0.0332277621613
0.0309069764467
0.0330649595465
0.0352229426463
0.0373809257461
0.0344772432086
0.0315735606712
0.030430728982
0.0283063400094
0.0298049137261
0.0286564063749
0.0285879307852
0.0250041067319
0.0244024091832
0.0256276856613
0.023877563543
0.0264732717857
0.0293819404054
0.0262890327664
0.0231882340683
0.021593766629
0.0204200420175
0.0237297120256
0.0210900072036
0.0203126359178
0.0217948172944
0.0205311137486
0.0183149734029
0.0191868697046
0.0174908635852
0.0168174985711
0.0165923225633
0.0152725428626
0.0178387014031
0.0169490443664
0.0160593873296
0.0144512583585
0.0131209298008
0.0123786353429
0.0123449513689
0.0118794663152
0.0115863193816
0.00981340062764
0.0110293372103
0.0115112556028
0.0115351638255
0.00856894115682
0.00741328257066
0.0082671333952
0.00597566670061
0.00844422505836
0.0068578124487
0.0063733059434
0.00428941919291
0.00301869428668
0.00584285917412
0.00510786030117
0.00454769931642
0.00513285092114
0.00524883019555
0.00478271930236
0.0053327200464
0.00642984638197
0.00717290433153
0.00921276898357
0.00680273068991
0.0084167160755
0.0100307014611
0.00743432076794
0.00932037948466
0.011002478044
0.010995035557
0.0124908681772
0.0107318490452
0.0126368248604
0.0100724406969
0.0120772479539
0.0138069097438
0.00894577325439
0.0129060063701
0.0130087241953
0.0125771022092
0.0136749931737
0.0140594973754
0.0144131976802
0.014348942017
0.0142541963459
0.0153388480513
0.0148335583823
0.0153632488485
0.0171149813922
0.0169167749301
0.0166575133625
0.0184465421031
0.020771894023
0.0176432783689
0.0194247789952
0.0202617006819
0.0205406756258
0.0201420703
0.0193234561864
0.0200301523766
0.0166884184461
0.0199254561026
0.0219464691324
0.0207748883161
0.0202715855736
0.0212269883935
0.0193247361069
0.0185949634015
0.0185392829849
0.0187556212568
0.0196243282888
0.0188674591053
0.0141891396753
0.0174665570139
0.0164755238742
0.0178398578987
0.0164095527312
0.0155150829424
0.0154819557504
0.01462129243
0.0141632549005
0.0120853884396
0.011952977064
0.0126746147299
0.011345790339
0.0123909180587
0.0106418645244
0.00899802090744
0.00911711412357
0.00830652448684
0.00705011507262
0.00678691196093
0.00719344210454
0.00452924885451
0.00538877896842
0.00386094674792
0.00419120043203
0.00532165444082
0.0042915263522
0.00338779367709
0.00560482723773
0.00313294863897
0.00341816416897
0.00193728170519
0.00309962850182
0.00272610575872
0.00265560130402
0.00279849967368
-0.00227379938982
0.00106735243336
0.00247911692227
0.00252176755473
0.00198453250063
0.00258192483693
0.00306258918836
0.00607783323511
0.00376547670161
0.00342317086914
0.00373117848592
0.0041181161714
0.0046073094418
0.00509650271219
0.00431793841126
0.00511582779043
0.00591253627087
0.00380349165952
0.00558356488841
0.00642238344638
0.00675074758204
0.00814887759509
0.00977112760456
0.00976651294372
0.010298275382
0.00941054749262
0.0107348086123
0.0126952919404
0.0124581888763
0.0135549161867
0.0146362125724
0.0148069417365
0.0160598022157
0.0149692852191
0.0129057431148
0.0139067673851
0.0127369275947
0.0140643265987
0.0147023632902
0.0148770185687
0.0167317446944
0.0161169301746
0.0170424924008
0.0179034042575
0.0172199401876
0.0190637136873
0.0177356362059
0.016785558397
0.0160038654858
0.0168030234891
0.0162734440686
0.0171134698381
0.0173950387952
0.0165329583375
0.0159654783833
0.0162172177367
0.0163604764635
0.014603836804
0.0144921137816
0.0150279994943
0.0120564020461
0.0130306733414
0.0137381224878
0.012350423349
0.0121849795857
0.0109203996308
0.00994760607486
0.00885905767573
0.00809689534905
0.00867557161243
0.00786243233439
0.00759485228073
0.00914559922951
0.00648095369304
0.00659354704054
0.00448811125322
0.00291304250151
0.00401160903955
0.00322154493697
0.0027689036346
0.00125017609932
0.00145647705954
0.00245675845813
0.00117878240181
-0.000148380043598
0.00110415860793
-0.000368350330953
-0.000119830974082
0.00170855493623
0.000450835985913
0.00178761283696
0.00127814656524
0.00549990935696
0.000998704799534
0.00101442069133
0.00126145291225
0.00183716198562
0.00311747328882
0.00320814140324
0.00365196049788
0.00409577959251
0.00387550623995
0.00321687746868
0.00227198889873
0.00457372956407
0.00456780409151
0.00634233682756
0.00515054718932
0.00567151044258
0.00619247369583
0.00671343694909
0.00578034644707
0.00802413806756
0.00684658990122
0.00853015491105
0.0100047874568
0.0101221578556
0.0107634345333
0.0108444980545
0.01272926098
0.0113431571509
0.0122125512183
0.0123766271383
0.0135856659546
0.0125151689955
0.0132275280408
0.0136276755431
0.0146082180018
0.0138916057312
0.0151304458022
0.0151207035362
0.0131937514682
0.0189158877213
0.0195633805014
0.0202108732814
0.0169245746247
0.0179852968156
0.0158741042404
0.0137629116652
0.021995271796
0.0144932966695
0.0149252209637
0.015357145258
0.0201488166138
0.0149508268966
0.014767353358
0.0138286511538
0.0141121912842
0.0143957314147
0.0142684664477
0.0149035819796
0.0150374193489
0.0106094885164
0.0123648751106
0.0114338344582
0.0110528214755
0.0124999671405
0.0108663345393
0.0116586186683
0.00961326821826
0.00900361812707
0.0134230729465
0.00920042789746
0.00786809226015
0.0115445040001
0.00783327899325
0.00590469326782
0.00309952520995
0.00501801431155
0.00693650341315
0.00534746635405
0.00156254557437
0.00338657426956
0.00146855584309
0.00146670499019
0.00213564573266
0.000260535361872
0.00243487010124
0.00114358700178
0.00167407265927
0.00251175872953
0.00085423654719
0.00087802811405
0.00216063967906
0.00099416964805
-0.00194555011452
0.000710798827171
9.21150184523e-05
0.000984372887001
0.00132450254234
0.00282329892904
0.00485196326605
0.00513592623897
0.00641335315569
0.00567441175151
0.00843394824429
0.0043141334553
0.00508910622089
0.00634446597876
0.00956439309939
0.0120805482979
0.0145967034963
0.0171128586948
0.0153935823003
0.0140335703075
0.0126735583148
0.0124168848708
0.0140856618861
0.0148663867329
0.01421297985
0.0161642362007
0.0142246026045
0.0139685213857
0.0130113552315
0.01463810195
0.0160016255973
0.0141095894309
0.0192632665184
0.0177502900858
0.0190939239009
0.0179639121176
0.0192280755104
0.0185679018481
0.0167097223901
0.0182914959388
0.0210767505401
0.0185605083708
0.018241856249
0.0151118042577
0.0160516475052
0.0183039719521
0.0167720813754
0.0179339082175
0.0188449702105
0.0166457551158
0.0176217192817
0.0161371042583
0.0172336717267
0.0142839834925
0.0138807354691
0.0127847335525
0.0118187155584
0.0118030418665
0.010818885781
0.0110756926801
0.00966594522254
0.0117152085652
0.00906404277923
0.0101261495955
0.00919691741104
0.0103312075327
0.0103553973295
0.00796282832057
0.00652615591837
0.00520452063721
0.00771935022435
0.00496637402003
0.00484423176532
0.00369597910204
0.00383165613859
0.00337197686896
0.00296294812298
0.00359796603921
0.00245636667533
0.0019978563851
0.000888436798363
0.00145740030074
0.000739947259126
0.0034124389999
-0.000215669180342
0.00131042131285
0.000935278600106
-0.00102483257349
-0.00220021524319
-0.0016932153393
-0.00256567812775
-0.00243187463714
0.00185578526553
-0.000118165429864
0.000832430902139
0.00106590321283
-0.000426481297643
0.000653846617101
0.00144092416827
0.00133949366804
0.00138575707935
0.00299462672291
0.0032108480159
0.00419496146522
0.00419767579734
0.0045859651617
0.00365303184973
0.00576940948927
0.00751777540304
0.00701978940587
0.0069848524878
0.0113023723305
0.00829078204944
0.0101322982128
0.0100374985082
0.00962266201521
0.00920782552221
0.011087555596
0.0113799875999
0.0124054295008
0.0116355420062
0.0120340119594
0.0132074551351
0.0130350885235
0.0128676479064
0.0141084940398
0.0143376335445
0.016201070906
0.0148157317838
0.0149322414189
0.0161151993504
0.0170123251669
0.0156902692782
0.0178255435389
0.0176275980448
0.0181174489088
0.0191214859631
0.0166049808974
0.0149200973158
0.0133275298974
0.0162977871807
0.014161199469
0.0146325267395
0.0160269272359
0.0147196730731
0.0143680140121
0.0146868546754
0.0136329745532
0.0127738620524
0.0124424931769
0.0125373105416
0.0125032302524
0.0110651959502
0.0100285944203
0.0109479707554
0.00981285181006
0.00922913219091
0.0102088343165
0.00889053227349
0.0094775568917
0.00703682532344
0.00637906590176
0.00675554666508
0.00308542468666
0.00673198750036
0.00632518924951
0.00512317270511
0.00434698184207
0.00252500921584
0.00338382768397
0.00298652721574
0.00541824632683
0.00427860450165
0.00446665406003
0.00393758979298
0.00341304143746
0.00388797160327
0.00377346216298
0.00316965412765
0.00306096157209
0.00135269023057
0.000832975126842
-2.56130716138e-05
0.00258948922741
-8.48265053577e-05
0.000648430502237
-9.95210291531e-05
9.00501638188e-05
0.0023544187454
0.00160481504594
0.00160889459148
0.00343920955579
0.00328629608308
0.0032592108419
0.00408049987358
0.00562313532015
0.00463099228579
0.00519845273875
0.00632619753118
0.00707755023213
0.00676368178168
0.00745739185808
0.00817896988395
0.00810255725579
0.00832283395266
0.00964795487882
0.00859022945502
0.00871919357136
0.00895009156784
0.00963873407383
0.00956044632111
0.0107885209948
0.0120165956684
0.0124094333757
0.0114665737601
0.0105237141446
0.0114475250236
0.012762013539
0.0130620897916
0.0139143742037
0.0156163277509
0.0144851978464
0.0151563246987
0.015596219357
0.0137935343874
0.0162011351317
0.0151690049791
0.0140748485368
0.0135649468325
0.0130951121107
0.0129821771828
0.0129645298169
0.0137710711504
0.0136601944225
0.012562321798
0.00990541087489
0.013219268262
0.0116477734255
0.0104281948834
0.0117461938324
0.0108542166612
0.011903517708
0.0105230125782
0.00970613230369
0.0113222043454
0.0115304347467
0.0094567389427
0.00858609031371
0.0065807736008
0.00702092235888
0.00590632653344
0.00469778570158
0.00305168599649
0.0036720663055
0.00308741665291
0.00255815461162
0.00067449199586
0.000816862332895
0.001978866489
0.000605390739328
-0.000170521515589
0.000278509919259
-0.000864899319494
-8.44872521943e-08
-0.000508991735513
-0.00036602225915
-0.00125952910571
-0.00128733692884
-0.00215593615624
-0.00346222438331
-0.0020566454521
-0.00522657901211
-0.00193597344929
-0.0018724509055
-0.00364053478253
-0.0021345029246
-0.00172368554011
-0.00139111540054
-0.000866197834071
-0.000589095821518
-0.000311993808966
0.00358815219957
0.00415805049834
0.0024941728021
0.00170441150839
0.00271958836878
0.00394899993282
0.00194341292274
0.00160569724429
0.00209610930962
0.00310305618675
0.00427067904646
0.00410722237525
0.00450193862964
0.00494807410616
0.00410414853784
0.00646140167801
0.00664936052424
0.00854352222754
0.00886938049652
0.0102580413815
0.0104059560211
0.011141384074
0.0111986737155
0.0110311007919
0.0110084578277
0.0115169558544
0.0120254538812
0.0125339519079
0.0106565049935
0.0127112486
0.0119635664421
0.0141726459531
0.0135398100006
0.0129096321632
0.0138186686777
0.0128397895514
0.0112856043806
0.0137398405437
0.0147132078489
0.0156865751542
0.0166599424594
0.0176333097647
0.0186066770699
0.0154990913262
0.0136086920344
0.0134573872321
0.0120258020223
0.0104341949326
0.00905754827437
0.0105137209533
0.0077433328051
0.00833721333468
0.0098929650754
0.00723303394905
0.00886229295047
0.00696051057577
0.00562742167544
0.00375984390887
0.00668078573794
0.00422878798218
0.00417708505198
0.00477573784362
0.00440085522306
0.00260720684198
0.00229145027207
0.00164635394528
0.00175273358822
0.000367730299053
0.00202708563533
-0.00100868017775
-0.00125175663453
-0.00276199128669
-0.00147918624273
-0.00232266728405
-0.00354359322302
-0.00222699944319
-0.00341622361356
-0.00143840340704
-0.00238261484703
-0.00355370614315
-0.00337626830551
-0.00343972232394
-0.00301556528129
-0.00285157186618
-0.00255444925348
-0.00120056633143
-0.0028618215537
-0.00145943393344
-0.000483194730872
-0.00102130470706
-0.0011648148161
-9.08921833047e-05
6.77902362973e-05
0.00131997080843
0.000863131709141
0.000194524854917
0.00117582133433
0.00134713825746
0.000421648034699
0.00317745758444
0.00410460902769
0.00313622717016
0.00617996416829
0.00687427636271
0.00661951096094
0.00690834632812
0.00576410062365
0.00671319453256
0.00730775485702
0.00726431363179
0.00917578922053
0.0112666693362
0.0104975687599
0.0110808385973
0.01125025208
0.0108960280185
0.00934527563344
0.010613610335
0.0100290376718
0.0104339035142
0.0103186904602
0.0103787065924
0.0106081376494
0.0108375687064
0.0107802273536
0.0114394346905
0.0111821814889
0.0116929551735
0.012235018217
0.0102962753544
0.012211145539
0.0117813155294
0.0115376583557
0.0108639194407
0.0107526755343
0.0121844965473
0.00881170451873
0.00911165460996
0.00903053474817
0.00766562031662
0.00762125437342
0.00710911927292
0.00766480658733
0.00568023134563
0.006649219013
0.00506928634335
0.00506185833873
0.00605019327338
0.00355028795275
0.00291978882732
0.00235574809437
0.00247205507014
0.000821832047846
8.44872520833e-08
0.00148950989516
0.00122123773398
0.000461068089439
-0.00018854069096
-0.000491651380595
-0.00149331323182
0.0001348091302
-0.00207145176367
-0.00393561293421
-0.0055645902364
-0.00456745879674
-0.00627539535513
-0.00421066413407
-0.00663449789934
-0.00623501897278
-0.00693392517938
-0.00676688905878
-0.00403019379513
-0.00425281614369
-0.00522298849712
-0.00633316759802
-0.00618059010675
-0.00435952747911
-0.00380345222382
-0.00311986535489
-0.00345629529604
-0.00351698149755
-0.00481472406173
-0.0040860122231
-0.00225965679994
-0.00263955486158
-0.00283491628946
-0.0022003604459
-0.00176386068761
-0.00268164280063
-0.00210540417962
-0.00135888430656
-0.00154517968748
-0.000971081217747
0.000470701461633
0.00247675196008
0.00448280245853
0.00648885295698
0.00569470724335
0.00702125685616
0.00834780646897
0.00967435608178
0.0110009056946
0.0123274553074
0.0136540049202
0.010786122965
0.0104996826339
0.0102132423028
0.0101281591738
0.0100430760449
0.00821527288271
0.0104314373976
0.0103117109909
0.0111820960707
0.0115688538641
0.0124642216269
0.0119588008086
0.0107562786459
0.0121563134999
0.00966346723802
0.00717062097614
0.00901378513553
0.00984477066631
0.00774831333367
0.00906919098084
0.00952362935363
0.0100204915373
0.00703668567889
0.00842246466245
0.00859531311913
0.00961579513917
0.00867757730584
0.00845656615964
0.00727351282745
0.00582268572822
0.00626483098372
0.0050545353205
0.00546569282794
0.00231593418423
0.00262578042843
0.00282260236129
0.00247437722001
0.00267347374028
0.00238884330752
0.000592308708763
0.00045622121026
0.000956557191065
-8.82373632749e-05
-0.000773699252857
-0.00212990017682
-0.00395300632545
-0.00430828956735
-0.0040872310475
-0.00443083403191
-0.00422469984922
-0.00596272551886
-0.0059729609887
-0.00457371663657
-0.00492516306852
-0.0050496117457
-0.0055208021132
-0.00445397853707
-0.00207425378104
-0.00392699390528
-0.00440197643962
-0.00451239028143
-0.00394636376055
-0.00302265000019
-0.00488778361523
-0.00429267749086
-0.00437668008839
-0.00431263735179
-0.00459195314527
-0.00345986200652
-0.00491867056617
-0.00376480544739
-0.00385878940154
-0.00338101964793
-0.0017714587084
-0.000744263282528
-0.00246191359531
-0.00131427652976
-0.00262327729819
-0.000670913462825
-0.00105124322332
0.00044837291332
8.84066118858e-05
0.00204186167762
0.000523872582814
9.86929687885e-06
0.00150776376829
-0.00213553569629
-0.000413178017256
0.00102902664424
-0.000568636166226
0.00109512321662
0.00236032532172
0.00353470009539
0.00334709795769
0.0039497979429
0.00491453657453
0.00591913298795
0.00566276408135
0.00724070872229
0.00669814337277
0.00789504664054
0.00764147022197
0.00698970334635
0.00750857752599
0.00556246634827
0.00672610382704
0.00868801490582
0.0106499259846
0.00701103746739
0.00657870118013
0.00658503010602
0.00659135903191
0.0065976879578
0.00586649976298
0.00613760465254
0.00462980198238
0.00404997571212
0.00272605373224
0.0023026374041
0.000673039160999
0.000982584350345
-4.67142166928e-05
-0.00168367817042
-0.000507492275975
-0.00108418202112
-0.000274833211446
-0.00220792661429
-0.00240003911915
-0.00407653367405
-0.00368255677626
-0.00500401664629
-0.00728833249976
-0.00472684670369
-0.00412419974471
-0.00497951286777
-0.00384194582394
-0.00639473390203
-0.00815346232887
-0.00829075865052
-0.00730948348019
-0.00813085416349
-0.00713557225968
-0.00972911736022
-0.00827111634176
-0.00957183127872
-0.0105427954394
-0.00941894613429
-0.00917791382944
-0.00937336872051
-0.00984655109069
-0.00901496498223
-0.00867997967322
-0.0113675878789
-0.0100556586661
-0.00856939223461
-0.00571435143585
-0.00727362382539
-0.00781193514617
-0.0111239519181
-0.0112019207846
-0.00875660748302
-0.00834966257489
-0.0071138891771
-0.00779187583858
-0.00689207836118
-0.0059191437625
-0.00677934535699
-0.00617620413854
-0.00702228525514
-0.00421880704409
-0.00281597577128
-0.00145781597312
-0.00215593569154
-0.00139497645761
0.000489960654484
-0.000628402381947
0.000781534197892
-0.00040493325419
0.000941383728986
0.000871728579848
0.00167248771673
0.00722884498415
0.00642470947864
0.00341815981909
0.00380732652622
0.00498527365906
0.00557213296595
0.00541640173479
0.00561175932495
0.00667343186373
0.00684041818151
0.00698357677234
0.00881562883812
0.00829067230716
0.00689528805253
0.00802509490697
0.0076265210583
0.0101343649345
0.00992958110162
0.010606766871
0.0110341396633
0.0114185180465
0.0116024617796
0.0101012194523
0.00984495152069
0.00954602638277
0.00999738985694
0.0104487533311
0.00955432780928
0.0073304979676
0.00782091477516
0.0086112328532
0.0136122669783
0.0131170177813
0.0143701236452
0.0153868986571
0.0146176087237
0.0139429201842
0.0137061680106
0.0145964197013
0.0168759879468
0.0177601255033
0.0171115946736
0.0149252258555
0.0124483644148
0.0131913667155
0.0127663524841
0.0111423869354
0.0101616883122
0.0103343964214
0.0114573870323
0.00977655457448
0.0112518969476
0.0127272393206
0.0142025816937
0.0156779240668
0.0171532664399
0.0152850746516
0.0151356261158
0.0124970192732
0.012548474983
0.01138978398
0.0113841431478
0.0116488128219
0.0110066915167
0.0100890838817
0.00963106387645
0.0090080454181
0.00971573126762
0.00919014679097
0.0100243608851
0.00967752968541
0.0105628476637
0.0103802398793
0.00687328504328
0.0100417838561
0.00952417408867
0.0111640709783
0.0108511021592
0.0102328330225
0.011722959369
0.0135623843181
0.0129836176187
0.014058605368
0.0161518510212
0.0155344384692
0.0158898707017
0.0161448752022
0.0157890901894
0.0157033195325
0.0157103913353
0.0153727390031
0.0150962812788
0.016573457825
0.0160461871713
0.0170087109545
0.017146887518
0.0163040046157
0.0176352313538
0.0169428113429
0.0186649758229
0.0183077497963
0.0170389424957
0.017735463131
0.0168427181123
0.0182726703355
0.0185337832269
0.0164421896634
0.0171154721324
0.0172697362929
0.0169817047364
0.01669367318
0.0164658076917
0.0142900310303
0.0140738901261
0.0136275738054
0.0129000440609
0.0142921904602
0.015112653455
0.0125882067515
0.0116188857804
0.0107506524358
0.0103175011425
0.00988434984916
0.00904667742884
0.00781091915258
0.00670467005245
0.00541862602138
0.00897481761537
0.00493934184468
0.00584815701755
0.00513453892612
0.00486601591183
0.00313272668838
0.00512753490711
0.00442199084613
0.00153266749048
0.000749547437993
0.000586652653024
0.000446717639123
-0.00107425956191
-0.000739297973075
-0.000685127363885
-0.00164389948421
-0.000822340567343
-0.00181523955442
-0.00338526997295
-0.00224732858451
-0.00284994336652
-0.00434060465735
-0.00304771213013
-0.00365941527272
-0.00205439899806
-0.00279220136526
-0.00297351097094
-0.00355251527612
-0.00419531538902
-0.00305844421486
-0.00531385704427
-0.00373397957135
-0.00295968462455
-0.00493596704527
-0.00422703420875
-0.00364478063578
-0.00237504790494
-0.00344122752055
-0.00306711903081
-0.00452678713994
-0.00458459047371
-0.00352617069647
-0.00416503270978
-0.000532713047495
-0.000658388873231
-0.000784640150182
0.00215303296512
-0.000161894473078
9.58784850097e-05
0.000353651443097
0.000611424401185
-0.000229487025315
0.00235083646954
0.00229809557984
0.00244143449204
0.00286372415853
0.00283976502625
0.00273450438857
0.00202975533804
0.00369641104229
0.00371941738168
0.00315911817776
0.00430002550619
0.00378914613611
0.00293746121395
0.00348181614044
0.00331924261522
0.00417314267681
0.00324525218261
0.00380094212453
0.00199060940736
0.00342252239111
0.00303241423211
0.00267579590319
0.00068783485857
0.0035033087982
0.00131575922084
0.000625263185023
0.000947289326417
-0.000563099113413
0.000342295237505
-0.000909673254055
-0.0026548523939
-0.00361477380541
-0.00301901474442
-0.00506398190587
-0.00483482520963
-0.00651878952219
-0.00645786718858
-0.00762845801541
-0.00749747236597
-0.00736648671652
-0.00723550106708
-0.00687418880091
-0.00656400880515
-0.00823017812537
-0.00977669040982
-0.0103346042311
-0.0105389962138
-0.010801937245
-0.0126563400813
-0.0117678692084
-0.0120692581566
-0.0134271583029
-0.0149539966097
-0.0149826277301
-0.0137416026115
-0.0134801845809
-0.0142372780971
-0.0152769135129
-0.015489794151
-0.0153796618388
-0.0142064810761
-0.0150766528799
-0.0162938120094
-0.0148868463829
-0.0151654650683
-0.0162358629197
-0.0151049153811
-0.0142794842988
-0.014920385071
-0.0145400980377
-0.0150777094052
-0.0146280101968
-0.0146346970318
-0.0116738960296
-0.01636153882
-0.0109283131486
-0.0109820329926
-0.00960959541569
-0.0114796126397
-0.0104372301764
-0.00884261644502
-0.00940142201444
-0.00602609031544
-0.00974366726397
-0.00648048065919
-0.0061625052935
-0.00658698270024
-0.00578744872061
-0.00464599623846
-0.00526603351314
-0.00496559078871
-0.00557882064891
-0.00419403234552
-0.00378718667877
-0.00381503466667
-0.00237549099473
-0.00303717829826
-0.0028181632652
-0.00261283818649
-0.0005556329069
-0.000572538186258
-0.000847394459048
-0.000613002361633
-0.00157980704535
-0.00022276577146
-0.00144716553138
0.00109715560745
-0.000611717524335
-4.82271805902e-05
-0.00114760810927
-0.000478197780254
-0.000295670560409
-0.000237197865214
0.00134487711963
-0.000181282810443
-0.000366377783914
-8.15722835568e-05
0.00265904454844
0.00291200953218
0.00248065205707
0.00204929458197
0.00161793710686
0.00118657963175
0.000755222156645
-0.00237163175576
-0.00478785815345
-0.0068954730873
-0.0075209541874
-0.00783708391174
-0.00775486088358
-0.00786138276816
-0.0107267559003
-0.0098431733171
-0.0110059260943
-0.0112278153512
-0.0114497046082
-0.0127460540621
-0.0136371384629
-0.0139668561618
-0.0145860118066
-0.016010101102
-0.0161023263014
-0.0154375572729
-0.0157041340114
-0.0137673327618
-0.0172473252803
-0.0163174200154
-0.0181398333156
-0.0193251350025
-0.0206363873933
-0.0213292404223
-0.0221396189487
-0.0207073543477
-0.0210886115282
-0.0200910048116
-0.0204323490356
-0.0205093501398
-0.0216519310066
-0.0207384976459
-0.0183770661415
-0.0209932227299
-0.0178650218715
-0.0160961025805
-0.0180864493229
-0.01692521688
-0.015270763027
-0.0154846427603
-0.0161033650477
-0.0180391639902
-0.0163328328311
-0.0164462698552
-0.0143231192518
-0.0126378075452
-0.0130106214809
-0.0138532360891
-0.0143395896609
-0.0122896872287
-0.0120511385627
-0.011515653305
-0.0124381391434
-0.0105421221746
-0.00804634023555
-0.00877382990472
-0.00747199484537
-0.00708406602078
-0.00593287181169
-0.00641418416517
-0.00606113535365
-0.00723219076639
-0.00653485708593
-0.00505276738738
-0.00496898653509
-0.0045325627882
-0.00513433987774
-0.00397807328407
-0.00427075016338
-0.00362072063496
-0.00421874853716
-0.00340788303647
-0.00323009039725
-0.002212242847
-0.00489992397239
-0.00685429207353
-0.00443426192335
-0.00648772699453
-0.00834937458023
-0.00691912438626
-0.0089118751956
-0.00830512985178
-0.00846842444332
-0.00880192900776
-0.00905626696478
-0.00852326744557
-0.0105699311697
-0.0111702218715
-0.011013598457
-0.0129907553362
-0.0129571901975
-0.0150482225221
-0.0141726495085
-0.0142573802223
-0.0127518931685
-0.0151356352724
-0.0171008019467
-0.0184360853095
-0.0175331409808
-0.0202584179153
-0.0210232417642
-0.0210538026832
-0.0225137189457
-0.0222609906619
-0.0220082623781
-0.0230159498464
-0.0231705677692
-0.0247640763572
-0.0233508862205
-0.0226582984744
-0.0219657107282
-0.0230531172552
-0.0241405237821
-0.0252279303091
-0.0326287286406
-0.0382788494354
-0.038549343533
-0.0388198376307
-0.0390903317283
-0.0393608258259
-0.0396313199236
-0.0399018140212
-0.0401723081189
-0.0404428022165
-0.0405062326419
-0.0370739277896
-0.0365047854762
-0.0349227011119
-0.0318464844592
-0.0287702678065
-0.026447883971
-0.0232418452502
-0.0233005112754
-0.0154707077037
-0.007640904132
-0.00546047647632
-0.00511488126455
-0.00326510446054
-0.00324085367206
-0.00152621890848
0.000971645801211
0.00268563655948
0.00265987873278
0.00135270897206
-0.00137570679607
0.00535999310514
0.00520709439999
0.00377525152635
0.00455168094899
0.00613207961557
0.00739606564319
0.00629362058059
0.00547916798452
0.00623051754604
0.0078033496026
0.00878465057698
0.00955079461335
0.00928357632258
0.00984877652379
0.0106739871627
0.0115069020717
0.0120797401263
0.0128666962129
0.0145351064068
0.0131272598995
0.0144465855279
0.0120806950968
0.0145827378892
0.0152990470033
0.0146933327357
0.0162423487432
0.0159385080219
0.0172562481961
0.0146000104745
0.013586074589
0.0107146406529
0.00915189650777
0.00913446830951
0.00873312144435
0.00789745176903
0.00457767556521
0.00101556429405
0.00280862358196
-0.000615977113428
-0.00224542246214
-0.00302972166009
-0.00720800470213
-0.00699640378338
-0.00978691572828
-0.0139846877336
-0.0194406913029
-0.0203682519852
-0.023457761875
-0.0246864277626
-0.0265445693114
-0.0274079993965
-0.0299784428838
-0.0314144569582
-0.0322087707593
-0.0343490231442
-0.036489275529
-0.0380885179189
-0.0372416151866
-0.0365663334044
-0.0368334809675
-0.0332536188089
-0.0323947929889
-0.0288979057324
-0.0276232467325
-0.0289002149777
-0.0277897559241
-0.0258787159577
-0.0215814151379
-0.0220606637436
-0.0169030357961
-0.0170165013712
-0.015029947283
-0.0126310347726
-0.0121302020682
-0.00945042886396
-0.00676767107427
-0.00902621015414
-0.0071839213357
-0.0062651422474
-0.00534587648835
-0.0024851691969
-0.00028574051796
0.00183350548226
0.00377065669837
0.00397645480233
0.00661017250699
0.00713867017011
0.0103908383862
0.0130195650489
0.0124736340645
0.0111361528644
0.0123927345775
0.0122580499619
0.0119159571028
0.0117598487808
0.0120651056047
0.0102133847596
0.0124446982715
0.0117810332793
0.0116914655885
0.0138796805293
0.0124756730685
0.00984066714946
0.0133050654027
0.0144361087385
0.0132017551776
0.0127866134356
0.0127865649635
0.0124596941771
0.0102469419879
0.0110026292968
0.0108224557007
0.00972763851007
0.00996806597727
0.00826983320442
0.0108731837932
0.0109684605141
0.00988108252725
0.00873923606615
0.00679440505939
0.00562338677633
0.00518055435482
0.00460043676592
0.00461151643239
0.00434090427381
0.00379643308373
0.000304995966793
0.00258336913518
0.00197811748798
0.00222135344105
0.000846570864599
-0.00221559306944
-0.0020541882447
-0.00182007918815
-0.000617831426075
-0.00419332731322
-0.00478490537588
-0.00511064608968
-0.00779512437943
-0.00476743638607
-0.00610558457882
-0.00464878775259
-0.00749454513365
-0.00860447328704
-0.00876183591907
-0.00818622940883
-0.00998801214808
-0.00840260279492
-0.0100343426016
-0.0088022639933
-0.00934635393152
-0.00989044386974
-0.00914124727093
-0.00847676748432
-0.00766011967493
-0.00648827368111
-0.00527890972821
-0.00685410262634
-0.00599115841546
-0.00593551621486
-0.0037845822464
-0.00418550940128
-0.00532806266942
-0.00382236170739
-0.00497496866295
-0.00389832419685
-0.00481573008076
-0.00314236047541
-0.00354130337395
-0.00256843008989
-0.00326410873563
3.52226712128e-05
0.000695825716231
-0.000526772111221
-0.00192177571682
0.00238709303359
0.00141337063491
0.00275685687832
0.00373587300101
0.00251379660887
0.00263941940612
0.00343399823253
0.00349525447179
0.00486628635229
0.00397710792807
0.0049481755137
0.00499676601931
0.00880267237499
0.00742570404437
0.00802406288484
0.00745171656923
0.00721355861163
0.010362019646
0.00929876945885
0.00837992638939
0.00926300170363
0.00840073159425
0.00936081938283
0.00407511319052
0.0128733783057
0.0121978839551
0.0109129459912
0.00962800802733
0.00834307006345
0.00900949174181
0.00766492553194
0.00879013668503
0.00929462550053
0.00990329135463
0.00686124523787
0.00631724345052
0.00803138754907
0.00635888581741
0.00386033991301
0.00267185928425
0.00145273708072
0.00317078281817
0.000339612165427
-0.00162824134647
-0.00266446678105
-0.00353711748976
-0.00641833610223
-0.012246391083
-0.00756890671046
-0.0111366901273
-0.0121970520247
-0.00968048355889
-0.0122067056415
-0.0149081480757
-0.0200850830125
-0.0217013194151
-0.0241417548008
-0.0263399213799
-0.0271842921347
-0.026227167086
-0.0252700420373
-0.0243956563274
-0.0235212706174
-0.0226468849075
-0.0231636846401
-0.0239693357968
-0.0259390503134
-0.0266106528275
-0.0257638717556
-0.0282512883426
-0.0285155415002
-0.0285635865847
-0.0286116316692
-0.0258961743789
-0.0231807170885
-0.0204652597982
-0.0177498025079
-0.0202997662346
-0.020543129942
-0.0218926858859
-0.0230196094528
-0.021013761159
-0.0192121494406
-0.0200847441414
-0.0169652715192
-0.0151892478174
-0.0168961461252
-0.0124345680114
-0.0128671886642
-0.0125435347084
-0.00995928137509
-0.00980868889325
-0.00797435889191
-0.0086556814451
-0.010535341375
-0.0110962074477
-0.00425960871942
-0.00216466954958
-0.0016532488165
-0.00168279843259
-0.00120025854429
0.000104743844934
0.000894516845454
0.00220985475232
0.00449971202115
0.00600539790343
0.0072365637758
0.0017428978035
0.00869808181618
0.00982038773005
0.00874729052815
0.00894047144198
0.00976837719564
0.0104102903022
0.00989041411185
0.010050581966
0.010852336492
0.0108398420346
0.00924866687338
0.00935940427442
0.0104250611992
0.00784213749098
0.00602962502415
0.00772487578432
0.00450726708296
0.00131305587354
-0.000568658894799
-0.00164249346536
-0.00429700104421
-0.00720710978695
-0.0106633419941
-0.0152912295151
-0.015826894727
-0.020464293144
-0.0235389656161
-0.0279619414014
-0.0331768636889
-0.0366167091378
-0.0373021785488
-0.0390549399383
-0.0435335119565
-0.0477493567248
-0.0494296405059
-0.0526695035228
-0.0541743211037
-0.0561551476774
-0.0595970047656
-0.061523750755
-0.06258367216
-0.0659545929623
-0.0652998655942
-0.0664080950035
-0.0678380802366
-0.0638502483274
-0.0604268548489
-0.0642666239873
-0.061351497065
-0.06140664078
-0.0602982341501
-0.0587317497053
-0.0550890277229
-0.0538152618548
-0.0500393983367
-0.042820172796
-0.040070988832
-0.0369519810301
-0.0320368652793
-0.0309626490438
-0.0298884328084
-0.025188258641
-0.0228442303487
-0.0211510146888
-0.017536162671
-0.0177544581277
-0.0168401437148
-0.0159876579263
-0.0148054622025
-0.0131432238972
-0.0114972490843
-0.0114071220265
-0.00834722726263
-0.00768310614413
-0.00491995633167
-0.00517922392467
-0.00547603970241
-0.00663619975219
-0.00562465688541
-0.00397618010376
-0.00338343362275
-0.00332996093889
-0.00289463575203
-0.00382762120755
-0.00103057511711
-0.000788756563124
-0.00205490897455
-0.00179738941406
2.40694904214e-05
-0.000636354032147
-0.000829583812813
-0.000389902897113
0.000882384461636
0.00170044295574
0.00246646821433
0.0007705841077
0.00372829075371
0.00350673931063
0.00135651649178
0.000689067492102
0.000269793874762
-5.8671583301e-05
-5.12824014232e-05
0.000829770330744
-0.000266864189305
2.91891651918e-05
-0.000832104342724
-0.00169339785064
0.00254214519186
-0.00173444890226
-0.0026764370243
-0.00429848499638
-0.00474990807352
-0.00482757938916
-0.00589342810152
-0.00740681448789
-0.0107284270812
-0.0103175061203
-0.0110389692195
-0.0139484269608
-0.0132516865594
-0.0173402395385
-0.0180249325419
-0.0204963285582
-0.0214671526744
-0.0208452058054
-0.0239347222696
-0.0264960241763
-0.0284532380135
-0.0317734647809
-0.0331527892915
-0.0363048887466
-0.0394569882017
-0.0391136701957
-0.0385340067289
-0.0400865528332
-0.0402373724871
-0.0397750511724
-0.0407737813448
-0.0407172833356
-0.0412431215557
-0.0432179743986
-0.0421091390673
-0.040611022498
-0.0363050934026
-0.0345453873112
-0.0327856812199
-0.0329802280553
-0.0325688816806
-0.0326949522273
-0.031092024576
-0.0294890969247
-0.0228250384878
-0.0231620009811
-0.0229767847746
-0.0242792429384
-0.0255817011021
-0.0206425282197
-0.0200324346422
-0.0162587134431
-0.0165629071902
-0.0152809850802
-0.0138783634954
-0.0108279656785
-0.011553347841
-0.0078471858265
-0.00551359990539
-0.00710971517155
-0.00235925997533
-0.00130117283166
-0.000323950877771
-0.000184431495727
0.000623272916674
0.00382646327369
0.00307019497984
0.0037369375177
0.00392206690581
0.00535077871403
0.00439773826278
0.00327335544181
0.00677863371653
0.00651546152474
0.00475242347011
0.00701543035609
0.00618880905915
0.00520281013349
0.00557668718458
0.00486261540484
0.00490215209377
0.00371755989713
0.00454986087201
0.00487146676919
0.00519307266636
0.00616392699858
0.00380254081422
0.00415814334672
0.000967620334603
0.000181547221864
-0.000766237494296
-0.000468297067452
-0.00211411438049
-0.00271534332269
-0.00282741752258
-0.00467789912968
-0.00381444179583
-0.00584193570734
-0.00570718723993
-0.00828827387074
-0.0105165595912
-0.0122105922845
-0.0120962519156
-0.0149190548375
-0.0152989924739
-0.0178611484675
-0.0165533888417
-0.0173447199882
-0.0165114324075
-0.0196573680106
-0.0210618102205
-0.0232172686013
-0.0243262916088
-0.0250907699369
-0.0245433283034
-0.0249943757913
-0.0258249665639
-0.0263814505884
-0.0277233937111
-0.0288575970652
-0.0262008728498
-0.0263874075718
-0.0267013338554
-0.0277877336457
-0.0270064502857
-0.0272874329299
-0.0272747139825
-0.0268158783692
-0.0259785070687
-0.0254948276564
-0.0219612311334
-0.025051450733
-0.0158893287907
-0.0182294471792
-0.018712296401
-0.0187951724887
-0.0184964129057
-0.0179650996794
-0.0183594898408
-0.0166473131582
-0.0154197368986
-0.0144697271336
-0.0118361426922
-0.0139510852798
-0.0160660278674
-0.0141417243357
-0.013472366208
-0.011927193306
-0.00991220499262
-0.0104234080431
-0.00988954464351
-0.00671287817198
-0.0075314749591
-0.00598597700431
-0.00831246834868
-0.00654646512133
-0.00691192471819
-0.0062657542565
-0.0060076872759
-0.0053812411292
-0.00436070709303
-0.00460860337543
-0.00447995702169
-0.00382043562241
-0.00374920199673
-0.00331570848309
-0.00184979690858
-0.00478939774085
-0.002850979666
-0.00250027104204
-0.00186306435846
-0.00265712474493
-0.00134217706941
0.000135567289713
-0.00155486765758
0.00362424423426
0.00202489817457
-0.00168620814876
0.00066680962384
-0.00388320813417
-0.00139128013469
-0.00183783862654
-0.00303523696127
-0.0047647911546
-0.00394157506553
-0.00446119300405
-0.00397954954014
-0.0049371007321
-0.00491613834189
-0.00597996460913
-0.00543097418466
-0.00872608555056
-0.00432729618658
-0.00774954524991
-0.00826880823756
-0.00994912574886
-0.00921264943745
-0.0120800890559
-0.0126852522235
-0.0126486131648
-0.0131618145525
-0.0133824867757
-0.00972267858183
-0.0152897979225
-0.013195766902
-0.0131968791593
-0.0143875267356
-0.0164043876319
-0.0178344916394
-0.0172996701946
-0.0183574725933
-0.0173082647073
-0.0192888941335
-0.0207678677809
-0.0204578408009
-0.0227203210148
-0.0183413570471
-0.0174597191524
-0.0188233798926
-0.0171283741378
-0.0151079344206
-0.0166313653253
-0.017568627477
-0.0187364984628
-0.0176285105491
-0.0179259865399
-0.0180284745181
-0.0198109520562
-0.0215934295944
-0.0186054488994
-0.0168515197855
-0.0130532736415
-0.0114330634351
-0.0108151482713
-0.00980299920406
-0.0109369924019
-0.0078176648321
-0.00980630235074
-0.0102130619867
-0.010854831216
-0.0114966004453
-0.00941772393696
-0.00618990420069
-0.00555958296043
-0.00516735430538
-0.0062881113215
-0.00402358081564
-0.00339079394671
-0.0048374548155
-0.00400502128065
-0.00415532544263
-0.00535469190369
-0.00174988882114
-0.00187260973589
-0.00178323930497
0.000460082811601
4.7066755108e-05
0.000405809436842
-0.000530826813028
0.000889036174252
-8.70275087829e-05
0.000209450682692
0.000770127520527
-8.93958248663e-05
0.000882727627865
0.0022443914887
0.00260355271108
0.00241437519467
0.00256031563723
0.00174398942667
0.000549537143798
-0.00293017531836
-0.00237996590045
-0.00174595621822
-0.00227941539988
-0.00253613997408
0.00105429291641
-0.000658554712099
-0.000946853056362
-0.00105002399225
-0.00154664844268
-0.00468584695145
-0.00436802442523
-0.00626667353492
-0.00630989202549
-0.00636731762805
-0.00791149854648
-0.00897987926644
-0.00565008054476
-0.00661432435321
-0.00697062458327
-0.00898539375158
-0.0113872421062
-0.0117273151539
-0.0117993610047
-0.0131072954999
-0.0144022774813
-0.0155323263586
-0.0151623564249
-0.0153722524664
-0.0134248961272
-0.0139572437376
-0.0153014610688
-0.0165764461674
-0.0185583907578
-0.0177945080557
-0.0174465245319
-0.0194064373818
-0.0190088383455
-0.0179286561788
-0.016458856864
-0.0194389089647
-0.0177264346226
-0.0175284321823
-0.0151369656144
-0.0162604200074
-0.0173838744004
-0.0152078794843
-0.0140385665798
-0.0107685471602
-0.0107963544548
-0.0106802560438
-0.00898742352871
-0.00854269785523
-0.00809797218175
-0.010988272089
-0.0105584562112
-0.00912930212521
-0.00779179190719
-0.00677088765481
-0.00834564899254
-0.00600470021572
-0.0071774309535
-0.00799683359903
-0.00695875881669
-0.00548082867514
-0.00400289853358
-0.00330288840422
-0.00272307777829
-0.00269828193682
-0.000934936928047
-0.00435668780773
-0.00415070970539
-0.00138861633806
-0.00179154015332
-0.00101222198535
-0.000674041865052
-0.00522924088832
7.72176275208e-05
-3.87929851217e-05
0.000259744431375
0.000294932883423
-0.000123702578449
9.79360369484e-05
0.000917887161487
0.00181176343429
0.00226095505292
0.00373021231196
0.000849108844068
0.00457373096363
0.00046517152626
-0.00203478558947
-0.000901000291915
-0.000737593874886
-0.00290017619749
-0.00281674656831
-0.00289900465191
-0.00202396794078
-0.0029483346896
-0.00126178708136
-0.00120045290803
-0.00404894289228
-0.00689743287654
-0.00758570826995
-0.00673548122662
-0.00518866050421
-0.00259646726141
-0.00385323104504
-0.00461872035897
-0.00437409563082
-0.00526555926825
-0.00644892743959
-0.00846826425515
-0.011771070314
-0.0102673490496
-0.00946580282225
-0.00911958439867
-0.00958749698379
-0.0120398772546
-0.0125151212069
-0.0128381381177
-0.0141924868436
-0.0128442621304
-0.0139260050069
-0.0120475887264
-0.0145970853979
-0.00901433380269
-0.00951990314191
-0.0118059174309
-0.0108417721323
-0.0106265038131
-0.0115438754815
-0.0110964930399
-0.0116560619489
-0.012942817308
-0.0108189462913
-0.013479021615
-0.013049395416
-0.012619769217
-0.012190143018
-0.011760516819
-0.01133089062
-0.010901264421
-0.0120214964171
-0.0103086449097
-0.0107985907326
-0.0106423099009
-0.0105830903796
-0.00963544459532
-0.0109776702622
-0.00673646602929
-0.00703570702943
-0.00593993669534
-0.00578104694417
-0.0054851223431
-0.00486158006563
-0.0060147063455
-0.00648175889057
-0.00444687111416
-0.00287263424607
0.000284342792692
-0.0028978847876
-0.00608011236789
-0.000786522101601
-0.00183824989094
-0.0012812346591
-0.00095733382452
-0.000565082195481
7.30662305772e-05
0.000830855087591
-0.000532955583639
-3.98724388684e-05
0.000128497614742
0.000534793970475
0.000941090326209
0.00138357454817
0.00207790351154
0.00321096989739
0.00214920182716
0.0018335073766
0.0011732027315
0.00114971334591
0.000349424228618
0.000723840455278
0.000154675294004
-0.00477254729889
-0.00219631770435
-0.00323305169722
-0.00520689479086
-0.0046659836335
-0.00481526422184
-0.00496703823621
-0.00470097333771
-0.00325165905224
-0.00484513025142
-0.00365831179943
-0.00615941802481
-0.00953770941031
-0.00544396726677
-0.0065425717172
-0.0080873953603
-0.00774243492138
-0.00656905946645
-0.00745491125181
-0.00775895407598
-0.0102113923802
-0.0112702284846
-0.011781246329
-0.0129743262407
-0.0163149740078
-0.0140657803497
-0.0135481737641
-0.0131715401169
-0.0125268854868
-0.0134691864485
-0.012242766295
-0.0137253648785
-0.0138142579266
-0.0143606437317
-0.0117457722609
-0.00732527682885
-0.00937644676272
-0.00814789218081
-0.00934518806037
-0.0118130726521
-0.0122549966578
-0.0108328272435
-0.0120543646793
-0.0120999655882
-0.0114465911141
-0.0140781880013
-0.0124741328327
-0.0133511471104
-0.0134463733634
-0.00901847262696
-0.00915106061727
-0.0105683739942
-0.0107006156302
-0.00976171739235
-0.00911844488394
-0.00902311406261
-0.00638233199869
-0.00687817928646
-0.0073000862475
-0.00782955615138
-0.0084862229016
-0.0048290443869
-0.00599170687256
-0.00677394602615
-0.00622237286829
-0.00654743121299
-0.00544075361975
-0.00488400975084
-0.00494693436817
-0.000963656603024
0.00014123570156
0.00202940409157
-0.000774876433815
-0.0035791569592
-0.00367643573725
-0.00201149111403
-0.00178670989566
-0.0017378506915
-0.000705383155526
-0.000830517072399
-0.000208201112716
0.00153154278005
0.000994576165161
0.000713844300768
0.0023678646844
0.00156516860745
0.00238214483125
0.00328163842728
0.000625196817325
0.00262329580512
0.00164213256107
0.00283889475458
0.000925301559729
-9.76103482488e-05
0.000191782410389
-0.000516716462547
-0.00051730051824
-0.000517884573933
0.000318578098399
-0.00162640940929
-0.00110247260635
-0.0028998072069
-0.00270635086802
-0.00195699190811
-0.00525121303938
-0.00442929616504
-0.00409659642638
-0.00521642825679
-0.00674661384937
-0.00363753962312
-0.00682836539198
-0.00627594216383
-0.00627920318182
-0.00726441280078
-0.00707230470625
-0.00820229404245
-0.00862061597483
-0.00895021378755
-0.0106543388031
-0.0123584638186
-0.0140625888341
-0.00964664818587
-0.0115706685064
-0.0115718269495
-0.0119583118788
-0.0121131245662
-0.0123666515025
-0.0126722130485
-0.0135998824709
-0.0135084917278
-0.0122926396189
-0.0140147541133
-0.0169034734032
-0.0141475857952
-0.0128635737718
-0.011760430749
-0.0114699932539
-0.00948217449546
-0.00947639062269
-0.00778556831356
-0.00887336038804
-0.00978824482799
-0.0100246811802
-0.00962726994467
-0.0101383110146
-0.00758832763071
-0.00602848280991
-0.00769800334686
-0.00809517071383
-0.0041650421298
-0.00434841427653
-0.00525878083849
-0.00772160461216
-0.00660059712627
-0.0051335111397
-0.00396958851454
-0.00347261392757
-0.0029756393406
-0.0031393087568
0.000316755694542
0.000376101867987
-0.00191104252886
-0.00127510114537
-0.00170777900374
-0.0019266690961
-0.000610903870336
-0.00135461734023
-0.000716138428242
-0.000165425420217
0.000385287587809
-0.000738309911103
0.000237413642163
0.00309113561458
0.00192544735305
0.00256088743322
0.00211598705639
0.00273400310239
0.00401429205281
0.00351949413162
0.00227001172437
-0.00200082613611
-9.23508143635e-05
0.000737357148841
0.000435028120929
-0.00282277336256
-0.00205779521287
-0.00267800099132
-0.00579438506419
-0.00412113557849
-0.00598695607433
-0.00876289775088
-0.0106318891934
-0.0153807185726
-0.0126031341703
-0.01411419401
-0.013105736737
-0.0144548432803
-0.0136334952691
-0.0169994444382
-0.0170339917578
-0.0167438141246
-0.0208008288942
-0.0212487999635
-0.0214590671913
-0.0218983804413
-0.0210974858166
-0.0208665130604
-0.0220750384484
-0.0221468857169
-0.0228431253343
-0.0227007153019
-0.0232137689625
-0.0236681135168
-0.0213242824687
-0.0224406618552
-0.0221143173455
-0.0215318775189
-0.0179840777556
-0.0194104021956
-0.0171247345761
-0.0170934282484
-0.0166137209557
-0.0174391783095
-0.0177531900277
-0.0170428914461
-0.0159269782306
-0.0162931852803
-0.014520321312
-0.0132619913869
-0.0098024157113
-0.00931870589823
-0.00877113620804
-0.00752435958443
-0.00821899616871
-0.00865551346221
-0.0065015948649
-0.00918253536032
-0.0083853043719
-0.0086226066638
-0.00700831803221
-0.00921010395515
-0.00443255209379
-0.00299883360864
-0.00220731882534
-0.00225752676774
-0.000528509448773
-0.000897517907435
-0.00177438708942
-0.00180194816636
-0.00176724515188
-0.00229188130429
-0.00139799380284
-0.00507913392962
0.00211577215661
0.00229949899931
0.00254923949013
0.0030539345451
0.00432399553727
0.00549496993976
0.00364773109851
0.00402486945402
0.00479009089659
0.00591089898337
0.00501497646459
0.00463042734499
0.00424587822538
0.00512151175106
0.00494650610984
0.00382797763492
0.00300723447639
0.00500370348789
0.00514176968761
0.00333459152615
0.00403538171699
0.00343106919694
0.00185190132148
0.00291224030648
-0.00129258217555
0.000198958497493
-0.000694522416224
-0.00111179578588
-0.00172500551011
-0.00142482597799
-0.00281483850453
-0.00290428385983
-0.00494023023407
-0.00674984988323
-0.00701031649442
-0.00939837907489
-0.00706339501742
-0.00702304816631
-0.00736017008051
-0.00825872306717
-0.0093606937895
-0.0101784943789
-0.0110485109502
-0.0109552753409
-0.0121164529593
-0.0124790117111
-0.0130905568009
-0.0129324147389
-0.0127742726769
-0.0129337876506
-0.0139629643086
-0.0131659305293
-0.0135139636545
-0.014330291543
-0.0151146909081
-0.0143672424214
-0.0136762808347
-0.0158607262033
-0.0149582457073
-0.0140856827813
-0.0107390039597
-0.0115561050309
-0.0117533585866
-0.0109714830045
-0.0120351116907
-0.00990776003737
-0.010218706669
-0.0110770476391
-0.0117804717015
-0.00901350915415
-0.00924999347549
-0.00871844946901
-0.00683710948483
-0.00790878652472
-0.00799396911502
-0.00746276490582
-0.00913373881942
-0.00721866625881
-0.00620254862746
-0.00805560928232
-0.00793442363993
-0.0071957242031
-0.00541501261906
-0.00577806231699
-0.00199383061902
-0.00166677113604
-0.0016631623946
-0.00255531588183
-0.000151841835153
-0.00302348226847
-0.00222560906903
-0.00204745377145
-0.0015766762667
0.000362214426214
0.000102791174653
-0.000643902719046
0.00324988261836
0.00280191910866
0.00258833977398
0.00361357481631
0.00262515375997
0.000289317270799
0.00218948173351
-0.000449786413106
0.00102419332496
0.000123414514625
0.000614368225231
0.00274411532361
0.00487386242198
0.00346411470361
0.0028396572012
0.00362245176654
0.000822032987815
0.00049042965678
-0.000573237038485
0.0012619387348
-0.0017850684674
-0.0019388628445
-0.00171093996542
-0.000637317477818
0.000436305009784
0.000225632731042
-0.000147356119851
-0.00303031107167
-0.00338546036633
-0.00377923407951
-0.00141612540004
-0.00396308406415
-0.00530280318501
-0.00536877122608
-0.00629589260574
-0.00913511229354
-0.00685194135024
-0.00737909865807
-0.00828488394661
-0.0103312503891
-0.00892162059486
-0.00819977331851
-0.00769606975595
-0.00902429851235
-0.0109522383279
-0.0113504386814
-0.0108325503481
-0.0146022091668
-0.0108520139724
-0.00710181877794
-0.0105180349208
-0.0104218203931
-0.00875650063538
-0.00829656698053
-0.00850312804497
-0.00802349896986
-0.00871838032127
-0.00958539014219
-0.00929134278027
-0.0113709314337
-0.00956748171024
-0.00948783756154
-0.0106696158833
-0.0100735417388
-0.0108525083429
-0.0100663122808
-0.00338924789466
-0.00806032687388
-0.00795881628091
-0.00858003817832
-0.0082462586544
-0.00907709203121
-0.0074542912416
-0.00784788533724
-0.00702386624057
-0.00625253462506
-0.00605521632952
-0.00348818482571
-0.00340512117438
-0.00449655974341
-0.00383771016487
-0.00397296708008
-0.00110970416321
-0.00064970548333
-0.00018970680345
0.000355627819714
-7.49141833192e-05
0.00073779107946
0.000962240952904
0.00312250389293
0.00117627349001
0.00119418929442
0.000824893736384
-0.00111052055402
0.00279865674904
0.00133316361986
-0.000152854280309
0.000908905172191
0.00107186410529
-5.67468849799e-07
0.00179382744933
0.00132187898811
-0.000383699639807
0.000713345582922
-0.000419086067882
-0.000172234263283
0.00166627602054
-0.00046968469497
-0.00260564541048
-0.00293696671307
-0.00216093873931
-0.00347722692935
-0.00364616384344
-0.00209305400244
-0.00152391862789
-0.00450094248973
-0.00372484573752
-0.00467720480338
-0.0047069210201
-0.00752911403593
-0.00682491678379
-0.00716928385086
-0.00980726054579
-0.012157169583
-0.0134890067492
-0.0177506151383
-0.0198344146225
-0.0223382737613
-0.0245237296569
-0.0245336330411
-0.025295302049
-0.0292480576332
-0.028953496009
-0.0288547066214
-0.0306280395242
-0.0297793954435
-0.0312103631206
-0.0298152033538
-0.0310716122684
-0.03048973318
-0.0297643935427
-0.0307657450712
-0.0298718145351
-0.0322237090068
-0.0260131908935
-0.0261232610053
-0.0259991586433
-0.0241151215958
-0.023960746109
-0.0232007931324
-0.0220632385788
-0.0197010924325
-0.0208464078673
-0.0187847578932
-0.0176421100829
-0.019691051974
-0.0166414802391
-0.0134971751677
-0.0132650037149
-0.0127908205661
-0.0112887559498
-0.0113400979836
-0.0112412513837
-0.0107693070474
-0.00942749080235
-0.0103509290898
-0.010205461648
-0.0084315934376
-0.00715597330526
-0.00642477042449
-0.00555770879243
-0.00537019111611
-0.00551713026271
-0.00500035309707
-0.00415689620978
-0.00429511353605
-0.00269085866229
-0.00196972720849
-0.000335173155178
-0.000409147708098
-0.000483122261018
-0.00166871674949
-0.000675108248223
-0.000993958063176
-0.0011166736259
-0.00110552231645
-0.000354655093078
-0.00151364166503
-0.0018619945926
-0.000580190423714
-0.00132803704286
-0.00129667570967
-0.00126531437649
-0.000506692035467
-0.00108756708792
-0.00215724893186
-0.00310077532023
-0.00271001349156
-0.00410373222236
-0.0033720141507
-0.0036326334099
-0.00516981885154
-0.0057741474348
-0.00570593234172
-0.00563771724864
-0.00593955322392
-0.006033181788
-0.00851872538996
-0.00879084855658
-0.0084768846881
-0.010147590533
-0.0106077778946
-0.00993201864172
-0.0108497236272
-0.0126636365588
-0.0123165625619
-0.011969488565
-0.0128382096666
-0.0131415983082
-0.0125698615746
-0.0134303773679
-0.0117654391412
-0.0146692050323
-0.0156971385071
-0.0177161046407
-0.0161859938793
-0.0167511807607
-0.0205283164484
-0.0166630010397
-0.0149885203108
-0.0165797012253
-0.014371500708
-0.0154582841554
-0.0145240405204
-0.0145687673101
-0.0148356725429
-0.0149358787515
-0.0170564502162
-0.0147904662966
-0.0164516378977
-0.0142741983986
-0.0146656187246
-0.0126203817219
-0.0114061778228
-0.0113387473556
-0.0144306715301
-0.0132465482229
-0.0111016606863
-0.0106285669268
-0.0117075842387
-0.0126430737652
-0.0122969878014
-0.00796972216676
-0.00926279910062
-0.00740658395274
-0.0102982968094
-0.0079616756513
-0.00841085355118
-0.00680169563236
-0.00688843376721
-0.00500563451057
-0.00409331854074
-0.00435942229732
-0.00366971266438
-0.00478594352597
-0.00422873386628
-0.00165958461376
-0.00259923142118
-0.000513728991956
-0.000700465442735
-0.000966488598332
-0.000637041673546
-0.000495455479587
0.0020562341272
0.000886763762576
-0.000255862147221
0.00446564065044
0.00611035544444
0.00246180368273
0.00101868428038
0.00552272046725
0.000677226025016
0.000657902087507
-0.000155227927812
-0.000602668206073
-0.00173206823061
-0.00109684774993
-0.00299225823241
-0.00180806015891
-0.00176252348441
-0.00245586786939
-0.00493226407329
-0.00337950710901
-0.00474965531345
-0.00448735019313
-0.00624410674372
-0.00650611762755
-0.0101091810618
-0.00964595034398
-0.010197575463
-0.010749200582
-0.0109625494672
-0.0126324315006
-0.0133523626958
-0.0131785352658
-0.0151427831706
-0.0162380983918
-0.0147497223703
-0.015296919107
-0.0162810608827
-0.0167346736799
-0.0176332329363
-0.0142994762604
-0.0137090639437
-0.016236596242
-0.0144884763773
-0.0161142448638
-0.0168240143371
-0.0169275626611
-0.0161466034783
-0.0164025110663
-0.016413841673
-0.0174017837889
-0.0195859447122
-0.0165797215196
-0.0160333368051
-0.0150988131006
-0.0170085510913
-0.0166369734392
-0.0151850834498
-0.0156254157608
-0.0158412372927
-0.0164806311007
-0.0158393875006
-0.014523271479
-0.0181220099008
-0.0148750915214
-0.0147254456697
-0.0142845005906
-0.0123786534433
-0.0132133328037
-0.013114987785
-0.0119630655716
-0.012206499152
-0.0106284419719
-0.0119697830745
-0.00938568687758
-0.00731414063073
-0.00852338583863
-0.00763354532746
-0.00857176612801
-0.00986913538578
-0.00859042333381
-0.00845748441546
-0.00870798317729
-0.0102687352525
-0.00740532522276
-0.0060471078837
-0.00687369823963
-0.00878434775019
-0.00457297761843
-0.00297787168276
-0.00364751138803
-0.00316956625491
-0.00396213277731
-0.00111343436534
-0.00217148452119
-0.00346121743521
-0.00110201894785
-0.00070536584171
-0.00123213750073
4.35047479308e-06
-0.000827653033659
-0.00206346402936
0.000565777047568
-0.00237317856437
-0.00194826821815
-0.00237655940808
-0.00394245150826
-0.00273904174829
-0.00217297133818
-0.00353146970678
-0.00360994216527
-0.00447324239231
-0.00533654261936
-0.00408446590037
-0.00648143917155
-0.00451426887834
-0.00254709858513
-0.00705775701282
-0.00541486042219
-0.00667090611047
-0.00650785845825
-0.00833680131463
-0.00854288896561
-0.00916085001615
-0.00977881106668
-0.012165156037
-0.0123432849712
-0.0115789354437
-0.0117006865963
-0.0132135250094
-0.0128416961464
-0.0147602265229
-0.0169321231095
-0.0165120552323
-0.0176955075765
-0.0210254797367
-0.0157818572053
-0.0168067733473
-0.0165401722575
-0.0151692228225
-0.016273832812
-0.0168132500407
-0.017005661778
-0.0182047449523
-0.0178563802738
-0.017283756304
-0.0168831571315
-0.0172322542824
-0.0172412705893
-0.0166972849684
-0.0153904965442
-0.0153392312395
-0.014382086203
-0.0129560808136
-0.0145829750423
-0.0135359950832
-0.0148749184687
-0.0126824593117
-0.0142213545159
-0.018144756438
-0.0141062453599
-0.0126784123978
-0.0122390310533
-0.0103094867439
-0.0107628472536
-0.00894547865237
-0.0097119555637
-0.0102025081421
-0.0107840520082
-0.0092004544927
-0.00931456567328
-0.0133771206383
-0.0113312191652
-0.00942725165371
-0.00744451261251
-0.00589245155989
-0.00774606988289
-0.00620450483549
-0.00368674340082
-0.00376150650623
-0.00419419029873
-0.00141940358386
-0.00196066689428
-0.00275741682401
-0.00192655507962
0.000813564047946
-0.00147754347439
-0.000779602248867
-0.00182175738829
-0.00159786439921
-0.00221484606434
-0.00071494458704
-0.00209702261528
-0.0030814840744
-0.0033684323908
-0.0045491303927
-0.00390045641181
-0.00250849395198
-0.00248044320468
-0.00314613308854
-0.00257625576095
-0.00400367323441
-0.00498203442551
-0.00459019502859
-0.0051527670246
-0.00493103866871
-0.00312693852627
-0.00862589956474
-0.005405296551
-0.00666107393356
-0.00763396437491
-0.00815486683488
-0.00930374274484
-0.0112338412947
-0.00993056980044
-0.0121878200743
-0.0116440732824
-0.0138959041225
-0.0141257467231
-0.0142565317005
-0.014387316678
-0.0152227653258
-0.0168761767373
-0.0157616712331
-0.0154435386624
-0.0164739043256
-0.0169411061078
-0.015992595499
-0.014553034286
-0.0169806139551
-0.0157412077074
-0.016500096417
-0.0172589851267
-0.0180555193294
-0.0186949258264
-0.0162317416196
-0.0165645313269
-0.017108353068
-0.0161608465384
-0.0175782889122
-0.0178634530831
-0.0161543193698
-0.0143612169744
-0.0178573317226
-0.0144573096998
-0.0144527775075
-0.0148138420193
-0.014928272345
-0.0150297732071
-0.0149267409375
-0.0136297511445
-0.0148531930675
-0.0120289388288
-0.0129856607827
-0.0122720458096
-0.0118161776275
-0.0113603094454
-0.0103475852112
-0.00991899369596
-0.00898549352911
-0.00887333489146
-0.00784581153783
-0.00856238432717
-0.00714595393536
-0.0054048251513
-0.0049838902681
-0.0059079483738
-0.0085348216583
-0.00346985827082
-0.00306766676108
-0.00213876993627
-0.00286651695853
-0.00146330027426
-0.00119254732558
-0.00176610918336
-0.00168189397722
-0.00104588872447
0.00350117566223
0.00322998598338
-0.00182422337944
0.0013496544174
-0.000465350325019
0.000655943819156
0.000755981259861
-6.23540715531e-05
-0.000131686477024
-0.0016670543066
-0.00249999016377
-0.00168130601634
-0.00391155628699
-0.00274181782704
-0.00364041258214
-0.00453900733725
-0.00282523890627
-0.00538631310781
-0.00524476209612
-0.00552865985153
-0.00641027606352
-0.00644444574274
-0.0069275381094
-0.00642688222839
-0.0065949087543
-0.00880019244597
-0.00703202866789
-0.0091800012855
-0.0103536153243
-0.0109829105445
-0.0112187797187
-0.0105379085746
-0.012619260834
-0.0140457473698
-0.0128456685407
-0.0156442462385
-0.0156045401453
-0.0144338299336
-0.0148049501763
-0.015176070419
-0.0171548781792
-0.0145861284882
-0.0147948327005
-0.0147924282216
-0.0139384527318
-0.0150151608522
-0.0173190892019
-0.0174701758752
-0.0169861012311
-0.0169857017664
-0.0187602130038
-0.0149508293934
-0.0173363990575
-0.0156801968348
-0.017957395537
-0.0160715480089
-0.0149145873122
