0.0
0.0
0.0
0.0
0.0
0.0
0.0
0.0
0.0
0.0
0.0
0.0
0.0
0.0
0.0
0.0
0.0
0.0
0.0
0.0
0.0
0.0
0.0
0.0
0.0
0.0
0.0
0.0
0.0
0.0
0.0
0.00747329465235
0.00462446906772
0.00333070133661
0.00227631111348
0.00342304465062
0.00635457967855
0.00933704862109
0.0125690521659
0.0145554605217
0.0100692096496
0.00810562950357
0.00515477903377
0.00293510968395
0.00441842243489
0.00892268442073
0.0113719657223
0.0126128572227
0.0135237773355
0.020073271254
0.0
0.0507749129324
0.0
0.0361588210587
0.0257985164492
0.0246113233545
0.0256559828957
0.0224583495661
0.0224490016558
0.0208471709655
0.0162570823437
0.0160378086419
0.0135758399552
-0.00549123956313
-0.0181054804517
-0.0185289280369
-0.00965981455535
0.00338262564718
0.0183359530235
0.0158043190591
-0.00108299012893
-0.0146265694809
-0.0267255731908
-0.0318965264417
-0.0322398831297
-0.0311422005697
-0.0314752989939
-0.0343814355421
-0.0324737412628
-0.0321646273622
-0.0268440028012
-0.0166841155075
-0.0143806943691
-0.0137992649634
-0.0157297498889
-0.0160857900991
-0.0229673240535
-0.0304106619162
-0.0528314552705
-0.0510805265999
-0.0471625094512
-0.039815890872
-0.0317354156628
-0.0366689280156
-0.0396647129081
-0.0394904121819
-0.0399215541119
-0.0399356794916
-0.0349292919414
-0.0285713095075
-0.0286364130863
-0.0256826809736
-0.0181590058485
-0.0138652122591
-0.0114673290229
-0.00233805189368
0.00257386087025
-0.0116363446677
-0.0215052835814
-0.0131644968331
-0.0162052253343
-0.0138088802051
-0.0136711378211
-0.00955933406628
-0.00253513415604
0.00529806425538
0.00404212210523
-0.00908151316514
-0.0342383314608
-0.0662632310148
-0.087155508912
-0.0854648057435
-0.0872177326242
-0.0986674312502
0.0
-0.104978008489
-0.105849767212
-0.0960732443719
-0.0938751205946
-0.0851727238638
-0.0798320143433
-0.0719945958617
-0.0612706227624
-0.0420027492541
-0.0305648796206
-0.0244097537619
-0.026320945443
-0.03921158822
-0.0526645288768
-0.0689477493774
-0.0800363673717
-0.090195067687
-0.0885957841093
-0.0956524240252
-0.0979703192988
-0.0964585133557
-0.088917273011
-0.0744954204587
-0.0652053965778
-0.0637927071943
-0.0623449647628
-0.0526765003725
-0.0395065108619
-0.0340696065507
-0.0307950586034
-0.0344778854729
-0.0341492062657
-0.0308785330837
-0.0311314113275
-0.0337642244527
-0.0370422707271
-0.0364921628555
-0.0392470687268
-0.0389961857735
-0.0309087323306
-0.0231824227115
-0.0150311820892
-0.0116739230095
-0.000273524399126
0.00697210179494
0.0102618685412
0.011125387594
0.00951822622552
0.00990521812836
0.0118274363968
0.0172698758827
0.0268205325667
0.0283261394093
0.0311655901867
0.0249743104991
0.021652786975
0.0190477977843
0.014877563027
0.0147919919612
0.0146976274735
0.0149866904235
0.0174064855806
0.0203081499702
0.0232994344845
0.0251985157971
0.0257061583988
0.0280638024031
0.0279579910008
0.0308492252091
0.0336960647715
0.0295361814799
0.0303097348635
0.0352596024055
0.0348516257013
0.0353103885389
0.0360527940266
0.0416008821724
0.041406919185
0.0400687493287
0.0364978834933
0.0338214559882
0.0314641856227
0.0256285505303
0.0228889197177
0.0226871397644
0.0206884030563
0.0186039978878
0.0198071126977
0.0169576464843
0.0143894799406
0.0144943156168
0.0151304952546
0.0180239256122
0.0187079632406
0.018769101182
0.0
0.0
0.0
0.0
0.0
0.0
0.0
0.0
0.0
0.0
0.0
0.0
0.0
0.0
0.0
0.0
0.0
0.0
0.0
0.0
-0.115067792832
-0.114798458556
-0.107435848937
-0.101746802721
-0.0935320394265
-0.0867120291663
0.0
0.0
0.0
-0.0748061856796
-0.0698701004522
-0.0611145341975
-0.0509602394043
-0.0451677750587
-0.043282344482
-0.0387949010243
-0.0346836045525
-0.0287502581141
-0.0229947147798
-0.0166781943607
-0.00974034430204
-0.000767749368855
0.00323228754342
0.00537825398436
0.00304072210445
-0.000179100802808
-0.00486947462556
-0.0058478913785
-0.00838106120193
-0.00547730222965
-0.00541666104025
0.0010741706646
0.00536993514197
0.00294883926577
-0.00182012501606
-0.00958310747588
-0.0179257178444
-0.0161384353733
-0.0218524593055
-0.0275500816855
-0.0197070938437
-0.0162101187361
-0.0117909813289
-0.00595378422594
-0.00899522028799
-0.014895163028
-0.0298759237901
-0.0390176807169
-0.0515184349083
-0.0616007519254
-0.0622124027175
-0.0576852210541
-0.0553589191451
-0.0496775438508
-0.053487818243
-0.0573351465109
-0.0560264568883
-0.0628567090163
-0.0707377681474
-0.0775227678558
-0.0777323654065
-0.0744135680581
-0.0744141267476
-0.0591746573602
-0.0561240046266
-0.0459572286292
-0.0337315897813
-0.0158621347858
-0.00665084089282
-0.0127407561009
-0.0209068287767
-0.0316273471766
-0.0367007333904
-0.0403646993047
-0.0395166606184
-0.0358921474145
0.0
-0.0150747097619
-0.00696763317881
-0.00226022185663
-0.00304512148058
-0.0145022882039
-0.0185460551242
-0.0288814620727
-0.0265716525744
-0.0110401865236
0.0081362482386
0.0124337883695
0.0138772540693
0.0154145954185
0.0198063419179
0.025673460186
0.0338704797067
0.0428809414722
0.0435677011496
0.0359497077028
0.0333287495596
0.0317690653049
0.0296457401493
0.0251546069099
0.0260490081012
0.0285423323224
0.0268611566182
0.0247684914046
0.0239063040398
0.0221728557842
0.021844448451
0.0241987010336
0.0266833022157
0.0248608445475
0.0249757938454
0.0243083225401
0.0230156678984
0.0259459837669
0.0238124560272
0.0242030467719
0.0269649833494
0.0276662040209
0.0259974222255
0.0268583602632
0.0310880301803
0.0307663409925
0.0298895474727
0.03265967376
0.0359571447295
0.0358687355825
0.0373371067009
0.0370405320186
0.0382788758873
0.0422977107053
0.0430484943675
0.0435077645771
0.0448030485161
0.0456665255156
0.0403497022455
0.043997691549
0.0324862898709
0.0337571031505
0.0292496916182
0.0283601420631
0.0264622793116
0.0264480473213
0.0233418893376
0.0197666665771
0.0196489161231
0.0184660929514
0.020989788285
0.0224846384868
0.0170042554715
0.00931866314586
0.00514998884765
0.00378217481394
0.00491053656794
0.0048525261329
0.0104087541617
0.0128676677474
0.0117583066554
0.00674016430285
-0.00193226260483
-0.00760396228785
-0.0105316461611
-0.00733869137339
-0.0107514703833
-0.0211555590218
-0.0342807538017
-0.0448758358614
-0.048934065377
-0.0475550515596
-0.0437929773535
-0.0419799286475
-0.046986375843
-0.0549402083525
0.0
0.0
-0.0429551767385
-0.0405706464351
-0.0338266766316
-0.0272837842152
-0.0154855918883
-0.00841114723962
-0.00441763026492
-0.00280378313259
-0.00945893834028
0.0014578928718
0.00139765499575
-0.00366952115807
-0.00545691907125
-0.00644619381418
-0.00313602430538
0.00216070104098
-0.00436599887983
-0.00571429163493
-0.00612563232809
-0.00463833266921
-0.0141103324506
-0.0187313272946
-0.0179291552511
-0.023704983053
-0.0204917033918
-0.0146371095624
-0.0137058567235
-0.0233695609176
-0.0137715561695
-0.0223852274173
-0.0536543327615
-0.0748357135831
-0.0811145179675
-0.0717925981563
-0.0715093439009
-0.0667460387133
-0.0619931193685
-0.0610076754469
-0.0545741353422
0.0
-0.0434538926531
-0.0395613809898
-0.0450573824444
-0.0522654995863
-0.0663333175746
-0.07335203482
-0.0780650018094
-0.0679006596388
-0.0630481741746
-0.0587647255341
-0.0436818442187
-0.0373207146224
-0.0448869147429
-0.0545998510906
-0.0565634416111
-0.0561674962293
-0.0505930915617
-0.0425974487689
-0.0379844886782
-0.0400973512477
-0.0426527959826
-0.0304305570329
-0.0121917396272
0.00266345739874
0.0058360081791
0.00534298197358
0.00604387181549
0.00999883236086
0.00850319439773
-0.00198436112506
-0.0157299294432
-0.0183285319898
-0.030886942958
-0.0325799519005
-0.0342516473438
-0.0383495943827
-0.0306246967894
-0.0182460146007
-0.00868747750943
-0.00285907006383
0.000159415779107
0.00396816342824
0.00477607094484
0.00418189724999
0.000682622163255
0.00333631552304
0.00770083054741
0.00191175100644
-0.00208361551413
-0.00359649646392
-0.00455345481975
-0.00322258535971
-0.00493182453742
0.00394088696189
0.0
0.028494477387
0.0239388943747
0.0199072899292
0.0154917339554
0.0218236347715
0.0232192452514
0.0274447769469
0.0300025413757
0.0259388825137
0.0271887055422
0.0239057882964
0.0224198927405
0.0213936496056
0.0193688425932
0.0193561671113
0.0209259523598
0.0240591472833
0.0229745422826
0.0237266444073
0.0283555909151
0.0275108186787
0.0285465001321
0.0255379241294
0.0223615122757
0.0269396379047
0.0252347214633
0.0260600436746
0.024876162462
0.0221421950854
0.0184349169313
0.0175110761693
0.0162106212346
0.0131053777881
0.0112362622684
0.0148725761082
0.00995967134602
0.00844744341813
0.0107224446966
0.00967315328756
0.00761436279102
0.00406119894545
0.00246378489835
-0.00188325746381
-0.0028070855332
-0.00975490540284
-0.0105730812913
-0.0103757469185
-0.0169506846356
-0.0160649868538
-0.0147835408157
-0.0138279224491
-0.0154088465734
-0.0184796410593
-0.0245183548242
-0.0311346917819
-0.0359723990679
-0.0431721102172
-0.047604160669
-0.0525865632945
-0.0596576243469
-0.0576590182786
-0.0519266747819
-0.0441392399262
-0.0375571903769
-0.040017744862
-0.0375485165844
-0.0374074522683
-0.0350690389818
-0.0302058354257
-0.0287325014612
-0.0242665571547
-0.0194344701025
-0.0151170944064
-0.0110286115158
-0.00789118983177
-0.000581846744545
0.0104022953211
0.019861806401
0.0181782499407
0.0114522761585
-0.00108740906287
-0.00637316500455
-0.00927058059533
-0.00158872468368
0.00198088536681
0.00215636831689
-0.00175488178768
-0.0147779900206
-0.0339905630623
-0.0490467702021
-0.0448311101795
-0.0339513398936
-0.0360878884504
-0.0548288466013
0.0
0.0
-0.0455651514806
-0.0403657423546
-0.0573900262883
-0.0714324305464
-0.0816977278619
-0.0856517029412
-0.0857464129891
-0.0807770354771
-0.069524720845
-0.0559018628016
-0.0494971804653
-0.0386971019878
-0.0275030822478
-0.0205907159581
-0.0189630463499
-0.0145431820395
-0.0213026164699
-0.0313042356357
-0.0318468280643
-0.036029248978
-0.0357848369504
-0.036154444503
-0.0351367567981
-0.0404733131712
-0.040094742459
-0.0396428787325
-0.0337728877456
-0.0373305523786
-0.0513333466367
-0.0494141261904
-0.0466834567201
-0.0403894922299
-0.0345274831482
-0.0384515522672
-0.0354220371425
-0.0457870117234
-0.0510154437664
-0.0489396054662
-0.0392314295013
-0.0268937593721
-0.030018795533
-0.0367497740387
-0.0327186906714
-0.0314650862721
-0.0218045211942
-0.0122457848496
-0.00131604761095
0.00113862994883
0.00450725995061
0.0113736481662
0.0160856710366
0.0173318375322
0.0176958913914
0.0196994246889
0.0269696331993
0.0310203256528
0.0335490231893
0.0353916173442
0.046052616361
0.0593961272173
0.0636561902697
0.054626929507
0.0474836816656
0.0461699455232
0.0514664748149
0.0641291528792
0.0560447142939
0.0488263423595
0.042800002486
0.0395540955613
0.0325492229305
0.0299870316168
0.0253931615031
0.0233470986334
0.0229044002668
0.0219161588075
0.0234777892603
0.0261031347395
0.025511894558
0.0329179300586
0.0338052031238
0.034337146331
0.0363841990519
0.0343817590083
0.0330190981179
0.0374880120087
0.040627883957
0.0412826571781
0.0371043897034
0.0397448058756
0.0580195952164
0.0637802026976
0.0570582693887
0.0659709584441
0.0721133238197
0.0
0.0
0.0
0.0991289381578
0.0693781479002
0.0581042217235
0.0428707602101
0.0351910888101
0.0337097552947
0.0332073888765
0.0334170111246
0.0293386360727
0.0265868708223
0.0341308736359
0.0332962676562
0.0312639168921
0.0416835175032
0.0476520867559
0.023940819729
0.0111120291933
0.0018187453251
-0.0070296445359
-0.0179787839481
-0.0226470875083
-0.0199941791685
0.0
0.00395560106279
0.00017544310612
0.00105975762921
0.00196363388068
-0.00389583240396
-0.00526591403245
-0.00133561144651
0.00959799181067
0.0116421274712
-0.00177648113054
-0.0183491407209
-0.0200576118934
-0.0208696787582
-0.0240765329935
-0.0211179494445
-0.00980039712752
-0.0073795506188
0.00144284756967
0.00808236139882
0.00643916686394
0.000876109402586
0.00320312384805
0.00700315168852
0.00817131314001
0.00449650539488
0.0013881236835
-0.000989360503097
0.000813549350629
-0.00156230245615
-0.0128367717319
-0.0270894094717
-0.0410166759213
-0.0523073341961
-0.0547989872857
-0.0571265069304
-0.052401775705
-0.0512690772874
-0.0463836230659
-0.0432034576428
-0.0468446846243
-0.0471202742523
-0.0511632833602
-0.0509443610959
-0.0508816478211
-0.050735489699
-0.0470900048801
-0.0468521840072
-0.035101689611
-0.0408145913223
-0.0419081209219
-0.0434159547616
-0.0437737941338
-0.0382852230696
-0.0290358297433
-0.0263395715687
-0.0270837015456
-0.0234632390825
-0.0261806144704
-0.0281420685235
-0.0218579363219
-0.0209327592465
-0.0189140670259
-0.0183875682987
-0.0164522611332
-0.0142176381419
-0.0169617632751
-0.0224427099224
-0.0179336851237
-0.0160094184477
-0.0157754341743
0.0
-0.012075748186
-0.0191021853431
-0.0311636508229
-0.0310118868734
-0.0238122354333
-0.0175846689297
-0.0132694406797
-0.0101790889056
-0.00176817849748
-0.00102898448314
-0.00455515002758
-0.00213703508638
-0.0118670362657
-0.0167637229223
-0.0190220332422
-0.0222248578661
-0.0177659803129
-0.00390618149783
-0.00586827045547
-0.00637296656431
-0.00128285244719
-0.00163211366123
0.00239447999443
0.000602993355384
0.00845583905424
0.0087283694031
0.0062621088149
0.0061041122535
0.0109038731714
0.0132048839754
0.0129863356788
0.00930126535183
0.00651693375377
0.00680550610907
0.00289117736239
0.00239905876844
0.00948148787437
0.0115308667433
0.0168079455622
0.0164836018219
0.0175681712107
0.0189243020925
0.0211359096322
0.0170324697503
0.017014831757
0.0148767576508
0.0139679931468
0.0144090768315
0.0190976708753
0.0216801399009
0.0255132688267
0.0286541167379
0.0273687769284
0.0300501018223
0.0280336549377
0.0263248372338
0.0214395426937
0.014162343763
0.0181983850024
0.0188834712679
0.0192194001811
0.018447870733
0.0214409818946
0.0264143482086
0.0245179896584
0.0228331567859
0.0200678744544
0.0194353887317
0.027723807291
0.0389835753659
0.0318887015725
0.0269978109692
0.0222825897119
0.0164370771521
0.0121869861864
0.0100887281615
0.0082924235872
0.0106126694692
0.0160126145039
0.0137727617178
0.00601114363286
-0.000782964905306
-0.00560050421462
-0.00721207947798
-0.00304941883644
-0.00499789745271
-0.00486652373499
-0.0105967670813
-0.0237137363017
-0.0344996088086
-0.0495178045901
-0.0583314286136
-0.0570956249567
-0.0496576267181
-0.0466832571749
0.0
0.0
-0.0332003168469
-0.0338753082116
-0.0324286272207
-0.0289413392565
-0.0192121986559
-0.0138280556519
-0.00274721265239
0.00462143035907
0.00920016430291
0.0067636380085
0.00485789424906
0.00524649829197
0.00447458636206
0.0157319762364
0.0235264547152
0.0152893709292
0.0165039378675
0.0076054620811
0.0109287174743
0.0134446276033
0.0127637485884
0.00769135661568
-0.00557050003841
-0.0124812765579
-0.027476561015
-0.0351968190898
-0.0363954898364
-0.0299858983391
-0.0408468172992
-0.0361079021687
-0.0229480274386
-0.021164052592
0.00294002992293
-0.0126685478719
-0.0229887621409
-0.0325512602207
-0.0447743939122
-0.0509102290261
-0.0483993641393
-0.0475116113823
-0.0434798151586
-0.0447254238465
-0.0433035148314
-0.0384430937931
-0.038272220089
-0.0351999676644
-0.037171557713
-0.0303313298595
-0.0212621080455
-0.0228721544953
-0.0420399656885
-0.0476492965758
-0.0418539396789
-0.0648971144936
-0.0723765730498
-0.0663250295828
-0.0621400025458
-0.054671473498
-0.0500568552819
-0.0295835545907
-0.012827159763
-0.0220670569771
-0.0270073313998
-0.0309916621792
-0.0429234970713
-0.0468304459653
-0.0475118311116
-0.041871861874
-0.0362156812862
-0.0147189540292
-0.00702436960658
-0.00877558923518
-0.0101524076331
-0.0218922247947
-0.0271268379323
-0.0284068427643
-0.0184506140075
-0.00344796336675
0.013695986059
0.021211175108
0.010450080707
-0.00667889860083
-0.00806758623852
-0.0101910279208
-0.00335059442683
0.00128309609274
0.0125936534644
0.0273226652864
0.0356645141816
0.0357783378162
0.0298001400789
0.0308809141771
0.0262465057576
0.0238242185965
0.0
0.0187482493973
0.0161004387569
0.0131098914694
0.0096123882854
0.00912660534886
0.0130036636683
0.0130210770073
0.0145412337677
0.0153080558112
0.0177390816536
0.0189513018504
0.0199911564776
0.0238824654621
0.0270977330042
0.0283698891095
0.0298379660513
0.0313320453729
0.032762184736
0.0370448513037
0.0406705309075
0.0431487203258
0.047369615397
0.0459962748657
0.0431150665971
0.0516155700827
0.04684304174
0.0441102353346
0.0422314918269
0.039727996701
0.0378250774765
0.036844532837
0.0374734886133
0.0366133513641
0.0381342408026
0.0419628828842
0.0413440339916
0.0394953377615
0.0378771999331
0.0407136919572
0.0367951172213
0.0304590514423
0.0285209288063
0.0411046796694
0.0328635009738
0.0313838982101
0.0203600674989
0.0149814742754
0.01646957646
0.0268394861879
0.0233445049046
0.0215979119978
0.0120819381549
-0.000466168579253
-0.011526654176
-0.0186225636844
-0.0333513300273
-0.0384333993911
-0.037986035161
-0.0297179011973
-0.00635950773165
-0.00509897630734
-0.0141284207315
-0.0259505341338
-0.0312404083588
-0.0361751222623
-0.03872310271
-0.0421133305946
-0.0431400862995
-0.0376428258236
-0.0256458847522
-0.0142685075762
-0.00541986655845
0.00402859133708
0.0033805471125
0.0041574136937
0.0021112526428
0.00191327477718
0.00524081087687
0.00658785104203
0.00675494347929
0.00757084891679
0.00818073696042
0.00802936611919
0.00583194310851
0.0033205819216
0.001227816278
-1.21902839448e-05
-0.00265214784189
0.00370373227914
0.0131568250222
0.012330422789
0.0138339099782
0.0247309018957
0.0332232417313
0.0384275381386
0.0
0.0433908268996
0.0570068588165
0.0469624390282
0.0340361073315
0.0216382210524
0.00242151670253
-0.00824270457395
-0.0202776471403
-0.0410304109349
-0.035148178633
-0.0266431884613
-0.027455073539
-0.0381414577938
-0.0491039623022
-0.0528062737316
-0.0568038560863
-0.0563874534714
-0.0583755612863
-0.0788720778256
-0.0919802441156
-0.0973350407692
-0.086370813126
-0.0696503053116
-0.0663804175741
-0.0442557002415
-0.0394084112258
-0.0329118085509
-0.035747384968
-0.0369594084168
-0.0209103662964
-0.00380358348632
0.00257970384088
0.0101631708416
0.0151144142545
0.0112886387006
0.00791628134252
0.0224565711151
0.029302359417
0.0276017253727
0.0211002100434
0.00587512128923
0.00422898691568
-0.00651211373318
-0.0143734882076
-0.012554842111
-0.0127104383699
-0.0104080147615
-0.00259230998571
0.00761037908253
0.0153075205855
0.0138408199857
0.00973527370539
-0.00202059502095
-0.00927458571347
-0.00831644890072
-0.00341583563381
-0.00173382998697
0.00681206075422
0.0163633920215
0.0373854034476
0.0496768242773
0.063838894441
0.0860760936294
0.0994133500049
0.0950222154975
0.0823518258519
0.0838122560266
0.0960663990412
0.0910713820727
0.103908329979
0.0978695345042
0.0975069972743
0.0946637368838
0.0871837001396
0.0831231749037
0.0793830105797
0.0773801745703
0.084489080004
0.0891893597716
0.0764779754632
0.0709734538193
0.0693939358461
0.064203024996
0.0604310458886
0.05901250102
0.0563453250667
0.0527800854289
0.0491683034395
0.0488696353068
0.0448209987532
0.03961748512
0.0378646257888
0.0349552539371
0.0308113195514
0.0230473494963
0.0
0.0141792114363
0.00854558441487
0.0132658594736
0.0103995808853
-0.00742604970493
-0.0146345198019
-0.010723271988
-0.00254932999011
-0.00424548017964
-0.00805788949325
-0.00807181828116
-0.00774933462281
-0.00373375131945
0.00120275966513
-0.000655053004093
-0.0112156765138
-0.0134538914667
-0.0175423137603
-0.0236663364829
-0.0261904121198
-0.0260617532718
-0.0321985478988
-0.0282034903792
-0.0262719138323
-0.0255820806316
-0.0289561150851
-0.0326475491103
-0.0363775530609
-0.0379253236037
-0.0348487691476
-0.0309088928459
-0.0251655266324
-0.017260665544
-0.0129843612268
0.00256029216951
0.00835533170396
0.0160266938913
0.0240400086966
0.0368117490968
0.0600141723563
0.074518082712
0.0968274746934
0.0991785536392
0.0831044620218
0.0796539724102
0.0763821451704
0.078731994282
0.081975494507
0.101229756373
0.0
0.0
0.126476991081
0.108176716075
0.0854325613772
0.0714376639243
0.0582028014054
0.0529036246355
0.0566413443198
0.0524432054005
0.0352469963561
0.0269479469566
0.0247959462168
0.0332711626032
0.0496827435316
0.0714406252776
0.0812215551026
0.0807584449746
0.0
0.0
0.0
0.0806862174525
0.0653873319841
0.0357908882951
0.0
0.0
0.0
0.0567747865454
0.0864317587977
0.0
0.0
0.0
0.0
0.0
0.0
0.0
0.0
0.0
0.0
0.0
0.0
0.100253336771
0.0
0.0
0.063693330765
0.0
0.0
0.0
0.0
0.0
0.0
0.0
0.0
0.0
0.0
0.0
-0.00914676178559
-0.0554597387913
-0.091774449438
-0.111058777388
-0.121435222267
-0.111824588878
-0.100390385277
-0.0915450315152
-0.0742197249343
0.0
-0.0852109885389
-0.106303123551
-0.127803232073
-0.137183514767
0.0
0.0
0.0
0.0
-0.139106859307
-0.111866562571
-0.0872200474299
-0.0679806642029
-0.0501108309872
-0.0411698190619
-0.0382800664974
-0.0394759436181
-0.0339709328085
-0.0177870105533
0.00518746969593
0.0226616691923
0.0332566312496
0.0421738318985
0.0684949786755
0.0716352381235
0.0814373246663
0.0893068616361
0.0
0.0895318822153
0.072627363906
0.0712595298218
0.0659673383755
0.0655642948576
0.0657830751136
0.060816802109
0.0724668821669
0.0
0.0
0.0
0.0
0.0
0.0
0.0
0.0
0.130605108788
0.108404550173
0.118876322979
0.114540303153
0.103107391455
0.0922093494026
0.0915177326637
0.0670206171343
0.079908420519
0.0788538556127
0.0622902193815
0.0639404955851
0.0732081358849
0.0889428349198
0.0955388197652
0.0852055510323
0.0758818962578
0.0
0.0845632113445
0.0
0.101931743111
0.0782324341836
0.0744340695508
0.0536876866564
0.0443941020402
0.0406670786028
0.0261184240752
0.0046255604637
-0.00214138715344
0.000604844620893
0.000731512327848
-0.00427541775534
-0.00443152789583
0.0
0.0188423905475
0.0391132564139
0.0433406061965
0.050003356587
0.0447108889878
0.0467032828424
0.0521926500185
0.0679240816754
0.0873783655662
0.0820393458631
0.0944779641388
0.0990635959784
0.0919680971438
0.0894600696766
0.0896007322599
0.0789050896181
0.0768571798162
0.0756151833152
0.096274816633
0.107739156134
0.115887361733
0.103422904095
0.0924146988383
0.0883974868786
0.0856656574724
0.079408392764
0.0843736430779
0.0903910936391
0.0812164773407
0.0752391997506
0.0807336981245
0.0648836355491
0.0533162785956
0.0335518497234
0.0139530924276
-0.0130939747396
-0.0282645477935
-0.0302736578493
-0.0273450336249
-0.03338911771
-0.0603648561728
-0.0936660980645
-0.0985027888932
-0.102829682764
-0.104492681436
-0.0890679782192
-0.0747910853727
-0.0621311667407
0.0
-0.0480723384088
-0.0604801520162
-0.0752828509025
-0.0824690303296
-0.0862818441014
-0.0980899956061
-0.0895026097209
-0.0847474635105
-0.102581306837
0.0
0.0
0.0
0.0
-0.120325031092
-0.0983588787918
-0.0878324427831
-0.0999185297249
-0.0947009017858
-0.088953522439
-0.0715651377287
-0.0647997903118
-0.064117430597
-0.0523475667257
-0.0353153440323
-0.0241368746207
-0.0228133568859
-0.023053300845
-0.0208315867569
-0.0111459202149
-0.00116616115224
0.00337495605367
0.00949929864625
0.0167192259782
0.0163336624299
0.00809660378656
0.0091828905359
0.037954603528
0.0381208313968
0.0456293006033
0.0523580365942
0.0547752357238
0.055463124271
0.0566731215539
0.0629549376332
0.0734418518003
0.0
0.0
0.0220561192296
0.0134150228495
-0.00385659397385
0.00282802946721
0.0
0.0122779269252
0.0129776489181
0.0137485720729
0.0194623488416
0.0195744229064
0.0128850221285
0.0164864821366
0.0169666047376
0.0161934457176
0.012615791702
0.0114213616725
0.0146680876898
0.0186821370567
0.015974499767
0.0165264278502
0.0142428810343
0.0180760044717
0.022058708854
0.0253776423955
0.0240267444375
0.0240219000007
0.0215985531649
0.0226662951458
0.024157859062
0.0208431415642
0.0185375173324
0.0188825510008
0.0210673398027
0.0251814901572
0.0355811942455
0.0367148883658
0.0398828535386
0.035641847684
0.0366432355295
0.0317880135924
0.0290910301289
0.026520260783
0.0236365389231
0.0200909459106
0.018638245474
0.0197993950114
0.0216233764676
0.0217109943729
0.0273607799636
0.0279136492986
0.0256641220897
0.0223067166567
0.0210336409347
0.0203985854708
0.0251008590112
0.0257161102132
0.0232475220062
0.0230464743281
0.0247627605404
0.0424350089965
0.0603250244263
0.0578186403699
0.0533669174731
0.0651490355271
0.0427606095301
0.0250812696331
0.0260775441784
0.0221426044065
0.0238054143045
0.0301776306268
0.0189019481572
0.00560783944732
-0.000802140228872
0.00483854054258
0.019678271698
0.0191353004798
0.00383798812805
-0.0115800761533
-0.025153542517
-0.0280461103549
-0.0276327822441
-0.0306853402484
-0.0288390763359
-0.0286160392971
-0.0246942500824
-0.0253474807326
-0.0238832650277
-0.0274932793141
-0.0301596843739
-0.0274095403587
-0.0167417855597
-0.0239667240997
-0.0491352795505
-0.0766249237747
-0.10939600365
0.0
0.0
-0.149704961516
-0.147184872531
-0.142352756822
-0.135227576357
-0.12665859128
-0.133617482695
-0.13165589442
-0.124982350452
-0.128542900876
-0.13564389479
-0.13575932412
-0.138400347563
-0.145845137552
-0.167283553223
-0.174298577031
-0.180445152036
-0.186558831766
0.0
-0.17487601642
-0.158795931497
-0.155344989425
-0.158174167491
-0.168781656265
-0.17292543917
-0.180095574225
-0.186551289677
-0.168712916864
-0.142253372432
-0.122086288512
-0.0981364546075
-0.0890923948055
-0.0672522048324
-0.0429119697768
-0.0407145985777
-0.0370667744568
-0.0273008986961
-0.0211818763073
-0.0124696915855
-0.00656761436942
-0.00371494913931
-0.0036404605915
-0.00411778361534
0.000660894205847
-0.000177721634312
0.000306085127067
0.00382291273775
0.00835731857175
0.0202546378256
0.0159806688695
0.0156164200106
0.0200026982852
0.0247935574406
0.0163710166485
0.0118120112927
0.0156122876404
0.0151446194439
0.0154312904403
0.0142945281432
0.015244709119
0.0170267022012
0.014706933848
0.00818960691749
0.0023256437558
0.00461655828746
0.00669464717442
0.0077476866757
0.00593070632693
0.00670817970254
0.00929762506048
0.0103033917544
0.0083691402426
0.0103340908198
0.00968628594391
0.0087337520087
0.00836575356845
0.00706581062638
0.00579428229761
0.00537462255859
0.00383990967694
0.00591733045977
0.00672799578586
0.00577681112853
0.00415926646487
0.0042752599834
0.00494706805621
0.00392066352168
0.00275674035933
0.00274013793366
0.00244714268369
0.00358686421353
0.00382153913581
0.0054981455401
0.0048404036611
0.0025719780885
0.0
0.012437928181
0.0127553556186
0.0148177412728
0.0126938431998
0.00703148753999
0.0117925236292
0.0103622580295
0.00694967263835
0.00471598707338
0.00429028792021
0.0044949234734
0.00171164663707
0.00263307125805
0.00107702272794
-0.00416563777541
-0.00484415806031
-0.00399156964802
-0.00840636276573
-0.0141717949609
-0.014020949456
-0.0112031615107
-0.00530538964504
-0.00741870618628
-0.00914655738108
-0.011073834096
-0.0128413393689
-0.0169762368096
-0.0230407884423
-0.0276771853711
-0.0272083236483
-0.0209557237143
-0.0241754327307
-0.0266545305514
-0.0267423985919
-0.0300027959262
-0.0347126093637
-0.03621707833
-0.032248419278
-0.0307160220745
-0.0313868378684
-0.0330715823823
-0.0348964746533
-0.0339090034805
-0.0306185344293
-0.0247819228321
-0.0198355894171
-0.0170074787057
-0.014317608428
-0.0122599509908
-0.00868609404495
-0.00554314302317
-0.0012431829693
0.00126805672106
0.00349191122773
0.00430929978365
0.00364958074094
0.00107996716423
-0.000292375318324
0.000635850160912
0.00375803772539
-0.00027584005068
-0.00506474346532
-0.0142603429616
-0.0207588487479
-0.0262707313813
-0.0289261724399
-0.0294392643839
-0.0283899581602
-0.0263948925188
-0.0270719518421
-0.0356190107277
-0.045554318776
-0.0466254579259
-0.0485401162262
-0.0480324762236
-0.0499354238304
-0.0509384220413
-0.0520065011425
-0.0556612375855
-0.0556852049728
-0.0543870975299
-0.0523086311272
-0.0492317063924
-0.0500996342045
-0.0414927484336
-0.0424788362237
-0.0416891508847
-0.0387417465306
-0.0413444315207
-0.0385405711315
-0.0368411477057
-0.0402948272507
-0.0494035616264
-0.0517377906202
-0.0518076806431
0.0
-0.0421371175794
-0.0409783030529
0.0
-0.0453478312268
-0.0410766094728
-0.0360110792456
-0.0302495052238
-0.0260646390241
-0.0183658752387
-0.0141762601414
-0.0152615082015
-0.0145079180189
-0.0145512916766
-0.01541516587
-0.0149815498888
-0.0114264502115
-0.00501355827401
-0.00161490327074
-0.00121941558478
-0.00405878623149
-0.00506788100489
-0.0105435026441
-0.0144577401834
-0.0122889087283
-0.0119501441636
-0.0138338904318
-0.0184896057478
-0.021893461204
-0.0223756454897
-0.0196896397068
-0.0266012874543
-0.0311722457574
-0.0293920718475
-0.0220123296696
-0.0213284625998
-0.0195804546707
-0.0214098689488
-0.0158109470606
-0.0110627032581
-0.00874678884026
-0.00850037973876
-0.00817799453278
-0.0062691192703
-0.00618342938709
-0.00582517316937
-0.00610896095122
-0.00783450656437
-0.00276566142688
0.002025474025
0.00203251213752
0.00308860603246
0.00302677404988
0.00262752041858
0.00456083081834
0.00501461586864
0.00560381705571
0.00569343549006
0.00423136653829
0.00325725047828
0.00385043958313
0.00654695076202
0.00855114051006
0.0125546644274
0.0177078341717
0.0155768687393
0.0124229514417
0.0130170496263
0.0128004077894
0.00559015279738
0.00602758913536
0.00624224511233
0.00191851544788
0.00112620764399
0.00290771681903
-0.000568741037589
0.00326593069767
-0.000911386538369
-0.00327055013098
-0.00371687150602
-0.00764808825468
-0.0145825463456
-0.0158346680355
-0.0111538856743
-0.0110067862255
-0.0117009283971
-0.0145028090917
-0.0136400615356
-0.0153779735214
-0.0156377570927
-0.0172898440127
-0.0209775003932
-0.023979948747
-0.0242214443527
-0.0229156746994
-0.019580111666
0.0
0.0
-0.0130456332293
-0.0177769976612
-0.0217854459888
-0.0231595159741
-0.0215351187122
-0.0186673343148
-0.0144567646017
-0.0142156198523
-0.0162259477593
-0.0191915829087
-0.0183594603608
-0.0154404195199
-0.0107513741493
-0.0110393515476
-0.0029042987845
-0.00399587090962
-0.00684334153616
-0.00714273595434
-0.00846381942329
-0.00869033170912
-0.0139562526654
-0.0153147451588
-0.0204150137291
-0.0223183933616
-0.0237435543149
-0.0255405372387
-0.0258132851284
-0.028692583997
-0.032104195911
-0.0359355562568
-0.039048232059
-0.0421698504088
-0.0432263868102
-0.0454169920473
-0.0423354202915
-0.0361158022376
-0.0334666408789
-0.0315759727708
-0.0305050670645
-0.0323571163935
-0.0315630654663
-0.0286068855429
-0.0283256507434
-0.0307458767152
-0.0259101120209
-0.024156319598
-0.0288873507999
-0.0330460522509
-0.0327849625304
-0.0265890780428
-0.0248286745892
-0.0262907066295
-0.0222571706104
-0.0152645383054
-0.0101938467099
-0.0123989974192
-0.0121744962676
-0.0176696040261
-0.0164691349011
-0.0183534705342
-0.0192573434427
-0.0180571664019
-0.0206571647053
-0.0224688569116
-0.02690107614
-0.0260078085204
-0.0251747810429
-0.0273707775362
-0.0261182240887
-0.0136684043917
-0.014648093803
-0.0184040379977
-0.0143909251352
-0.00632201119178
-0.00484345485695
-0.00286476726995
-0.0050733722929
-0.00368425732852
-0.00402290595188
-0.0107881058117
-0.0173977227538
-0.0186690621617
-0.0155164930605
-0.0121620892309
-0.0135961254689
-0.01206334554
-0.00663183982867
-0.00755957511692
-0.00904142000198
-0.00999062269279
-0.00709546609276
-0.0115243022136
-0.0137210429055
-0.00909078867835
0.0
0.000282529277398
0.00220690575059
0.00346926122393
0.00213538669913
0.000805543564524
0.00219222153058
0.00326308922808
0.00404980181617
0.00551047880693
0.00377320379943
0.0001322408791
-0.00121122234445
-0.0026034750727
-0.000626275540561
-0.0022430275345
-0.00225416082232
-0.000464770194516
0.00639916747231
0.0129204003676
0.0110406127396
0.00777976661615
0.00322643808636
0.0015340996548
0.00584035866235
0.014434651532
0.016548006929
0.0164052237689
0.0128054976214
0.0140265078743
0.0144726045466
0.0173243785217
0.0167853083145
0.0168555462916
0.0209164783984
0.0252469439409
0.0288544646561
0.025386420567
0.0264460409606
0.0273344888748
0.0263660706679
0.029106940429
0.0264096083805
0.0204167294113
0.0157776363121
0.0125482478862
0.00982907882572
0.00867558112685
0.00879429707331
0.00744369932495
0.00461071871448
0.00341984551566
0.00255773542364
0.00566251085887
0.00983464650169
0.0154232796084
0.0170853739138
0.0157504054532
0.0139559177109
0.0119181164652
0.0054325325007
-0.00388806420895
-0.00949236058362
-0.0106675212559
-0.00862765864594
-0.0063394227312
-0.00761411885836
-0.00870713099398
-0.00703620170928
-0.0088939178789
-0.00818373254596
-0.00828617370315
-0.00250329081403
0.000908415504382
0.00358069473866
0.0130933154386
0.00660212935787
0.00192089259439
0.00125377922455
0.00246629226658
0.0098193710604
0.0155909148442
0.017430175618
0.0173675684536
0.0182145419747
0.0270114389437
0.0374590487097
0.0363249768519
0.0292359167883
0.0239597612641
0.0219176107838
0.0193314067527
0.0215464747956
0.0278922399868
0.0312574899223
0.0405685574904
0.0
0.0442490540536
0.0255885146684
0.0136551210361
0.00668231080317
0.0
-0.00458482401141
-0.00764391079746
-0.00285522465217
0.00562279100212
0.0252122345497
0.025186491801
0.000466530882171
0.00534650312972
0.00911561677988
-0.0109427305065
-0.0233972522576
-0.0272179494654
-0.0273563096527
-0.0275657239723
-0.0378879654767
-0.0428452883834
-0.04767819389
-0.0440155035748
-0.0315752450549
-0.0248507961077
-0.0236022671539
-0.0238661527408
-0.0177561002396
-0.0130083212743
0.0153731567086
0.0227227376365
0.0332598655518
0.0246797218791
0.0199080254208
0.010572729324
0.0077833104816
0.00236574529128
-0.00275044914782
0.000698143530788
0.00468574444846
0.00511958334253
0.00323666408401
0.00346447277846
0.00853342592309
0.0079546171651
0.00177093975273
0.000215770477004
0.00271499130484
0.00493429906158
0.00575025249594
0.0101932834034
0.00968260689111
0.00939323443218
0.00993504301945
0.00941178849867
0.00729004879608
0.00636423811238
0.00526347860697
-0.000401107182236
-0.000182106017952
0.00330282739088
0.0035118856205
0.00542380689228
0.0127330656407
0.0112554767531
0.0100613661968
0.0121848518266
0.0127564557781
0.00992117919867
0.0132293567126
0.0149554470207
0.012418038564
0.0123900602902
0.0167237114514
0.0188994198217
0.020737638513
0.0220722215121
0.0191022295052
0.0173812081497
0.0178467227332
0.0183280147146
0.0181327824012
0.020770392515
0.0228992202781
0.0192369223096
0.0185063364414
0.0195559849875
0.0199075593107
0.0213301298702
0.0218488740155
0.0245877956709
0.0305186588499
0.0279158405752
0.0299586083836
0.0322337056559
0.0
0.039518365024
0.0374270689338
0.0352068087108
0.0346448632002
0.0369321282118
0.0334909863919
0.0329510350725
0.0305689570284
0.0312313953895
0.0284722958157
0.0284768157323
0.0289758632556
0.0281503005757
0.0275570090606
0.0259091257559
0.0255285610475
0.0244759987309
0.0240643408942
0.0226473261399
0.0213548853772
0.0189389856097
0.0182110287094
0.0201574644734
0.0188235553598
0.0165226975268
0.0145421370454
0.0110996180479
0.0114034610286
0.0125328805133
0.0138176675491
0.0229579930933
0.0302554023953
0.027245699342
0.0249824261459
0.0196649911135
0.0130080633713
0.015280834158
0.0145416649246
0.0114691515188
0.00201968200074
0.000367302619479
-0.00732270211867
-0.012195195081
-0.00449461490395
-0.00818121158042
-0.023800717157
-0.0277098076441
-0.0295160248683
-0.0240451420835
-0.0159409793427
-0.00918312330053
-0.000152042690048
-0.00211450058116
-0.00497321860565
-0.00678435851919
-0.00453950478351
-0.00477924241351
0.000107430943239
-0.00287658767255
-0.0059868368646
-0.00245918428909
-0.00315641436739
-0.00301339898298
-0.00194300909487
-0.00195557987446
0.000401309900901
0.00800563427914
0.013541151278
0.0210029214411
0.0
0.0217104000459
-0.00236882421916
-0.00351369801537
-0.00628445658002
-0.00806924813333
-0.00557736888248
-0.00204452673194
-0.00176674801443
-0.00355848025714
-0.00452393214839
-0.00854207476839
-0.00731357899116
-0.00763361082868
-0.0184085997142
-0.0209900586814
-0.0254984527806
-0.0366337868677
-0.0483311893872
-0.0537934893304
-0.067177779043
-0.0816780194829
-0.0920021792921
-0.107739129426
0.0
-0.095874122445
0.0
-0.0657236066614
-0.0611850550732
-0.0624789645562
-0.0546514868379
-0.0423985074371
-0.0264355339155
-0.00730706795891
-0.00362051151543
-0.0108152588483
-0.0173893495284
-0.0302789381072
-0.0347919333849
-0.0241758384222
-0.0136316897078
-0.017833104197
-0.0145338065714
-0.0118997099049
-0.0056830411581
0.00289524623029
0.00859445222825
0.021361289041
0.0290035587746
0.0296478494149
0.0196121387608
0.0141896699336
0.0126848678802
0.0138588653729
0.0166190282668
0.0231228562961
0.023614273495
0.0265299118522
0.0209431256455
0.0185461270525
0.0203676197359
0.0235931217464
0.0199477157072
0.0238451663192
0.0237080524899
0.0238791566451
0.0224620574103
0.021211407175
0.0238377540781
0.0250361812332
0.0275893988207
0.030156161144
0.0329376579129
0.0364270927193
0.0310395263121
0.0383356222515
0.038014074802
0.0367180368398
0.0324748885719
0.0322800044831
0.0312232012962
0.0297124630193
0.0358218697615
0.0393171688018
0.0393758659509
0.0393656016416
0.0359131125351
0.038426291178
0.0403586651448
0.0435748173195
0.0447817857683
0.0465659686442
0.0496794197705
0.0543803925413
0.0592049559286
0.061043573353
0.0633437018402
0.0609465922328
0.0495056564272
0.0470660712316
0.0453778757612
0.0434220192164
0.0346802123827
0.0305171447854
0.0298009215503
0.0276593803859
0.0247734304046
0.0158017225128
0.00944483320869
-0.000465794199297
-0.0163178564816
-0.0245284870921
-0.0238869208313
-0.024193031891
-0.0329632986324
-0.0495929217142
-0.0611666187173
-0.0646190687168
-0.0654133372503
-0.0555955143409
-0.0489438958302
-0.0393248238524
0.0
-0.058458573109
-0.0653891593701
-0.0671846123483
-0.0620053795457
-0.0530807771847
-0.0462205358015
-0.0387656870072
-0.0315461090087
-0.0252733182569
-0.0252883555913
-0.0227080685596
-0.0150142393044
-0.000731541643631
-0.000905670372161
-0.00808647872492
-0.0121178747566
-0.013928043735
-0.0017155356124
0.00203689435616
0.00565617471284
-0.00022428253964
-0.00961844854327
-0.0179399110425
-0.0289141896381
-0.0342848971553
-0.0365516009455
-0.03513589985
-0.0243683706347
-0.00831723509685
-0.00505625850196
-0.00324908987813
0.000813675951573
-0.00291668461931
-0.0154038934332
-0.0219762558928
-0.0273146311575
-0.0171970988132
-0.0167310441787
-0.0259874550917
-0.0279873425348
-0.0324395789042
-0.0441695066247
-0.0590362146987
-0.0739364632716
-0.0793308317404
-0.0839982296179
-0.0884494799826
-0.0805999666726
-0.0698479919994
-0.0658347495598
-0.0655201705035
-0.0572738396446
-0.0419039346091
-0.0324435282119
-0.0291969132022
-0.0269656101588
-0.0262145315027
-0.0261330911293
-0.0277524646153
-0.0299325156
-0.0263814259121
-0.0372109356671
-0.0475081723687
-0.0524943426841
-0.0595125924871
-0.0706500484974
-0.0778044467273
-0.0776531574952
-0.0773512394165
-0.0718970580308
-0.0620236125496
-0.0522728638689
-0.0420496305076
-0.0414404677785
-0.0398712389172
-0.0452781829304
-0.0451843810712
-0.0457974102173
-0.0497357825264
-0.0559744101727
-0.0594777942325
-0.0619094789213
-0.0599728805834
-0.048376562446
-0.0321060664362
-0.0263434126555
-0.0206559769608
-0.0165087372564
-0.0170608218628
-0.0186327496809
-0.0196966199467
-0.0101162505004
-0.00751034064708
-0.00731323559264
-0.00101703158305
0.0
-0.00144920081499
0.00172765690482
0.00512339729987
0.0105271791684
0.0127428751712
0.011854129833
0.0119135626288
0.018552496496
0.0275948769275
0.0265924375002
0.0373746859085
0.0328354637475
0.0411276878023
0.0369259044305
0.0442094810724
0.0449270938471
0.0492675637882
0.0435603519937
0.0366951649375
0.0417055785539
0.0468605379544
0.0414815572051
0.0404765491756
0.0331808090629
0.0298226003321
0.0284306111976
0.0283190320497
0.032096739147
0.0309717533752
0.0364195034971
0.0384436438956
0.0364388596679
0.0343189504018
0.0343474737316
0.0328106888582
0.0308426659208
0.0339447115581
0.0329008020234
0.0331007963353
0.0306376828252
0.0323703981632
0.0328903950748
0.0337922654555
0.0345382190311
0.0308827160953
0.0319602113374
0.0304545198083
0.0253688510826
0.0389666551278
0.0368295687485
0.0306153057802
0.029180330259
0.0338697940222
0.03364944052
0.0353102637587
0.0382740687151
0.0480723300628
0.0506605010269
0.0372507589048
0.0264181962474
0.0256520383415
0.0199134094156
0.0151075502515
0.018185389938
0.0148911091611
0.0114033611915
0.0146923487657
0.012297949165
0.0111256368958
0.00777129211844
0.00497180153667
0.000652790749816
-0.00212535243763
-0.00379354119033
-0.00755734553229
-0.0114109058332
-0.0133471341229
-0.00925757045987
-0.00052531730527
0.0037367004382
0.0153769587434
0.0291204047636
0.0438870257711
0.0397919688155
0.0409463599582
0.0310641304048
0.0182117860013
0.0115453543272
0.00633577783283
0.0064995334376
0.0122600443545
0.0312791065437
0.0571308113925
0.0580083578908
0.0651699267862
0.0
0.0802125844807
0.0964728778208
0.0
0.0
0.0915880770463
0.0797588112634
0.068162364391
0.0608965133539
0.0372333337978
0.00509867598623
-0.00572604517691
-0.00383758223746
0.0
-0.0180390420021
-0.0230508547448
-0.024617256962
-0.0331121468081
-0.0267287891345
-0.0213444250343
-0.0196479400847
-0.0112892616121
-0.0220195844653
-0.0389498605866
-0.0575526546532
-0.0673970609132
-0.0636778859252
-0.0542225514596
-0.0412746654336
-0.0233392354075
-0.00212589271464
0.0077928714587
0.0140101421228
0.0195823463269
0.00921633767198
0.00241158637096
-0.00244455943092
0.00869428107752
0.00912862198444
-0.00415139825407
-0.0107439106077
-0.00667493553884
-0.0144891849298
-0.0198287425134
-0.0230357749896
-0.0253184095838
-0.0162260545532
-0.00639174839643
-0.00594364984974
-0.0109480829981
-0.0102001460337
-0.00255464685096
-0.00179977649001
-0.000222538619704
0.00630002697235
0.0208156177616
0.0243455754489
0.0217488722126
0.0196611902607
0.0213677056352
0.0158607400111
0.0151980815906
0.0163535208769
0.0173938746436
0.0205165372578
0.0262763237023
0.018387834487
0.0154123703114
0.0149137448411
0.0176340847948
0.0188811677432
0.00971953240782
0.00863247073306
0.0134204674673
0.0157004303799
0.0213550480688
0.0263705889583
0.0336246188033
0.0
0.0430843047138
0.0531764307965
0.0757898485045
0.0
0.0
0.0
0.0
0.0895489621101
0.0701605448408
0.0603226307197
0.0615376873329
0.0587749762417
0.0507568542361
0.0500233480731
0.048869924021
0.0436930726803
0.0426617136151
0.0
0.0377829807235
0.0374310931357
0.0491239580032
0.0543139068668
0.0574455324701
0.0
0.0727129192375
0.0793427584529
0.0663834874469
0.0502007835423
0.03215714437
0.023823289986
0.0231240472011
0.0316470453691
0.0349375498068
0.0253735466526
0.0217198810856
0.0250331859678
0.0267032983573
0.0230314006746
0.0224183426332
0.0227498409027
0.0249542778183
0.0161690562261
0.0166751576387
0.0146114283687
0.0115471311231
0.0114483664542
0.0126250176018
0.0173117049457
0.0158719611889
0.0188982454614
0.0170850769049
0.0153258252924
0.0124775501882
0.012100237971
0.0180114154953
0.0140204345186
0.011611441191
0.00694031738342
-0.00114321375977
-0.00694773703407
-0.0155024210597
-0.0183044133869
-0.0159340976481
-0.00283920996762
0.00509117961684
0.00729741064145
0.00845103407535
0.00873149052948
0.00936084695531
0.00864776819267
0.0156571476415
0.0188476033873
0.0183792032768
0.0184099446462
0.0185779373864
0.0189058254925
0.0147293831016
0.0173233441224
0.01651668154
0.015703818745
0.0167426979925
0.0143875582296
0.0229721726352
0.0182128296609
0.0271634711653
0.0232787707469
0.0199486725492
0.0143794334972
0.0162605045154
0.00899873893939
0.00830251005159
0.00410020240867
0.00215835179186
-0.00752280416423
-0.0182950718564
-0.0272776527034
-0.0225258532789
-0.0376159427849
-0.0465196873995
-0.0635917419553
-0.0759667924066
0.0
-0.0627956584844
-0.0446889241038
-0.0125697360862
0.0169903169465
0.0279856081094
0.0367613646759
0.0223007279062
0.0117351739481
0.0200323643344
0.0190951324588
-0.0046773331828
0.0
-0.0203349522972
-0.0236603739078
-0.0362448625347
-0.0526173370543
-0.0582758054284
-0.0603554100294
-0.0669821828053
-0.0859654679376
-0.0907872972245
-0.0825047831446
-0.0943500706333
-0.106247329809
-0.0985722918196
-0.0899208086653
-0.075254135873
-0.0679586973319
-0.0647774283905
-0.0638648288469
-0.0614892597453
-0.0615794985269
-0.0547996787395
-0.0430008261505
-0.0370564032623
-0.0293529872914
-0.0278864924982
-0.0216344750976
-0.015014449378
-0.011983282444
-0.0101136642196
-0.00563359015722
-0.00453629343326
-0.00025558108362
0.00809765747368
0.00476923916406
-0.000674132979782
-0.00143474188997
-0.000840242899692
0.0131319350789
0.00921328710366
0.0127515124846
0.0144133461211
0.0162495738822
0.00999853970148
0.00855274613797
0.0130556787643
0.0134950631226
0.0117502363491
0.0116896198824
0.0141936789848
0.0154368370306
0.0157952819157
0.0144112243379
0.0139711180979
0.0154204992454
0.0220096900188
0.0201869238579
0.0199562253315
0.0207466343883
0.0252607630285
0.0286141564837
0.0419396928496
0.0535839537703
0.0518690485607
0.0435622367203
0.0296331132028
0.0229424100758
0.0217244854598
0.0239240408624
0.0186497276358
0.0141792186673
0.0159642893388
0.0128277297367
0.012268669193
0.00967012316524
0.00847728981328
0.00845970350574
0.00958163738573
0.0150601466069
0.0120920365234
0.0147520362091
0.0202844960421
0.0215950455289
0.0131177479794
0.00156591393328
0.00240921997179
0.00494558854726
0.0167306180752
0.0273518390188
0.0253422030619
0.0240526411284
0.0273921321849
0.0235148118544
0.0175539077746
0.00715055772899
0.00468002230628
0.0
0.00233704228028
-0.00378559339981
-0.0142910480121
-0.0139149350613
-0.0126260120644
-0.0103678466595
-0.00773596483628
-0.00652235689362
-0.00496536842843
-0.00390474556569
-0.00323159166805
-0.00329579024063
0.000401327752691
0.0121891625993
0.0150863760261
0.0152156082642
0.0116824867296
0.00738851743954
0.0138888453391
0.0219800106342
0.0261272056357
0.0228796850462
0.0116153276661
0.00425099484857
0.000974248906616
0.0102355129591
0.0206276232559
0.0141432017833
0.00870391294756
0.0109904358244
0.00973349844916
0.0103785356963
0.0126562681375
0.0184194374342
0.0363742515402
0.0290111013663
0.0249491370035
0.0170843649451
0.0125818623893
0.0115268932643
0.0120018917307
0.0155572451122
0.0318561293346
0.0285343296972
0.0146219981379
-0.0122228220774
-0.0402844939943
-0.0605274163601
-0.0619124370696
-0.0568819779994
-0.0410374096377
-0.0369124605556
-0.0351208886259
-0.0313958965127
-0.035155593392
-0.047430855556
-0.044552129295
-0.0416745094913
-0.03805820849
-0.0258908189698
-0.00609070530383
0.00318741607517
0.000847942977328
0.000297370618243
0.00278355006164
0.00777643235273
0.0109081315585
0.0152789441766
0.0157634031237
0.0217028773544
0.0361248593419
0.0526145476852
0.0
0.0
0.0
0.0
0.0528510077784
0.0285644013722
0.00260871663905
-0.014636482126
-0.0274948333965
-0.0474658231804
-0.0667739795194
-0.0700160835732
-0.0614167701338
-0.0533596557009
-0.0402175341969
-0.0232796525757
-0.0135343235317
-0.0070435313206
0.00847226709534
0.00654783391546
-0.0112205185544
-0.0242940003014
-0.0330551498982
0.0
-0.0538071500393
-0.0629457722198
-0.0621645852805
-0.0471699043881
-0.0284172151648
-0.0144735536039
-0.0158885118368
-0.0190772590284
-0.0186388161535
-0.00542055857061
0.0
0.020260615168
0.0183936939829
0.00966424062246
0.00594201936175
0.0104547459012
0.00996442445277
0.00685060261408
0.00473292330085
0.00204639095023
0.00385291810638
0.00915406223751
0.0112884478504
0.00814952354525
0.00969077187344
0.00539488189157
0.00734679402453
0.00967681057367
0.0118122322462
0.0147406525782
0.0144694389285
0.0160386571293
0.0178655181211
0.0202916119422
0.0205111243499
0.0195001468334
0.0225287997884
0.0243392184052
0.0248558721962
0.0237901771814
0.023445218467
0.0211039772882
0.0212133039517
0.020402912611
0.0184032423418
0.0183960550133
0.0230775119899
0.0191289191934
0.0130959689872
0.00854147133411
0.00799185767053
0.0066398396385
0.00478279864014
0.0081068380383
0.00936243890542
0.0118988847013
0.0117265058666
0.00690839256173
-0.00363717813527
-0.0120593565359
-0.0118977905211
-0.00939676805236
-0.0120786485839
-0.0154862232499
-0.015912470637
-0.0184969810381
-0.0227184414918
-0.0252192639494
-0.0225741428067
-0.020496408719
-0.0203115913032
-0.0245710885516
-0.0246786465752
-0.027504958633
-0.0299680368184
-0.030815240528
-0.0307686381335
-0.0282265925986
-0.0257879430562
-0.0263238813882
-0.0300336021504
-0.0317092785126
-0.0289217606901
-0.0143412989622
0.00135129807888
0.0028035875366
0.010834430214
0.019138586162
0.0214176033692
0.0270452882916
0.0261843543663
0.023546405408
0.0141902326757
0.00643715394026
0.0172905306999
0.0
0.0262306988825
0.0242736796847
0.0159069566037
0.00907352824722
0.00358493743536
0.00197917860867
0.00266399725276
0.000770102717479
0.00388670620118
0.0053473050599
0.00563078013884
0.00124028086843
-0.000954577481297
0.00361280845089
0.00898084449906
0.0128649589826
0.0194838818403
0.0158959358803
0.0138355435002
0.00713265645892
0.0103294212562
0.0162434847796
0.0220286744873
0.0282015561946
0.0428728299596
0.0459938090271
0.0368908785951
0.0244325863958
0.0179191414286
0.0143154451676
0.0130704587797
0.00738778677004
0.00983829822759
0.0093965713403
0.0066580681968
-0.00446048626549
-0.0143715694282
-0.0211510943125
-0.02864064228
-0.0367693759093
-0.0351735669818
-0.0317912882295
-0.0441893291056
-0.0466276046216
-0.0620288844165
-0.0668366749867
-0.0530908280368
-0.0405617478617
-0.0274907924575
-0.024286111866
-0.0347262801757
-0.0434096380358
-0.0549322419968
-0.05768616342
-0.0596719145159
-0.0616398305751
-0.0588847580129
-0.0599766700929
-0.0591154603307
-0.0581346326687
-0.0509383649426
-0.0529913651884
-0.0546004295339
-0.0518532350699
-0.0483081501336
-0.0426033920766
-0.0348781822054
-0.0264090878834
-0.0215827880432
-0.0201693599664
-0.0136000946826
-0.0211616032598
-0.0218073478115
-0.0163919639868
-0.00528088900901
-0.00456866036866
-0.00179982755367
0.00186473872749
-0.00287365767667
-0.00479746897937
-0.00263693127772
-0.00251679478215
-0.00435987134262
-0.00729454492788
-0.00363355521906
-0.00222326168973
-0.00151956419322
-0.000500559784231
-0.00162915913497
0.0056464269891
0.00932838137429
0.00810056650689
0.00822306938677
0.0130831404022
0.0137326398622
0.0
0.0108444244748
0.00842414036384
0.00677386791336
0.00825206903901
0.00837225284299
0.00677769679516
0.00694934885618
0.00674304962404
0.00759934035773
0.00747387741881
0.00805250191239
0.00369337073346
0.0103853302265
0.00948059039433
0.01052885229
0.00711973746928
0.0066090166359
0.0153814090793
0.0122105471655
0.0112169178456
0.00938772773514
0.00450618063168
0.000897561260603
0.000337008830551
0.00508335758826
0.005819399928
0.00134434549854
-0.00392492302823
-0.0081458892403
-0.0145782096639
-0.0178040420143
-0.0221039667625
-0.0261216291994
-0.0249264647247
-0.024222242809
-0.0300745426881
-0.0319960543664
-0.032408252794
-0.0326226921476
-0.0287749067849
-0.0282166145273
-0.0253544023079
-0.0193394179567
-0.0199567473692
-0.0191245308278
-0.0212942060198
-0.0234973910682
-0.0190741062906
-0.0142279439648
-0.0129740670653
-0.0103928727917
-0.00956422642923
-0.00905990447452
-0.00945705188922
-0.00519464626883
-0.00617355009168
-0.00732441461177
-0.0082611011289
-0.00628711053184
-0.00837074272385
-0.0126007382594
-0.0150355883377
-0.0232273382711
-0.0285398635236
-0.0326143568241
-0.0344710592241
-0.0330883816054
-0.0348652040591
-0.0336872867107
-0.0297476595747
-0.0265342440554
-0.0232987925063
-0.0198909565515
-0.0193520859036
-0.0185002177415
-0.0252970694393
-0.030539162834
-0.0356853602383
-0.0361815546247
-0.0354149893645
-0.0333075316834
-0.029533747321
-0.026505112204
-0.0283215975604
-0.0188583725035
-0.0148814357571
-0.012266309998
-0.00579960048121
-0.0029569137388
-0.00677607583696
-0.000443913205927
-0.0163827794733
-0.0276182952881
-0.0367880443454
-0.0400202116724
0.0
-0.0403033182619
0.0
-0.0491474891141
-0.0576424254609
-0.0500786955812
-0.0344429605099
-0.0281926571023
-0.0215720779854
-0.0187555147808
-0.0255116324901
-0.0254475769716
-0.0240238641215
-0.0179495016087
-0.0181614472066
-0.0228883961013
-0.0198343873707
-0.0203721656111
-0.017251449424
-0.0224779203269
-0.0243130230305
-0.0315916697226
-0.0317285719829
-0.0327960348113
-0.0273776192551
-0.0166347017821
-0.0012563448444
0.00024129873845
-0.0136929873227
-0.0126701091554
-0.0141142868595
-0.0195519354807
-0.0228528028196
-0.0155555750356
-0.0070253973414
-0.00219911056581
-0.00616923985425
0.000424859162351
0.0028461693176
-0.00237776592457
0.00086438701114
0.00831383844708
0.00921135011955
0.0156224512621
0.0182596328417
0.0232782147798
0.0220308998155
0.017219210787
0.0158150361601
0.0138629918621
0.0154862890695
0.0149640297992
0.0146622158936
0.0136798076059
0.0195752868286
0.0115776717031
0.0104121894543
0.00987484689553
0.0101078439433
0.00962192248468
0.0104644975763
0.0109810946478
0.00987392097145
0.0096209827659
0.00762271197157
0.00849002833103
0.00778837832849
0.0084341956564
0.00945281040756
0.0125102255262
0.0106272412625
0.0132082587156
0.0136802187726
0.0134816200948
0.0139570499287
0.0124224304663
0.00920484809259
0.00855755423668
0.00660747459179
0.00644756260703
0.00611480021231
0.00696912868673
0.0114040041428
0.0159830078089
0.017942229853
0.0178082688529
0.0135590992357
0.0135030454814
0.00897187955082
0.00616385124405
0.00342377766482
0.00634698037689
0.00832642982074
0.0130932601899
0.0129056082594
0.00655958806757
0.0
0.000190270408797
-0.0068705251164
-0.00737236632857
-0.0115514827004
-0.016290324818
-0.0224766423957
-0.0254603313453
-0.0271435483602
-0.0237944843998
-0.0111265913406
-0.0135164083764
-0.0137312326622
-0.00439970147095
-0.0102803240352
-0.00455903891911
0.00577919292644
0.0117297001535
0.0111413796789
0.00640291829036
0.00388016247724
0.00596346050041
0.00553643721883
0.011136628809
0.00989106642684
0.0226507229518
0.0215491286329
0.0145211090893
0.0136486813368
0.016526383039
0.0198722257208
0.0238488088527
0.0244527716415
0.026765653186
0.0240934304618
0.0140024163864
0.00832154527124
0.0171211830137
0.01924952805
0.0180496050565
0.0226862047103
0.0175996424401
0.01369804231
0.0131058273024
0.0136504046614
0.00490529931806
-0.00933669594519
-0.023958711376
-0.0282730655216
-0.0317092155031
-0.0431078687997
-0.057461488018
-0.0714842162461
-0.0856783746052
-0.0940371064087
-0.0940980346396
-0.0925688990133
-0.0820483692864
-0.0699829068844
-0.0553598010392
-0.0490053917605
-0.0445447212346
-0.0451740983637
-0.0595139272742
-0.0708105836151
-0.073049245768
-0.0661330683112
-0.0567067864297
-0.0625986809383
-0.0638498831807
-0.0642844681016
-0.0529530241705
-0.0467102879628
-0.0512168565965
-0.0632024394355
-0.074533022711
-0.0723182614571
-0.058739006385
-0.0465605999573
-0.034632594849
-0.0313188557545
-0.0249096400836
-0.0194192992774
-0.0104318677398
-0.0062328008578
-0.0075912824545
0.00192402619135
0.018442735743
0.0339000670357
0.0323405774084
0.0212372492401
0.0106117582796
0.00497950684538
-0.00301826653028
-0.0110178204486
-0.0181383957277
0.0
-0.0163351564706
-0.0086456482367
0.00162377101201
0.0180472216763
0.0106606676858
0.00203113573538
0.00115327321269
-0.0018493753406
-0.000449692546766
-0.00436721350135
-0.00911796409283
-0.00961173267214
-0.000408059007722
0.00293074733673
0.0113747593735
0.011275863122
0.0126736709688
0.0142717634208
0.0160274177275
0.00719459087902
0.00335479758774
0.00226852984251
0.00378266945727
0.00376684239485
0.00906871077654
0.00827273738326
0.0106017371588
0.00503879337363
0.00344711453582
0.00352087318842
0.00158975388491
0.00169319866376
0.00424152050747
0.00108601343888
-0.000284985360021
-0.000760174794569
0.00536132959968
0.00538655032185
0.00540687091433
0.0179592964637
0.0175261860145
0.0132331270825
0.0119992428905
0.0142775087104
0.0120979055245
0.0102658529276
0.0111163073237
0.0126502946519
0.0164533493212
0.0140780200966
0.0146133281916
0.0148691745794
0.013823223808
0.0106692818325
0.0101738891334
0.00844574823105
0.00629835630226
0.00559941517869
0.00264299048607
0.00405716567316
0.00377276014556
0.00519887673962
0.00275173014304
0.0021944344949
0.00103902757862
0.00211144191889
0.000166861149453
-0.000763171905317
-0.00399730731997
-0.00708170645618
-0.00798609747877
-0.0130431896665
-0.00713443375226
0.00896282175067
0.0205231099813
0.0151656024851
0.0149481395202
0.0101360147976
0.0013453690095
-0.00158990204204
0.000941504328416
0.00105539197956
0.00406098966211
0.00372898891373
0.00916582635555
0.00500004241008
-0.00192190966054
-0.00142840432228
0.0149458942017
0.0102457047314
0.00358990231468
-0.00138868129682
-0.00218753426495
0.00530188234403
-0.00433278477265
0.0
-0.00958753411538
-0.0127634844197
-0.00913845626783
-0.00971954758887
-0.00632496411038
-0.000155197522208
0.00558294799896
-0.00175589868027
-0.00693887371802
-0.0105986732572
-0.0160488590413
-0.0265903138593
-0.0244656386455
-0.0258044682031
-0.0257713291306
-0.0256278324954
-0.0254530517786
-0.0265066966866
-0.0226766415882
-0.0248873663404
-0.0216166528344
-0.0181272746402
-0.0243290078656
-0.0273806822663
-0.024998421502
-0.020976430583
-0.0216117371001
-0.0214816599941
-0.0265421772043
-0.0295585402821
-0.0280330865272
-0.0245112015523
-0.0184165967447
-0.015750675048
-0.0168708202899
-0.0129980327051
-0.00885801824218
-0.00960058586617
-0.0109642843207
-0.0158655102138
-0.0261908556237
-0.0301408197992
-0.0354434878148
-0.0355974425074
-0.0386765664881
-0.039636184812
-0.0398017588115
-0.0423802621908
-0.0542819904378
-0.0649635133379
-0.0670745842088
-0.0653495246059
-0.0605016045346
-0.0506634168792
-0.0490394811156
-0.0456833525628
-0.0424785743586
-0.043494412712
-0.0387597788522
-0.0345161110602
-0.0341860700926
-0.0292767528827
-0.0245236406666
-0.0185445013856
-0.0125931993196
-0.00735722202056
-0.00378502822096
-0.00106837252138
0.00239835956905
0.0103799823256
0.0144814701264
0.0106435025863
0.0109523234848
0.0126728067688
0.0158366435941
0.0177098296893
0.0191491717333
0.0159969771361
0.0135117765119
0.0144619708835
0.014475902581
0.0144259034614
0.00938749957933
0.00826492991214
0.0133227236692
0.0125078155208
0.0132935661249
0.0138951085011
0.0164618060294
0.0165943237501
0.0135675697804
0.014036691533
0.017693363926
0.0232431473967
0.0240740571666
0.0
0.0154932134357
0.014232534787
0.0156064231868
0.0117177456254
0.0138360262522
0.015278462233
0.0239888603991
0.024413913422
0.0222954082649
0.0206585032124
0.0177965559318
0.0132730112429
0.0201974163486
0.0207836642728
0.0196412457641
0.0155360360991
0.0161530109053
0.0148565161853
0.013454032811
0.0145275996866
0.0134770758262
0.0113832623289
0.0108271786106
0.00752011170762
0.00726309043371
0.00728608197907
0.00480592270921
0.00545256119982
0.00662951739383
0.0103659480405
0.00795363088037
0.00547954882565
0.00287312214479
0.00222886422754
0.00262904021309
0.0043122043724
0.00668804885259
0.00375178498951
0.00185136375781
0.00109450532842
-0.00095966313612
-0.00258349665481
0.00497652953507
0.0112492540036
0.00781503468433
-0.0138367098681
-0.035079354084
-0.0463981531771
-0.0550524024401
-0.0617628041945
-0.0598655328286
-0.0597630243828
-0.049474368179
-0.0503422121549
-0.0484276526846
-0.0530710307276
-0.0520266469137
-0.0375006397441
-0.0248144949108
-0.0180418121384
-0.00157179741444
0.014997111739
0.0144801708263
0.0173416592203
0.00749763224857
0.0095884571595
0.0116514324687
0.0165689522603
0.00981644576228
0.00521567476926
-0.000446412297815
-0.00231314624565
0.00259000183871
0.00100518458491
-0.000478626851046
0.00346583166271
-0.0103419543844
-0.00910914887571
-0.0197568611372
-0.0345736495048
-0.0437638676614
-0.0495845722634
-0.0622272171236
-0.0827293896412
-0.0919903306546
-0.0966750162917
-0.106583932397
-0.114747105218
-0.113983698217
-0.118072735413
-0.115258713815
-0.10518624102
-0.103740721558
-0.0994346705306
-0.0994224825803
0.0
-0.0979732896072
-0.111412761018
-0.133803213146
-0.145798256826
-0.143861907656
-0.137767725507
-0.120145695764
-0.099100666757
-0.076740384355
-0.0630085965006
-0.0522555467141
-0.0502717892418
-0.0390019825076
-0.0433564358022
-0.0468455997336
-0.0456214382033
-0.0388829477288
-0.0290912222555
-0.0232627064634
-0.0182363276394
-0.0175373386234
-0.0205486499781
-0.0227907148635
-0.0348310444002
-0.0419368235236
-0.0434501590513
-0.0404512593437
-0.033932290565
-0.0345402150699
-0.0334331320308
-0.0310300275045
-0.0317826801814
-0.0445345943419
-0.0570358069296
-0.062154353124
-0.0715080454431
-0.0579580890221
-0.0470995707256
-0.0438671764732
-0.0466482057673
-0.0452665117971
-0.0354174231627
-0.0190388517674
-0.000149374108957
0.00175212129416
-0.000620850135421
-0.00199006379503
-0.00346309131689
-0.000904859032224
0.0126145862229
0.00827219142297
0.00209941935666
0.00903710997431
0.00774771598228
0.0144743322718
0.00868447734257
0.0103171926898
0.013994400924
0.0109796289224
0.00858057252316
0.0091946354512
0.0102015721932
0.0105527384946
0.0118476834369
0.00816125691515
0.00556944092944
0.0103190783454
0.00774690757362
-0.000191627721711
-0.00619754772714
-0.0101902683594
-0.012572023447
-0.00575980381289
-0.00511516178569
-0.00332729190131
-0.00631966082122
-0.00531212621275
-0.00509061949509
-0.00545076474106
-0.00412142773048
-0.0045595971868
-0.00616283107849
-0.00966512893278
-0.0186622304813
-0.0188256180749
-0.0176251104718
-0.00761545099023
-0.00490989846778
-0.000967365186745
-0.00223562214116
-0.0012091609262
-0.000426324943151
0.00216097131256
0.00296499510749
0.000864084998498
0.0
-0.00515729570086
-0.00630211517057
-0.00682511199762
-0.00844526535326
-0.00615454809191
-0.00358362603505
-0.00224980515871
0.0060050907364
0.000209083612601
-0.0156396956063
-0.0387233031336
-0.0667504214812
-0.076496842134
-0.0804954726971
-0.082836854245
-0.0814264949257
-0.084639432265
-0.0869963619743
-0.0833319213707
-0.0792217676029
-0.0714650756969
-0.0758602563631
-0.0881091916679
-0.100127202715
-0.101302134426
-0.105616051489
-0.103842764712
-0.0994513726659
-0.0901540078078
-0.0780483323972
-0.0647293936077
-0.0464983464743
-0.0430730720336
-0.0437605232982
-0.0405700476294
-0.0345474354602
-0.0317996403116
-0.0203809991122
-0.034654143887
-0.0471379797378
-0.0481590591572
-0.0459037190791
-0.0465784685297
-0.0526058121602
-0.0630632279414
-0.075293840081
-0.094340420903
-0.104854564587
-0.101476594719
-0.0934582928932
-0.0708526063636
-0.0523891821623
-0.0410410568165
-0.0303719365947
-0.0124892738322
-0.0146537210941
-0.0272222287287
-0.0379964178986
-0.0413429076694
-0.0282820709473
-0.0305366079296
-0.0409749794726
-0.0505058124962
-0.0492833564762
-0.047462687503
-0.0487540341606
-0.0517516430429
-0.0462931032323
-0.0512015514083
-0.0497700941971
-0.0439857552549
-0.0482998529343
-0.0387947502262
-0.043074976661
-0.0361501343404
-0.0259632735872
-0.00598623537052
0.00590729625587
0.00125044084004
0.00788501293768
0.0139459626772
0.0144117355909
0.012369326951
0.0200956477802
0.0377739605344
0.0359234072964
0.0177084555262
0.0
0.0312308410306
0.0294364441428
0.0300593160471
0.0202362991232
0.0126120705072
0.0
0.00983541879064
0.0
0.0269529296717
0.0146624445658
-0.0130894249664
-0.0390000274796
-0.0651194980468
-0.0938566139368
-0.110113562014
0.0
-0.118241766397
-0.0984162809518
-0.0919917356695
-0.092735500866
-0.0979129704592
-0.112795162713
-0.108893941153
-0.110253576417
-0.116321490386
-0.10712794792
0.0
0.0
0.0
0.0
0.0
0.0
0.0
0.0
0.0
0.0
0.0
0.0
0.0
0.0
0.0
0.0
0.0
0.0
0.0
0.0
0.0
0.0
0.0
0.0
0.0
0.0
0.0
0.0
0.0
0.0
0.0
0.0
0.0
0.0
0.0
0.0
0.0
0.0
0.0
0.0
0.0
0.0
0.0
0.0
0.0
0.0
0.0
0.0
0.0
0.0
0.0
0.0
0.0
0.0
0.0
0.0
0.0
