0.0
0.0
0.0
0.0
0.0
0.0
0.0
0.0
0.0
0.0
0.0
0.0
0.0
0.0
0.0
0.0
0.0
0.0
0.0
0.0
0.0
0.0
0.0
0.0
0.0
0.0
0.0
0.0
0.0
0.0
0.0
0.0
0.0
0.0
0.0
0.0
0.0
0.0
0.0
0.0
0.0
0.0
0.0
0.0
0.0
0.0
0.0
0.0
0.0
0.0
0.0
0.0
0.0
0.0
0.0
0.0
0.0
0.0
0.0
-0.0190542920781
-0.0192989684469
-0.0191545345644
-0.0195543000401
-0.0196886234967
0.0
-0.0204115180615
-0.0211968711074
-0.0217308999664
-0.0220117021736
-0.0225544513588
-0.0228412318654
-0.0231509871959
-0.023275734684
-0.0232193627315
-0.0233162485685
-0.0234198788872
-0.0234122442144
-0.0234071155777
-0.0230781333297
-0.0236627818975
-0.02422051934
-0.0247501249105
-0.0250221202271
-0.0251893576438
-0.025171453319
-0.0254044877739
-0.0255983544057
-0.0257857948587
-0.0264243035995
-0.0263192518631
-0.0263737686912
-0.0266159196797
-0.0267974234566
-0.0270036746432
-0.0271423873224
-0.0271518567329
-0.0273326815511
-0.0274974690799
-0.0274741424552
-0.0277316137049
-0.0277433976087
-0.0277918171217
-0.0279027943808
-0.028047211136
-0.0286167394066
-0.0289961046843
-0.0295194390186
0.0
-0.0324102295567
-0.033819964562
-0.0353279958653
-0.0366103304235
-0.0379197820338
-0.0395694823783
-0.0409184990981
-0.0425965768202
-0.0441304896217
-0.0445574886343
-0.0452605885266
-0.0458562985831
-0.0458523165142
-0.0456794917168
-0.0458485789222
-0.0456854445811
-0.0452051325428
-0.0445636343936
-0.044193575781
-0.0437669945699
-0.043132161848
-0.0420643569616
-0.041570287187
-0.0410102332575
-0.0401832096955
-0.0394043016265
-0.0383592861183
-0.0375727929648
-0.0369851741819
-0.0364747588191
-0.0362563922953
-0.0356436128049
-0.0349743741908
-0.0348471824422
-0.0346151609797
-0.0340388294993
-0.0335758022908
-0.0327369268041
-0.0325118783278
-0.0321138197773
-0.0316984430354
-0.0314560748028
-0.0309666265066
0.0
-0.0285021322094
-0.027866192531
-0.0277857672494
-0.0268726241354
-0.0261265701012
-0.024899023487
-0.0246781053056
-0.023583679237
-0.0235198027099
-0.0232477146133
-0.0227901311337
-0.0219934272417
-0.0210275949739
-0.0206014265499
-0.0208913300747
-0.0199735712896
0.0
-0.0191410849985
-0.0196043698222
-0.0191492351644
-0.0184460017389
-0.0174141247673
-0.0169598619203
-0.0163083776294
-0.015379627772
-0.0143266605481
-0.0135053953199
-0.0129528685248
-0.013194620566
-0.0137433682098
-0.0133711081496
-0.012975274467
-0.0128394792787
-0.0125540090601
-0.0122362738542
-0.0116977576389
-0.0113031230803
-0.0108597219881
-0.011015617806
-0.010093404198
0.0
0.0
-0.00801264762605
-0.00852998558516
0.0
-0.00804269387034
-0.00798589064681
-0.00738455223323
-0.0069697568719
-0.00627284589976
-0.00588065291614
-0.00568692495294
-0.00560221675014
-0.00501979089344
-0.00442016718526
-0.00421702319675
-0.00384985306426
-0.00305057757878
-0.00199777774459
-0.00118936733554
-0.000567842512242
0.000672463806928
0.000809092696253
0.00117939268134
0.00171685783428
0.00186482526052
0.00211938763353
0.00267951225281
0.00260568429085
0.00312413776356
0.00372072821375
0.00468931479301
0.00467471414756
0.00509063188965
0.0
0.00572961430406
0.00603118431628
0.00588895282387
0.00579282917374
0.00603359483676
0.0
0.0
0.0
0.0
0.0
0.0
0.0
0.0
0.0
0.0
0.0
0.0
0.0
0.0
0.0
0.0
0.0
0.0
0.0
0.0
0.0
0.0
0.0
0.0
0.0
0.0
0.0
0.0
0.0
0.0
0.0
0.0
0.0
0.0
0.0
0.0
0.0
0.0
0.00589397455282
0.0059247842274
0.0
0.0
0.0
0.0
0.0
0.0
0.0
0.0
-0.000977394270068
-0.00100567953932
-0.00107198887437
0.0
-0.00165066091475
-0.00213345003541
-0.00259548093024
-0.00287842978234
-0.0028409680781
-0.00269836477745
-0.00324890951682
-0.00385753942407
-0.00429752096077
-0.00455662110036
-0.00501987642743
-0.0055930617803
-0.00623557693501
-0.00737546437995
-0.00870816675822
0.0
0.0
0.0
-0.00974043425822
-0.00922991155879
-0.00926307721957
-0.00912698160692
-0.0093544045982
-0.00964052520961
-0.00994966777474
-0.01060298418
-0.0105240061171
-0.0109550657397
-0.0112666819453
-0.0118501260552
-0.0124411575556
-0.0128494790595
-0.0132843647237
-0.0131487081988
-0.0140873544104
-0.0149253247736
-0.0163453259393
-0.0176100784336
-0.0194170165863
-0.0213862617224
0.0
0.0
-0.024981303147
-0.0255351252272
-0.0267439471809
-0.0285187184188
-0.0304395209674
-0.0322086478559
-0.0341199540828
-0.0367519804016
-0.0396102380389
-0.042594621943
-0.0461197522699
-0.0493334737337
0.0
0.0
0.0
0.0
0.0
0.0
0.0
0.0
0.0
0.0
0.0
0.0
0.0
0.0
0.0
-0.0477300933087
-0.0457228189931
-0.0438565851074
-0.0428023341923
-0.0414297968035
-0.0401537344019
-0.0391972103231
-0.0382102070781
-0.0373809877419
-0.0366441421925
-0.0357910394649
-0.0351437353835
-0.0349445234959
-0.0350682686564
-0.0351804944832
-0.0347899913437
-0.0345394063953
-0.0348233568689
-0.034903428638
-0.0346502598653
-0.034234092322
-0.0338365563626
-0.0336366926981
-0.0335474616665
-0.0337231075997
-0.0335092818507
-0.0333032130218
-0.0334077143573
-0.0335300904776
-0.0335444422592
-0.0335265785447
-0.0333941748402
-0.0332817143231
-0.0332338778877
-0.0329823530292
-0.032758929035
-0.0326003419463
-0.0324861723128
-0.0322153092294
-0.0324387456559
-0.0326924663592
-0.0326685705683
-0.0327872802123
-0.0329190095398
-0.0329167586998
-0.0330307407331
-0.0329510783306
-0.0328752001815
-0.032855992321
-0.032828749917
-0.032555219625
-0.0331292033922
-0.0330748191289
-0.0330085208562
-0.0330247976286
-0.0327831475813
-0.0326427884366
-0.0326180221988
-0.0322812947746
-0.0321532984141
-0.0320800166599
-0.0317431167408
-0.0315576456906
-0.0312305535883
-0.0309107115953
-0.0305758640863
-0.0303309253024
-0.0301121370363
-0.0295855066505
-0.0293455177024
-0.028989048232
-0.0288074294067
-0.0285728490857
-0.0281460652928
-0.0277475522586
-0.0279404639142
-0.0272436960942
-0.0273166340011
-0.0270320302628
-0.0267985246483
-0.0263515533749
-0.0259868085079
-0.0256879351245
-0.0252928469693
-0.0249824616517
-0.0246569563003
0.0
0.0
-0.023087732365
-0.0227588320963
-0.0224479258297
-0.0217914788805
-0.0211679481913
-0.0208600420807
-0.0203628728572
-0.019876855284
-0.0192797403331
-0.018713165972
-0.0179755938862
-0.0172125417803
-0.0165899949396
-0.0158062532635
-0.0152567559083
-0.0147641961556
-0.0142672686614
-0.0134741477988
-0.0128968356706
-0.0122136450736
-0.0113184803548
-0.010782430825
-0.0103820415275
-0.00968628780594
-0.00908691288717
-0.00855138944949
-0.00782915617622
-0.00716292399412
-0.00649297535234
-0.00580859433355
-0.00521260159159
-0.00467947567178
-0.00406896580921
-0.00326569978153
-0.00264929232567
-0.00217578243066
-0.00169427968917
-0.00119230007149
-0.000292939517621
3.58810840346e-05
0.000826375903056
0.00151629124177
0.00190964494556
0.00249744495982
0.00319397708866
0.00371785628425
0.00456687182932
0.0050619682863
0.00556169226042
0.00625092575885
0.00664625986419
0.00716363709727
0.0
0.00799572091231
0.00846616268098
0.00907737401099
0.00933086910388
0.00972650220143
0.0102171817134
0.0102677315385
0.0109236598055
0.0108321563078
0.0109064564701
0.011385898918
0.0117202973828
0.0123426534671
0.0126790004242
0.0129955131578
0.0132940266111
0.0134602173427
0.0135868129302
0.0132744163652
0.0132672667074
0.0134579798304
0.0137987882562
0.0139087568469
0.0141615248392
0.0143775717787
0.0143242670537
0.0143096523596
0.0144833130313
0.0144724869368
0.0143420520866
0.0142450369291
0.0142625792954
0.0140727047909
0.0137746583122
0.0136708905266
0.0135983002391
0.0137549361544
0.0138919610525
0.0142016016203
0.0141673400372
0.0137209988599
0.0
0.0
0.0132240323282
0.0126743332007
0.0121823982751
0.0117883844625
0.0113416456475
0.0112074263747
0.0108324627211
0.00981183213864
0.00902722529556
0.00843456697644
0.00755447748466
0.00671170900115
0.00583656240941
0.00529347416114
0.00491512650954
0.00390619810624
0.00316840677704
0.00234797735838
0.00139863096865
0.000285536719496
-0.00125953611703
-0.00272611000949
-0.00370553291311
-0.0046559769538
-0.00450185492158
-0.00438866062668
-0.0041349497635
-0.0041102322913
-0.00422707010826
-0.0045257363096
-0.00475189229636
-0.00492892310418
-0.00544437220733
-0.00587087942085
-0.00614037981839
-0.00624080405849
-0.00611573329937
-0.00651407278302
-0.00723278953026
-0.00746499037174
-0.00781246752719
-0.00895924238802
-0.00996232639965
-0.0106454372618
-0.0117015740617
-0.0123966363908
-0.0129077020106
-0.0140063921839
-0.0145058780021
-0.015101914506
-0.0157026104128
-0.0167662564164
-0.0174293304001
-0.0183419259357
-0.0194664372768
-0.0203683364781
-0.0210787245085
-0.0223553028175
-0.0240973295043
-0.026462314049
-0.028514128407
-0.0303346060602
-0.0324278616457
-0.0345277092673
-0.0363667102776
-0.0379152764572
-0.0394572500808
-0.0412723846285
-0.0431048792353
-0.0450583252583
-0.0452933383149
-0.0475240829781
-0.0493747169209
-0.0510294866455
-0.0521217566984
-0.053270199039
-0.0542601108651
-0.0548269709444
-0.0558566815515
-0.0567503198121
-0.0577380134055
-0.0583967334715
0.0
-0.0590973166081
0.0
-0.0589765821957
-0.0586385469572
-0.0577984928524
-0.0567369899815
-0.0555360527725
-0.0541006014527
-0.0530706289895
-0.0518160415251
-0.0507535641116
0.0
-0.048420691305
-0.0477163449845
-0.0470397314261
-0.0461362632022
-0.0455006862964
-0.0451573335295
-0.0445926744068
-0.0441191774639
-0.0434620580555
-0.0430978165484
-0.042648625634
-0.0421414139324
-0.0420002681236
-0.042061748986
-0.0420023322004
-0.0416947874605
-0.04135044735
-0.0411959263746
-0.0411764873875
-0.0412161974977
-0.0414573544229
-0.0412734122028
-0.0407187635982
-0.0390645086611
-0.0394552066246
-0.0387417957038
-0.039382148328
-0.0393589824083
-0.0391632539004
-0.0387370768187
-0.0383244161524
-0.0374790653149
-0.0365662123178
-0.0354942442942
-0.0344953876353
-0.033426838688
-0.0331499552417
-0.0325280492342
-0.0322913241969
-0.0317505555993
-0.0313581160787
-0.0307549049873
-0.0301012700942
-0.0295548076217
-0.0291108703879
-0.0284040492932
-0.0276024874112
-0.026984298361
-0.026157753882
-0.0252340105208
-0.0245180255837
-0.0236746125299
-0.0228928877331
-0.0221002301471
-0.0212047558028
-0.0199990788642
-0.0194537013302
-0.0187365282401
-0.0181762913475
-0.0171388884571
-0.0168880825603
-0.0163473873967
-0.0155631317202
-0.0149531148895
-0.0140654977797
-0.0131705661746
-0.0125296010104
-0.011824642234
-0.0111437017146
-0.0101287732455
-0.0094911716293
-0.0085397211342
-0.00780221914058
-0.00691265203475
-0.00622035566263
-0.00549104256732
-0.00468257894174
-0.00379908250494
-0.00310104995825
-0.0024813967116
-0.00179732257171
-0.00129181889965
-0.000464559706781
7.52219866242e-05
0.000209804263921
0.000462940185655
0.000954996493346
0.00171416802633
0.00251744492659
0.00305335743345
0.0036094720872
0.00420916617338
0.0049092890682
0.00557543884489
0.00610105560576
0.0
0.00702086370564
0.00747193696785
0.0081168613122
0.00854393438175
0.00950963779837
0.00967292736259
0.0101620003235
0.0107904771474
0.011403797941
0.0116830527965
0.0121214616139
0.0127452540191
0.0129548338594
0.013469740629
0.0139043773074
0.0145811536035
0.0145090460218
0.0148907301931
0.0155276328967
0.0160467488567
0.0164602572981
0.0172099777832
0.0176596075549
0.0182703109849
0.0186980382461
0.0194160160801
0.019933393221
0.0203305723629
0.021115013947
0.0214391805192
0.0218070554679
0.022257323297
0.022838632076
0.0232431390161
0.0241121190946
0.0243137572042
0.0241679357524
0.0242060025672
0.0248484134364
0.0253160390911
0.0255903526365
0.0260432759342
0.0264250401232
0.0266654117064
0.0268886272954
0.0271605141935
0.0275312191974
0.0277408832179
0.0279350980421
0.0281502851059
0.0284495855443
0.0286656849727
0.0284769705561
0.0282941719882
0.0282394242541
0.028244877831
0.02815247543
0.0283055996645
0.0285146395784
0.0286607476774
0.0285854187365
0.0286198794881
0.0289324241489
0.0295498504743
0.0297647722507
0.0297108738208
0.0296387210468
0.0294810369508
0.0293661696795
0.0292467817486
0.0287221690116
0.0284688897081
0.0276521334494
0.0279088471917
0.027401904215
0.0263324869106
0.0255848211746
0.0246915546117
0.0237825782217
0.0232425004686
0.0226704125598
0.0222561338266
0.0215508593393
0.0213270341948
0.0210208255473
0.0205350630574
0.0199069901621
0.0195052728603
0.0188256101925
0.0183219046562
0.0177323033862
0.0171435801613
0.0162385645464
0.0149779699966
0.0141862945628
0.0
0.0121692807818
0.0107549044399
0.00961850083928
0.00830206792796
0.00745378628149
0.00636486961043
0.00510767319443
0.00434138009892
0.00416992369545
0.00353250584859
0.00307963768722
0.00300407208767
0.00318380979574
0.00280712632652
0.00252749039549
0.00228410332019
0.00180940695361
0.00126623151914
0.000863278782343
0.00033678352414
-0.000200021656156
-0.000850832186933
-0.00160085657474
-0.00238354521388
-0.00378864940997
-0.00497574552417
-0.00612072415633
-0.00686263419651
-0.00780250234494
-0.00896759868469
-0.00974191774796
-0.0107401198969
-0.0117489166416
-0.0129602142046
-0.0141893329049
-0.0152984492275
-0.0165586224455
-0.0174000647282
-0.0182139186322
-0.0195794190419
-0.0211788852802
-0.0229749949521
-0.0248298169579
-0.0268342174481
-0.0284662469842
-0.029812169273
-0.0313498745958
-0.0322365460543
-0.0326404961391
-0.0337942541297
-0.0347378586974
-0.0356349335082
0.0
0.0
-0.0361021294928
-0.0356047492483
-0.0347930680944
-0.034085401039
-0.0335119988862
-0.0332795765195
-0.0329281284338
-0.032399598956
-0.0317932055301
-0.0316037402968
-0.0313382683561
-0.0311603257693
-0.0305493001555
-0.0301113294131
-0.0300972482672
-0.0301313221532
-0.0303046730405
-0.0299617166701
-0.0306995560637
-0.0306683252946
-0.0307139446071
-0.0307996813313
-0.0308927786503
-0.0310094093087
-0.0309415669089
-0.0307516519169
-0.0308874864149
-0.0311934209842
-0.0314209170424
-0.0308609656463
-0.031332183971
-0.0314023523521
-0.0315627480693
-0.0316620615384
-0.0314828565784
-0.0314893327397
-0.031529577666
-0.0313783659774
-0.0312692436161
-0.0313220205277
-0.0311872962145
0.0
0.0
-0.0314449007254
-0.0313930492587
-0.0313886666023
-0.0310946425185
-0.0296097089842
-0.0294970943448
-0.0294131642241
-0.0292328908236
-0.0288867560238
-0.028419837257
-0.0277988423938
-0.0276483888089
-0.0275328210158
-0.027258648218
-0.0268568203005
-0.0263704237265
-0.0260738296847
-0.025455283304
-0.0250189759188
-0.0245333633717
-0.0237479060804
-0.0231701196563
-0.022424231603
-0.022046431192
-0.0214617367453
-0.0209574191585
-0.0209299412015
-0.0198332865971
-0.0192900393835
-0.018502806742
-0.0179014706752
-0.0168441124841
-0.016013225517
-0.0146878974801
-0.013796867923
0.0
-0.0121334047912
-0.0118515531164
-0.0113618126231
-0.0112196865418
-0.0101308532238
-0.0100893849291
-0.00927039418754
-0.00844404328011
-0.00757964600657
-0.00735585116169
-0.0064317925334
-0.00562578329908
-0.00532070266536
-0.00474509359943
-0.00400921917544
-0.00328394647642
-0.00258706183574
-0.00200521489542
-0.00131161743568
-0.000359503511991
-2.94616954568e-05
0.00128621341219
0.00275201538253
0.00273875793853
0.00299873698594
0.00343105106755
0.00394598343697
0.00445339989313
0.00499734207134
0.00542815111158
0.00577162848226
0.00652190244594
0.007031439887
0.0074271277951
0.00795374141883
0.00834511889333
0.00901039141436
0.00941078824894
0.0105580695548
0.011757441682
0.0126996095172
0.0126849028465
0.0127760675391
0.0131165732101
0.0134441784796
0.0151641645038
0.0157613328599
0.0150863630494
0.015299911098
0.015337073289
0.0155270924758
0.0155034244038
0.0159110946479
0.0162221099445
0.0164771208509
0.0167925637715
0.0170023101392
0.0171988399879
0.0
0.0176940880721
0.0179228548237
0.0179230076496
0.0182242873671
0.0183950647553
0.0185540465416
0.0185178090159
0.0187403247761
0.0186762193962
0.0187962459731
0.0189103811262
0.0
0.0187374232324
0.0189881747311
0.0188998474524
0.0188061533828
0.0190502610704
0.0192414515086
0.0192808585033
0.0199919864966
0.0197178900788
0.0195995623044
0.0196326734177
0.0201310106391
0.0203874698571
0.0203962709529
0.0199532303258
0.0201437352365
0.0195823234692
0.0195809132553
0.0194983452151
0.0195821546529
0.0192471137356
0.0190313249548
0.0192113693081
0.0193035335219
0.019173564473
0.0193595275323
0.0194513978775
0.0192045719051
0.0193432562784
0.0194850082816
0.0191454649736
0.0189644878598
0.0190650811693
0.0191669862942
0.0192706611686
0.0194456111628
0.0191526496921
0.0188408198657
0.0186962454201
0.0185362972304
0.0183920121462
0.0175392463911
0.0170249232401
0.0164590723857
0.0154565528387
0.0152874166006
0.0146677841966
0.0138504217509
0.0130633388053
0.0125411533559
0.0124649357979
0.0120078139451
0.0115710918017
0.0107116866614
0.0100933647689
0.00946806938754
0.0088070748064
0.0081742785094
0.00748103409345
0.00700360171316
0.00615353945907
0.00541910223618
0.00452778706406
0.0041946227516
0.00317796950311
0.00225587212306
0.00163517300799
0.0020177033687
0.0
0.0
0.0
-2.09309369491e-05
-0.00103449835211
-0.0015375380678
-0.00197371152668
-0.00279673236172
-0.00311821643448
-0.00383895971494
-0.00385689838407
-0.00510543677716
-0.00594152048845
-0.00683697156201
-0.00760294525441
0.0
-0.00855424928718
-0.00981263556741
-0.0103508035425
-0.0114374355699
-0.0121527621971
-0.0126725865257
-0.0130837468856
-0.0137878364669
-0.0144223767511
-0.0151889370777
-0.015781647605
-0.0165076620317
-0.017162198789
-0.0178801128724
-0.0176389170017
-0.018750025396
-0.0194992726084
-0.0201121829811
-0.0206381721927
-0.0209062515612
-0.0213675985231
-0.0220791627928
-0.0224987827192
-0.0225742817925
-0.0232572161234
-0.0240674959518
-0.0244964213131
-0.0249852984603
-0.0256905872127
-0.0263771085935
-0.0269578668818
-0.0276278637029
-0.0281826436503
-0.0284830389972
-0.0287514399762
-0.0291428437496
-0.029309010803
-0.0292354941313
-0.0292393367932
-0.0291799568438
-0.029279294251
-0.0294623755825
-0.0297567394364
-0.0298476034461
-0.0298837202335
-0.0300844055054
-0.0301357483487
-0.0299037762369
-0.0303755241565
-0.0305406109848
-0.0306306105323
-0.030759281304
-0.0308537006564
-0.0307452396498
-0.0307324964157
-0.0305577677266
-0.0305038614042
-0.0303532543437
-0.0302378983015
-0.030234059494
-0.0302411993795
-0.0303068964492
-0.0300969743157
-0.0300080251844
-0.0300664353027
-0.0301460390018
-0.0301112451404
-0.0301599143669
-0.0301047767695
-0.0299454302481
-0.0298978116447
-0.0291093262625
-0.0295338591681
-0.028930839285
-0.0290300202804
-0.0285165964628
-0.0282312765126
-0.0278724436737
-0.0278058531691
-0.027356312846
-0.0266598421668
-0.0263328176743
-0.025894182802
-0.0247450823126
-0.0243486320463
-0.024279580095
-0.0238370884486
-0.023070305564
-0.0227626791678
-0.0223613019017
-0.0220515216183
-0.0218245389227
-0.02058299131
-0.0203175513315
-0.0201101093431
0.0
-0.0199669875748
-0.0195898122652
-0.0190209796187
-0.0187617184652
-0.0182998606313
-0.0175877152257
-0.017269586456
-0.016675172529
-0.0164534330446
-0.0158057204787
-0.0153804316541
-0.0147599808057
-0.0144615885352
-0.0141102469958
-0.0133943648532
-0.0129247125915
-0.0124840697253
-0.0119006939825
-0.0112277585303
-0.0107751867326
-0.0101598411076
-0.00978063565618
-0.00918270804055
-0.00822015132296
-0.00816471611322
-0.00768706725037
-0.00702700003836
-0.00633255914079
-0.00548173768325
-0.00468003156301
-0.00382622088164
-0.00306548004492
-0.00228825794549
-0.00162025840257
-0.000828588603246
6.83075161338e-05
0.00065450768164
0.00107993531824
0.00158100503164
0.00225206853114
0.00278328799492
0.00349211882539
0.00421257837978
0.00447860455195
0.00509687467643
0.00543372292516
0.00598591733649
0.00687793233603
0.00688918265605
0.00734565903724
0.00834175229084
0.00859293536501
0.00917411235026
0.00949287131784
0.00989508709274
0.0104257085937
0.0108421030604
0.0112751186228
0.0115100580422
0.0119499854216
0.0118829457677
0.0119478502513
0.0121200237779
0.0123235240378
0.0123893250316
0.0124270628437
0.0129825447938
0.0135145099218
0.0135042269557
0.0137304192853
0.0136905244277
0.0138844195888
0.0139335145504
0.0141130755164
0.0137867381866
0.0136471473909
0.0138351084753
0.0142084541229
0.0141881073145
0.0139977150888
0.0139566045687
0.0138363710015
0.0136891643802
0.0141721476245
0.0136947212805
0.013687123783
0.0135052095067
0.0134947900802
0.0133313257008
0.0132410800093
0.0130810750418
0.0131356151425
0.0131873072855
0.0128768107203
0.0129382568239
0.0
0.0128632696246
0.0124465528223
0.0123193923051
0.0123877232796
0.0124250664391
0.0122612972158
0.0117705197141
0.0117010987454
0.0115079838591
0.011637402231
0.0114446497674
0.0115163329064
0.0112961879686
0.0112842822498
0.0112528180848
0.0112089703927
0.0109078788478
0.0107391409465
0.0106759376452
0.0101902657648
0.0100608435627
0.0098532745938
0.00929241775769
0.00917092108529
0.00797433089873
0.00746759130856
0.00684041878304
0.00625940834643
0.00540773392811
0.00477895774572
0.00441524329081
0.0039718079418
0.00360863558669
0.00317420910233
0.00253536391114
0.00207904632883
0.00175660507662
0.00126166464745
0.000834134628646
0.000563184044424
0.000808386954299
0.000118752341741
-0.000423063358585
-0.00102456982687
-0.00157664169427
-0.00224536983335
-0.00292572198191
-0.00318952068111
-0.00424767703471
-0.00488275875019
-0.00551806482841
-0.00620573632071
-0.00687938390153
-0.00755491091145
-0.00822996447032
-0.00879824248495
-0.00942238348695
-0.00982931189404
-0.0104728826088
-0.0110741493551
-0.0119102223774
-0.0126726870548
-0.0133833455723
-0.0138153166972
-0.0146936900471
-0.0154550125997
-0.0162079283701
-0.0168924341997
-0.0177122698601
-0.0185074880796
-0.019186066583
-0.0197308458425
-0.0209430231532
-0.0218790595289
-0.0228616531209
-0.0236368343123
-0.0244488369917
-0.0250569427789
-0.025778398164
-0.0266817204791
-0.0274132036172
-0.0279338151805
-0.0286385042455
-0.0293554528477
-0.0298644167802
-0.0303558538419
-0.0309168296537
-0.0316376396055
-0.0324672461827
-0.0332089732469
-0.0339361416044
-0.0346938641752
-0.0353993716474
-0.0358929806498
-0.0364850283004
0.0
-0.0379476011324
-0.0385091547328
-0.0392208056765
-0.0394730157491
-0.0397286396411
-0.0400340152665
-0.0400438808461
-0.0405439068206
-0.0406823915124
-0.0407529697058
-0.040774730832
-0.0408830270321
-0.0409772936589
-0.0409512211638
-0.0407906890098
-0.0410413013759
-0.0411433464789
-0.0409975746672
-0.0409139898995
-0.040746539056
0.0
0.0
0.0
0.0
-0.0396151697203
-0.0397515485686
-0.0400775890214
-0.0398937447489
-0.0395434925286
-0.0392117700702
-0.039029726699
-0.0389806357803
-0.0387878973994
-0.0387485323051
-0.0384273303618
-0.0382297179666
-0.0379160563958
-0.0375310363687
-0.0374393915325
-0.037484152893
0.0
0.0
-0.0373546456803
-0.0374258750062
-0.0375739230796
-0.0379067952393
-0.0385472573422
-0.0390301865863
-0.0401423965725
0.0
0.0
0.0
-0.0407427254672
-0.0401222758546
-0.0397947651181
-0.0396375801079
-0.0396339854991
-0.0394236626517
-0.0391515697242
-0.0383780277603
-0.038275409828
-0.0377335375704
-0.0371135005209
-0.0363241493001
-0.0358957177557
-0.0352557200904
-0.0345390627194
-0.0340978570895
-0.0332282916452
-0.0325126117929
-0.0317133572447
-0.0306427131694
-0.0297038260653
-0.0292200533181
-0.0285379611619
-0.0279273353456
-0.0271652440516
-0.0265003194601
-0.0253604694215
-0.0245425462809
-0.0237785217402
-0.0232565737441
-0.02239992962
-0.0216522678693
-0.0208637696619
-0.0200191598123
-0.01928123818
-0.018238559645
-0.0166943138993
-0.0153737942898
-0.0141656364464
-0.0140287839059
-0.0134865730774
-0.0129087879659
-0.0120426752267
0.0
-0.0102038965745
-0.00990652001926
-0.00918651919946
-0.00874442436448
-0.00813737130151
-0.00766002305971
-0.00650464510841
-0.00642211066817
-0.00586092952558
-0.0052540543251
-0.0043998981422
-0.00407025368721
-0.0033722190358
-0.00270460278583
-0.00239160366019
-0.00168247222763
-0.00112947243012
-0.000738661950885
-0.000375215153285
-3.04218113596e-05
0.000678818943805
0.00133202404874
0.00191618464062
0.00260286609564
0.00278331760764
0.00317893433257
0.00381748102811
0.00433971608195
0.00464225312755
0.00478211241003
0.00524320629832
0.00573802155758
0.00590623058924
0.00653681312381
0.00662768775167
0.00776145475662
0.00778418556402
0.00765693626569
0.00765125334887
0.00827724540266
0.0086227540345
0.00851498276965
0.00887726791218
0.00983383180252
0.0
0.0
0.00919652230266
0.00922047996458
0.00898516916134
0.00851768270681
0.00883213860208
0.00900140559484
0.00891421583247
0.00899025927503
0.00919435632819
0.00932107239141
0.00915294672719
0.00944845366447
0.00963610242484
0.0101686540317
0.00988206824201
0.00972870913529
0.00981577557814
0.00956849820617
0.0097392277858
0.00992955401509
0.00963488006523
0.00969905440272
0.00971694694471
0.00973934287485
0.00996037894258
0.0108442973279
0.0109818484598
0.0107864330864
0.0110534913092
0.0113200622319
0.0112967391645
0.0
0.0
0.0110759539231
0.0106698560878
0.0104447675248
0.00979598741337
0.00964959753692
0.00949024755374
0.00897726162327
0.00862546224461
0.00853827543003
0.008342494048
0.00788518189054
0.00754309294085
0.00747213523703
0.00725208987784
0.0069172466731
0.00671694019544
0.0
0.0
0.00657002135293
0.00640918444531
0.00622852131076
0.00580912220168
0.00540555801865
0.00507072217289
0.00490503757378
0.00434318823692
0.00378806911442
0.00335006133662
0.00296608743934
0.00213393701483
0.0015781436778
0.00102375718763
0.000343254479731
-0.000317666969116
-0.000746491656229
-0.00125801523605
-0.00206738996131
-0.00214106903764
-0.00301755785574
-0.00373395369924
-0.00441164285171
-0.00478116282504
-0.00457145971364
-0.00531978796768
-0.00628881628593
-0.00701023793658
-0.00708751572475
-0.00741275783155
-0.00850999981269
-0.00940024625265
-0.00985686009269
-0.0103838000425
-0.0109493481153
-0.0113849856809
-0.0120853774296
-0.0126533494674
-0.0132394002204
-0.0137705702443
-0.0143510022925
-0.0149138336738
-0.0154557410211
-0.0161616035008
-0.0165756146545
-0.0170353447174
-0.0169760787094
-0.0175208027226
-0.0177340107351
-0.0181309019452
-0.0191069710155
-0.0200401926742
-0.0206660323354
-0.0212354099349
-0.0219811705777
-0.0225653266218
-0.0232674471933
-0.0239906457651
-0.0247685653303
-0.0253919580021
-0.0260877881006
-0.0269390200072
-0.0275366205913
-0.0283204575265
-0.0290994472644
-0.029630311312
-0.0302753727948
-0.0304049154507
-0.0309091140454
-0.0314058667959
-0.0316818582481
-0.0320859373794
-0.0322476041555
-0.0323702600409
-0.0324774445351
-0.0316771244416
-0.0318543344905
-0.0319299525111
-0.0320132875493
-0.0320010484626
-0.0318499595121
-0.0315230360589
-0.03160752223
-0.0312806783696
-0.0313606633432
-0.0311410310107
-0.0315791564035
-0.0313992627194
-0.0310444819942
-0.0309978801999
-0.0308259133858
-0.0306908830562
-0.030477757632
-0.0302021477185
0.0
-0.0289517342714
-0.028873650791
-0.0286933464742
0.0
-0.0287590329164
-0.0289810474076
-0.0289910028988
-0.0291746900332
-0.0291459472276
-0.0299958084063
-0.0306954866537
-0.031643106807
-0.031965788585
-0.0317481092612
-0.0324398289575
-0.0328449801086
-0.0328796989257
-0.0336811718033
-0.0342559618305
-0.0349878918942
-0.0352877804673
-0.0351476704446
-0.0356771371624
0.0
-0.0357426735465
-0.034952804312
-0.03429509491
-0.0333314672746
-0.032709142935
-0.0318254074053
-0.0312433766667
-0.0305489134259
-0.0304198904116
-0.0296224050439
-0.0288165679495
-0.0276320276257
-0.0264438287328
-0.0251585768557
0.0
0.0
-0.0184292814356
-0.0165633648938
-0.0139632938488
-0.0121257146857
-0.0109714913733
-0.00953327774706
-0.00813508763666
-0.00672572933336
-0.00631988707076
-0.00557691342773
-0.00496256743067
-0.00414176979465
-0.00262126589634
-0.00101864438991
0.000280605942526
0.00163242661234
0.00252977400463
0.0033502436422
0.00478608048141
0.00639802266377
0.00700890729966
0.0
0.0
0.0
0.0
0.0
0.0
0.0124480647351
0.012095922405
0.0121450437787
0.0123694595199
0.0124890275258
0.0123727070479
0.0123501460474
0.0127225649253
0.0132951532367
0.0135186008713
0.0141055543689
0.0143229717246
0.014989086764
0.0149509160122
0.0154161350393
0.0162033881717
0.0170363461352
0.01724439189
0.0168183988355
0.0167258478765
0.0172078441421
0.0171950003371
0.0171841981294
0.0175713888225
0.0181546097568
0.0184725582849
0.0187873286406
0.0188374975802
0.0
0.0189701474337
0.0189739516631
0.0188810872687
0.0187942889467
0.0188657381968
0.0190713133768
0.0186971905588
0.0184937316371
0.0183568162166
0.0181967756471
0.0182663188831
0.0178940356849
0.017480600848
0.0174412962009
0.0174816583075
0.0177982413948
0.0179449161572
0.0180066884665
0.0177456797284
0.0173176488046
0.0170739413724
0.016953292431
0.016906779528
0.0170436518845
0.0170392766888
0.0169330044653
0.0168445118668
0.0170952918778
0.0170351161303
0.0166604070424
0.0166983652159
0.017022200316
0.0170267347267
0.0168135196306
0.0169755461073
0.0169719621726
0.0172879964373
0.0172669092299
0.0171616567487
0.017258039648
0.0180955215853
0.0182545253988
0.0178265049953
0.01789334552
0.0178841606435
0.0177874442437
0.0177085333025
0.0177601097595
0.0174114145067
0.017693958893
0.0171969274075
0.0171264934512
0.0172069436649
0.0169371096595
0.0170537412179
0.0169885171233
0.0168797698297
0.0173925094393
0.0175660914502
0.0
0.0
0.0173311713916
0.0164146457604
0.0153096218554
0.0146924557272
0.0142691791627
0.014094163809
0.0136416701466
0.0133632861032
0.0129510387639
0.0123933597169
0.0122090599536
0.0121439043585
0.0119516863988
0.0117415345807
0.0115788497712
0.0116194601099
0.0114034637081
0.0110714614141
0.010959242827
0.0108591598583
0.010705689097
0.0107519660779
0.0105115633283
0.0100986127367
0.00992283612614
0.00911336373629
0.00864277348613
0.00795457332151
0.00741258140462
0.00677834310688
0.00610911006043
0.0056305443817
0.00521652223949
0.00491722196169
0.0
0.0
0.00205585582797
0.000946477106203
0.000199408823725
-0.000301544316017
-0.0010624140053
-0.00136314964696
-0.00195272486957
-0.00221783875205
-0.00313180591357
-0.0047670558954
-0.00575325015303
-0.00672782727506
-0.00734265917203
-0.00749245726207
-0.00834908611712
-0.00912048628674
-0.0095121616626
-0.0104014126085
-0.0110561061831
-0.0116416109133
-0.0122197370709
-0.0125072607536
-0.0131263567107
-0.0138235530674
-0.0142544182547
-0.0146769035098
-0.0152684840346
-0.0161789263977
-0.0170809264236
-0.0176003079557
-0.0182616800818
-0.0181942805208
-0.0194216324327
-0.020696856728
0.0
-0.0239932002667
-0.0264781144732
-0.0289339446249
-0.031476118857
-0.0328271855264
-0.0339970487442
-0.034402608828
-0.0348973357137
-0.0347562027134
-0.0348577958406
0.0
0.0
-0.0352954795542
-0.0342070697422
-0.033169334955
-0.0319615699681
-0.0313017790091
-0.0303213203423
-0.0301265061349
-0.0295778234414
-0.0288923580631
-0.0286341780546
-0.0285777665642
-0.0281815979767
-0.028356348619
-0.0284376507794
-0.0281126121329
-0.027474603823
-0.0270672248097
-0.0265820860692
-0.0263255746737
-0.0260323275436
-0.0257482208946
-0.0254935112224
-0.0253976060581
-0.0251362082032
-0.0253434359424
-0.0260247833755
-0.0262738454424
-0.0266274983892
-0.0269022483654
-0.0267111706849
-0.0267433942876
-0.0266914927391
-0.0266244817819
-0.0269803334455
-0.0271582099139
-0.0273207422179
-0.0275240730568
-0.0275710219457
-0.0276951999303
-0.0280819261322
-0.0279810543969
-0.0283290623729
-0.0286877418229
0.0
0.0
-0.0287900806968
-0.0276224842683
0.0
0.0
0.0
0.0
0.0
0.0
0.0
-0.0253191119019
0.0
0.0
-0.0252709627234
-0.0247145511215
-0.0247875418721
-0.0246346806673
-0.0245904043286
-0.0246775561384
-0.0245313373937
0.0
0.0
0.0
-0.0231791934612
-0.023702189501
-0.0236049741444
0.0
0.0
0.0
0.0
-0.0179718742074
-0.0150127264242
-0.0130368231497
0.0
0.0
-0.00755991919437
-0.00614781800183
-0.00496440291577
-0.00374378126533
-0.00264613168026
-0.00152211158372
-4.38376136955e-05
0.000699870089438
0.00142882663966
0.002131191699
0.0030174060231
0.00377396885791
0.0045111354488
0.00491231070011
0.00577339171411
0.00629207012666
0.00646623175463
0.00700401808463
0.00721505937837
0.00779110276309
0.00818480232476
0.00870717223804
0.00894649571364
0.00919049499684
0.00949605812898
0.00958019163093
0.00989202879629
0.0101746645657
0.0105001070023
0.01061137125
0.0109188183019
0.0113316710751
0.0114455177006
0.0117058446037
0.0121710278144
0.0122710895091
0.012388008448
0.0128039849364
0.0129791365402
0.0129707576083
0.013126936636
0.0132351048346
0.0134801252226
0.0137474283652
0.014141736973
0.0140735065417
0.0144051641593
0.0143818212917
0.0144314878842
0.0147550722444
0.0147838217736
0.0147937186997
0.0146432654101
0.0147183489483
0.014531050604
0.0144278999983
0.0141666837875
0.014037949673
0.0138322917352
0.0137815374601
0.0137651289484
0.0137901225555
0.0137463634278
0.0137385669509
0.0
0.0130623294805
0.0
0.0134501097869
0.0128818492999
0.0125926052842
0.0125447896394
0.0123915361165
0.0124503254051
0.0125428719565
0.0128434510102
0.0129012292589
0.0130166235647
0.0131260898134
0.0
0.0
0.0
0.0
0.0
0.0169737140847
0.0
0.0
0.0163721858544
0.0157666285522
0.0155892272512
0.015018563778
0.0146750605115
0.0145426948864
0.014396263729
0.0144076264524
0.013125948113
0.0131384239737
0.0131822611957
0.0129264946969
0.0131585031207
0.0131223203153
0.0132673049756
0.0129794321224
0.0128321352689
0.0130081757751
0.0130473808478
0.0130142962988
0.0127416707581
0.0127528168479
0.0126499762109
0.0125366817222
0.0122103489464
0.0122166400923
0.012025210952
0.0118515944658
0.0116002359221
0.0112073518647
0.0113429908093
0.0109674107597
0.0107375704848
0.0102395925378
0.00985445570185
0.00931234161833
0.00901484849064
0.0086048428019
0.00800366781947
0.00770615120869
0.00716892520832
0.0070899916019
0.00652531492712
0.00589249660257
0.00540116638951
0.00484810374395
0.00436134601599
0.00345913708059
0.00297305185587
0.00241554311889
0.00195968972836
0.00111718938178
0.000539783124923
-0.000122904776366
-0.00084878660996
-0.00162555456752
-0.0018948305291
-0.00255816594686
-0.00312415681017
-0.00374315796791
-0.00479489239857
-0.00550232905692
-0.00543754130523
0.0
-0.00699191290231
-0.00806896855255
-0.00913101120203
-0.0100065617264
-0.0107533934599
-0.0114232048015
-0.0123429246808
-0.0133893088416
-0.0146570288292
-0.0159815773881
0.0
-0.0183206459252
-0.0193742268453
-0.020635397211
-0.0215751901404
-0.0225753166321
-0.0237082094568
-0.024225353712
-0.0249507536295
-0.0252834339176
-0.0257913387013
-0.0261888497202
-0.0264252171093
-0.0267980241095
-0.0267951263977
0.0
-0.0266468158906
-0.0263494205513
-0.0262010572542
-0.0257231992013
-0.0254851549142
-0.0254834184358
-0.0251369452166
-0.0250067267322
-0.0249568639171
-0.0248436566796
-0.0250889228023
-0.0253986273229
-0.0258574297687
-0.0264867760462
-0.0262049105192
0.0
-0.0278956860106
-0.0301959031884
-0.0324142073375
-0.0343836948035
-0.0364605778476
-0.0383080166359
-0.0399666940731
-0.0421920185679
-0.0452274274
-0.0477694988852
0.0
0.0
-0.0591101733707
-0.0637545196677
0.0
-0.0706805352038
0.0
0.0
0.0
0.0
0.0
0.0
0.0
0.0
0.0
0.0
0.0
0.0
0.0
0.0
0.0
0.0
0.0
0.0
0.0
-0.0684852271082
-0.0649979368327
-0.0607593325047
-0.0569734915711
-0.0543579617218
-0.0514027023411
-0.0489007118758
-0.0460923214479
-0.0434066202164
-0.0407608834437
-0.0379423486147
-0.0348747741339
-0.0320020175211
0.0
0.0
-0.027443062607
-0.0272648165318
-0.0262970158026
-0.0260528392879
-0.0255507279617
-0.0250443586755
-0.0242229432341
-0.0231162204128
-0.0219067126844
-0.021050558673
-0.0199891577288
0.0
-0.0184334606744
-0.0183553120782
0.0
-0.0184369321992
-0.0179036469943
-0.0171723938829
-0.0163367934478
-0.0151016091306
-0.0138415049785
-0.0121876539228
-0.0112915851667
-0.0104513251015
-0.00993500852883
-0.00903586974441
-0.00837274646182
-0.00795399100842
-0.00718965739408
-0.00635608409772
-0.00520704107511
-0.00423560873777
-0.00320080408615
-0.0021651986573
-0.000877261117805
0.000851633235107
0.0018348648801
0.00276362456942
0.00376845565956
0.00468450310389
0.0
0.0050778350889
0.00478852847185
0.00484930575236
0.00510829626938
0.00556516197108
0.0
0.0
0.0
0.0
0.0
0.0
0.0
0.00719707848239
0.00714791928927
0.00715936664536
0.00719323251559
0.00729913657033
0.00753545258367
0.00755633047846
0.00792644025421
0.00795309233246
0.0
0.00803028459922
0.00832904648219
0.00814914457354
0.00842080280954
0.00855749838828
0.00853304719981
0.00854764020743
0.00864015209493
0.00868173197049
0.00872700924833
0.00858016602915
0.00905697283993
0.00867171966416
0.00848586314097
0.00842422924266
0.0086080378983
0.00879303765208
0.00862177295091
0.00854257000424
0.00879443930926
0.00899906287016
0.00899438074256
0.00879409507104
0.00920610357587
0.00873304071014
0.00879728511578
0.00881965540447
0.00925287353848
0.00941869702614
0.00940977737605
0.00946931832601
0.0093832738185
0.00936438449874
0.00931337898468
0.00941601251055
0.0099617180954
0.00955177306076
0.00971055085647
0.00986256859103
0.0100832531946
0.0100650523016
0.0102231902193
0.0101066626261
0.00994473685421
0.00993524799795
0.00994468664868
0.00979608232646
0.0
0.0101245884128
0.00988516626206
0.0100110160715
0.00998051856389
0.00988597290658
0.00966262390719
0.00965266363855
0.00958272877011
0.00917854983833
0.00900187446173
0.00879089861374
0.00901538869824
0.00885965675663
0.00882187186747
0.00868636711273
0.00873298066965
0.00831324277757
0.00781859487772
0.00751865153503
0.00740862271702
0.0072277455685
0.00694289867464
0.00676428885866
0.00719924243137
0.00630176650109
0.0
0.005768014342
0.00525706247373
0.00494479996823
0.00454897894605
0.00433316460939
0.00423164669245
0.00365788207125
0.00312514992601
0.00269447153016
0.0
0.00217327351011
0.00128627223509
0.000797426390341
0.000537272407755
-2.20909077072e-05
-0.00051237827614
-0.000961610813403
-0.00136576125293
-0.00166443003445
-0.00184178557279
-0.00278674914591
-0.00300781024072
-0.00400945406432
-0.0045260227106
-0.00506069551299
-0.0056712813856
-0.0060607155342
-0.00648370751245
-0.0072362697956
-0.00793460587772
-0.0085599261395
-0.00878910731696
-0.00933024639465
-0.00909539578208
-0.0101383051555
-0.0106346580003
-0.0109101510255
-0.0113540484686
-0.0119837978407
-0.0122852794711
-0.0130724962554
-0.0135367974105
-0.0137005974523
-0.0144719579591
-0.0151760144055
-0.0150214873849
-0.0160117217787
-0.0164054849201
-0.0167797206452
-0.017424599155
-0.0175923678622
-0.017958042643
-0.0183826065821
-0.0186522891711
-0.019052296703
-0.0195023956835
-0.0196828731851
-0.0193910538603
-0.0201225486364
-0.0201859802777
-0.0204688832786
-0.0208119750042
-0.021326731202
-0.021788875316
-0.0218810117474
-0.0222952408183
-0.022641380311
-0.022834070425
-0.02305661114
0.0
-0.022835401793
-0.0235183142975
-0.0238786987534
-0.0241458448565
-0.0240889107535
-0.0236443082248
-0.0242350294948
-0.0245616229644
-0.0248565543519
-0.0249445163287
-0.0253050896261
-0.0252904451469
-0.0258900811205
-0.0259220396741
-0.0260875408879
-0.0262538461027
-0.0262254046104
-0.0264643770757
-0.0266183155402
-0.0266917568491
-0.0267114260964
-0.0272082454908
-0.027419361503
-0.0275072993736
-0.0279517156029
-0.0279388595017
-0.0281236441828
-0.0279909653478
-0.0276759188579
-0.0276701129885
-0.0274992246184
-0.0269814699611
-0.027323215304
-0.0276344901352
-0.0273713674862
-0.0263564050842
-0.0267278296945
-0.0266461071217
-0.0264291168408
-0.0259946512891
-0.0253905365622
-0.0250662728026
-0.0244196010833
-0.0237802337488
-0.0233227637291
-0.0224021795754
-0.0218588009549
-0.0207048838207
-0.020275564136
-0.0193900597438
-0.0187010231651
-0.0179653868018
-0.0170019702508
-0.0161886724935
-0.0151192756445
-0.0145100473269
-0.0139496486097
-0.013414421577
-0.0127442579581
-0.0118907434703
-0.0117617868899
-0.010961571544
-0.010511381164
-0.00970417373323
-0.00943473220354
-0.00925933329781
-0.00893781065374
-0.00875016897838
-0.00839359709904
-0.00792458265819
-0.00755638451042
-0.00626379356943
-0.0057134018184
-0.00576071176694
-0.00529990207751
-0.00488372671732
-0.00458583080838
-0.00414569746763
-0.00380000053414
-0.00323927125428
-0.00259329368482
-0.0021577595792
-0.00177601157307
-0.00115359217536
-0.000719641332198
-0.00029504963011
0.000318966831206
0.00083740159
0.00145176232382
0.00192900202556
0.00225923959175
0.00264079771609
0.00307132835924
0.00385684399013
0.00421737179456
0.0
0.00504934388468
0.00496332617682
0.00626511010136
0.00635917289169
0.00674745904085
0.00692176769151
0.00726953302194
0.00738221287134
0.00765311160436
0.00734761978584
0.00743134984347
0.00759190972744
0.00725376023182
0.00735919484306
0.00888164306372
0.0
0.00855007775726
0.00864599233409
0.00833141102594
0.00808867549395
0.00799934254515
0.00821730107714
0.00851157996924
0.00852163962085
0.0079823102006
0.00809503866322
0.00821317997992
0.00818058737047
0.0084627827502
0.00860208206539
0.00833943027622
0.0
0.00910351609893
0.00890343613384
0.00861857728194
0.00940958552422
0.00906928237732
0.00873509592367
0.00883176230821
0.00857245347298
0.0087395371471
0.00896672425871
0.00874898134974
0.00916821984563
0.00936218376774
0.00948329800202
0.00963943253077
0.00971282153058
0.00918199702238
0.00936063618009
0.00958221102431
0.00973487254402
0.0100202538475
0.0103206384797
0.0106576278717
0.0109135256406
0.0110815400971
0.0113103104267
0.0112928377456
0.0119536998586
0.0115141218396
0.0116106780191
0.0117241004528
0.0119734749375
0.012244801154
0.0123619316541
0.012852792857
0.0126873551327
0.0126703636734
0.0125690100432
0.0124656783812
0.0135156802077
0.0132797775336
0.0130137715962
0.0131764150003
0.0131488117871
0.0132456776944
0.013185336677
0.01322783899
0.0131463496157
0.0131647676044
0.01302812402
0.0127457864844
0.013227810404
0.0125966662782
0.0123465071453
0.0123944264557
0.0122019637516
0.0120734674884
0.0119396326741
0.0117923856732
0.0117426578864
0.0112006889501
0.0109466039542
0.010832632298
0.0
0.0102611736918
0.00986683478708
0.00957875658384
0.00910111748786
0.00887199795575
0.00834050432309
0.00775280168151
0.00811226546795
0.00778593818779
0.00687496030909
0.00666271648135
0.00591856008436
0.00533678971859
0.00539205401077
0.00492156905333
0.00454946476499
0.00412605921435
0.00368513887543
0.00339410535497
0.00295728351852
0.0026069778327
0.00206792072137
0.00155205004078
0.00132444655427
0.000860298548366
0.00114175504655
0.000357698047758
-0.000352734097132
-0.000659461546157
-0.000728368779563
-0.00120386754769
-0.00169402642734
-0.0018468290593
-0.00230610020596
-0.00271732681319
-0.00267629921961
-0.00338153194018
-0.00365175673333
-0.00396019372848
-0.00391662148756
-0.00386433307442
-0.00397142812777
-0.00377095632913
-0.00437226220032
-0.00449697264729
-0.00466970412444
-0.00476002230851
-0.00465601970248
-0.00522972338975
-0.0053418992342
-0.00554133388843
-0.00556976506929
-0.00577364276707
-0.00580575523899
-0.00617865648376
-0.0065549318723
-0.00678943114125
-0.00706944133959
-0.00692780949061
-0.00682713835099
-0.00753020794771
-0.00789303675847
-0.008261741684
-0.00851145727311
-0.00858960895484
-0.00857209764476
-0.00878941413702
-0.00914038430854
-0.00960910061715
-0.00984560872864
-0.0101336925047
-0.00990556850856
-0.0104738816907
-0.0107350609678
-0.0105961720501
-0.0105991622325
-0.0104403686102
-0.0104265355734
-0.0101085755976
-0.0100108169626
-0.0099450120879
-0.00986951248961
-0.00992380399212
0.0
0.0
-0.00894997048267
-0.00911883060323
-0.00937217129698
-0.00924798318899
-0.00900869128325
-0.00861062177591
-0.00848159221327
-0.00824315194011
-0.00793575832664
-0.0075288801754
0.0
-0.00644225763467
-0.00641617689013
-0.00608856822976
-0.00571731060889
-0.00543850242477
-0.00466827190336
-0.00346819236829
-0.00326895826759
-0.00280618874968
-0.00221798620727
-0.00162739857538
-0.00119128047863
-0.000873753342
-0.000496127304689
0.000338083027923
0.00052690260023
0.00103165860807
0.00174939750334
0.00228762632927
0.00293883698154
0.00321368035272
0.00399770250403
0.00479944999254
0.00559386188262
0.00578871212452
0.00639455745456
0.00684890812491
0.00768850646902
0.00881855556435
0.00974790975869
0.00958694474475
0.0103325841714
0.0111127334338
0.0118366335769
0.0121473539733
0.0130407913759
0.0129905203886
0.0134520441294
0.0141517058571
0.0146401345856
0.0153960452668
0.0160354247035
0.0164043349594
0.0168909129139
0.0173265637184
0.0177798912878
0.0180535389687
0.0191219671175
0.0190054978896
0.0195612217342
0.0199324248061
0.0202126830196
0.0206613891418
0.0210223074042
0.0216102808081
0.021867859229
0.0223642100256
0.0226322719802
0.0230918745996
0.0236388051795
0.0233774638667
0.0239326783809
0.0242673204784
0.0245529323069
0.0245425472103
0.0247654581828
0.0247378614176
0.0247830985833
0.0250883472015
0.0250744583611
0.0251504165728
0.025630558067
0.0253665861213
0.0255115849853
0.0257191992093
0.0257137259029
0.025787226152
0.0259571984798
0.0259762768589
0.0260818441134
0.026301739408
0.0263712305592
0.0262820637249
0.0
0.0269679092675
0.0264567718335
0.0265852928016
0.0265070213459
0.0264018658806
0.0264057382318
0.0262871538076
0.0264851636099
0.0264495104901
0.0265859927019
0.0263597262062
0.0
0.0266875251401
0.0264092623488
0.026585646119
0.0264309948646
0.0263620602272
0.026342337746
0.0266045750518
0.0265851075278
0.0264873152774
0.0266168548951
0.0266264748682
0.0268914966628
0.0264766173371
0.0264060872886
0.0259697428808
0.0260563651709
0.0256916424556
0.025765740375
0.0258232195309
0.025891673841
0.0256358378947
0.0252207176229
0.0254550244164
0.0253163267648
0.0251643123215
0.0252623647594
0.0252040703714
0.0253177928588
0.0
0.0
0.0
0.0
0.0
0.0
0.0
0.0
0.0
0.0
0.0
0.0
0.0
0.02552432855
0.025500564563
0.0256527134393
0.0256920032292
0.0254882657305
0.0252538573302
0.0257279543492
0.0253712651271
0.02511584433
0.0246837785908
0.02443448504
0.0240043645901
0.0237427744351
0.0232050168852
0.0227573972225
0.0226036898681
0.022297965756
0.022010521473
0.0220082050623
0.0210860425664
0.0205381208143
0.0202651882803
0.0196964174249
0.0201421182315
0.0196568736018
0.0187670337945
0.0181015275045
0.0177415458202
0.0173152144895
0.0168546722949
0.0
0.0
0.0
0.0
0.0
0.0134795024971
0.013058278402
0.012722332738
0.0130215004613
0.0124591794323
0.0116200892867
0.0110101682698
0.0110836819894
0.00985481774073
0.00900182413176
0.008487614611
0.00812143658261
0.00771650226219
0.00749807975605
0.00704894711017
0.00663644299544
0.00612053712966
0.00589414089226
0.00550314353042
0.0
0.0047404516595
0.00383529959215
0.0031676156925
0.00271783970057
0.00228361915712
0.00192162957294
0.00189240344263
0.0018915124243
0.00137417179313
0.00108073385114
0.000532121167355
0.000550304643292
-0.000400334426999
-0.000516910737902
-0.00118231519126
-0.0014425478534
-0.00175554760303
-0.00212847958551
-0.00232204717912
-0.00259639618763
-0.00262075652206
-0.00304131114921
-0.00306348815293
-0.00251705749289
-0.0032929470179
-0.00369669089035
-0.00362947898232
-0.00382130757161
-0.0045483287157
-0.0050693208078
-0.00536460813237
-0.00520646584196
-0.00528799521699
-0.00551143779041
-0.00595560835447
-0.00585269267805
-0.0063983688541
-0.00654168605668
-0.0066039710095
-0.00686752515894
-0.00667921893819
-0.00672842196406
-0.00681648393558
-0.00678362237286
-0.00674432652429
-0.00683889800189
-0.00664116795831
-0.00616207661657
-0.00641004370012
-0.00674617415151
-0.00673168721317
-0.00678209673318
-0.00641310372732
-0.00645035004892
-0.00613633729218
-0.00609676331384
-0.00560209756501
-0.00527189607319
-0.00487380745284
-0.00442969139484
-0.00475182665893
-0.00458883350377
-0.00453248059967
-0.00414927295908
-0.00388649986123
-0.00362268840999
-0.00318325558803
-0.00287126690871
-0.00259998104452
-0.00218888335548
-0.00181204317183
-0.00121717898993
-0.00124386089699
-0.000680961096214
5.53381052626e-05
0.000491339120877
0.000946633176716
0.00134848555968
0.00179491635878
0.00244050400173
0.00294840771024
0.00373676938833
0.00412696657684
0.00547757668065
0.00560190639699
0.00633932277585
0.00698707143525
0.00776764424843
0.00848491030315
0.00903470151185
0.00964856541477
0.0101616842696
0.0109336683785
0.0119502848549
0.0124103976079
0.0
0.0154816964576
0.0161395042899
0.0161293725058
0.0164255716197
0.0172988331896
0.0176259167968
0.0178798957491
0.0183456190562
0.0190921076377
0.0196037949472
0.0201395231016
0.0205001166954
0.0209102552698
0.0215968830621
0.0218715620317
0.022392633064
0.0229285614072
0.0231392159373
0.0235335028171
0.0244274996301
0.0249866712001
0.025450066111
0.0255907229396
0.0259963664473
0.0256809002236
0.0255185794504
0.0260102739471
0.0258139309299
0.0261254811162
0.0265467007211
0.0267275376332
0.0270988504497
0.0273461452704
0.0275375942385
0.0274866617301
0.0279767539375
0.0
0.0
0.0283984418977
0.0281958948903
0.0285894710726
0.0285706409618
0.028719178527
0.0288817100136
0.0289316831453
0.0292111997659
0.0292089708181
0.0296351799799
0.0290854476103
0.0291336623186
0.0290900691306
0.0291516337568
0.0293653842019
0.0295233777452
0.0296080303157
0.0295730534518
0.0297601587377
0.0298413808933
0.0298513672782
0.0301798773784
0.029729709146
0.0298566820853
0.0298621754389
0.0297973010368
0.0299105335812
0.0300680857807
0.0
0.0300417374053
0.0298615082301
0.0298119800571
0.0297009434038
0.0297469538992
0.0294708366724
0.0295232624547
0.0296388363872
0.029822690404
0.0300330450061
0.0301032876834
0.0301164804377
0.0301573451335
0.0304291999842
0.0306605776755
0.0306256166772
0.0
0.0308710831291
0.031068764931
0.0313086536702
0.0315341328411
0.031667504877
0.0319554688368
0.0322148960177
0.0320753994599
0.0320268393042
0.0321831655629
0.0321918015624
0.0
0.0323220881275
0.0327895321394
0.0329140109805
0.0325711889116
0.0326083081917
0.03231709534
0.0322579296846
0.03233145577
0.0320113098503
0.0322021716174
0.0320830750508
0.0320983535461
0.0317229530597
0.031705643576
0.031844318076
0.0319750345295
0.0319003908696
0.0314506689725
0.0312759443302
0.0311117323598
0.0306459767792
0.0304328590541
0.0300822868169
0.0303672655059
0.0292280253897
0.0286183485386
0.0282035583078
0.0278904648978
0.0272701015424
0.0269166467641
0.0265720515247
0.0262610805036
0.0258758393225
0.0254755049656
0.0248095914056
0.0243240367853
0.0234072516126
0.022967418464
0.0223869525348
0.0220088615549
0.0215101725927
0.0211714629244
0.020305315192
0.0197564258541
0.0192035531187
0.0184279033247
0.0178266678098
0.0179076913191
0.0167654058091
0.0160617266576
0.0153725243643
0.0150881035303
0.014643595354
0.0144094000966
0.0139525196674
0.0135470651584
0.0130616094702
0.0125368174142
0.0119186622322
0.0114308092879
0.0102338556559
0.00974198306124
0.00938602607523
0.00886852838418
0.00849607778779
0.00814264164336
0.00807940714252
0.00823690832513
0.00799718916784
0.0074638285136
0.00693012005188
0.00620873778769
0.0057066791356
0.00482651049787
0.00421341533474
0.0035134335626
0.00325943567819
0.00273244632912
0.00201309370866
0.00160130828849
0.00128162236229
0.000739808617639
0.000256138261642
0.000298576485378
-0.00104531189463
-0.00146027882178
-0.00165001348804
-0.00230851561212
-0.00292503602569
-0.00363649469501
-0.00368196715307
-0.00400213199631
-0.00410396437695
-0.00465257938466
-0.00456541071562
0.0
-0.00577280004746
-0.00645441771472
-0.00673226100613
-0.00693117529659
-0.00744703586604
-0.00772482149749
-0.00799671896513
-0.00818202325918
-0.00855213513122
-0.0088012633847
-0.00886057904458
-0.0090092507415
-0.00916830611097
-0.00913763937632
-0.00881567748737
-0.00941601010485
-0.00955762093098
-0.00950005934611
-0.00970639897295
-0.00994817189196
-0.0100390547905
-0.0100266360255
-0.00947072637532
-0.00939946571395
-0.00972053239586
-0.00988199005608
-0.00998179662182
-0.00984911026483
-0.00968705649274
-0.00923115480043
-0.00914762085199
-0.00879537829052
-0.00860571000608
-0.00833858612526
-0.00790666953043
-0.00771911675731
-0.00772496704921
-0.00755240517784
-0.00721629504726
-0.00644133562547
-0.00635225436365
-0.00614038659495
-0.00543133910738
-0.00490450330555
-0.00454233124954
-0.00416553584089
-0.003615758898
-0.00312468150906
-0.00296917642482
-0.00241092291637
-0.00194044102898
-0.00138928423922
-0.000621779645375
-0.000266722036885
0.00035881350706
0.00102348304277
0.001484488732
0.00213336858138
0.00271851588377
0.00328726106538
0.00357742273005
0.00439607147073
0.00499299648491
0.00600982050542
0.00691729624428
0.00736732921597
0.00781381151939
0.00803540498115
0.00842852792793
0.00887444296083
0.00952432023906
0.0107172514415
0.0114180185313
0.0122944959695
0.0122495945888
0.0125787618405
0.0130967959175
0.0136603012856
0.0140900887759
0.0148933855642
0.0155559558502
0.0161062420336
0.016644082067
0.0177004482295
0.0172466765632
0.0175132526734
0.0180633764003
0.018241692519
0.0185530320273
0.0186744994342
0.0189722540411
0.019099400622
0.0195980562308
0.0200008052564
0.0199670881208
0.0
0.0207414062404
0.0205835493117
0.0209434247695
0.0215142940966
0.0224086773798
0.0227327163033
0.0223261986542
0.0221979059036
0.0220675547597
0.0221442365992
0.0220150251385
0.0222970835352
0.0217259298526
0.0218848737787
0.0219818075248
0.0222724699487
0.0221792199135
0.0223360564396
0.0222921030363
0.0224458878615
0.0227733179558
0.0225803864979
0.0225917617711
0.0232885734997
0.0228916080714
0.022662141283
0.0224342188402
0.022967836278
0.0
0.0231737676136
0.0228820531316
0.0227072484234
0.0226510164065
0.0225367969507
0.0224528866908
0.0
0.0226353091695
0.0228242966337
0.0227841289701
0.0224937225302
0.0223697205188
0.0222208776425
0.0226275364618
0.0226528069379
0.0227802821257
0.0227376685878
0.0228184785714
0.0230162967285
0.0228293126385
0.0227837674694
0.0228474311437
0.0229791748889
0.022870169947
0.0227328659289
0.0226358092538
0.0226987457023
0.0226142346156
0.0226884094414
0.0227638240712
0.0230971624934
0.0228292642017
0.0229591866076
0.0227262515412
0.0227827047876
0.0229340283608
0.0229977569591
0.0231032291445
0.0230869836593
0.0228277081082
0.0230098167108
0.0232245792689
0.0
0.0230607643869
0.0230828812342
0.0231192170918
0.0233996569846
0.0236864089206
0.0241318953942
0.0243905817788
0.0242473402563
0.024179299195
0.0241424572941
0.0242797678045
0.0241240561123
0.023874052397
0.0235440982562
0.0232557562323
0.0232004717017
0.0229758188511
0.0226478823222
0.0221408045885
0.0219792654318
0.0
0.0219996146795
0.0208504178834
0.0
0.0204738124665
0.0201896544592
0.0194953047219
0.0192175671985
0.0191776406651
0.0189465156567
0.019315627272
0.0177741241746
0.0173239135899
0.016988745913
0.0163855496745
0.0163360268718
0.0153679498618
0.0149177114238
0.0145737537598
0.0140666558912
0.0139082236235
0.013424784536
0.0129406358352
0.0127844221998
0.0121365334543
0.0117728946004
0.0113643992607
0.0108999449926
0.0101476484094
0.0100684767732
0.00992525803358
0.00965302998681
0.00877460448739
0.00846541260221
0.00798539540594
0.0075139932935
0.00716186462562
0.00679248893631
0.00641525304224
0.00682958105979
0.00516551708144
0.00468958196681
0.00418316137786
0.00399694127708
0.00390681751257
0.00345112762545
0.00298165896466
0.00256983183921
0.00222256550735
0.00173248428302
0.00130092081209
0.000778661570993
-0.000292821159598
-0.00078461545747
-0.00115674923093
-0.00151528690698
-0.00184593113821
-0.0022205037821
-0.00268359806645
-0.00309503178934
-0.00384506194005
-0.00426423946793
-0.00499046031801
-0.00501499587993
-0.00578528137026
-0.00615886212392
-0.00643898646736
-0.0071908793819
-0.00763705486896
-0.00812913656489
-0.00832049550936
-0.00895893938635
-0.00963227371295
-0.0101128365708
-0.0103730625647
-0.0102314358294
-0.0115079434812
-0.011767217873
-0.0122588496057
-0.0125389190342
-0.0130009961955
-0.0133204739616
-0.0134970562473
-0.0139761389803
-0.0142294129506
-0.0144417683935
-0.0143139764777
-0.0143302014961
-0.0153115354709
-0.0151364220406
-0.0154039613629
-0.0154761777955
-0.0156697005556
-0.0157086315968
-0.0159114921223
-0.016256693125
-0.0164721464684
-0.0165463792809
-0.0165502916342
0.0
-0.0163581571938
-0.0162744537209
-0.016082285238
-0.0157823196244
-0.015978187828
-0.0158774588803
-0.0155742221655
-0.0155471024539
-0.0157319038547
-0.0156929700932
-0.0155705863007
-0.0153105979433
-0.0151971776795
-0.0147394262188
-0.014314683924
-0.0138505175717
-0.0137491929993
-0.0133763296963
-0.0132776454627
-0.0129179659427
-0.0128300234863
-0.0124607892835
-0.0120725289481
0.0
-0.0117943804042
-0.0111778690436
-0.0108832921566
-0.0104805356705
-0.0098236653979
-0.00910486030813
-0.00852991928283
-0.00818232481749
-0.00769260525366
-0.00703788964813
-0.00603899836231
-0.00484523125973
-0.00480829285957
-0.00430973414167
-0.00336114572615
-0.00378814810991
-0.0034261995159
-0.00288192551983
-0.00194631481671
-0.000955693118018
-0.000908644487224
-0.000656888010108
-0.000860241073963
2.0930936949e-05
-0.000115672151762
0.000688148950809
0.000460398970834
0.000914811501094
0.00170189571062
0.00219506978774
0.00201035228845
0.00215700468228
0.00237062426139
0.00299293398896
0.0036649571262
0.00412883743997
0.00471342520176
0.00452312827267
0.00490757666447
0.00520002033383
0.00520201031149
0.00595804216324
0.00616427750566
0.00632872713187
0.00630999775611
0.00629963870227
0.00665413343648
0.0066771866558
0.0064527378709
0.00661440852637
0.00636970935191
0.00661561931197
0.00667393690027
0.00670675605877
0.00672371939879
0.00676874510411
0.00693588590099
0.00709533545951
0.00699654474061
0.00725617221037
0.00637790165668
0.00642949627135
0.00633562432858
0.00642088517767
0.00651165410058
0.00653843262808
0.00673050190098
0.00669879855409
0.00768606854218
0.00733814822289
0.00706669258262
0.0
0.00778071380183
0.00842907635812
0.0
0.00817993207171
0.00793361300455
0.00785052413896
0.00826561265782
0.00844479711461
0.00910586426511
0.0
0.010509619576
0.0103341697713
0.00973987781922
0.0101094330144
0.0100901728236
0.00987796972002
0.0107661126233
0.0107476516148
0.0109266319838
0.0108547857501
0.0104843386507
0.0105665694044
0.0108296071286
0.0110860040671
0.0
0.0113822506651
0.0111615528653
0.0
0.0118558088232
0.0118841432988
0.0120911339657
0.012331448976
0.0123333704604
0.0126462014576
0.0125746559608
0.0127978181263
0.0123190224071
0.0126010532275
0.0125375195734
0.012806702939
0.0129463985498
0.0132181502973
0.0132883846702
0.0132327230098
0.0133822918392
0.013264139929
0.0131561970946
0.0132911149146
0.0133284228613
0.0136311870825
0.0138284624452
0.0135576517467
0.0132687076314
0.0130193813805
0.0127317536026
0.0127441901674
0.012415685712
0.0121135369237
0.0117639729467
0.0123147967823
0.0116055548822
0.011684491065
0.0115053983068
0.0113675956644
0.0111567904638
0.011086416822
0.0108399445019
0.010720341872
0.0105147322501
0.0100467804007
0.00987187835214
0.00980310410311
0.0092982941566
0.00897038605166
0.00876240842307
0.00845762690644
0.00806799532757
0.00783732017794
0.00731735174789
0.00700342602245
0.00662848810269
0.00616795778457
0.00579207413733
0.0
0.00483854154428
0.00449905294971
0.00426910248364
0.0038479961048
0.00357444901943
0.00312462221587
0.00280454129583
0.00281430729097
0.00243208105082
0.00218280453663
0.00192127939784
0.0
0.00108488735196
0.000851127593143
0.0005108102958
-0.000180367612876
-0.00101321653008
-0.00121792296724
-0.00162586775698
-0.00186999743488
-0.00194507484306
-0.00255827327211
-0.00299739603048
-0.00305582781662
-0.00401264945549
-0.00430244259122
-0.00447396877023
-0.00515253321979
-0.00543813317936
-0.00554758871546
-0.00597580387871
-0.0060898706045
-0.00682602818056
-0.00746744715335
-0.00803732412138
-0.00810711279058
-0.00853503269801
-0.00891919657962
-0.00926246157279
-0.0096816665227
-0.010156911184
-0.0108615273003
-0.0111114137148
-0.0116955046881
-0.0119756455109
-0.0124501451675
-0.0125702790672
-0.0122722224789
-0.0135837804902
-0.01436190899
-0.0142168350345
-0.0143460654766
-0.0142213226324
-0.0146663419097
-0.0147676750233
-0.0152230841607
-0.0155636700033
-0.0156788682846
-0.0159823463872
-0.0157623304132
0.0
0.0
0.0
-0.0164682070489
0.0
-0.0172897602935
-0.0172727921626
-0.0173786799973
-0.0175129426513
-0.0174137708737
-0.0174004061231
-0.0174293876626
-0.0171579900786
-0.0172679556043
-0.0171640853692
-0.017073874594
-0.0165772796066
0.0
0.0
-0.0155884522778
-0.0163190855075
-0.0166279393347
-0.0159247946462
-0.0161835290484
-0.0166919817211
-0.0166839699048
-0.0167360817933
-0.0169786378006
-0.0171469644416
-0.0168712884096
-0.0167067873504
-0.0161767813089
-0.0156718101305
-0.0153300702756
-0.0152003542124
-0.0134364921587
-0.0138347739303
-0.0130510800154
-0.0125008002414
-0.0118760939103
-0.0111692493262
-0.0106331693091
-0.0100689191822
-0.00951119187746
-0.00887497110723
-0.00817881625908
-0.00767905031778
0.0
-0.00598078930776
-0.00503237809968
-0.00416186234704
-0.00429723122152
-0.00394394917687
-0.00332501582772
-0.00290104959262
-0.00221911645772
-0.00180393518887
-0.0013413562483
-0.00105997576535
0.0
-0.000718962635736
-0.000106233035911
0.000678152666335
0.00128425831759
0.00166950589115
0.00227000837053
0.00297537330939
0.00361230598953
0.00436862488684
0.00464599799986
0.00515587454954
0.00659264849794
0.00649984835561
0.00642728243298
0.00660279324837
0.00668101168371
0.00714813871644
0.00704187546765
0.00704203006302
0.0072582602495
0.00719330059191
0.00748514117933
0.00770067785308
0.0
0.00757217908766
0.00752741625021
0.00737778556019
0.00746101288031
0.00776814586892
0.00770299282619
0.0076660396665
0.00781358265498
0.00795906749271
0.00793619904867
0.00805586730739
0.00825826367071
0.00790050307217
0.0083731652367
0.00827580774741
0.00807615905836
0.00757222779601
0.00709707210872
0.00679580556986
0.00633733614652
0.00572786834885
0.0056291761751
0.00562429331361
0.00590655469097
0.00555299701396
0.00544681355072
0.00517923350193
0.00533887185026
0.00534354198628
0.00557282638365
0.00561922176798
0.00574789724824
0.00606161134952
0.00651235124235
0.0072026794797
0.0
0.00758938967259
0.00776430269232
0.00809415360032
0.00841837977184
0.00910165823769
0.00915542489717
0.00992173630728
0.0105917158545
0.0107818550706
0.0112242397602
0.0123358467956
0.012243918555
0.0122423509993
0.0124180099477
0.0129810418156
0.0134200602634
0.0139018760063
0.0144342773506
0.0144879863128
0.0143950448267
0.014599174874
0.0144908698566
0.0146157518791
0.0
0.0145326358544
0.0146884848892
0.01501734055
0.0153769824211
0.0154690076396
0.0152085131507
0.0151606526087
0.0150420463973
0.0149531574401
0.0146835116574
0.0146380982883
0.0151716761944
0.0147316035251
0.0149401931041
0.0152312228729
0.0153462122219
0.015225821267
0.0151331729306
0.0
0.0
0.0
0.0
0.0
0.0
0.0
0.0
0.0
0.0
0.0
0.0
0.0
0.0
0.0
0.0
0.0
0.0
0.0
0.0
0.0
0.0
0.0
0.0
0.0
0.0
0.0
0.0
0.0
0.0
