-0.0309101350456
-0.0253234926085
-0.00990241962237
0.00178366038959
0.00285964622131
-0.00133824166946
0.00632218888143
0.00590567336161
0.00462990283792
0.002260853554
0.00213868933097
0.00139289312004
0.00618056222744
0.00343378705194
0.0014990229222
0.0082928791522
0.00224059105584
0.00355685786494
0.00526483460865
0.00367241783029
0.0033110740461
-0.00161094038126
-0.00375845531021
-0.00600866359807
-0.00335085937825
-0.00481083479839
-0.00586220660562
-0.00441414418058
-0.00168307454061
-0.000820342917057
0.000106124737281
0.00368162531392
0.00548567390819
-0.00906108445582
-0.00210616193063
-0.00166991082142
0.00335270508502
0.000752924077666
0.00186352677621
0.00184341135129
-0.00222860988288
0.000701469121703
0.00405425791666
0.00527576081692
0.00297547520329
-0.00313307583319
0.00214894489481
-0.00393545471221
-0.00898958407984
-0.00893341440722
-0.010959713537
-0.0134940649667
-0.0203082204143
-0.027122375862
-0.0339365313096
-0.0356185817238
-0.037300632138
-0.0389826825522
-0.0406647329664
-0.0423467833807
-0.0440288337949
-0.0457108842091
-0.0473929346233
-0.0566303403419
-0.0559090978962
-0.0551878554506
-0.0544666130049
-0.0537453705592
-0.0385968906357
-0.0232114963067
-0.0172221993529
-0.0111288103779
-0.0140817140658
-0.0145131329217
-0.0159642673556
-0.0162124437835
-0.0184618952475
-0.0167539598017
-0.0148399111478
-0.0115558286853
-0.0120618755182
-0.0186387338261
-0.0194912394482
-0.0210760519542
-0.0214528979371
-0.0240501490665
-0.0327162428741
-0.041709648001
-0.0532773535988
-0.0594654877981
-0.0633822367061
-0.0719328510862
-0.0714147986656
-0.070896746245
-0.0703786938245
-0.0698606414039
-0.0693425889833
-0.0688245365627
-0.0552549143929
-0.0409636992952
-0.025837092519
-0.0158620314577
-0.00731872262067
-0.00700044084194
-0.00444084481561
-0.00793583451082
-0.00396343466059
-0.00334943675825
-0.00693082808803
-0.00287630255463
-0.00255845523704
-0.00166036405183
0.00179929813929
0.00557091548178
0.0134662150971
0.0128512956028
0.0146570801101
0.014022670935
0.0163852139053
0.0126920637555
0.0129630182894
0.0142557676591
0.0158650039154
0.0140749614916
0.0187171148884
0.015270530834
0.0143658926119
0.0104604730651
0.00968397874372
0.0103810778058
0.0133891848016
0.0132408024934
0.00964007671483
0.0111073542572
0.0101210032848
0.00423969989194
0.0041428959696
0.00085035570713
-0.00134293363277
-0.00164818160185
-0.00259468629095
-0.00440187511545
-0.00141351216169
-0.00361405641237
-0.00397033628414
-0.00377614058687
0.00193822455985
0.00465784649325
0.00916027605836
0.00221834193186
0.00235233923611
0.00242186434197
0.00509012962649
-0.00182689019622
-0.000188597075132
-0.000123491407903
0.00172824850126
-0.00167976970964
-2.93635903481e-06
-0.00579441173858
-0.00724744481974
-0.0110350424374
-0.0118848642335
-0.0120908477008
-0.0129367541875
-0.00594444342982
-0.00415399407097
-0.00350103934633
-0.00328823558563
-0.00234342688191
-0.00565670209677
-0.00678554790111
-0.0074374612891
-0.00798943831858
-0.00652283666023
-0.0118175138901
-0.00988713401384
-0.0102451982614
-0.00991244276316
-0.0124787788818
-0.0132613220089
-0.0129586627775
-0.0109790700108
-0.00723950794896
-0.00659954813989
-0.00823660031624
-0.00876233526629
-0.00679249423657
-0.00565555913291
-0.00809871964861
-0.0105418801643
-0.0077002721398
-0.00608497782966
-0.00691824783161
-0.00985299223044
-0.00638812576538
-0.00754998975402
-0.00776689177062
-5.93228308103e-05
0.00628806766727
-0.00106079065558
-0.00318579722866
-0.0038047914426
-0.00507743230449
-0.00492404068561
-0.00566554469539
-0.00926144238777
-0.0123532554002
-0.013408821162
-0.0146234779973
-0.0242417458363
-0.034202533989
-0.0376530016601
-0.0370530671749
-0.034747925726
-0.0327108120216
-0.0329554656622
-0.0334584986648
-0.0282567673623
-0.0189682339398
-0.0163486651405
-0.0153369205281
-0.014360039651
-0.013405776328
-0.00922937278796
-0.00462062440441
-0.00238603318528
0.000786994329532
0.00255650274299
0.00482273215098
0.00676237072535
0.00261290616222
0.00390509395069
0.00700614855231
0.00395150839758
-7.4719534313e-05
-0.000301788892876
-0.00118661753833
0.000648799271576
0.00217781439599
0.00199149204551
0.00363348275416
0.0110394790813
0.013518773759
0.0143078348052
0.0117294427121
0.0141632470378
0.0164469873693
0.0164292298939
0.0191832265248
0.0185023884336
0.0191168016006
0.0199195090247
0.0134855830407
0.0170885632601
0.0138670859847
0.0180999901933
0.0150437817576
0.0155635034728
0.0157766255985
0.0152365601935
0.0129393625744
0.0218457120026
0.0178450246961
0.0168363392817
0.0165454443475
0.0187351487924
0.0195555221845
0.0290905582395
0.0267422592697
0.0261297759485
0.0244916926459
0.022805478926
0.0259267996576
0.0236081918048
0.0226871579477
0.0224140100043
0.018710843434
0.0120129287054
0.00689963514031
0.000740960678474
0.00753591598383
-0.00442387084411
-0.0045155153618
-0.0050792978654
-0.0031350308631
-0.00119076386081
0.00040584896365
0.00144889303576
0.00199975735696
0.00263365365106
0.00461599987943
0.0104797629885
0.010211665883
0.0134104743102
0.00910347575879
0.00722965069132
0.00621238677982
0.0101409268504
0.014069466921
0.00915176293118
0.00623265161828
0.00589285914964
0.00475480645964
0.00921222895647
0.00927859924279
0.00797198060292
0.00666536196306
0.00661152495953
0.00637899781267
0.00736643832394
0.00729564172423
0.00732476174031
0.00725849473053
0.00499327553061
0.0043936181981
0.0069856516837
0.00439887867709
-0.000452161001757
0.00115680126966
-0.00327637731423
-0.00646114491819
-0.00675022385842
-0.00687122028631
-0.00876149670483
-0.00903568064628
-0.0106200332786
-0.0121026015678
-0.0147651557776
-0.0209650630464
-0.0224024691746
-0.0210078467978
-0.0197585055263
-0.0205679919059
-0.0133894197313
-0.0118680973955
-0.0132838157962
-0.015869763582
-0.024147962651
-0.0232885453591
-0.0221133535276
-0.0215642075501
-0.0181023785925
-0.0266894760883
-0.0328525105202
-0.0327561190215
-0.0322676337552
-0.0409361403609
-0.0418423105199
-0.0514854321971
-0.0607332307955
-0.0596965617721
-0.0586598927486
-0.0490648840174
-0.0399698362344
-0.0316242901442
-0.0265800834714
-0.0250919165053
-0.0228689618842
-0.0180528336569
-0.0174950244053
-0.00770476792029
-0.00707215166367
0.000358078709059
0.00935443913495
0.0125004517437
0.0123868638245
0.00771396599745
0.00592100256431
0.00398678236885
0.00127896007093
0.000635338064956
0.00144135404686
-0.00135544474286
-0.00321757791425
-0.00256620153558
-0.00169555332248
-0.00437788062101
-0.00633465301181
-0.00706142954494
-0.00724200379955
-0.00768144765849
-0.00812089151743
-0.00405600038309
-0.00549388776617
-0.00198404068019
-0.00385878768294
-0.00298862220034
-0.00568166836375
0.00108527753167
-0.00570253314568
-0.00584181647663
-0.00582146537983
-0.00641100887514
-0.00451436269333
-0.00881771733426
-0.00836136782099
-0.00532739541449
-0.00660063406863
-0.00732443532628
-0.00647489053678
-0.00718850328899
-0.00361310441807
-0.00304359206945
-0.00107559153516
-0.0036460700666
0.00394001175107
0.000377082662281
-0.000719755037476
-0.000743365160639
0.000260896410793
-0.000868017039294
-0.00244683686995
-0.00317364369562
-0.00313730932259
-0.000562105112298
4.43863004262e-05
-0.00164914274552
-0.00455110933473
-0.000596922070749
0.0047286789166
0.00452782490024
0.00396071480513
0.00475802051369
0.00296983132993
0.00384509278819
0.00191229905121
0.00504380497139
0.0034452642977
0.000519299277531
0.00118048597617
-0.000513135800455
0.000106268010477
0.0014957542025
4.83716646031e-05
-0.000738577984278
-0.0031810093685
-0.00189076265506
-0.000591058741067
-0.00213325737239
-0.00224971875528
-0.00232211611041
-0.00338109881802
-0.00301954908993
-0.00453003333522
-0.00465027311242
-0.00456266766114
-0.00150276314179
-0.00539141259179
-0.007099407702
-0.00447511615053
-0.0111511659005
-0.0107897987168
-0.0128482597497
-0.0107618177297
-0.0109195016791
-0.0112637315739
-0.0111931256549
-0.0121858295525
-0.0102877241407
-0.0127463939041
-0.0153211610133
-0.0155495052503
-0.0136568902921
-0.0133217250242
-0.0166884148265
-0.0158325815127
-0.015107550315
-0.0180119972957
-0.0168221364906
-0.018099503082
-0.0179518490292
-0.0171983548808
-0.0182538508005
-0.0167584165343
-0.0150868737962
-0.0170550402107
-0.0219960099248
-0.026936979639
-0.0265954762777
-0.021990449316
-0.0225276041359
-0.0189223927856
-0.0192418371828
-0.00734252992415
-0.0162431871402
-0.0187840586792
-0.0168308005397
-0.0220567370901
-0.0188668324212
-0.0187671597774
-0.0201175147786
-0.0222572318838
-0.0250108779432
-0.0187877883643
-0.0189374875535
-0.0163717131447
-0.0146067522709
-0.0154899347354
-0.0170152660531
-0.0146159493825
-0.0169815348409
-0.0135243420179
-0.0173263421481
-0.0154807024463
-0.015913113819
-0.0160123558999
-0.017660572716
-0.018169968452
-0.0178687188902
-0.0156314634676
-0.0134907524583
-0.0135714515165
-0.0130947609906
-0.0132830365425
-0.0141189062227
-0.0137999673489
-0.0115199198545
-0.0135731848395
-0.0112471404557
-0.0134289527688
-0.0136319183182
-0.0138314450158
-0.012454359231
-0.0104418049564
-0.0112918793475
-0.0121645064332
-0.0150353529026
-0.0126831800119
-0.0154528828328
-0.0144701714932
-0.0130801522321
-0.013713818514
-0.0112082943813
-0.0117918009605
-0.00677388549851
-0.00562932751417
-0.00319457480327
-0.00464804359539
-0.00221970104673
-0.00159864516083
0.000201274585824
0.000247551165832
0.000100196216711
0.000105356908359
0.00158282809544
-0.000147826220815
0.00569004058471
0.000147244508867
0.00123413188244
0.00727855477503
0.00813549373527
0.00841725375376
0.0112188551666
0.00951726298409
0.00799836396697
0.00805821555687
0.00876077393798
0.00942775727871
0.00227086072244
0.00307992874756
0.00308960029732
0.00605129483408
0.00842480859827
0.00957131982521
0.000474612313056
-0.00180037528124
0.00161829178136
-0.00197043596905
-0.00287564856903
-0.00302584058365
-0.00380291737188
-1.36080933349e-05
0.00263028104874
0.00527417019081
0.00240014863689
-0.00130792282493
-0.00452426576134
-0.00782119873581
0.00812713730265
0.00964257390579
0.000192993427421
9.2278950754e-05
-0.00522395609764
-0.0053755741799
-0.00417921643585
-0.0131479952942
-0.00951473268969
-0.0140492996522
-0.0137132740891
-0.0123529972537
-0.0132185603522
-0.0136278882959
-0.0122715376899
-0.0119488061748
-0.0153879877076
-0.0138802594463
-0.0128163413973
-0.0128117123765
-0.0125642531986
-0.0123167940208
-0.0120693348429
-0.011821875665
-0.00996476721078
-0.00853084461478
-0.0124281863156
-0.00939158747707
-0.00779386051791
-0.00943325602311
-0.0069903879717
-0.00762233602961
-0.0112687082285
-0.00970176359079
-0.0100093975138
-0.0115833372359
-0.0234395490024
-0.0287079501562
-0.0227085088937
-0.0229446791619
-0.0284458763527
-0.0339470735434
-0.0566938718745
-0.0631718175172
-0.0696497631599
-0.0761277088026
-0.0715060239779
-0.0805166590682
-0.0805777069784
-0.0806387548885
-0.0806998027987
-0.0807608507088
-0.080821898619
-0.0723896111868
-0.0622218705357
-0.0543997362614
-0.0455226031699
-0.0290667681161
-0.0295682439642
-0.0233884135027
-0.0251502194718
-0.020469369635
-0.0156729796982
-0.0108765897615
-0.0186390948094
-0.0226647510671
-0.029660081716
-0.0272832369915
-0.0280556333005
-0.0306512188346
-0.034079658946
-0.0366599397943
-0.0401567189624
-0.0414753056112
-0.0413808161337
-0.038329462842
-0.0330804968547
-0.0273925050521
-0.0185791061061
-0.0200415424537
-0.0115595352341
-0.00797368093133
-0.00659102101138
-0.00432663079025
-0.00307952761276
0.00252972130433
-0.00735530155523
-0.00164722081731
-0.00594748248379
-0.00784160120592
-0.0070929607315
-0.00634432025709
-0.00907851974103
-0.00963019309826
-0.0112800867143
-0.0120933476441
-0.013797510326
-0.0102751228596
-0.00555476992435
-0.00393551181456
-0.0018197657932
0.00145966186618
0.000203062419129
-0.00530633541008
0.00201545549211
0.00101337897723
0.00354594036398
0.00195182233406
0.00302213290025
0.00141004013303
0.00127555364767
0.00347992713326
0.0037528167554
0.0116914003674
0.00693039543822
0.0248226684708
0.0220389437247
0.023263102899
0.0224149862701
0.0270907353053
0.0208605586236
0.0206982565693
0.0286889110601
0.0212012416656
0.019649891699
0.0137889423023
0.0153099793825
0.0168310164628
0.0148211983038
0.0145912363545
0.0143273325666
0.0142443167524
0.0135382165104
0.0183522000321
0.0134937719204
0.0123191774485
0.00843612890342
0.00892367266867
0.00435154056841
0.00383278179587
0.0031652255085
0.0039840604186
0.000490636144117
-0.00472839855471
-0.00361425535178
-0.00284623079622
7.92009248518e-05
0.00168597237165
0.000596213757539
0.000144088495691
0.000676397803884
0.00175453325002
0.00210202700604
-0.00292431285684
-0.00313847572905
-0.00628579107279
-0.00671416014352
-0.00360301309331
-0.00575656326619
-0.00363566004768
-0.00384991915849
-0.00384281586664
-0.00481505937738
4.00902730271e-05
-0.00390594999941
-0.0035611812054
-0.002880425034
-0.00535414792692
-0.00676213957854
-0.00863714184499
-0.00628726128007
-0.00613079333241
-0.0058616867861
-0.0043378867731
-0.00623243868505
-0.00405779877242
-0.00268760229747
-0.00710579616775
-0.00830909754149
-0.00178128982431
-0.0067738746586
-0.00435682139847
-0.00454635965393
-0.00628554009183
-0.00546726794104
-0.0091546444862
-0.0114443500729
-0.0137340556596
-0.0115967973811
-0.0017296708281
0.00327675751185
-0.00181178752491
-0.00401707854604
-0.00531110637183
-0.0113806010623
-0.00796607008368
-0.0120768445812
-0.0126642731903
-0.0134773389022
-0.0158886754317
-0.0155511231331
-0.0180274209263
-0.0194235186386
-0.0203826420188
-0.0216677304036
-0.0135423587003
-0.0220132500983
-0.0203675392464
-0.0197132430438
-0.0127621516093
-0.0134333342784
-0.00798596352216
-0.0111538815249
-0.0102400544359
-0.0126282126218
-0.00436086790047
-0.0126999391159
-0.0111637564612
-0.0103454159719
-0.010600024239
-0.01377573772
-0.0141186834328
-0.0176504971552
-0.0113397281315
-0.00544786983128
-0.0190452768214
-0.0192353753046
-0.0203997121537
-0.0193358440849
-0.0175621976972
-0.0140822700928
-0.0154885588901
-0.0107997873983
-0.00525163558787
-0.00370500495745
-0.00312573413458
0.000183359079754
-0.0107132639718
-0.00674058564316
-0.00397799561305
-0.00595201211646
-0.00791241462967
-0.00434886096392
-0.00683267458471
-0.00742987698705
-0.00560121505332
-0.00811214702347
-0.000743360598052
-0.00412823726591
-0.00456158926204
-0.00153340479468
0.00305551847826
0.00648992084837
0.00549581088623
0.00965148674998
0.00541047921131
0.00757842027513
-0.00215908467047
-0.000703899390472
0.00357185538346
-0.00201580055352
-0.00792446970252
-0.00985683539617
-0.0102999241713
-0.00886438809902
-0.00840440839133
-0.0115173209025
-0.00986078464216
-0.00781928691137
-0.00116607797513
0.00200993421017
0.00120431883031
0.00705080280865
0.0121102419832
0.00838327675134
0.00971648343209
0.00722193271786
0.00761304288298
0.00766073729029
0.00255427513549
0.00583677129054
0.00386127132446
0.00263187784805
0.00140248437165
0.00589247703193
0.0079556278762
0.00570348436129
0.00684001455472
0.00468439630893
0.0035947096997
0.000845280594877
0.00185216345961
0.00103584493385
-2.59621452884e-05
-0.000830154144292
0.00343169273968
0.00536965983139
0.00334274488788
0.0019483736829
0.000523800472356
-0.00131892587374
-0.0035277931819
-0.00660958240734
-0.00763281807302
0.000208424732516
-0.00465108785547
-0.00402220361429
-0.00678249281521
-0.00623891119076
-0.0105265628922
-0.00256819693779
-0.00420331354674
-0.0100191318015
-0.00479577297896
2.93635903481e-06
-0.00259492517929
0.00146903585445
0.00474551746778
-0.00390523042691
0.000672679159015
0.00599379284837
0.00283726607636
0.000829493705
-0.00672994367335
-0.00385470900739
0.00274456811594
0.00294313541808
-0.00105373987988
-0.00346460012165
-0.0154653963073
-0.0204493292512
-0.0254332621951
-0.0236138007664
-0.0229770247122
-0.0239590446922
-0.0224598918116
-0.0332419140998
-0.0440706883127
-0.0428325294249
-0.0415943705372
-0.0353881881614
-0.0235703763819
-0.0212879302415
-0.0257114123243
-0.0256174877924
-0.0246764470092
-0.0227608450676
-0.0182894109902
-0.0101278579774
-0.00759846995645
-0.000975778344882
-0.00139546033079
0.00281047178506
-0.00385555229416
-0.00744007324304
-0.0191632141478
-0.0175010355256
-0.0188311204808
-0.0116057563507
-0.00796889960714
-0.00245942069282
0.00237236422818
0.000627939675008
0.00424092974763
0.000532555181635
-0.00039997729806
0.0048225592063
0.00730213654538
0.00432026112288
0.00683427026096
0.00472584840975
0.00225615496494
0.00114207190151
-0.00328018081121
0.00397107284177
-0.00276137050619
0.000231027039929
-0.00117731182083
-0.00260823310692
-0.004039154393
-0.00345294932297
-0.00208398580787
-0.00269277729127
0.00183836781255
0.00350521553173
0.00345264861356
0.00691059601819
0.0132565122558
0.00732416601252
0.00988340130365
0.00956946376305
0.00904927284901
0.0116896217908
0.0081470074649
0.0095595297407
0.00921914925458
0.00790170815007
0.00887956685852
0.0104694975094
0.00819208760962
0.00600741716939
0.00376521805074
0.00434396735654
0.00267318689506
0.00580533101411
0.00638273329226
0.0040977095182
0.00779151841846
0.00350806271407
-0.000500908336985
0.000472501293408
0.00133166433082
-0.0020556273699
0.00270005927645
0.000932789781407
0.00134181951221
0.00287557850294
0.00351921557043
0.00214347753015
0.00361889242939
0.00584258982507
0.00867627089334
0.00661500512996
0.00556811194149
0.00792981435952
0.00661466740287
-0.000494539102019
0.009685409401
0.00596302565018
0.00772232116127
0.00794830436543
0.0056211198303
0.0081868308791
0.00653917590662
0.00335678991507
-0.000796356987696
0.00531359736988
-0.000461020458426
0.000363584855309
0.00107401976361
-0.000484594460631
-0.00069671777005
-0.000942435070931
-0.000869082339967
-0.00106080749713
0.00100520175213
0.00195359881664
0.00620189063397
0.00855519098142
0.00475738166173
-0.00576382923127
0.00413386519303
0.00419273073921
0.00660507221586
0.00716195871561
0.00548170344729
0.00521178245462
0.00559926409416
0.00106362690865
-0.00364229399401
-0.00368714528011
-0.00574882734392
-0.00881435982991
-0.00649212527646
-0.00295609990224
-0.00623202766707
-0.00498935574011
5.97006312393e-05
-0.00379833415103
-0.0036193178983
-0.00189399372456
-0.00317551105224
-0.00133052338681
0.00076929709183
0.00150198047664
0.00223466386144
0.000490594122094
0.00171282622992
-0.00124910120655
-0.00344354039332
-0.00575513100968
-0.00796893836544
-0.00549190191255
-0.0114236793758
-0.0122569707813
-0.0141553222008
-0.0160161006308
-0.0167237252408
-0.0186127407137
-0.0215413710195
-0.0217413618263
-0.0243172665293
-0.020177060547
-0.0211930669699
-0.0189241672938
-0.014363583985
-0.0164378749472
-0.0149594982096
-0.0204262158607
-0.0165959381599
-0.0134331858833
-0.00786606832409
-0.00964784359086
-0.010253306094
-0.00596298201518
-0.00464687948734
-0.00353578005745
0.000699034295292
-0.00252161927342
4.58867248869e-05
0.000619019582801
0.00479082846591
0.0060158105333
0.00641794997873
0.00557001238731
0.00353141493977
0.00399348023859
0.0108115779657
0.00719281349637
0.000640250657625
0.0025196493789
0.00519491515582
-0.00124846118134
-0.00044709033709
-0.00169107891082
0.00323191870584
0.00468229318274
0.00430536210276
0.00926991372394
0.00888703525854
0.00818683508374
0.00483389921193
0.00760214467207
0.00944505346633
0.0135723350237
0.00774119849509
0.0173170854767
0.0203948590911
0.0211332009605
0.0194349022912
0.0187467445942
0.0185108422925
0.0139690662501
0.0100420061327
0.00735354290876
-0.00625890444167
-0.0114069800836
-0.0200844723529
-0.0138699601196
-0.00915754011765
-0.0091728469702
-0.00829288661544
-0.000318446081464
0.0122076853388
0.0109738205802
0.00995876780757
0.0107327845138
0.0119359388372
0.00649270052558
0.00741470233744
0.00595112458651
0.00923602393698
0.00623989865619
0.00975893301479
0.0198946221197
0.0143961933317
0.0149416255197
0.0122105527236
0.0174968622331
0.0144977578123
0.0102357412514
0.00597372469057
0.0143362378721
0.0130813459296
0.0148966225851
0.0125195127805
0.0125353871448
0.0152754350237
0.0112411296055
0.00883730850508
0.0063619698362
0.00756440042502
0.00867805690574
0.00644664314913
0.00283321404632
0.00138764208523
0.00473631725992
0.00166924377719
0.000898269677933
0.0036461454212
0.00296914141411
0.00163071851622
0.000970126288398
0.0031426018426
-0.00378821335733
0.00183732811754
0.00449278272029
-0.00176159940734
-0.00204958183432
-0.00189186827914
3.83152813588e-06
0.00663385451492
0.0069202134721
0.00541010396553
0.00326143783912
0.00666861567271
0.0104440439736
0.00902419620439
0.00990074298711
0.0036355963736
0.00410902254987
-0.00491789995392
-0.0183614152303
-0.0318049305066
-0.029965004867
-0.0281250792274
-0.0262851535878
-0.0244452279481
-0.0226053023085
-0.0207653766689
-0.0218764260612
-0.0229874754534
-0.0240985248457
-0.025209574238
-0.0263206236302
-0.0274316730225
-0.0283845378183
-0.0293374026142
-0.03029026741
-0.0312431322058
-0.0321959970017
-0.0331488617975
-0.0305726284263
-0.0279963950552
-0.025420161684
-0.028396916074
-0.0286729638073
-0.0259379216153
-0.0194251909206
-0.0291149730532
-0.0388047551858
-0.0398529572508
-0.0409011593157
-0.0419493613807
-0.0371457200325
-0.0386207466182
-0.0298096589952
-0.0282552582948
-0.0209056155606
-0.0253342417136
-0.021870419283
-0.0164616043071
-0.011944583135
-0.00823135017295
-0.0124475891527
-0.00541342495864
-0.00315217635582
-0.00256677727101
0.000501064114545
-0.000915720293671
-0.0035910580668
-0.00111189855841
-0.00195868262208
0.00624759135996
-0.00738957411795
-0.0078163830721
-0.0079267656352
-0.00803714819831
-0.00697947997377
-0.00454635714987
-0.00586297331511
-0.00946458841764
-0.00250020236634
-0.00186094818382
-0.00590408024704
-0.00922352333592
-0.00462893794667
-0.00178005987163
-0.00142824963437
0.00296214781437
0.00190514474877
-0.00283910656605
-0.00535883141926
-0.00520209237637
-0.00457126356055
-0.00433882908523
-0.00464412733343
-0.00249610693203
-0.00219629121776
-0.000827874115158
-0.00470843130316
0.00275888800077
0.00204784182468
0.00216025432494
0.000451261452969
8.72011260049e-05
-0.00642368637123
-0.00561606429502
-0.00651994240247
-0.00773140491827
-0.00808335501953
-0.0051008540519
-0.0130931914904
-0.0128702717807
-0.0133605527603
-0.00799441339756
-0.00592440369683
-0.00330251309124
-0.00238281503471
-0.00302626042689
-0.00187458244877
0.00286083802729
0.00248040280879
0.00381493613046
-0.00196749887793
0.000708508463091
-0.00274850132705
-0.00200582652189
0.00062723726369
-0.0131218098012
-0.00501373969314
-0.0075411427373
-0.00498688268984
-0.00393967847771
-0.0026272280599
-0.00357260978585
-0.00658192715773
-0.00154890232543
-0.00195013263656
0.000266033130673
0.00102571374627
-0.000383386356629
-0.000763766741034
0.00330118321236
-0.00213550994987
0.00021797475714
0.00319855130661
-0.00430530793497
-0.0031880582486
-0.0052227799143
-0.00433854813308
-0.00443262219758
-0.00536569972664
-0.00583625983118
-0.00933770619383
-0.00535883628918
-0.00937006579315
-0.00600092416166
-0.00206772543241
-0.00174643275341
-0.00369936051296
-0.00565228827252
-0.00760521603207
-0.00927324006356
-0.0109412640951
-0.0126092881265
-0.014277312158
-0.0159453361895
-0.017613360221
-0.0192813842525
-0.0161070997169
-0.0129328151814
-0.00975853064583
-0.00658424611028
-0.00842923230577
-0.00870277844972
-0.00826477990932
-0.000835338762884
-0.00910353160497
-0.00906401542983
-0.00961296885928
-0.0122089813645
-0.0138267076016
-0.0181540616567
-0.0194918028392
-0.0194303871162
-0.0182100259079
-0.021263387655
-0.0197438322832
-0.0201214095552
-0.0195855794883
-0.0206693481655
-0.0157338206759
-0.0187536695065
-0.0176835515405
-0.0159384992343
-0.0228083615427
-0.0200117213544
-0.0167412260905
-0.0178229192592
-0.0168018586085
-0.0144434786398
-0.0143445866157
-0.0150055656134
-0.0122525638204
-0.0117422790435
-0.0154959585142
-0.0180091680977
-0.0173753217908
-0.0171033195965
-0.0185871958308
-0.0172142543683
-0.0196667657055
-0.0216166865407
-0.0202127236656
-0.0165197403031
-0.0109162787422
-0.0110926412407
-0.00748577090553
-0.00873170593693
-0.0094475694269
-0.00977800747195
-0.0109571982683
-0.00654210409945
-0.00754749855766
-0.0104311052042
-0.00834918906042
-0.00511952214317
-0.00710595680221
-0.00767720517944
-0.00587966936267
-0.00182507900449
-0.00140014463026
0.0013144027446
0.00297884132008
0.00186285696411
0.00112394732855
0.00651813548517
0.0012802957122
0.006088234814
0.0062200982891
0.00253481237996
0.00144501912834
0.000792540109369
0.00264640166455
0.00282348765103
0.000707810130102
-0.00073952165408
0.00349057996001
0.000972726106148
0.000695504156226
0.00238546983816
-0.000161809300413
-0.00367136358198
-0.00815387079732
-0.00378713651884
0.000579597759638
-0.00998290902571
-0.0145092159732
-0.0105380280662
-0.0147701108946
-0.011061532918
-0.0134555336671
-0.014234576013
-0.0189566604273
-0.0148413040496
-0.0167728198707
-0.0130633570885
-0.0107805493377
-0.00849774158692
-0.00925366602365
-0.00911407252795
-0.00715767507948
-0.00559397505647
-0.0046159144104
-0.00236038671964
-0.00366237444184
-0.00278920161825
-0.0017298103988
-0.00405035891023
-0.00624904931307
-0.00249251179427
-0.00446835273576
-0.00208877037727
-0.00278961195654
-0.00180646505537
-0.00119601394891
-0.00118500014774
-0.00175267085647
-0.000975812174501
-0.00105839313631
-0.00062721877848
-0.00157057034734
-0.00178578562112
-0.00172247917293
-0.00530204236099
-0.00268355674143
-0.00332003909465
-0.00145465200346
-0.00195822646544
-0.00404369495585
-0.00370624490597
-0.00504573453163
-0.00637058719921
-0.00482044149045
-0.00383122141935
-0.00629787292684
-0.00684059197299
-0.00641652907014
-0.0258413582009
-0.0266349926912
-0.0274286271814
-0.0182095520622
-0.0200235514931
-0.020285615711
-0.0316641815332
-0.0415157504013
-0.0460003483289
-0.0559583298531
-0.0596591079631
-0.0600922876204
-0.0567029106129
-0.0561421873307
-0.0574612507232
-0.0557782545536
-0.0540952583839
-0.0524122622143
-0.0507292660446
-0.049046269875
-0.0473632737053
-0.0456802775357
-0.0264018315283
-0.0215913250117
-0.0197530421729
-0.0141552580366
-0.0137981700862
-0.0153481611322
-0.0158591126587
-0.0145490678031
-0.0145711499458
-0.0158170116186
-0.0126413090659
-0.0112528496756
-0.0096926598404
-0.00965725148695
-0.0131518829823
-0.0146861847703
-0.0162147218262
-0.01063390819
-0.0089493723123
-0.00641059422662
-0.00264587711837
-0.00883157302862
-0.00850641527495
-0.0075960909443
-0.0111664218869
-0.0129099268626
-0.014982530094
-0.0100775596684
-0.0154263664534
-0.0076380942399
-0.00744303101201
-0.0104299245404
-0.0134406741868
-0.0134528063942
-0.0134649386016
-0.0126517877834
-0.0104526567507
-0.00674139490975
-0.0103170506131
-0.0105813542342
-0.00842098442988
-0.00264801990827
0.00335650900627
0.0071697434445
0.0125229983636
0.0123730169558
0.0125367460118
0.0099795643994
0.0090938836346
0.0118402028101
0.00991136297047
0.00973635089673
0.00950804113403
0.012494699665
0.0114543403598
0.010174941473
0.0101858912538
0.00936097839763
0.0149024578665
0.0171726595629
0.0169744615138
0.0144673401911
0.0144439361938
0.0192459514737
0.0195204372412
0.0190801611922
0.019894525378
0.0179889980219
0.0183698200732
0.0119459975093
0.0109296018866
0.0140766552993
0.0140294708489
0.0121453988865
0.0104884309882
0.00677320099361
0.00488588234829
0.00116285904725
-0.00117613676706
-0.0021129573627
-0.0060408549417
-0.00291083285706
0.00198138606287
-0.00219094414448
-0.00804344701436
-0.00552524512821
0.00147017963258
0.0041021145776
0.00825320237477
0.00676020177018
0.0099939349534
0.0106785960301
0.0120051907624
0.00979443927788
0.0113268793678
0.0116591377965
0.0122520920435
0.0113785203063
0.00962744374879
0.0094502967922
0.00740502746484
0.00734971118613
0.0104187682511
0.00992946893353
0.0105864337003
0.00555413679743
0.00962825355601
0.00748315752503
0.00926843885504
0.00512616990901
0.00707365511625
0.0080384357257
0.00709495622592
0.00561424686605
0.00532006698431
0.000970396002103
0.00515181255559
0.00738409158141
0.0069792588182
0.00396262411219
0.00295392642353
-0.00126114394424
-0.00643177901663
-0.00787940844628
-0.0078705729951
-0.00793295933489
-0.0104655194839
-0.0106765197539
-0.00931882442319
-0.0108912063136
-0.012463588204
-0.0103667187754
-0.00892582215986
0.00217930232615
0.00528209012604
6.70823469633e-05
-0.000288313190877
0.00337392298333
-0.00550047056822
-0.00894071205773
-0.010637115239
-0.0141048747971
-0.0182511513665
-0.0152386804381
-0.0148297961989
-0.0148395955411
-0.0100602536949
-0.0104563683794
-0.0093704335334
-0.00898099058664
-0.00589388436506
-0.00446248416847
-0.00582784716503
-0.00424012261976
5.93491353729e-05
0.00317494988162
0.00163923711481
-0.0029298578116
-0.00642218964887
-0.00449205447442
-0.0112171575686
-0.00885533307605
-0.00572421796146
-0.00627558439513
-0.00803823687954
-0.00403465677214
-0.00300488527037
-0.00205247930926
0.000924570683253
-0.00106051144024
0.000612947028613
-0.00280244247542
-0.00251280526917
-0.00106329775506
0.00474034179856
0.00723571946046
0.00996847246272
0.0098592039573
0.0111537779926
0.00894721625153
0.00062250496045
-0.00250008093127
-0.00636847256317
1.93126451566e-05
-0.00215254332278
-7.63113793848e-05
0.003692300932
0.00264797702583
0.00254262322735
0.00634676899162
0.00649941770352
0.00608039504784
0.00643777306448
0.00852057840199
0.00997277716879
0.00987075874615
0.00905360062025
0.0111390383117
0.0135706682691
0.0155791042284
0.0176091705297
0.0148257540924
0.0191651122617
0.0221506453664
0.0226824641425
0.0254427074932
0.0281354916482
0.0255724627582
0.0270327144687
0.0201135499501
0.0161678076872
0.0176275805301
0.0134856370114
0.0125449082836
0.00870191984927
0.00128850202225
-0.00107485341502
0.00480554083943
-0.000897063913849
0.0046239964875
0.00829541882231
0.0127291885907
0.0119725011429
0.0132976282833
0.0134188306825
0.0130071981679
0.0125955656532
0.00840002651385
0.00456535497861
0.0119828912159
0.0100367863139
0.011494037083
0.0117376869569
0.0116929071512
0.0155795611651
0.017486158105
0.0117493115994
0.0152012868821
0.0197107419476
0.0212322594138
0.0217214217468
0.0231211982584
0.0238017423918
0.0250648348001
0.0225202776036
0.024577337031
0.0241962081018
0.0239835463979
0.0233889796406
0.0284352475981
0.0239587291689
0.0227055689137
0.019050761782
0.0171191209301
0.0177379460146
0.0171151135882
0.0177779707633
0.0148497685311
0.0183633213181
0.0182655019517
0.0147479660596
0.0116053287137
0.00846269136782
-0.01283233999
-0.0241968982209
-0.0355614564517
-0.0469260146826
-0.0507299060476
-0.0517478248171
-0.0458921056908
-0.0482793441362
-0.0420563853221
-0.0423619105695
-0.0401078282191
-0.0327588575052
-0.0325007732457
-0.025411518884
-0.0219284816064
-0.0123628689012
-0.00628862135743
-0.000260173337471
0.00444233184217
0.0101634650888
0.0161904154692
0.0176751120786
0.0176880743876
0.0219443732961
0.0293228341134
0.0367012949308
0.039323228667
0.0330009558597
0.0340829144594
0.0286277464763
0.0249790122239
0.027233475288
0.0256688869311
0.0245590969857
0.0163488730739
0.0223411778677
0.0281302799272
0.0278469676966
0.027563655466
0.0252083862046
0.0251444733396
0.0263081871536
0.0224260557313
0.022921961705
0.0216057832806
0.019616903401
0.0159700174659
0.0126627881693
0.0148815906837
0.011756102396
0.013035580722
0.0146905213417
0.0148576570793
0.0107448937048
0.00973087586716
0.00213272597711
-0.00332336492322
-0.00749670929118
-0.00689993477546
-0.00630316025975
-0.00256212726265
-0.00605777652624
-0.00300388754316
-0.000260466065615
0.00248295541193
0.0044969268031
0.00545907380642
0.00500225527597
0.00653916155148
0.00943666546853
0.00852948380932
0.0125910129653
0.0152033537758
0.0188999656685
0.0257237610797
0.023973363037
0.0232971113414
0.0214521433392
0.0236869561017
0.0232284840893
0.0274240585693
0.0288761525845
0.0339498879116
0.0327180595622
0.0312588803277
0.0318892411524
0.0335774677137
0.0333585035731
0.0316151710192
0.0295482052451
0.0265110228797
0.0217403210037
0.0209128012134
0.0171901718612
0.0155459186244
0.0121109636401
0.010663975362
0.0163661894617
0.0173822845548
0.0167063673088
0.018812301447
0.015614233456
0.0196019766021
0.0165329596106
0.0217251661912
0.0228454639043
0.0212733880368
0.022515525356
0.0192091308506
0.0217142004383
0.0210453754423
0.0174501428756
0.0177842721769
0.0197776906728
0.0216064305423
0.0181165499623
0.0155936448906
0.0208107758171
0.0214446172081
0.0202467145651
0.0174375563413
0.0171684808646
0.0127149273987
0.0184196309482
0.0194632056535
0.0208255430116
0.0206776107631
0.0171167147708
0.0156529434599
0.0171452948766
0.0199478720589
0.0203607023797
0.0231062634587
0.0218719464468
0.0268692272436
0.0265241874241
0.0255760198562
0.0235933929496
0.0203991016891
0.0188932168858
0.0190426917468
0.0198327333939
0.0172983698187
0.0166737894351
0.0167267234122
0.0195112498436
0.0190841601502
0.0169592134404
0.0175098479395
0.0204093603701
0.019114555787
0.0173991147753
0.0174711156403
0.0177150378559
0.0156052565314
0.013495475207
0.00593568410828
0.00640859688742
0.00316843762716
-0.00287344893353
-0.00649875503213
-0.00918355184091
-0.0105508498375
-0.00822366857312
-0.00810755294364
-0.00446179545033
-0.00412642671775
-0.00131445302949
-0.00169889690328
-0.00676794824385
-0.0109016098705
-0.0179785796365
-0.0225434039764
-0.0245438205481
-0.0237686140825
-0.0225390597456
-0.0205297306347
-0.0195913598282
-0.0150730534787
-0.0142878667734
-0.0112300311695
-0.0127475653729
-0.00934870267701
-0.00988227865165
-0.00668107843541
-0.00414653383943
-0.00408826878833
-0.00222064281714
-0.00382190695713
-0.00200762411651
0.00299940871909
0.00110060904091
0.000785567344943
0.00309721103761
-0.000876940817582
0.00255996803534
-0.00165975567021
-0.00421898651282
-0.00657834480072
-0.00513438618795
-0.00400348137781
-0.00682783006365
-0.00790049043093
-0.000500675326977
-0.00267357983569
-0.00127251129366
-0.00149225732436
-0.0027301929837
-0.0050290034652
-0.00550420585118
-0.00566490485081
-0.00923062387794
-0.00438831591968
-0.00311451912941
0.00449741687369
0.00564368737843
0.000746646516841
-0.000467481548231
-0.00261937676023
0.00297670058064
0.00426066528555
0.00680086569896
0.0110836202951
0.0107744423136
0.0163702424894
0.0170316612871
0.0209382746245
0.019588199806
0.0177193960346
0.0186147378828
0.0190719326618
0.0165711269374
0.0201387165751
0.0187820727143
0.0186650772938
0.017676100825
0.0180423868415
0.0161677703971
0.0113822688423
0.0103576204295
0.0151505694804
0.0152762903362
0.0146134783813
0.0162285408329
0.0195026725843
0.0207441002342
0.0184239311718
0.0203898070921
0.0192478363101
0.0175768544808
0.01848113213
0.0193854097792
0.0162586282207
0.0174800535003
0.0182557600215
0.0148088963022
0.0145502818965
0.0187731276459
0.02545446028
0.023436710839
0.0215439447265
0.0231513420802
0.0186691723562
0.0190667366066
0.0140635487223
0.0133679854265
0.0117231613399
0.0112609949489
0.0101765458914
0.00748117546432
0.00997767221537
0.00974718805088
0.00247130442385
0.00349486319816
0.00449777827563
0.0037446131827
0.00159377552285
0.00527997730378
0.00387268399872
0.00547562230621
0.00584871332204
0.0032071468557
0.00541883275478
0.00704927235537
0.00796705901485
0.00485439894733
0.00573182383285
0.00997535947516
0.0109374661635
0.00983206321499
0.0109348449165
0.0105746100948
0.0114941110796
0.0101313366269
0.00927338280602
0.00747330430896
0.00790085489586
0.00746913927193
0.00205960289853
0.000964547051649
-0.000682416884769
-0.00109228986768
-0.00213709993845
-0.00173034452841
-0.00151902130979
-0.00200117194761
-0.00689981904207
-0.00251914573767
-0.00896791079025
-0.0122058165855
-0.0132022654028
-0.0187685067588
-0.0221056702179
-0.0260463163048
-0.0295055139917
-0.0344361437785
-0.0345058977696
-0.0345756517608
-0.0346454057519
-0.0347151597431
-0.0347849137342
-0.0348546677254
-0.0349244217165
-0.0349941757077
-0.0350639296988
-0.023780908602
-0.0178479170088
-0.00886073788692
-0.011567562859
-0.00665973681205
-0.00548310444855
-0.00537157297205
-0.00221888783848
0.000218756783433
-0.00475366751265
-0.00446348795125
-0.0114341403901
-0.00747828148095
-0.0175665314725
-0.0167027323091
-0.0164222909779
-0.0202618317984
-0.0236967334259
-0.0233849407326
-0.0224204291355
-0.0207168602397
-0.0186010871858
-0.0164853141318
-0.0158212504434
-0.0132501506164
-0.0125775341724
-0.0145581092839
-0.0119990563883
-0.0112429106328
-0.00920098076513
-0.00890369912136
-0.00820682762063
-0.00891215209329
-0.00831221184473
-0.00574160111726
-0.0053208466865
-0.0055674624257
-0.00664182817554
-0.00663456929292
-0.00511232613094
-0.00415929787459
-0.0043565601359
-0.00381213253938
-0.00577940409518
-0.00381560437604
-0.0033261489813
-0.00269501627659
-0.00157012186315
-3.29577568603e-06
0.000739713598576
0.000852645420377
0.00157385229584
0.00405867301633
0.00782106686062
0.00803731631773
0.0093213728306
0.00886452476573
0.011058558214
0.0122244315059
0.0127225386961
0.0122445078786
0.0100131135453
0.0127889201182
0.0110063939409
0.010249807039
0.00797179925036
0.00963685112875
0.00948651156268
0.0107041392651
0.0135883578539
0.0134534020981
0.013210371007
0.0128891927001
0.0079026423644
0.0113796232627
0.0132915050117
0.0115852289471
0.0117017722977
0.0128200633788
0.0145349747089
0.0131454457272
0.0122888814432
0.0149359187067
0.0149913107269
0.0197621832721
0.0194522675114
0.0174480855896
0.0201955799762
0.014133437213
0.00977275008042
0.0143017719794
0.0106912992211
0.010576739632
0.012014416559
0.0112441847995
0.0103337550022
0.00917494168864
0.00960444672265
0.0071607483081
0.00736245829481
0.00675173725893
0.00584083487507
0.00843061295138
0.00996317203136
0.00724687328683
0.00761591480503
0.0053558609594
0.00417664174746
0.00585073489392
0.00630287952027
0.00905678959283
0.0102636194051
0.0103041911954
0.0117236723651
0.0129923211243
0.011025081709
0.0140118580294
0.0108744114055
0.00773696478154
0.00735588878596
0.00657844425176
0.002436469617
0.00619911903919
0.00453564020818
0.00352169749033
0.00333489406748
0.00359363280502
-0.00151712612149
0.000830471860907
-0.000639484223051
-0.00560291161401
-0.00777403137192
-0.0129273294279
-0.0156915943533
-0.0175371119278
-0.0184305024626
-0.018531937645
-0.0167751104588
-0.014289789574
-0.0121097133747
-0.0111750093922
-0.00864936844898
-0.00753357971471
-0.00381893313569
-0.000852284155023
0.00466427163309
0.00506509285783
0.00606609067899
0.00644788556088
0.00160704726161
0.00380417683076
0.00247762773904
0.00353763315356
0.000203413477105
0.00315402926288
0.00219081655796
0.00111817135125
0.0025625121199
0.00135441002719
0.00183028052271
0.00159043449212
0.00266316366638
-0.00037425082152
0.000700072321382
-0.000143865400389
-0.0010913487557
-0.00119144991912
-0.00595372712006
-0.00343051023665
-0.000623177000207
-0.0048164986521
-0.00329966134997
-0.00278381294128
-0.00369393007084
2.62587681508e-05
-0.00285801919408
-0.00120346812024
-0.00324979121597
0.0020298031104
0.00287796038421
0.00198271251693
0.00406757727925
0.00382076030837
0.00615793109866
0.00478319154043
0.00464368994507
0.00316155889906
0.00857193653247
0.00943052406811
0.0109099360725
0.00896529892287
0.0125632008905
0.0144939296959
0.0154024650666
0.0186673164315
0.0183234107857
0.0194424830005
0.0219753842145
0.0220004016559
0.0249139157186
0.0276173869009
0.0252567132872
0.0234637751636
0.0151091156199
0.0158149070625
0.0165206985051
0.0264273491772
0.0212426936056
0.0197918668703
0.0187498862225
0.0198814072777
0.0186228876797
0.0178381243932
0.0147953544728
0.0117525845524
0.0110231942608
0.011385166754
0.0125779686826
0.00911555676557
0.0137026469783
0.0147621305731
0.0178789695724
0.0276920689022
0.0282985260249
0.0227706278317
0.0243231854108
0.0221680854205
0.0233467877856
0.0227808283016
0.0224380958238
0.025994674417
0.023702938682
0.0271490383087
0.026994339192
0.0294808254904
0.0291810761914
0.0297645845271
0.030926482505
0.0318733051917
0.0325194413089
0.031820251958
0.0313446056477
0.0270745043844
0.0288513007989
0.0275215367525
0.0263251548013
0.0215779709596
0.0149779305504
0.010110139087
0.00150236292687
-0.00986176334853
-0.0279556862888
-0.0348032551342
-0.0416508239797
-0.0484983928251
-0.0553459616706
-0.062193530516
-0.0610557105542
-0.0640760454711
-0.0583860165523
-0.0527811651955
-0.0624411811664
-0.0584250188114
-0.0511121789388
-0.0478955032522
-0.033777812328
-0.0205759017601
-0.016581039972
-0.0149516404317
-0.0105117424644
-0.00618910221835
-0.0067116532485
-0.00370946947512
-0.00340012147634
-0.00613515180411
-0.00402475334143
-0.00023553221591
-0.00171742155386
-0.000985246992261
0.00161637510423
0.00492007326781
0.000956990099491
0.00686630537208
0.011473487984
0.0129727073283
0.0118072064822
0.0126532642602
0.0140745954698
0.0144048063963
0.0146894308157
0.0171508387915
0.0144093753837
0.013923451906
0.0168346526115
0.0191435454056
0.019081595686
0.0204881723263
0.0147266583012
0.0134983304133
0.00763565948162
0.00375536862331
0.00424979601058
0.00196033006997
-0.0021734683794
-0.000196992328758
0.00116572539057
0.00111604254984
0.00517630000528
0.00274109554546
0.00317976803671
0.00361844052797
0.00714971284085
0.00886520848466
0.00996615080513
0.00935272653195
0.0123347783452
0.0110852807742
0.0148176621127
0.0191093497631
0.0168992976497
0.0150964704638
0.0135516538499
0.0105831308227
0.00830554572319
0.00456674930976
0.00785325353064
0.00333601597338
0.0059477979033
0.00549953720107
0.0119824018058
0.0063258846044
0.00671837687417
0.00804351739348
0.00797658007177
0.00798709287882
0.0136568161368
0.0136611676191
0.0137754690447
0.0167056720347
0.0149237849843
0.0193012149645
0.0213563866434
0.0179439395397
0.0207666438035
0.0193533756135
0.0211570872922
0.0250130692518
0.0246614820457
0.0229944025156
0.0225843111543
0.0210032945026
0.022722809092
0.0236956564846
0.0251437085085
0.0238742573277
0.0242091668933
0.0233039585331
0.0233113840783
0.0281683541716
0.0346204630701
0.0278159185594
0.024048473928
0.0257595774281
0.0282832681009
0.031896713086
0.0329105538334
0.0327382625125
0.032801539236
0.0402506918803
0.0448273889145
0.0485350943745
0.043069531298
0.0383344812776
0.0392063653704
0.0357975387208
0.0371284868868
0.0385072049862
0.0388995454627
0.0379393703037
0.0423930314359
0.0415022583096
0.0432816358663
0.0406358265019
0.039134056287
0.0359334522081
0.0364497125684
0.0369857935999
0.036525185569
0.036642313079
0.0316358434881
0.0316052502675
0.0314425153441
0.0331512036051
0.0312831000865
0.0282755150031
0.0292612551491
0.0246776971388
0.0232972376656
0.0246044600748
0.0233068164825
0.018534988648
0.0151708703941
0.0149870522649
0.0139241934524
0.0156950523034
0.0141963540985
0.0126976558935
0.0111989576886
0.00472524599228
0.00231113145628
-0.0041029410287
-0.0027230790288
-0.0033177288957
-0.000856260086568
-0.00196800309418
-0.00407705780279
-0.00569023998338
-0.00529908235797
0.000681262528658
0.00342857177441
0.00499525637126
0.00881060198249
0.0103404170992
0.00857915997891
0.0065305060773
0.00997476081915
0.00905412579768
0.0083106004946
0.00592139398442
0.0105741389573
0.00800960021552
0.00683699578999
0.00652971014118
0.00380246254127
0.00222233213389
-0.0040290019449
-0.00605955814071
-0.00697834539258
-0.00789713264445
-0.00881591989631
-0.00973470714818
-0.00375557043135
-0.00308637803453
-0.00324694794684
-0.00393546126251
-0.00488481452958
-0.00555548997811
-0.00700175918475
-0.00887050514208
-0.0117298401679
-0.00942739893669
-0.00828334281241
-0.0104232893147
-0.00891831911665
-0.012413486619
-0.0117057426143
-0.0118368897716
-0.00989272642191
-0.0102677112014
-0.0047478082719
-0.00823480388472
-0.0126773742004
-0.0153401841163
-0.0143126664622
-0.0119573150436
-0.011441434395
-0.007655424421
-0.00418679066209
-0.00848653120875
-0.00745329188808
-0.00814366718833
-0.00669147795775
-0.00713211156454
-0.0058773025802
-0.00776047732905
-0.00452066648435
-0.00697423895031
-0.00833044605579
-0.00513930312998
-0.00832803307947
-0.00785769991292
-0.00695476204553
-0.00502501504028
-0.00639594959178
-0.00702098271248
-0.00452426118548
-0.00134436921735
-0.00244890709227
-0.00130331043716
0.00244115923094
0.00239878000725
-0.000246119430906
7.62456008814e-05
0.00322936087098
0.00420408725963
0.00433692531803
0.00489940581799
0.00710382407492
0.00765094879486
0.0118127012876
0.01087475418
0.01204887804
0.0132230018999
0.0120840490369
0.00898167472272
0.00532177548487
0.0057003528721
0.00678222662345
0.00950595322648
0.00693469800992
0.00826635134866
0.00595137358207
0.00421301942426
0.00211468138945
0.00677055257511
0.00680759783475
0.0122931420263
0.0201308194816
0.0100193423841
0.010371807846
0.00813057629808
0.0107640222865
0.00924075530688
0.00682957915364
0.00473865469908
0.00526615600704
0.00588512910166
0.00900127416564
0.00704707766921
0.00827407637976
0.00957008111616
0.0101796820805
0.0094469766263
0.0131524950755
0.0123406813697
0.013458788413
0.0172120508124
0.0189679736336
0.0149195206928
0.0141548081676
0.0124582258657
0.0149079292141
0.0133745905035
0.0176182957472
0.0139654891144
0.0105262378229
-0.00334532577787
-0.00801417208145
-0.0158576244005
-0.0149540760802
-0.00279556453879
-0.00432149609399
-0.00330195875856
-0.0120956726563
-0.0125774841371
-0.00941449518956
-0.00722790933898
-0.00707250183768
-0.006894801167
-0.0145425657845
-0.0133079823849
-0.00652029959543
-0.00436702835342
-0.00373146542196
-0.00606141280149
-0.0128406195739
-0.0140443522427
-0.00783825705235
-0.00845663357682
-0.0103789582067
-0.00547098902543
-0.00688223039595
-0.00683638327358
-0.00516406789146
-0.00886417117056
-0.00870103238087
-0.00722778606574
-0.0121580881706
-0.0145110848263
-0.0124137862457
-0.0097716774493
-0.00768788951996
-0.00858492706414
-0.00801311262503
-0.003283239066
-0.00974135951509
-0.00729310387182
-0.00749451800041
-0.00846358819556
-0.00944665968226
-0.00572898140561
-0.00242622594907
0.00148758983478
-0.00246513020425
-0.00421376580441
-0.00851302988736
-0.0101295444579
-0.0150141639291
-0.0198987834003
-0.0150587274849
-0.0147335768734
-0.0157351221438
-0.0153266103867
-0.0162763644084
-0.0165362605594
-0.0201200140542
-0.0168334813008
-0.0171066302311
-0.0175922478091
-0.017617474311
-0.0131197886523
-0.0112219025241
-0.0103030083765
-0.00811707505773
-0.00854240043988
-0.00366868793202
-0.00129982910078
0.00630087489781
0.00122824178973
0.00391724005553
0.00600813895819
0.00610898818584
0.00917239075389
0.0111252863552
0.00743290807779
0.00631624751074
0.00147072118415
-0.00185781681892
-0.0128606809097
-0.0137222284115
-0.0160761171189
-0.0117095046018
-0.00654174853281
-0.00300077140108
-0.00344580892125
-0.00206177046511
-0.00185487151023
0.000489091975311
0.00483984072772
0.00465881643831
0.00634461575226
0.00522787774982
0.0100262340434
0.0128360629429
0.0141103049198
0.0101582564146
0.00793009336931
0.00983427452112
0.0102099419447
0.00853900577442
0.00748852348968
0.00647839801432
0.00712933523469
0.00479766001541
0.00760141042827
0.00976918066551
0.00783752557453
0.00792731460269
0.0119930364556
0.0111635451641
0.0131404798358
0.0171000115826
0.0160058823887
0.0173311211822
0.0181184578833
0.0235003774233
0.0276555745879
0.0268452334307
0.0292261429648
0.023181193505
0.0248420836137
0.0248140963437
0.0246542621135
0.0222316081118
0.020158901384
0.0211501783103
0.0203452385898
0.0199632989661
0.018761645946
0.01729669799
0.0199036167804
0.0179267882761
0.020401256999
0.0168526167513
0.018922760993
0.0207021954106
0.0212825027945
0.0218867276342
0.0214959024311
0.0211617697085
0.0197122597833
0.0168910011372
0.0166613173702
0.0159983438244
0.0153353702786
0.0134369578196
0.0101853987709
0.00942945338319
0.0129621807318
0.00624564124479
0.00641331647519
0.00651427983009
0.0075964260235
0.00778678271151
0.00487419085478
0.00232597993447
-0.0042625529026
-0.0256719558367
-0.0327210673547
-0.0384866437813
-0.0413716726263
-0.0419954921574
-0.044530293077
-0.0463902388934
-0.0402523555312
-0.0363124587508
-0.026999007106
-0.0212996919572
-0.0206496586593
-0.0186564794167
-0.0138334397907
-0.0115463758174
-0.0035781148049
-0.00131394026043
-0.00322545951502
-0.00425651282208
-0.00440706271269
-0.00537358810701
-0.00611978365908
-0.00505696996161
-0.006527994775
-0.00840550032028
-0.00923679234144
-0.00691188455461
-0.00759372281256
-0.00716196705347
-0.00900952212226
-0.00720227954091
-0.00918857524578
-0.0101957047351
-0.0125260469506
-0.0112350513068
-0.00918576149864
-0.0103541106366
-0.0107128730494
-0.0121225574253
-0.0109048324018
-0.0101911687963
-0.00736821166464
-0.0086606977702
-0.00832969675246
-0.00775206425559
-0.00617810618513
-0.0112930209671
-0.0131863487216
-0.00892242574289
-0.00739887660823
-0.00849825891144
-0.00908480860985
-0.00688734315832
-0.0044751663366
-0.00625283662562
-0.0035028919889
-0.00370374987799
-0.00297904145688
-0.00441800098288
-0.00268388729773
-0.00442729393928
-0.00672241581122
-0.00672559781377
-0.00897997292588
-0.011234348038
-0.0149367254527
-0.0219665705336
-0.0269247580008
-0.0326123194978
-0.0279589245515
-0.0304554711907
-0.0254552102656
-0.0200018204036
-0.015508431035
-0.0134290231085
-0.00954347343559
-0.0101452893854
-0.00616991266587
-0.00189324861814
0.00272008043489
0.00687815868568
0.0072990370081
0.00611077951701
0.00492252202592
0.00764351344723
0.00933879269839
0.00918878605439
0.00996579814517
0.0118851175358
0.0121154226111
0.0107779027062
0.0123287125774
0.0103257721409
0.0140212657217
0.0110393944663
0.0124827861522
0.0127690238289
0.00898277128853
0.0105224782242
0.0123756587162
0.0139526893791
0.0122565204096
0.0130535307474
0.016570119815
0.0187521309375
0.0151479728973
0.0162261577571
0.020479832715
0.0181585326124
0.0198074456402
0.0196046682487
0.0216477641603
0.0202534615515
0.0250095265061
0.0253836217756
0.0249775787315
0.0232541993431
0.0237738765747
0.0133907752765
0.0132229227927
-0.00214319396598
-0.00792596345457
-0.0134114757293
-0.0245693841198
-0.029599676612
-0.0307536664874
-0.0313907998971
-0.033470628666
-0.0363447727755
-0.0457153286867
-0.0527327824419
-0.0526217627736
-0.0503635778846
-0.0442491462402
-0.039002533659
-0.027355070489
-0.0191965751308
-0.0153155389799
-0.0160746709021
-0.0109839001664
-0.0022413548625
-0.000578951163908
-0.00255644345644
0.00131099446306
0.0100262880763
0.00968532964711
0.0107290394266
0.0115788269721
0.0102139823479
0.00947052648991
0.0172625534257
0.015004826952
0.0117708309312
0.0139178045192
0.0117096164313
0.0138979749213
0.0162705132173
0.0162432073249
0.0179027861718
0.0204466477018
0.0201368992122
0.0159864055633
0.0182350548537
0.0168977415949
0.0164356604079
0.0143003240827
0.0136128965049
0.016150916046
0.0102405142372
0.0110321537796
0.00974151081101
0.0114155055916
0.00785726671438
0.00969553159365
0.00647631149262
0.00840154417216
0.00658286496812
0.00864616736776
0.00573662252753
0.0028270776873
0.00609377987101
0.00546063685341
0.00223427784373
0.00175803416865
0.000731668304089
-0.000588748033013
-0.000383939868147
-0.000910485454274
-0.00108329511384
-0.00162055386855
-0.000284343547594
0.00160344163031
0.00390018926769
0.00392345853072
0.00771328957516
0.00761339914793
0.00573021618487
0.00406155307633
0.013253576047
0.0126833413293
0.0136046112367
0.0108002290108
0.00754237487819
0.00148024895497
-0.000765640848135
-0.00773227269884
-0.00898442458276
-0.00541695783298
-0.00695226035017
-0.00625896696824
-0.00287013075062
-0.00223123606796
0.000608267773385
0.0023732155589
0.00376114911361
0.00318967544102
0.00344505914475
0.00692386417421
0.00297595640296
0.00749551549601
0.00736994600918
0.0110068017041
0.00767770029363
0.0109109243428
0.0118919304886
0.0138926681019
0.0124786120768
0.016936630829
0.016504585713
0.0142827602248
0.018940423079
0.016694999558
0.0185596331729
0.0188497152693
0.017900777372
0.0181133306829
0.016993691251
0.018389333703
0.0224252122091
0.0233826374004
0.0301719789279
0.028088230469
0.0299020301877
0.0327422434511
0.0297660545668
0.0337488221564
0.037269006644
0.0385256549348
0.0421574702344
0.0359562487296
0.0318781402497
0.0270132761599
0.0209761732475
0.0291398885306
0.0199857119041
0.0128298735481
0.0185855159092
0.0203862152841
0.0152029538395
0.01078933008
0.0042181615
-0.00051118509546
-0.0110680920896
-0.0130201430952
-0.0120799854853
-0.0107649985158
-0.0120976136096
-0.0156407035969
-0.0222210949163
-0.0272483411991
-0.0292877687355
-0.0252737980803
-0.0171561345154
-0.00500341588714
-0.00746350109163
-0.00992358629613
-0.0123836715006
-0.0148437567051
-0.0173038419096
-0.0197639271141
-0.0222240123186
-0.0232709369507
-0.0243178615828
-0.0253647862149
-0.0264117108471
-0.0274586354792
-0.0285055601113
-0.0295524847434
-0.0171611019654
-0.00964193386185
-0.00490164351007
-0.00790688629593
-0.0127945411037
-0.0069642477433
-0.00632136166948
-0.00577469227567
-0.00452896630666
0.0019126407822
0.00415279248919
-0.00155445215879
-0.000890240369362
0.0166401108602
0.00782469070005
0.00464530280848
0.0102565852321
0.0135378779901
0.0159330180889
0.0183281581876
0.0207232982864
0.0231184383851
0.0165407311575
0.0169700442794
0.0101224586889
0.00932070647531
0.00651341729591
0.00655224584111
0.00496473163709
0.00637927424458
0.00653816162816
0.00914734551041
0.00705405273589
0.0116504437967
0.0088242704738
0.00961017880955
0.0118088039231
0.00945239072153
0.0143476956314
0.0120874973701
0.0109222382494
0.00644483373333
0.00622240100275
0.0017656565591
-0.00354286392012
-0.00849722853258
-0.0133682420472
-0.00982426779913
-0.00886751816128
-0.00375136327449
-0.000547799451462
-0.00113161778663
-0.0030628836077
-0.000439406286232
-0.00115626870068
-0.00182758931744
-0.00126276260579
-0.000171673142
-0.00144197610777
-0.000801614713244
0.00263694938272
-0.000258470427156
0.00350879434
0.00117617602241
0.00155796044351
0.00456532526809
0.00331828546763
0.005571759461
5.38389742317e-05
-0.000189942536776
0.0022021858151
-0.00267626505377
-0.00226906733399
-0.00395872337304
-0.00788673133752
-0.00754448996204
-0.0137963564763
-0.00982770921262
-0.00641417095575
-0.00472464928536
6.1850089897e-05
0.0040283127276
0.00670733466259
0.00938635659758
0.010223161707
0.0133667724529
0.0229562875562
0.0218717466761
0.0194063655222
0.0166811393394
0.0174529711983
0.0198545605912
0.0194527527723
0.0193099379911
0.0213801410276
0.0242802615335
0.0256516479242
0.0228728782868
0.0203457217398
0.0196755684469
0.0175336921405
0.0184051103567
0.0180543755099
0.0225145185776
0.0214719951334
0.0264225623049
0.0236788314384
0.0195439661517
0.025110230415
0.0288582246468
0.0306880879232
0.030414867162
0.0258245680005
0.0269467935281
0.0315457446805
0.0278942070901
0.0269354078922
0.0267560206248
0.0271316290874
0.0296385227332
0.0255044681983
0.0154645012556
0.0109954032272
0.00465586239823
-0.00685594736909
-0.0139102707311
-0.0106326202898
-0.0146455354627
-0.0217639944249
-0.0215340057653
-0.0213040171058
-0.0210740284462
-0.0208440397867
-0.0206140511271
-0.0203840624676
-0.020154073808
-0.00653664605187
0.0052515439827
0.00839491751555
0.0114222492094
0.0187864677902
0.0200177192732
0.0235675508752
0.0263070869989
0.0213109656338
0.0168199876046
0.0207845469414
0.0219976262252
0.0183955730489
0.0157203732273
0.0138109649948
0.0175637902177
0.018126805431
0.0209105726877
0.0181690166424
0.0174277286079
0.0163117532479
0.014501699498
0.013444072488
0.0184373548543
0.0162911377786
0.0166555667818
0.0174662551026
0.0170848006277
0.0131937101315
0.0144082548248
0.0108560533281
0.0100391196035
0.00999042451841
0.0123341515787
0.0108986994023
0.00592074065733
0.00678847614403
0.0073725495058
0.00752908443173
0.00850372365987
0.00275911330751
0.00228738810982
0.00320609203907
0.00412479596832
0.0048524792426
0.00690046775714
0.00744814808281
-0.00062833978936
-0.00131938246852
-0.00088211266645
0.00125171057908
0.00455353443065
0.00495092710054
0.0017706593743
0.00160805237046
0.00213368724631
0.000597585014629
-0.000132506139992
-0.000916024501999
-0.00186808478529
-0.00217559617995
0.000166225839235
-0.000483668202411
0.00047513123384
0.00107172597781
0.00103190289852
0.00230090617816
0.00240007411926
0.00191357151966
0.00352773849569
0.0023465921141
0.00301434488608
0.0015667275945
0.00451879755401
0.00941644303162
0.00766563463714
0.0051813364977
0.00423060462136
0.00672657494961
0.00584936498617
0.00785497172595
0.00520227383211
0.00263709112112
0.00328329379669
0.00478856219943
0.00573251243636
0.00286572046482
0.00408797451088
0.0106583606317
0.00870427237969
0.0122479451901
0.014150548834
0.0111302237988
0.0114068488154
0.0148917349438
0.0144267560952
0.0129654196705
0.0112973173627
0.0104090293186
0.0123289855316
0.0104523876743
0.0126387079555
0.00965077325091
0.0156769864206
0.0114029196694
0.0113540726671
0.0136628664487
0.0107013011397
0.0144967347765
0.0118858171117
0.0100977263911
0.0133810097477
0.0126863485483
0.0118100693617
0.0127254941728
0.0132882235021
0.0118667720463
0.0126719657314
0.0114472678036
0.0112346844746
0.0108479367536
0.013275219372
0.0157355603117
0.015472478692
0.0160782513328
0.0175966022888
0.014584195542
0.0198279383641
0.0165689550541
0.0225218705939
0.019746110251
0.0228660106179
0.0217815413476
0.0195866077262
0.0164929075097
0.00463742762117
0.00363179746343
0.00262616730569
0.00162053714795
0.00061490699021
-0.00039072316753
-0.00139635332527
0.00488438078883
0.00509676524883
0.00270069385748
0.00228057911962
0.00202942341655
0.00141714246735
0.000745762259525
-9.99552309665e-05
0.00453250264675
0.00875052838137
0.00633073971
0.00385382885924
0.000331558607537
-0.00137137395201
-0.00219485546919
-0.00539050480594
-0.00366865114669
-0.00263272735475
-0.00540436662225
-0.00374412439053
-0.00353051192688
-0.00324721581342
-0.00574675550312
-0.00464131392133
-0.00567323855464
-0.00601945660125
-0.00980257513944
-0.00812817222046
-0.0110326954848
-0.014406124917
-0.0120798426771
-0.00975023482879
-0.00801595458071
-0.00842001328689
-0.0133876058325
-0.0115736149385
-0.0135552318024
-0.0150896859712
-0.0155423243211
-0.0130445523334
-0.0131302599272
-0.0125996304261
-0.0143160822486
-0.0150415356071
-0.0127731837373
-0.00897966403264
-0.010194356973
-0.0123223600896
-0.0157114596697
-0.0114510605337
-0.0151929074316
-0.0157660031403
-0.0163549960774
-0.0176879893537
-0.017494406632
-0.0131871500239
-0.0101483446958
-0.0155253529297
-0.0127143529146
-0.005109357037
-0.00269999708369
-0.00029063713038
0.00211872282293
0.00452808277624
-0.00262879317986
-0.00784804852829
-0.011127678209
-0.0156814057432
-0.0180085122087
-0.0212938219888
-0.0218468714039
-0.0186679704891
-0.0184319192126
-0.0175904101783
-0.0127402480842
-0.0123900192364
-0.0144973263849
-0.0159781036716
-0.012280856027
-0.014228381194
-0.0108458691501
-0.0082700178077
-0.0122819817454
-0.0105063510968
-0.0130133934843
-0.011781400995
-0.0142852440891
-0.0144337987347
-0.0132981596403
-0.0110686858579
-0.0108226940564
-0.0108106063031
-0.0127383466697
-0.0146660870364
-0.0151526101095
-0.0161190112603
-0.0150387594236
-0.0109661265521
-0.00883814446616
-0.0063005983572
-0.00436416541008
0.000930839204691
-0.00214363066134
0.000595071674818
0.00037306352645
0.00136515162954
0.00018650780676
-0.00136099075298
0.00242021262679
0.00120144258662
0.00208934638568
0.000473775779867
-0.00108994536577
-0.00108854823722
-0.00203987074749
-0.00329870997379
-0.00629771489103
-0.00565858479403
-0.0135283272277
-0.00223323309454
-0.00738700166614
-0.00306009410107
-0.00152755594478
-0.000332321414272
0.00157896203498
0.00597735331155
0.00597764706788
0.00643310065496
0.00657719124505
0.0080147973818
0.01184859329
0.0140600842218
0.0101717474674
0.0134283999492
0.0124299252499
0.0165691532393
0.0153706526607
0.0149019827876
0.0191186025932
0.0168072287307
0.0139920528281
0.017131064663
0.0123508646593
0.00501347472581
0.000229742113343
-0.00328136332904
-0.0107183734156
-0.0115709372809
-0.0124235011463
-0.0132760650116
-0.014128628877
-0.0149811927423
-0.0158337566077
-0.016686320473
-0.0175388843384
-0.0183914482037
-0.0124671151742
-0.00654278214477
-0.00645131051549
-0.0050085417402
-0.00676833899493
-0.00520412575531
-0.00241205092767
0.00191197166927
0.00409552690784
0.00615527172509
0.002879257527
0.00336462984354
0.00844688219493
0.00410990481357
0.00438749979689
0.00699933155525
0.00187716306654
0.00353877077053
0.00571400136842
0.00550720432175
0.00332866290853
0.00356789516513
0.00282254329698
-0.000309913883982
-0.000170373611507
-0.00256978052053
-0.00482511108028
-0.00443812618392
-0.00318897671673
-0.00398722858068
-0.00818672927612
-0.0080874508231
-0.00797907829618
-0.00787070576926
-0.00896291245225
-0.00290736682687
-0.00683017339955
-0.00823891740827
-0.00778828567291
-0.0102068950607
-0.0101466200882
-0.00902213229003
-0.00918183418959
-0.00938947821671
-0.00859420091397
-0.00942755257941
-0.0103055538136
-0.0101870208321
-0.00970500873454
-0.00953408268449
-0.00839399804458
-0.00977594427129
-0.00980413566643
-0.0108206963623
-0.0102550464195
-0.0100539138143
-0.0115075242805
-0.012650717601
-0.0112744809835
-0.0119793006264
-0.0115221171613
-0.00990548731634
-0.0103067788448
-0.0120164851394
-0.010040097275
-0.00895815108745
-0.00970368855281
0.00324689204134
-0.00470453009519
-0.00274963818573
-0.0038649060633
-0.00481553264628
-0.00546783156671
-0.00307961220491
-0.00353610950784
-0.00292399966777
-0.000918794148648
-0.00041280185617
-0.00155574073757
-0.00230366255168
0.000212995728993
0.0088852899281
0.00641708702554
0.00461833633198
0.00154862983633
0.00088610594579
0.000331519157252
0.00136634465809
0.000764003322486
-0.00203206614089
-0.00455450746161
-0.00319863350702
-0.00475623271003
-0.00373735922709
-0.00345615690011
-0.00181036863786
-0.00167951038472
-0.00352195849883
-0.001155237314
0.00237867467671
0.000609225315408
-0.00068667709979
0.00580094515384
-0.00214385535096
-0.00831300815557
-0.0112560929776
-0.0165233241899
-0.0225796102183
-0.0282119441968
-0.0374095960557
-0.0398634915127
-0.0384235530995
-0.0333834490214
-0.0291003337023
-0.0178001074671
-0.0221995307282
-0.0265989539893
-0.0259658402223
-0.0140480422814
-0.0195609181642
-0.0101994331751
-0.00626239161929
0.00920399273472
0.0128045119659
0.0123134012528
0.0100005178956
0.00889990010082
0.01282554805
0.00992834711364
0.00703114617728
0.00475836464121
0.00426619619084
0.0058849341928
0.00635110332641
0.00192228384064
0.00238898287543
-0.00117369075747
-0.0026679198278
-0.00458796644359
-0.00288700167372
-0.0026850958166
-0.00390145784176
-0.00639499869328
-0.00670580291368
-0.00495330847479
-0.0063830238698
-0.0039820334215
-0.00804650751065
-0.0066541347757
-0.0083076328562
-0.00975718163141
-0.00611335811989
-0.00559744029708
-0.00368811923679
-0.00554814873281
-0.00502683359657
-0.00623683447739
-0.00423324893418
-0.00837275550861
-0.00825649474184
-0.00893856776207
-0.00750783697079
-0.00656235185535
-0.00857733441808
-0.0074337433251
-0.00798491810276
-0.00960636386148
-0.00649630190679
-0.0088340171889
-0.00975209334525
-0.00881175213551
-0.0122337802634
-0.0118347039697
-0.010580926854
-0.0125321935324
-0.0137838831968
-0.0172940321856
-0.0113765317422
-0.0135689603521
-0.0135407374472
-0.00980952999649
-0.0170091868354
-0.0143323687601
-0.0127122265044
-0.013701883188
-0.0164954429917
-0.0170350484641
-0.0164188448558
-0.0189571232396
-0.0212255032601
-0.0188865107985
-0.0174429552026
-0.0203141885145
-0.0180525167566
-0.0196596262668
-0.0216188574801
-0.0189119800298
-0.0194334889872
-0.0157884591939
-0.0172043928958
-0.0186390473167
-0.0193782855075
-0.0181133184059
-0.0180809312171
-0.017572341603
-0.0173743166476
-0.0168404986341
-0.0185698206347
-0.0165055220152
-0.016909333218
-0.0177817686675
-0.0157264296411
-0.0200652077355
-0.0119758925769
-0.0134318065916
-0.0139025988392
-0.0113859197463
-0.0111718441753
-0.0113960097473
-0.00778937631187
-0.00780017381605
-0.0090179553327
-0.00574194049988
-0.00590649474835
-0.00547160079969
-0.00503670685103
-0.00604673870959
-0.00475641198147
-0.00314862464353
-0.0018618423124
-0.000298720800792
8.94421516526e-05
0.000504971175826
-0.00186086264832
0.00107045771614
-0.00111979921847
-0.00620585506527
-0.00418386573779
-0.00550212280154
-0.00545566799744
-0.00633790963156
-0.007997112865
-0.0136816695217
-0.0193486649911
-0.0230211286609
-0.0304187357441
-0.0378793813815
-0.0378531948603
-0.037827008339
-0.0298566313002
-0.0193818685772
-0.0130909054288
-0.00979461197053
-0.00840782577885
-0.00296248371318
-0.00043279603951
0.00184163221621
0.00518328902991
0.0038018023554
0.00375133368593
0.00433564207659
0.00491995046725
0.0053028640689
0.00745329651308
0.00671740072389
0.00644130135329
0.00811775669678
0.0122499986455
0.0134053232758
0.0136399651773
0.012494790396
0.0123749014399
0.0104835772287
0.0120099578257
0.0133069236172
0.0131594711813
0.0139347035828
0.0117192019632
0.0134865867248
0.013780702768
0.00852563880032
0.00801357019341
0.00747723673736
0.0050665741253
-7.62028316793e-05
0.000247086003298
0.0011132737427
0.00616561194415
0.0120394056336
0.0137384315676
0.015232700959
0.0146368553617
0.0137354792029
0.0148512510764
0.0163966327153
0.0149227359631
0.0156835583289
0.0189697598183
0.0182320301913
0.0153374347082
0.0135154118546
0.0161557322741
0.0155547818516
0.0129865127891
0.0133769621055
0.0114242802799
0.0121174914206
0.0112811727234
0.0107662490327
0.0137300381644
0.0144147872922
0.012796420175
0.0135017844723
0.0143546806941
0.0126938499308
0.0150961573626
0.0142125252821
0.0158425489971
0.013545441778
0.0145766783505
0.0109952090625
0.00741373977452
0.00383227048653
0.00379643492477
0.000723022018399
0.000999763226533
-0.000395168243366
-0.000818450945589
-0.00186698375788
-0.00157270677599
0.000769267478408
0.0045656325704
-0.00801282871825
0.00184437805537
0.000867974935698
-0.00384086269287
-0.00440650986517
-0.00467359713793
-0.00632700649943
-0.00589199343554
-0.00432797333791
-0.00236974368451
-0.0038777334807
-0.00517561627747
-0.00730145677986
-0.00223738624269
-0.00483635719468
-0.00285638977384
-0.00551502045676
-0.00440695434246
-0.00654916619231
-0.00815147649768
-0.009575412294
-0.00884661868284
-0.00903170426411
-0.00496882719112
-0.00926339928802
-0.00981264783668
-0.0066165715528
-0.00564190251402
-0.00350986980371
-0.00270758607865
-0.00115070698487
-0.000659195376612
-0.00311903333543
-0.00528552211447
-0.001867746515
-0.000862124202899
-0.0027732226278
-8.36417902378e-05
0.00245019903564
0.00289541863693
0.00339928255096
-6.77312350613e-05
-0.000542391024022
0.00429812389748
0.0013591838394
0.00225824726134
0.00737627016534
0.00752463582371
0.00732597435988
0.00565236649418
0.00686654104003
0.0116300066449
0.0144267565239
0.0146851490736
0.0131248612132
0.0105146651784
0.00646960345593
0.0061499390286
0.00329530899786
0.000612635316694
-0.00316464509185
-0.00368617920617
-0.00202646188966
-0.00333302277574
-0.00351426773347
-0.0054171700135
-0.00434902681117
-0.00316526097553
-0.00353996571954
-0.00487578367302
-0.00934267885637
-0.0105643707486
-0.0117860626409
-0.0130077545332
-0.0142294464254
-0.0154511383177
-0.00314385993001
0.00249171028778
0.00755431685909
0.00621423769904
0.0068353697278
0.0106428051723
0.0126290222625
0.0103702768097
0.00855972428003
0.00858401993982
0.00903955243194
0.00988561850245
0.00856502516635
0.0089697802741
0.00976223734032
0.00958947399938
0.0114705249316
0.0110610411579
0.0107971865684
